time,index,height
0.01 0 0.0
0.02 0 0.0259999378092
0.03 0 0.0259999378092
0.04 0 0.0300608767394
0.05 0 0.0300608767394
0.06 0 0.0300608767394
0.07 0 0.0417131594457
0.08 0 0.0468409326477
0.09 0 0.0503872145128
0.1 0 0.0528451543135
0.11 0 0.0567480317416
0.12 0 0.0610034613634
0.13 0 0.0610034613634
0.14 0 0.0629256812128
0.15 0 0.0651426116304
0.16 0 0.0661499860465
0.17 0 0.0666344153297
0.18 0 0.0666742008596
0.19 0 0.0659301656309
0.2 0 0.0644395956698
0.21 0 0.0608836289869
0.22 0 0.0574264677932
0.23 0 0.0532653366532
0.24 0 0.0481595656799
0.25 0 0.0438259126685
0.26 0 0.0412230506881
0.27 0 0.0412230506881
0.28 0 0.0412230506881
0.29 0 0.0306735667808
0.3 0 0.0306735667808
0.31 0 0.03010261345
0.32 0 0.0301630904264
0.33 0 0.0302336588627
0.34 0 0.0305867810933
0.35 0 0.0307995447329
0.36 0 0.0321137383822
0.37 0 0.0333609472616
0.38 0 0.0333609472616
0.39 0 0.0345971159354
0.4 0 0.0358807237008
0.41 0 0.0381742979766
0.42 0 0.0407089090247
0.43 0 0.041129178793
0.44 0 0.0420670735878
0.45 0 0.0433866123515
0.46 0 0.0437749897961
0.47 0 0.0435173080698
0.48 0 0.0435173080698
0.49 0 0.0427328829807
0.5 0 0.0418222011091
0.51 0 0.0410882915092
0.52 0 0.0400727912989
0.53 0 0.0391860627131
0.54 0 0.0385589421962
0.55 0 0.0370662658371
0.56 0 0.036691107024
0.57 0 0.0367703264686
0.58 0 0.0375249269639
0.59 0 0.0379936085526
0.6 0 0.0382717386846
0.61 0 0.0388635681844
0.62 0 0.0391760503797
0.63 0 0.0397303891448
0.64 0 0.0400743180843
0.65 0 0.0401776923148
0.66 0 0.0402075843673
0.67 0 0.0398666645162
0.68 0 0.0396449878206
0.69 0 0.0394758478628
0.7 0 0.0394483273253
0.71 0 0.0394483273253
0.72 0 0.0398724560198
0.73 0 0.0402463419055
0.74 0 0.0403854591412
0.75 0 0.0403854591412
0.76 0 0.0403854591412
0.77 0 0.0407689101366
0.78 0 0.0409249742871
0.79 0 0.0409853981156
0.8 0 0.0410810691805
0.81 0 0.0410957611007
0.82 0 0.0407991261362
0.83 0 0.0405589536544
0.84 0 0.0402392773079
0.85 0 0.0398455897594
0.86 0 0.0397178136665
0.87 0 0.0395013769785
0.88 0 0.0393020335577
0.89 0 0.0391565670597
0.9 0 0.0389985946452
0.91 0 0.0388713430687
0.92 0 0.0389195939999
0.93 0 0.0399067101707
0.94 0 0.0410196730665
0.95 0 0.0429281827091
0.96 0 0.0453373794561
0.97 0 0.0489799909434
0.98 0 0.0489799909434
0.99 0 0.0493577017378
1.0 0 0.0497052729153
1.01 0 0.050080343219
1.02 0 0.0503504374168
1.03 0 0.0511788168239
1.04 0 0.0517730690238
1.05 0 0.0524001795363
1.06 0 0.0527681933323
1.07 0 0.0532224562774
1.08 0 0.0536677468767
1.09 0 0.0540984766957
1.1 0 0.0541069287928
1.11 0 0.054155752954
1.12 0 0.0541361356844
1.13 0 0.0542787028517
1.14 0 0.0541017398625
1.15 0 0.0537447637411
1.16 0 0.0535742543263
1.17 0 0.0529872335049
1.18 0 0.0526986326938
1.19 0 0.0525205965807
1.2 0 0.0518075758419
1.21 0 0.0514647919929
1.22 0 0.051478769851
1.23 0 0.0515986135463
1.24 0 0.0517416960587
1.25 0 0.0519196411449
1.26 0 0.0522153805898
1.27 0 0.0522153805898
1.28 0 0.0519700844733
1.29 0 0.0516511509257
1.3 0 0.0509832825338
1.31 0 0.0504141360207
1.32 0 0.0500778953532
1.33 0 0.0491739308685
1.34 0 0.0479386223533
1.35 0 0.0479386223533
1.36 0 0.0480774784079
1.37 0 0.0480774784079
1.38 0 0.0479195991165
1.39 0 0.0473452673744
1.4 0 0.0466570915875
1.41 0 0.0463225615204
1.42 0 0.0466982655092
1.43 0 0.0477941794956
1.44 0 0.0495096230758
1.45 0 0.0495096230758
1.46 0 0.0502511263412
1.47 0 0.0505057501673
1.48 0 0.0510656362067
1.49 0 0.0516866544504
1.5 0 0.0531130801324
1.51 0 0.0531130801324
1.52 0 0.0530670111577
1.53 0 0.053027992705
1.54 0 0.0529471298039
1.55 0 0.0531721211459
1.56 0 0.0534113919207
1.57 0 0.0538514672262
1.58 0 0.0546952515623
1.59 0 0.0544811627915
1.6 0 0.0544268080029
1.61 0 0.0543820175364
1.62 0 0.0542370181449
1.63 0 0.054523143643
1.64 0 0.0545821096506
1.65 0 0.0539191950102
1.66 0 0.054095583877
1.67 0 0.0538487034848
1.68 0 0.0527763964878
1.69 0 0.0523136154421
1.7 0 0.0519877367594
1.71 0 0.0519877367594
1.72 0 0.0519877367594
1.73 0 0.0509464043477
1.74 0 0.0516941571659
1.75 0 0.0520596487566
1.76 0 0.0537737819957
1.77 0 0.0547982910413
1.78 0 0.0568639942696
1.79 0 0.0585582816206
1.8 0 0.0595236203442
1.81 0 0.0618341489283
1.82 0 0.0637729737319
1.83 0 0.0665180647985
1.84 0 0.0675818837436
1.85 0 0.0675818837436
1.86 0 0.0675818837436
1.87 0 0.0696765810648
1.88 0 0.0696765810648
1.89 0 0.0696765810648
1.9 0 0.070970880484
1.91 0 0.070970880484
1.92 0 0.070970880484
1.93 0 0.0706151963623
1.94 0 0.0707861092361
1.95 0 0.0716133525259
1.96 0 0.0723016928292
1.97 0 0.072347995937
1.98 0 0.072142015551
1.99 0 0.0723042015454
2.0 0 0.0726892385379
2.01 0 0.0728251699209
2.02 0 0.0728389709757
2.03 0 0.0728642400062
2.04 0 0.07282699335
2.05 0 0.0727209979804
2.06 0 0.0722968270085
2.07 0 0.0718248060491
2.08 0 0.0701922343586
2.09 0 0.0692385258256
2.1 0 0.0675391492247
2.11 0 0.0667433089761
2.12 0 0.0660263044338
2.13 0 0.065260067902
2.14 0 0.0647972049226
2.15 0 0.0645948132779
2.16 0 0.0646079125352
2.17 0 0.0653475704635
2.18 0 0.0653475704635
2.19 0 0.0654932652676
2.2 0 0.0649768694378
2.21 0 0.0642444902016
2.22 0 0.0636002935486
2.23 0 0.0633792148982
2.24 0 0.0630058199914
2.25 0 0.0629829888684
2.26 0 0.0648031190727
2.27 0 0.0652035314363
2.28 0 0.0660192586078
2.29 0 0.0672930157377
2.3 0 0.068304101821
2.31 0 0.068304101821
2.32 0 0.0693857463535
2.33 0 0.0696419577553
2.34 0 0.0710336414971
2.35 0 0.0707757253383
2.36 0 0.0718557591898
2.37 0 0.0732324290541
2.38 0 0.0733792049438
2.39 0 0.0742475550148
2.4 0 0.0766575038146
2.41 0 0.0768387768952
2.42 0 0.0787067215554
2.43 0 0.0792360686366
2.44 0 0.0816815003751
2.45 0 0.0827904727056
2.46 0 0.084546253672
2.47 0 0.0851459423912
2.48 0 0.0858446782942
2.49 0 0.0876293369824
2.5 0 0.0882941855882
2.51 0 0.0896037850445
2.52 0 0.0904739210544
2.53 0 0.0919242494638
2.54 0 0.0932502860003
2.55 0 0.0936774735016
2.56 0 0.0954423030618
2.57 0 0.0957180766809
2.58 0 0.0966872850292
2.59 0 0.0967399755757
2.6 0 0.0966182809692
2.61 0 0.0967662031466
2.62 0 0.0963731726775
2.63 0 0.0965314134631
2.64 0 0.0966061517205
2.65 0 0.096322514244
2.66 0 0.0965703692095
2.67 0 0.0969896229943
2.68 0 0.097308941054
2.69 0 0.0976108225322
2.7 0 0.0975147883746
2.71 0 0.0972777087942
2.72 0 0.0970194187752
2.73 0 0.0965016758189
2.74 0 0.0962917782377
2.75 0 0.0953984432179
2.76 0 0.0946325096974
2.77 0 0.0940773056955
2.78 0 0.0940240510797
2.79 0 0.0941519169611
2.8 0 0.0942984674735
2.81 0 0.0944430524468
2.82 0 0.0942025751949
2.83 0 0.093992145278
2.84 0 0.0936804314324
2.85 0 0.0937512622443
2.86 0 0.0938434789275
2.87 0 0.0938434789275
2.88 0 0.0938434789275
2.89 0 0.0938434789275
2.9 0 0.0953328836562
2.91 0 0.0953328836562
2.92 0 0.0953328836562
2.93 0 0.0964788063823
2.94 0 0.0949823479095
2.95 0 0.0949823479095
2.96 0 0.0939536395305
2.97 0 0.0937006700459
2.98 0 0.0939590147822
2.99 0 0.0946199447743
3.0 0 0.0958390294773
3.01 0 0.095735845489
3.02 0 0.0963528127195
3.03 0 0.0977051088497
3.04 0 0.0994413502702
3.05 0 0.100190259048
3.06 0 0.100402256193
3.07 0 0.101723771791
3.08 0 0.10201438402
3.09 0 0.104003498566
3.1 0 0.105212453429
3.11 0 0.106207569924
3.12 0 0.108054335512
3.13 0 0.110270549811
3.14 0 0.113258460199
3.15 0 0.115213953767
3.16 0 0.11728670309
3.17 0 0.120069151101
3.18 0 0.121272174456
3.19 0 0.123724618602
3.2 0 0.124145937967
3.21 0 0.125541935874
3.22 0 0.126729522862
3.23 0 0.125707820734
3.24 0 0.126287779468
3.25 0 0.127174767233
3.26 0 0.126502385857
3.27 0 0.12689186064
3.28 0 0.125941184756
3.29 0 0.126738449744
3.3 0 0.126559442211
3.31 0 0.126180045038
3.32 0 0.127140860877
3.33 0 0.128674243661
3.34 0 0.129906266014
3.35 0 0.131083793364
3.36 0 0.13292622683
3.37 0 0.135041431755
3.38 0 0.137035466839
3.39 0 0.137430723167
3.4 0 0.139911685383
3.41 0 0.14150318578
3.42 0 0.142014431544
3.43 0 0.143821357322
3.44 0 0.144601114013
3.45 0 0.145715495836
3.46 0 0.147624261582
3.47 0 0.148640383285
3.48 0 0.151050740536
3.49 0 0.155445766821
3.5 0 0.155445766821
3.51 0 0.156026374885
3.52 0 0.158292334602
3.53 0 0.159410023216
3.54 0 0.160380755042
3.55 0 0.160737639988
3.56 0 0.161373239302
3.57 0 0.16140350376
3.58 0 0.162106394071
3.59 0 0.162384155022
3.6 0 0.162898951272
3.61 0 0.163260339607
3.62 0 0.163851002724
3.63 0 0.164390368407
3.64 0 0.164504433595
3.65 0 0.165012432573
3.66 0 0.164921764515
3.67 0 0.165353315013
3.68 0 0.165343846816
3.69 0 0.165812118709
3.7 0 0.165921159386
3.71 0 0.166084400207
3.72 0 0.166784338709
3.73 0 0.167327384995
3.74 0 0.167625097987
3.75 0 0.167775679698
3.76 0 0.167541285097
3.77 0 0.167606772491
3.78 0 0.168228230948
3.79 0 0.168998391585
3.8 0 0.169008629271
3.81 0 0.169642982175
3.82 0 0.169702701895
3.83 0 0.170290945285
3.84 0 0.170460305532
3.85 0 0.171236469432
3.86 0 0.171889295402
3.87 0 0.171872785499
3.88 0 0.173479170183
3.89 0 0.173903509905
3.9 0 0.176757097948
3.91 0 0.177685158477
3.92 0 0.178633720866
3.93 0 0.181925187527
3.94 0 0.182011215673
3.95 0 0.184067553895
3.96 0 0.187070132868
3.97 0 0.187182950962
3.98 0 0.188634384883
3.99 0 0.190163496648
4.0 0 0.191589048212
4.01 0 0.194085181361
4.02 0 0.194404042997
4.03 0 0.196705329872
4.04 0 0.197171352922
4.05 0 0.197425562559
4.06 0 0.197727386237
4.07 0 0.197727386237
4.08 0 0.197098131344
4.09 0 0.197031938479
4.1 0 0.196446303494
4.11 0 0.196736069144
4.12 0 0.195935485728
4.13 0 0.196674501927
4.14 0 0.195976253848
4.15 0 0.195798914174
4.16 0 0.19518109236
4.17 0 0.194551440417
4.18 0 0.193937931795
4.19 0 0.192593806945
4.2 0 0.191892013995
4.21 0 0.191412774611
4.22 0 0.191232079755
4.23 0 0.191232079755
4.24 0 0.191200777307
4.25 0 0.190263693049
4.26 0 0.189710707499
4.27 0 0.188868372533
4.28 0 0.188666713667
4.29 0 0.188366888158
4.3 0 0.188502993184
4.31 0 0.1893833792
4.32 0 0.190029495821
4.33 0 0.191013947623
4.34 0 0.192777514085
4.35 0 0.194446683809
4.36 0 0.195203228687
4.37 0 0.197382861961
4.38 0 0.197963641911
4.39 0 0.200605768635
4.4 0 0.201486740014
4.41 0 0.203023831079
4.42 0 0.203504899326
4.43 0 0.204092994999
4.44 0 0.205070330995
4.45 0 0.205761785515
4.46 0 0.206281714629
4.47 0 0.206981329105
4.48 0 0.207568799723
4.49 0 0.207962873248
4.5 0 0.207085033711
4.51 0 0.206624026726
4.52 0 0.20600173945
4.53 0 0.204943615184
4.54 0 0.20463945848
4.55 0 0.203899024468
4.56 0 0.202656576566
4.57 0 0.201643607244
4.58 0 0.199549055555
4.59 0 0.197718917582
4.6 0 0.194431907342
4.61 0 0.191480020969
4.62 0 0.19031207949
4.63 0 0.186656537953
4.64 0 0.182990626287
4.65 0 0.180451423003
4.66 0 0.17801366775
4.67 0 0.177518978175
4.68 0 0.178203802682
4.69 0 0.178407414748
4.7 0 0.178821992948
4.71 0 0.179495259917
4.72 0 0.180866853453
4.73 0 0.182821762172
4.74 0 0.183004481089
4.75 0 0.183996259026
4.76 0 0.186186125959
4.77 0 0.189785047894
4.78 0 0.192023171935
4.79 0 0.192545007357
4.8 0 0.192492725969
4.81 0 0.195056659611
4.82 0 0.199527355379
4.83 0 0.202221350274
4.84 0 0.202596850733
4.85 0 0.202554005664
4.86 0 0.201981383868
4.87 0 0.202055069143
4.88 0 0.200614244187
4.89 0 0.199869452942
4.9 0 0.198550502077
4.91 0 0.196956479177
4.92 0 0.19576986057
4.93 0 0.193118911778
4.94 0 0.190663445263
4.95 0 0.188530646598
4.96 0 0.186421125148
4.97 0 0.183046707548
4.98 0 0.179754101243
4.99 0 0.176631512208
5.0 0 0.174118183553
5.01 0 0.170382113281
5.02 0 0.167325344134
5.03 0 0.165902105638
5.04 0 0.164828033355
5.05 0 0.164701060862
5.06 0 0.164752930642
5.07 0 0.164453755445
5.08 0 0.163634732427
5.09 0 0.1609795578
5.1 0 0.160818022143
5.11 0 0.160818022143
5.12 0 0.159317201118
5.13 0 0.159047072622
5.14 0 0.158239805175
5.15 0 0.157000889423
5.16 0 0.156185195924
5.17 0 0.15586376331
5.18 0 0.155362756088
5.19 0 0.153741466214
5.2 0 0.153037032804
5.21 0 0.151498726492
5.22 0 0.150258803288
5.23 0 0.14986104494
5.24 0 0.148549991871
5.25 0 0.14834284939
5.26 0 0.148148387617
5.27 0 0.148166766499
5.28 0 0.147831632285
5.29 0 0.147831632285
5.3 0 0.147831632285
5.31 0 0.145747888373
5.32 0 0.145847745748
5.33 0 0.145877857781
5.34 0 0.145286828311
5.35 0 0.144738483691
5.36 0 0.144144235104
5.37 0 0.143668547754
5.38 0 0.143346962326
5.39 0 0.144562525406
5.4 0 0.14474872063
5.41 0 0.145374962307
5.42 0 0.146878442568
5.43 0 0.149075821818
5.44 0 0.150085779255
5.45 0 0.151227659565
5.46 0 0.151907094218
5.47 0 0.150432251488
5.48 0 0.151544174967
5.49 0 0.150180147006
5.5 0 0.152373345762
5.51 0 0.150569216767
5.52 0 0.150397713998
5.53 0 0.15168728273
5.54 0 0.15168728273
5.55 0 0.155276723799
5.56 0 0.155276723799
5.57 0 0.155276723799
5.58 0 0.159230505576
5.59 0 0.161475654541
5.6 0 0.163739130516
5.61 0 0.167205414668
5.62 0 0.168228327145
5.63 0 0.16943876264
5.64 0 0.17093468474
5.65 0 0.17258930582
5.66 0 0.17258930582
5.67 0 0.17375538279
5.68 0 0.171266163838
5.69 0 0.170519047461
5.7 0 0.169728452782
5.71 0 0.167358575523
5.72 0 0.166285453087
5.73 0 0.164502368522
5.74 0 0.162829433525
5.75 0 0.159736958966
5.76 0 0.152865433481
5.77 0 0.151850482709
5.78 0 0.148006354939
5.79 0 0.147329481086
5.8 0 0.146072381778
5.81 0 0.145770305723
5.82 0 0.145219341321
5.83 0 0.14507596834
5.84 0 0.144730660601
5.85 0 0.144158292481
5.86 0 0.143060309203
5.87 0 0.142684901698
5.88 0 0.142037217743
5.89 0 0.140266830323
5.9 0 0.13915011891
5.91 0 0.138858434695
5.92 0 0.139214334067
5.93 0 0.139374375165
5.94 0 0.140140073665
5.95 0 0.141219362876
5.96 0 0.141668742218
5.97 0 0.142334442909
5.98 0 0.142016262547
5.99 0 0.141542185246
6.0 0 0.141580058207
6.01 0 0.142044970073
6.02 0 0.142039645201
6.03 0 0.141125426296
6.04 0 0.140929350846
6.05 0 0.14134287683
6.06 0 0.141354993673
6.07 0 0.141480816509
6.08 0 0.140968212957
6.09 0 0.139859852573
6.1 0 0.137708261761
6.11 0 0.135661979666
6.12 0 0.134275006082
6.13 0 0.132652628126
6.14 0 0.132625020632
6.15 0 0.13179687328
6.16 0 0.131266454552
6.17 0 0.13160558483
6.18 0 0.13160558483
6.19 0 0.131544913918
6.2 0 0.132110454757
6.21 0 0.132002831083
6.22 0 0.132917939584
6.23 0 0.133650070799
6.24 0 0.134669875761
6.25 0 0.138590626287
6.26 0 0.139569588407
6.27 0 0.140149649668
6.28 0 0.139674757575
6.29 0 0.140661064697
6.3 0 0.144231049286
6.31 0 0.145029289469
6.32 0 0.14667410033
6.33 0 0.14932599899
6.34 0 0.150664768126
6.35 0 0.15332183533
6.36 0 0.153756752738
6.37 0 0.158763016213
6.38 0 0.161209952622
6.39 0 0.162216000895
6.4 0 0.163051900762
6.41 0 0.163422161119
6.42 0 0.164125222479
6.43 0 0.166167655037
6.44 0 0.166965367513
6.45 0 0.165563713605
6.46 0 0.168938181418
6.47 0 0.168392234055
6.48 0 0.170815191028
6.49 0 0.169661099015
6.5 0 0.170052461989
6.51 0 0.169792856148
6.52 0 0.168042697601
6.53 0 0.166928041237
6.54 0 0.166217131865
6.55 0 0.164484212402
6.56 0 0.163408619599
6.57 0 0.16193929318
6.58 0 0.160980293562
6.59 0 0.158907921121
6.6 0 0.155672771229
6.61 0 0.152304590429
6.62 0 0.149455264299
6.63 0 0.149134466789
6.64 0 0.149814118489
6.65 0 0.1502034239
6.66 0 0.150716832722
6.67 0 0.150588058265
6.68 0 0.150645307647
6.69 0 0.150708702101
6.7 0 0.151628132877
6.71 0 0.151484924113
6.72 0 0.15112756698
6.73 0 0.151012872265
6.74 0 0.150640866699
6.75 0 0.150516876815
6.76 0 0.150720720746
6.77 0 0.151081142644
6.78 0 0.151185047714
6.79 0 0.151071089344
6.8 0 0.1512664843
6.81 0 0.1512664843
6.82 0 0.151299754026
6.83 0 0.150361659048
6.84 0 0.14896336656
6.85 0 0.148856112207
6.86 0 0.148078520429
6.87 0 0.146615632654
6.88 0 0.144852889482
6.89 0 0.143042525287
6.9 0 0.140946477873
6.91 0 0.142070753079
6.92 0 0.142263171006
6.93 0 0.143199848277
6.94 0 0.144053174245
6.95 0 0.144094848229
6.96 0 0.143773269283
6.97 0 0.143912846864
6.98 0 0.143883287745
6.99 0 0.143899152916
7.0 0 0.145415304344
7.01 0 0.147617616262
7.02 0 0.148700103958
7.03 0 0.149129312968
7.04 0 0.148738801837
7.05 0 0.150797862162
7.06 0 0.154936444585
7.07 0 0.155678301631
7.08 0 0.15988548497
7.09 0 0.15988548497
7.1 0 0.15988548497
7.11 0 0.164873032215
7.12 0 0.168077458089
7.13 0 0.171841112577
7.14 0 0.174407611971
7.15 0 0.176636745068
7.16 0 0.177226011198
7.17 0 0.180198510302
7.18 0 0.182241691121
7.19 0 0.183674879006
7.2 0 0.185799320866
7.21 0 0.185911205814
7.22 0 0.186456449428
7.23 0 0.185743782867
7.24 0 0.185743782867
7.25 0 0.185743782867
7.26 0 0.184802425725
7.27 0 0.182658473085
7.28 0 0.178779971078
7.29 0 0.176439925279
7.3 0 0.175148552792
7.31 0 0.175148552792
7.32 0 0.175148552792
7.33 0 0.167520932016
7.34 0 0.164677733839
7.35 0 0.160795102265
7.36 0 0.157141546133
7.37 0 0.153184971501
7.38 0 0.146949835948
7.39 0 0.144631439693
7.4 0 0.142793030663
7.41 0 0.141931247058
7.42 0 0.140690918217
7.43 0 0.139966559722
7.44 0 0.139679201584
7.45 0 0.140137846492
7.46 0 0.141717428756
7.47 0 0.142977919424
7.48 0 0.144864240329
7.49 0 0.146744246188
7.5 0 0.146919996293
7.51 0 0.148151142546
7.52 0 0.148455556448
7.53 0 0.149119987323
7.54 0 0.149341619031
7.55 0 0.149244180972
7.56 0 0.148843943299
7.57 0 0.14895830983
7.58 0 0.149422418013
7.59 0 0.150230278656
7.6 0 0.150882105685
7.61 0 0.15118588782
7.62 0 0.151149534978
7.63 0 0.151053399539
7.64 0 0.151444038672
7.65 0 0.152490101586
7.66 0 0.153723014266
7.67 0 0.154381804577
7.68 0 0.154090734706
7.69 0 0.153804706423
7.7 0 0.153051677349
7.71 0 0.152527460551
7.72 0 0.152871698834
7.73 0 0.154676209228
7.74 0 0.156003742331
7.75 0 0.15800694722
7.76 0 0.159964838741
7.77 0 0.160848630496
7.78 0 0.163126278659
7.79 0 0.165465281987
7.8 0 0.166858170646
7.81 0 0.168357042012
7.82 0 0.168901901165
7.83 0 0.170676270633
7.84 0 0.172228960513
7.85 0 0.173366616712
7.86 0 0.176052595512
7.87 0 0.176991211022
7.88 0 0.175782193453
7.89 0 0.176163803898
7.9 0 0.178469098364
7.91 0 0.177209033905
7.92 0 0.180468414326
7.93 0 0.183476049324
7.94 0 0.186100824319
7.95 0 0.18833066909
7.96 0 0.190391169916
7.97 0 0.19282855472
7.98 0 0.193852569501
7.99 0 0.195724137382
8.0 0 0.195362446884
8.01 0 0.195847347365
8.02 0 0.197133699433
8.03 0 0.197411115818
8.04 0 0.197817041415
8.05 0 0.197370140656
8.06 0 0.196656429167
8.07 0 0.195139262988
8.08 0 0.195108202529
8.09 0 0.193639458481
8.1 0 0.19051608363
8.11 0 0.189457130374
8.12 0 0.186675717817
8.13 0 0.183456075593
8.14 0 0.181442075115
8.15 0 0.180774767258
8.16 0 0.180748689706
8.17 0 0.181222224542
8.18 0 0.181571234815
8.19 0 0.182356184692
8.2 0 0.182383127559
8.21 0 0.183447465046
8.22 0 0.182771985084
8.23 0 0.183369988363
8.24 0 0.183178862854
8.25 0 0.182598520854
8.26 0 0.181429488958
8.27 0 0.181432727606
8.28 0 0.18143301905
8.29 0 0.181217865793
8.3 0 0.180867567143
8.31 0 0.180710299298
8.32 0 0.180610554395
8.33 0 0.180753237777
8.34 0 0.180764675978
8.35 0 0.180808408127
8.36 0 0.180589340047
8.37 0 0.180221346282
8.38 0 0.179236983089
8.39 0 0.178435388023
8.4 0 0.17764869535
8.41 0 0.177618422014
8.42 0 0.178194355267
8.43 0 0.179546813562
8.44 0 0.179944131136
8.45 0 0.17960884969
8.46 0 0.180132589617
8.47 0 0.180678728821
8.48 0 0.181111364565
8.49 0 0.180925527324
8.5 0 0.181416102643
8.51 0 0.181410621351
8.52 0 0.182263411891
8.53 0 0.181260940125
8.54 0 0.181411716581
8.55 0 0.18171532303
8.56 0 0.182609756546
8.57 0 0.183452073275
8.58 0 0.184160564448
8.59 0 0.185368167702
8.6 0 0.187024783035
8.61 0 0.189411021922
8.62 0 0.190225326543
8.63 0 0.189569666027
8.64 0 0.192762480345
8.65 0 0.19394983284
8.66 0 0.19394983284
8.67 0 0.198860535603
8.68 0 0.198860535603
8.69 0 0.201011087273
8.7 0 0.201549579062
8.71 0 0.205952006498
8.72 0 0.206464186902
8.73 0 0.209126994497
8.74 0 0.210900421627
8.75 0 0.21429479767
8.76 0 0.215388358692
8.77 0 0.216323152394
8.78 0 0.215773826395
8.79 0 0.215711247848
8.8 0 0.216960666868
8.81 0 0.217562298682
8.82 0 0.218228717211
8.83 0 0.216298078534
8.84 0 0.216232585486
8.85 0 0.215581394264
8.86 0 0.214702491987
8.87 0 0.213569568788
8.88 0 0.213569568788
8.89 0 0.212537262774
8.9 0 0.211049386919
8.91 0 0.209119559504
8.92 0 0.207102722229
8.93 0 0.20479214466
8.94 0 0.203180122148
8.95 0 0.2016583812
8.96 0 0.2002101115
8.97 0 0.197853873396
8.98 0 0.195168606051
8.99 0 0.195007909464
9.0 0 0.192007175005
9.01 0 0.191713746692
9.02 0 0.19073763595
9.03 0 0.189874092976
9.04 0 0.187699233064
9.05 0 0.186452327007
9.06 0 0.186010204261
9.07 0 0.185879002279
9.08 0 0.18657152495
9.09 0 0.187199863107
9.1 0 0.187860911301
9.11 0 0.188360609912
9.12 0 0.189451629429
9.13 0 0.190317175887
9.14 0 0.191312159522
9.15 0 0.192803001899
9.16 0 0.194016174302
9.17 0 0.195148297718
9.18 0 0.195704337931
9.19 0 0.196136596146
9.2 0 0.195301625001
9.21 0 0.195207166421
9.22 0 0.195846606648
9.23 0 0.197092017975
9.24 0 0.199181420613
9.25 0 0.200575432006
9.26 0 0.200807270553
9.27 0 0.20226816098
9.28 0 0.204030756495
9.29 0 0.204291989825
9.3 0 0.205786330099
9.31 0 0.206141654335
9.32 0 0.20839605678
9.33 0 0.20839605678
9.34 0 0.208455623597
9.35 0 0.210109928664
9.36 0 0.210328014745
9.37 0 0.20985703985
9.38 0 0.211624095665
9.39 0 0.212883470043
9.4 0 0.213569546059
9.41 0 0.213894183964
9.42 0 0.213920323826
9.43 0 0.216284926211
9.44 0 0.215747910897
9.45 0 0.218090749406
9.46 0 0.217139954759
9.47 0 0.219852670843
9.48 0 0.221248076578
9.49 0 0.225668103272
9.5 0 0.225668103272
9.51 0 0.228286596447
9.52 0 0.231401547832
9.53 0 0.232515453113
9.54 0 0.233190826266
9.55 0 0.234719229872
9.56 0 0.235684135824
9.57 0 0.235565495401
9.58 0 0.235980445486
9.59 0 0.236136635895
9.6 0 0.236048117779
9.61 0 0.236558884742
9.62 0 0.235115451209
9.63 0 0.234135799735
9.64 0 0.233606187432
9.65 0 0.2323763735
9.66 0 0.23109229051
9.67 0 0.229690431272
9.68 0 0.229101030356
9.69 0 0.228979923667
9.7 0 0.228584348668
9.71 0 0.228736254412
9.72 0 0.228692041116
9.73 0 0.229061569576
9.74 0 0.228914417347
9.75 0 0.229111201892
9.76 0 0.228472581224
9.77 0 0.226204966836
9.78 0 0.225802383114
9.79 0 0.224917487834
9.8 0 0.224163177461
9.81 0 0.221591905389
9.82 0 0.220677893386
9.83 0 0.21931956295
9.84 0 0.217501442575
9.85 0 0.216645514654
9.86 0 0.215372959522
9.87 0 0.214209124774
9.88 0 0.212615152729
9.89 0 0.211440888866
9.9 0 0.210292806031
9.91 0 0.209037230295
9.92 0 0.207224613844
9.93 0 0.206388521498
9.94 0 0.205766854415
9.95 0 0.205681329716
9.96 0 0.205593071077
9.97 0 0.205954179387
9.98 0 0.2060313421
9.99 0 0.206713601847
10.0 0 0.206872232661
10.01 0 0.207471640246
10.02 0 0.20753786263
10.03 0 0.209519402138
10.04 0 0.209459444117
10.05 0 0.211498510358
10.06 0 0.211498510358
10.07 0 0.213071189142
10.08 0 0.213444156763
10.09 0 0.214349348514
10.1 0 0.215068318987
10.11 0 0.216434703382
10.12 0 0.21887128135
10.13 0 0.220662455631
10.14 0 0.220741896368
10.15 0 0.223106440991
10.16 0 0.224745029401
10.17 0 0.22474295343
10.18 0 0.226655563172
10.19 0 0.22915830912
10.2 0 0.233176073023
10.21 0 0.235331437497
10.22 0 0.23480167721
10.23 0 0.234631732733
10.24 0 0.238381088522
10.25 0 0.238991424507
10.26 0 0.242049094012
10.27 0 0.243495249465
10.28 0 0.248056368664
10.29 0 0.254128925127
10.3 0 0.25549099374
10.31 0 0.258676375472
10.32 0 0.258676375472
10.33 0 0.264513692671
10.34 0 0.265189015679
10.35 0 0.265016120283
10.36 0 0.265450978451
10.37 0 0.265079896462
10.38 0 0.263649197819
10.39 0 0.262131973294
10.4 0 0.260654954004
10.41 0 0.259388463872
10.42 0 0.257427195495
10.43 0 0.256020038903
10.44 0 0.254165556026
10.45 0 0.252421665253
10.46 0 0.251135258448
10.47 0 0.248999224833
10.48 0 0.247806938105
10.49 0 0.247279503114
10.5 0 0.247831697219
10.51 0 0.249790586717
10.52 0 0.250256458073
10.53 0 0.251802281562
10.54 0 0.253321018841
10.55 0 0.253434315512
10.56 0 0.252732188422
10.57 0 0.252704531283
10.58 0 0.252985527706
10.59 0 0.252985527706
10.6 0 0.252985527706
10.61 0 0.253829236423
10.62 0 0.253829236423
10.63 0 0.251011606307
10.64 0 0.24955181739
10.65 0 0.247154630639
10.66 0 0.243813720843
10.67 0 0.241387313846
10.68 0 0.23907791417
10.69 0 0.236744536254
10.7 0 0.235018622775
10.71 0 0.234145512416
10.72 0 0.231508660772
10.73 0 0.229069931931
10.74 0 0.228971605433
10.75 0 0.228439317572
10.76 0 0.228211235218
10.77 0 0.227581297626
10.78 0 0.22873369675
10.79 0 0.229308438033
10.8 0 0.229970447087
10.81 0 0.231099905833
10.82 0 0.232701231906
10.83 0 0.23354161865
10.84 0 0.234254444538
10.85 0 0.23547733837
10.86 0 0.235659073509
10.87 0 0.237160556985
10.88 0 0.237415431348
10.89 0 0.239273781137
10.9 0 0.240764940606
10.91 0 0.242145875574
10.92 0 0.246565207771
10.93 0 0.247145121991
10.94 0 0.251648319618
10.95 0 0.252835957169
10.96 0 0.254064664255
10.97 0 0.255771677115
10.98 0 0.256279560983
10.99 0 0.256784116261
11.0 0 0.256458162915
11.01 0 0.257715123825
11.02 0 0.258097323299
11.03 0 0.257002775339
11.04 0 0.258387668521
11.05 0 0.259203155525
11.06 0 0.261862099998
11.07 0 0.262194357722
11.08 0 0.265962281729
11.09 0 0.267205492241
11.1 0 0.269496278863
11.11 0 0.271788965023
11.12 0 0.272759748573
11.13 0 0.271972460197
11.14 0 0.273588085486
11.15 0 0.2732278848
11.16 0 0.269927930544
11.17 0 0.268407974118
11.18 0 0.268250390936
11.19 0 0.265771888756
11.2 0 0.263715837908
11.21 0 0.262025167622
11.22 0 0.260487402245
11.23 0 0.256442508035
11.24 0 0.253294417822
11.25 0 0.253630326361
11.26 0 0.250798477893
11.27 0 0.247110683989
11.28 0 0.242401699286
11.29 0 0.241506532777
11.3 0 0.241115124986
11.31 0 0.243803825136
11.32 0 0.249955207087
11.33 0 0.249955207087
11.34 0 0.253345918203
11.35 0 0.253446412164
11.36 0 0.253410912089
11.37 0 0.253282584162
11.38 0 0.253063949254
11.39 0 0.252420478697
11.4 0 0.252818723224
11.41 0 0.252241966334
11.42 0 0.251139171886
11.43 0 0.250418494889
11.44 0 0.24945032087
11.45 0 0.248400427644
11.46 0 0.247655042695
11.47 0 0.247305241943
11.48 0 0.246530862873
11.49 0 0.245258141855
11.5 0 0.244527272504
11.51 0 0.243943901151
11.52 0 0.242753390914
11.53 0 0.242264203056
11.54 0 0.242495318673
11.55 0 0.243358696122
11.56 0 0.244751827126
11.57 0 0.245193129332
11.58 0 0.246503320652
11.59 0 0.2476862572
11.6 0 0.248378843139
11.61 0 0.24953463893
11.62 0 0.253183489752
11.63 0 0.253183489752
11.64 0 0.25403099862
11.65 0 0.255983639418
11.66 0 0.257140827152
11.67 0 0.258663229617
11.68 0 0.257869552688
11.69 0 0.259200968739
11.7 0 0.259249387266
11.71 0 0.262031444356
11.72 0 0.26247082439
11.73 0 0.261922887525
11.74 0 0.265095757842
11.75 0 0.265508338757
11.76 0 0.263314933216
11.77 0 0.268115761689
11.78 0 0.272484372733
11.79 0 0.273300562952
11.8 0 0.276120677798
11.81 0 0.273452670069
11.82 0 0.274861100264
11.83 0 0.27144478975
11.84 0 0.275293397976
11.85 0 0.276933253906
11.86 0 0.275860040361
11.87 0 0.275860040361
11.88 0 0.285534667097
11.89 0 0.28726285141
11.9 0 0.288491540906
11.91 0 0.289458690348
11.92 0 0.290172724187
11.93 0 0.289662772102
11.94 0 0.288897034568
11.95 0 0.285980929019
11.96 0 0.284302806643
11.97 0 0.283706501145
11.98 0 0.283053754797
11.99 0 0.282313609587
12.0 0 0.28149641297
12.01 0 0.278770561118
12.02 0 0.274436483441
12.03 0 0.267506900947
12.04 0 0.267506900947
12.05 0 0.264064876047
12.06 0 0.261511278426
12.07 0 0.260014575315
12.08 0 0.25980332031
12.09 0 0.259800624913
12.1 0 0.25872780551
12.11 0 0.258446429354
12.12 0 0.258159136543
12.13 0 0.258646995868
12.14 0 0.258734085562
12.15 0 0.259488382073
12.16 0 0.259990940705
12.17 0 0.259990940705
12.18 0 0.259407420358
12.19 0 0.259431398898
12.2 0 0.258955415394
12.21 0 0.258756840847
12.22 0 0.258189426058
12.23 0 0.258189426058
12.24 0 0.258720639511
12.25 0 0.258470054425
12.26 0 0.258479233176
12.27 0 0.259417202114
12.28 0 0.259609188835
12.29 0 0.260242324733
12.3 0 0.260611523815
12.31 0 0.26086655734
12.32 0 0.260683003284
12.33 0 0.261267287363
12.34 0 0.261267287363
12.35 0 0.261792056967
12.36 0 0.264313291921
12.37 0 0.264158774529
12.38 0 0.264879376069
12.39 0 0.267636134617
12.4 0 0.27020834429
12.41 0 0.271582591725
12.42 0 0.273020707239
12.43 0 0.27888811946
12.44 0 0.27888811946
12.45 0 0.280065704145
12.46 0 0.283544689074
12.47 0 0.283544689074
12.48 0 0.286726231388
12.49 0 0.286726231388
12.5 0 0.286726231388
12.51 0 0.286726231388
12.52 0 0.291800174309
12.53 0 0.2926002286
12.54 0 0.29473199624
12.55 0 0.293827638364
12.56 0 0.300686854222
12.57 0 0.303576808546
12.58 0 0.305753310635
12.59 0 0.308238060902
12.6 0 0.308425002679
12.61 0 0.312526319368
12.62 0 0.31446012171
12.63 0 0.316919146535
12.64 0 0.319546220535
12.65 0 0.322911073413
12.66 0 0.327034475551
12.67 0 0.328215104219
12.68 0 0.330872438313
12.69 0 0.331393009503
12.7 0 0.331895240238
12.71 0 0.332328706623
12.72 0 0.33322884901
12.73 0 0.334085004409
12.74 0 0.333943033299
12.75 0 0.33295598608
12.76 0 0.331910442532
12.77 0 0.329942731981
12.78 0 0.329510405253
12.79 0 0.327439786068
12.8 0 0.324603081492
12.81 0 0.321565368676
12.82 0 0.316952629006
12.83 0 0.311505451168
12.84 0 0.308457951657
12.85 0 0.303868250894
12.86 0 0.302432152639
12.87 0 0.299930077094
12.88 0 0.298373138372
12.89 0 0.297926749098
12.9 0 0.297842820049
12.91 0 0.297754624325
12.92 0 0.297559124078
12.93 0 0.297447316502
12.94 0 0.29710257604
12.95 0 0.29710257604
12.96 0 0.298023831821
12.97 0 0.298315699571
12.98 0 0.298336689328
12.99 0 0.298867023764
13.0 0 0.29959420144
13.01 0 0.299993829534
13.02 0 0.300124213928
13.03 0 0.299808812858
13.04 0 0.300887454743
13.05 0 0.300857291111
13.06 0 0.30111358132
13.07 0 0.300525591152
13.08 0 0.299898747546
13.09 0 0.297943542876
13.1 0 0.297567364475
13.11 0 0.297511466059
13.12 0 0.297445505134
13.13 0 0.297537991978
13.14 0 0.297992215442
13.15 0 0.298369592053
13.16 0 0.299754044991
13.17 0 0.300390153616
13.18 0 0.302935435406
13.19 0 0.304654561269
13.2 0 0.305259877159
13.21 0 0.306931751023
13.22 0 0.306648031195
13.23 0 0.308521499143
13.24 0 0.312324629864
13.25 0 0.314830480362
13.26 0 0.314830480362
13.27 0 0.317891668418
13.28 0 0.321189017371
13.29 0 0.320757512389
13.3 0 0.325080633867
13.31 0 0.325919525575
13.32 0 0.326248055841
13.33 0 0.330211015374
13.34 0 0.328888242033
13.35 0 0.336466789911
13.36 0 0.337381165808
13.37 0 0.336078301638
13.38 0 0.337503433277
13.39 0 0.340806084457
13.4 0 0.343716898152
13.41 0 0.349294648693
13.42 0 0.351403358296
13.43 0 0.35463409732
13.44 0 0.356161996942
13.45 0 0.357772659532
13.46 0 0.358917933221
13.47 0 0.359175033759
13.48 0 0.359350993616
13.49 0 0.359670428673
13.5 0 0.360344417005
13.51 0 0.360169001625
13.52 0 0.360304583279
13.53 0 0.360676484306
13.54 0 0.360619129943
13.55 0 0.360073306034
13.56 0 0.358649104765
13.57 0 0.357204754338
13.58 0 0.356276887977
13.59 0 0.354797524573
13.6 0 0.353757155328
13.61 0 0.352096283251
13.62 0 0.349280010999
13.63 0 0.346551707246
13.64 0 0.344242812329
13.65 0 0.338567568678
13.66 0 0.335859924665
13.67 0 0.335437643609
13.68 0 0.335166568901
13.69 0 0.334291633043
13.7 0 0.331235391345
13.71 0 0.328431855967
13.72 0 0.326040380353
13.73 0 0.322088199399
13.74 0 0.321886575269
13.75 0 0.319461539973
13.76 0 0.316897814064
13.77 0 0.31649861986
13.78 0 0.315614482249
13.79 0 0.314867556483
13.8 0 0.313923912701
13.81 0 0.312241528036
13.82 0 0.311311022024
13.83 0 0.310307480669
13.84 0 0.310281716336
13.85 0 0.31074920418
13.86 0 0.311273797096
13.87 0 0.311649796402
13.88 0 0.312247869085
13.89 0 0.312445828803
13.9 0 0.312061869665
13.91 0 0.312117400934
13.92 0 0.312966904177
13.93 0 0.313992614312
13.94 0 0.315208968452
13.95 0 0.316870570179
13.96 0 0.316696999696
13.97 0 0.317007688351
13.98 0 0.31729175181
13.99 0 0.319463678873
14.0 0 0.321031453301
14.01 0 0.322114243501
14.02 0 0.326168550568
14.03 0 0.325607138584
14.04 0 0.32778173226
14.05 0 0.32855218784
14.06 0 0.327470236889
14.07 0 0.327074448311
14.08 0 0.330299421174
14.09 0 0.329909241983
14.1 0 0.331971249144
14.11 0 0.333885812415
14.12 0 0.334982051647
14.13 0 0.334982051647
14.14 0 0.331150592264
14.15 0 0.33390586495
14.16 0 0.336420832612
14.17 0 0.340198688646
14.18 0 0.350771929983
14.19 0 0.353246467434
14.2 0 0.358250729037
14.21 0 0.360371073426
14.22 0 0.362365451424
14.23 0 0.36420212457
14.24 0 0.366494538207
14.25 0 0.367690125435
14.26 0 0.369090682091
14.27 0 0.370814436863
14.28 0 0.371619215646
14.29 0 0.371657936304
14.3 0 0.370510012508
14.31 0 0.368946545977
14.32 0 0.368136574346
14.33 0 0.366470823343
14.34 0 0.364296298448
14.35 0 0.364296298448
14.36 0 0.364296298448
14.37 0 0.364296298448
14.38 0 0.357383430816
14.39 0 0.353328862526
14.4 0 0.351683314603
14.41 0 0.349663574407
14.42 0 0.348929458937
14.43 0 0.348767528122
14.44 0 0.348189077186
14.45 0 0.34848551622
14.46 0 0.348922661332
14.47 0 0.348801649293
14.48 0 0.348494768175
14.49 0 0.348828565868
14.5 0 0.349659445449
14.51 0 0.350304405085
14.52 0 0.351890512411
14.53 0 0.352694370101
14.54 0 0.354269548444
14.55 0 0.354712709817
14.56 0 0.354373275477
14.57 0 0.353548014159
14.58 0 0.353150254308
14.59 0 0.353137828906
14.6 0 0.353040327626
14.61 0 0.353773541582
14.62 0 0.354461521821
14.63 0 0.355175913535
14.64 0 0.355568771565
14.65 0 0.355637062834
14.66 0 0.355355969845
14.67 0 0.355363694408
14.68 0 0.355536521523
14.69 0 0.354916779085
14.7 0 0.356087734781
14.71 0 0.356374910903
14.72 0 0.356565671572
14.73 0 0.357957523685
14.74 0 0.359124080301
14.75 0 0.361170869881
14.76 0 0.361728719695
14.77 0 0.36215056429
14.78 0 0.363888661941
14.79 0 0.364849576962
14.8 0 0.367500330113
14.81 0 0.369058114561
14.82 0 0.369488790053
14.83 0 0.371347635933
14.84 0 0.373991760374
14.85 0 0.374350460943
14.86 0 0.379875052661
14.87 0 0.379875052661
14.88 0 0.382560260029
14.89 0 0.382560260029
14.9 0 0.382560260029
14.91 0 0.384626646879
14.92 0 0.390093417669
14.93 0 0.390093417669
14.94 0 0.38924506429
14.95 0 0.389359661731
14.96 0 0.389359661731
14.97 0 0.39144850954
14.98 0 0.393271867785
14.99 0 0.398379433351
15.0 0 0.400686306528
15.01 0 0.402758234672
15.02 0 0.403389898171
15.03 0 0.404425512671
15.04 0 0.405791310444
15.05 0 0.406332965053
15.06 0 0.407085555035
15.07 0 0.408378910167
15.08 0 0.408770136766
15.09 0 0.408990343094
15.1 0 0.409083552618
15.11 0 0.408991125183
15.12 0 0.408481236927
15.13 0 0.407680036986
15.14 0 0.407364190924
15.15 0 0.406785855579
15.16 0 0.405225197552
15.17 0 0.4040869882
15.18 0 0.402776697886
15.19 0 0.402322626185
15.2 0 0.402516998687
15.21 0 0.401287800072
15.22 0 0.399731607959
15.23 0 0.399354684565
15.24 0 0.398780687645
15.25 0 0.398398818081
15.26 0 0.395948773777
15.27 0 0.395480626783
15.28 0 0.393975741859
15.29 0 0.392150568663
15.3 0 0.39015007872
15.31 0 0.388458219851
15.32 0 0.387507746382
15.33 0 0.386546814481
15.34 0 0.385348722511
15.35 0 0.383366893118
15.36 0 0.382855090015
15.37 0 0.382880743946
15.38 0 0.382973610297
15.39 0 0.382368933297
15.4 0 0.382555075339
15.41 0 0.38285496481
15.42 0 0.383057563071
15.43 0 0.383500547228
15.44 0 0.383932643095
15.45 0 0.384233233502
15.46 0 0.383735522153
15.47 0 0.384308015246
15.48 0 0.383950156965
15.49 0 0.383798760377
15.5 0 0.383892458353
15.51 0 0.385321254661
15.52 0 0.38655391995
15.53 0 0.38655391995
15.54 0 0.387321687262
15.55 0 0.387757635285
15.56 0 0.388743129098
15.57 0 0.389976810098
15.58 0 0.392634269374
15.59 0 0.394886674539
15.6 0 0.394861039674
15.61 0 0.397820557112
15.62 0 0.399509669408
15.63 0 0.402306626267
15.64 0 0.401988548403
15.65 0 0.403844004297
15.66 0 0.408850861807
15.67 0 0.408940943628
15.68 0 0.415155319478
15.69 0 0.416814615734
15.7 0 0.418361349336
15.71 0 0.418361349336
15.72 0 0.418436439498
15.73 0 0.424404353099
15.74 0 0.425185237259
15.75 0 0.426208177357
15.76 0 0.427391647814
15.77 0 0.426968739494
15.78 0 0.426816250208
15.79 0 0.426635605849
15.8 0 0.428122236312
15.81 0 0.429780581655
15.82 0 0.431516272243
15.83 0 0.432635230124
15.84 0 0.433387057374
15.85 0 0.436562753504
15.86 0 0.439768195303
15.87 0 0.440410085884
15.88 0 0.439914838437
15.89 0 0.439651336711
15.9 0 0.438389986651
15.91 0 0.437786002657
15.92 0 0.436869604634
15.93 0 0.434876661976
15.94 0 0.431936771136
15.95 0 0.431246521991
15.96 0 0.430133631207
15.97 0 0.428217485394
15.98 0 0.427762705923
15.99 0 0.427035606897
16.0 0 0.4256937972
16.01 0 0.423865246637
16.02 0 0.421833181253
16.03 0 0.420415098515
16.04 0 0.41872949398
16.05 0 0.41718421983
16.06 0 0.413793899511
16.07 0 0.40995377416
16.08 0 0.405957318671
16.09 0 0.402037745498
16.1 0 0.398448042058
16.11 0 0.396660366385
16.12 0 0.395064940638
16.13 0 0.394231036162
16.14 0 0.393838280799
16.15 0 0.393879032039
16.16 0 0.393432391456
16.17 0 0.393206889889
16.18 0 0.391998477508
16.19 0 0.390445257273
16.2 0 0.390058948769
16.21 0 0.390875860095
16.22 0 0.390889805379
16.23 0 0.392366471591
16.24 0 0.392899307317
16.25 0 0.392899307317
16.26 0 0.393422398505
16.27 0 0.394014016071
16.28 0 0.394552531157
16.29 0 0.395370969453
16.3 0 0.395701187592
16.31 0 0.397032359362
16.32 0 0.398239098721
16.33 0 0.401910472992
16.34 0 0.401910472992
16.35 0 0.402182585661
16.36 0 0.405742735515
16.37 0 0.40681935509
16.38 0 0.411039342683
16.39 0 0.412758435986
16.4 0 0.411440668942
16.41 0 0.414881717179
16.42 0 0.416448997174
16.43 0 0.417882644807
16.44 0 0.420162896482
16.45 0 0.417253162435
16.46 0 0.42323534804
16.47 0 0.42323534804
16.48 0 0.423770725928
16.49 0 0.42532704623
16.5 0 0.430227456973
16.51 0 0.430240601509
16.52 0 0.431719999359
16.53 0 0.431719999359
16.54 0 0.431719999359
16.55 0 0.434278595071
16.56 0 0.434278595071
16.57 0 0.439148360634
16.58 0 0.441389352769
16.59 0 0.442130148859
16.6 0 0.443223148954
16.61 0 0.443119187622
16.62 0 0.444658696707
16.63 0 0.446195664915
16.64 0 0.446992142499
16.65 0 0.447383032479
16.66 0 0.447658582572
16.67 0 0.447635777813
16.68 0 0.447353909069
16.69 0 0.446655984763
16.7 0 0.446655984763
16.71 0 0.446655984763
16.72 0 0.446655984763
16.73 0 0.442232451613
16.74 0 0.44158644961
16.75 0 0.440798047456
16.76 0 0.439966561356
16.77 0 0.438596628352
16.78 0 0.437745447072
16.79 0 0.438405948251
16.8 0 0.439127143507
16.81 0 0.440221675705
16.82 0 0.440658666129
16.83 0 0.439191091263
16.84 0 0.438593115438
16.85 0 0.438587346031
16.86 0 0.438512627892
16.87 0 0.437374293178
16.88 0 0.435861378295
16.89 0 0.433325911941
16.9 0 0.431422932952
16.91 0 0.430161673871
16.92 0 0.429269838768
16.93 0 0.429361436401
16.94 0 0.429378940903
16.95 0 0.429378940903
16.96 0 0.427876743818
16.97 0 0.426726417321
16.98 0 0.426890072911
16.99 0 0.427045946191
17.0 0 0.427492510726
17.01 0 0.427742742857
17.02 0 0.427742742857
17.03 0 0.427742742857
17.04 0 0.428303259975
17.05 0 0.42762570481
17.06 0 0.426470613964
17.07 0 0.426020852232
17.08 0 0.427260705654
17.09 0 0.427385930582
17.1 0 0.427648418785
17.11 0 0.430068062071
17.12 0 0.431010080294
17.13 0 0.432870016033
17.14 0 0.434307712144
17.15 0 0.433495892319
17.16 0 0.436518293342
17.17 0 0.437229102478
17.18 0 0.441249728834
17.19 0 0.440494448811
17.2 0 0.442649158499
17.21 0 0.439150690313
17.22 0 0.437663851159
17.23 0 0.443079976048
17.24 0 0.44386199297
17.25 0 0.446110433972
17.26 0 0.448127885174
17.27 0 0.448984507486
17.28 0 0.451980998326
17.29 0 0.448848643456
17.3 0 0.451878831399
17.31 0 0.457000716467
17.32 0 0.45846107888
17.33 0 0.459016353262
17.34 0 0.459621405725
17.35 0 0.46118590972
17.36 0 0.463390061178
17.37 0 0.464834781489
17.38 0 0.465314324437
17.39 0 0.465314324437
17.4 0 0.46882886928
17.41 0 0.47059344612
17.42 0 0.471496875745
17.43 0 0.471461428988
17.44 0 0.471141206694
17.45 0 0.471141206694
17.46 0 0.470878564952
17.47 0 0.470129011174
17.48 0 0.470175719478
17.49 0 0.468620836902
17.5 0 0.466899759452
17.51 0 0.466781127938
17.52 0 0.466605089041
17.53 0 0.464441338265
17.54 0 0.462680179329
17.55 0 0.460633834777
17.56 0 0.460286392146
17.57 0 0.45980193773
17.58 0 0.460450935398
17.59 0 0.461613431783
17.6 0 0.461962703719
17.61 0 0.461482842834
17.62 0 0.461899518151
17.63 0 0.461804088724
17.64 0 0.460958741108
17.65 0 0.459293786991
17.66 0 0.457092363442
17.67 0 0.451902625777
17.68 0 0.451902625777
17.69 0 0.448567732394
17.7 0 0.448567732394
17.71 0 0.447070207989
17.72 0 0.444729454943
17.73 0 0.441280664273
17.74 0 0.441438265752
17.75 0 0.441791608048
17.76 0 0.442839919163
17.77 0 0.443798895056
17.78 0 0.444560507945
17.79 0 0.444751922162
17.8 0 0.444751922162
17.81 0 0.444751922162
17.82 0 0.442298766875
17.83 0 0.442298766875
17.84 0 0.442298766875
17.85 0 0.43864298262
17.86 0 0.439315941823
17.87 0 0.439714273524
17.88 0 0.440076065416
17.89 0 0.4406807541
17.9 0 0.442493267249
17.91 0 0.444759408425
17.92 0 0.445297193825
17.93 0 0.446416844877
17.94 0 0.446191478864
17.95 0 0.448080517663
17.96 0 0.449951000967
17.97 0 0.451250338625
17.98 0 0.450656670282
17.99 0 0.451841784236
18.0 0 0.457204588088
18.01 0 0.458766003253
18.02 0 0.461029368013
18.03 0 0.462796944532
18.04 0 0.461498247503
18.05 0 0.462060994206
18.06 0 0.45999783051
18.07 0 0.462733372327
18.08 0 0.465880242939
18.09 0 0.464111553001
18.1 0 0.465018430782
18.11 0 0.465951259662
18.12 0 0.467261140733
18.13 0 0.466126931984
18.14 0 0.47277104033
18.15 0 0.475783895896
18.16 0 0.476758010756
18.17 0 0.476077666743
18.18 0 0.477208050085
18.19 0 0.477817247346
18.2 0 0.480086921983
18.21 0 0.480615655103
18.22 0 0.480830333787
18.23 0 0.480742999187
18.24 0 0.480839685403
18.25 0 0.479376480096
18.26 0 0.478917862341
18.27 0 0.477743960287
18.28 0 0.477743960287
18.29 0 0.477743960287
18.3 0 0.477743960287
18.31 0 0.476591982703
18.32 0 0.476591982703
18.33 0 0.473155231842
18.34 0 0.471300142739
18.35 0 0.469697133949
18.36 0 0.469493351924
18.37 0 0.469404469717
18.38 0 0.469977433628
18.39 0 0.469540271213
18.4 0 0.468577276432
18.41 0 0.468259983152
18.42 0 0.465545896044
18.43 0 0.465545896044
18.44 0 0.464253354371
18.45 0 0.463035959956
18.46 0 0.462895491183
18.47 0 0.462895491183
18.48 0 0.462895491183
18.49 0 0.462895491183
18.5 0 0.463614337517
18.51 0 0.464176580609
18.52 0 0.464346709744
18.53 0 0.464512881694
18.54 0 0.465268708818
18.55 0 0.465690253263
18.56 0 0.466307482681
18.57 0 0.467807079996
18.58 0 0.467807079996
18.59 0 0.470656599552
18.6 0 0.470656599552
18.61 0 0.470934878063
18.62 0 0.471332953465
18.63 0 0.471812640646
18.64 0 0.472343400709
18.65 0 0.472236514683
18.66 0 0.473701708521
18.67 0 0.47528796991
18.68 0 0.475437523966
18.69 0 0.476732348844
18.7 0 0.480304714104
18.71 0 0.480300558219
18.72 0 0.483184352296
18.73 0 0.484703590619
18.74 0 0.486132788846
18.75 0 0.487151966661
18.76 0 0.489592359641
18.77 0 0.490012852191
18.78 0 0.491736663489
18.79 0 0.491884842054
18.8 0 0.492845855542
18.81 0 0.492971119988
18.82 0 0.494666395534
18.83 0 0.50122512364
18.84 0 0.498759064892
18.85 0 0.501549137727
18.86 0 0.501880344761
18.87 0 0.504959147335
18.88 0 0.503821456243
18.89 0 0.504508257409
18.9 0 0.502787287247
18.91 0 0.507168823554
18.92 0 0.510951144147
18.93 0 0.514660977424
18.94 0 0.518301725206
18.95 0 0.520380159836
18.96 0 0.522215734914
18.97 0 0.52408944514
18.98 0 0.525244416943
18.99 0 0.525862286071
19.0 0 0.526267592139
19.01 0 0.526290807281
19.02 0 0.52610712618
19.03 0 0.525155704158
19.04 0 0.524684319224
19.05 0 0.52374666057
19.06 0 0.522718712065
19.07 0 0.5218024048
19.08 0 0.518467361595
19.09 0 0.518467361595
19.1 0 0.518248526506
19.11 0 0.51505331482
19.12 0 0.510762004169
19.13 0 0.508225529361
19.14 0 0.506542458307
19.15 0 0.505834002896
19.16 0 0.504007924363
19.17 0 0.503351384424
19.18 0 0.500932852928
19.19 0 0.500111294616
19.2 0 0.499957518827
19.21 0 0.499957518827
19.22 0 0.499065655857
19.23 0 0.498391641654
19.24 0 0.497507786521
19.25 0 0.4965246593
19.26 0 0.494985825656
19.27 0 0.493910932961
19.28 0 0.492680825657
19.29 0 0.491176928936
19.3 0 0.491179375084
19.31 0 0.491424941962
19.32 0 0.491743220987
19.33 0 0.491743220987
19.34 0 0.491743220987
19.35 0 0.493993667053
19.36 0 0.493993667053
19.37 0 0.493993667053
19.38 0 0.496002217866
19.39 0 0.497367037206
19.4 0 0.497814583311
19.41 0 0.498519242187
19.42 0 0.499657875399
19.43 0 0.499489858957
19.44 0 0.501220721736
19.45 0 0.501463486846
19.46 0 0.501824257114
19.47 0 0.503528057011
19.48 0 0.503528057011
19.49 0 0.506154037121
19.5 0 0.506154037121
19.51 0 0.506154037121
19.52 0 0.510799851132
19.53 0 0.510799851132
19.54 0 0.510799851132
19.55 0 0.510799851132
19.56 0 0.510799851132
19.57 0 0.517538898284
19.58 0 0.517538898284
19.59 0 0.523134776274
19.6 0 0.523423161255
19.61 0 0.524631751576
19.62 0 0.524871219127
19.63 0 0.525261014392
19.64 0 0.527635944389
19.65 0 0.526427756466
19.66 0 0.525000735543
19.67 0 0.529704603482
19.68 0 0.530227797917
19.69 0 0.535306384856
19.7 0 0.536716733797
19.71 0 0.536765454485
19.72 0 0.538811012936
19.73 0 0.539946330432
19.74 0 0.54056444065
19.75 0 0.541206572708
19.76 0 0.541971724061
19.77 0 0.543921289826
19.78 0 0.544865758462
19.79 0 0.545570419473
19.8 0 0.545036586499
19.81 0 0.544990947997
19.82 0 0.543926857639
19.83 0 0.5434915386
19.84 0 0.543266646021
19.85 0 0.542369266813
19.86 0 0.540949746631
19.87 0 0.539113966252
19.88 0 0.539113966252
19.89 0 0.537820736529
19.9 0 0.53483551731
19.91 0 0.534102051765
19.92 0 0.533342388407
19.93 0 0.531598481009
19.94 0 0.529599839579
19.95 0 0.528652965809
19.96 0 0.52808710026
19.97 0 0.52590724626
19.98 0 0.524416895943
19.99 0 0.524774237501
20.0 0 0.52552847477
20.01 0 0.526065128096
20.02 0 0.526407673497
20.03 0 0.526040378846
20.04 0 0.525825272506
20.05 0 0.525876804193
20.06 0 0.526318527222
20.07 0 0.526443948435
20.08 0 0.52676887684
20.09 0 0.527928198214
20.1 0 0.528403076197
20.11 0 0.529256413571
20.12 0 0.529256413571
20.13 0 0.529256413571
20.14 0 0.531853471838
20.15 0 0.531635980834
20.16 0 0.532005754023
20.17 0 0.532295276982
20.18 0 0.532375616391
20.19 0 0.53241502053
20.2 0 0.532563950515
20.21 0 0.532708549481
20.22 0 0.532960327389
20.23 0 0.53448172628
20.24 0 0.535973525619
20.25 0 0.538050489155
20.26 0 0.539752130555
20.27 0 0.539276759649
20.28 0 0.540169858995
20.29 0 0.541754342832
20.3 0 0.542809337335
20.31 0 0.544401530253
20.32 0 0.546157256702
20.33 0 0.5469857387
20.34 0 0.548672166125
20.35 0 0.546871374031
20.36 0 0.542673284249
20.37 0 0.545774327362
20.38 0 0.547311573367
20.39 0 0.551266490296
20.4 0 0.553421037306
20.41 0 0.553935392211
20.42 0 0.553360381065
20.43 0 0.556089769332
20.44 0 0.555668669975
20.45 0 0.552843478839
20.46 0 0.558987878073
20.47 0 0.560023299482
20.48 0 0.561415771449
20.49 0 0.562783574073
20.5 0 0.563100531027
20.51 0 0.563289331928
20.52 0 0.563762058967
20.53 0 0.564172887551
20.54 0 0.565366301293
20.55 0 0.566105507852
20.56 0 0.566476216104
20.57 0 0.566476216104
20.58 0 0.566476216104
20.59 0 0.57134142178
20.6 0 0.571551228721
20.61 0 0.571460804661
20.62 0 0.572105886718
20.63 0 0.57199715699
20.64 0 0.571621441264
20.65 0 0.569644169463
20.66 0 0.56935984535
20.67 0 0.567792603505
20.68 0 0.566304241862
20.69 0 0.565377187649
20.7 0 0.564488999695
20.71 0 0.564441809098
20.72 0 0.5639705309
20.73 0 0.56281509473
20.74 0 0.562739577829
20.75 0 0.564569175506
20.76 0 0.565159269549
20.77 0 0.563979404613
20.78 0 0.561174149276
20.79 0 0.56116743441
20.8 0 0.557423077368
20.81 0 0.557180394469
20.82 0 0.557180394469
20.83 0 0.555712493766
20.84 0 0.554592211284
20.85 0 0.553854867197
20.86 0 0.551902428014
20.87 0 0.551321782728
20.88 0 0.550769097156
20.89 0 0.549871994045
20.9 0 0.550416850147
20.91 0 0.550296640076
20.92 0 0.550048956866
20.93 0 0.550632320562
20.94 0 0.550632320562
20.95 0 0.551312166375
20.96 0 0.55140651875
20.97 0 0.551398449181
20.98 0 0.552372587275
20.99 0 0.552356214417
21.0 0 0.552912670237
21.01 0 0.553420826742
21.02 0 0.555580947487
21.03 0 0.555490230286
21.04 0 0.55731889633
21.05 0 0.558168662391
21.06 0 0.557843284585
21.07 0 0.559804363947
21.08 0 0.560624136549
21.09 0 0.563639421994
21.1 0 0.563244482481
21.11 0 0.566054079492
21.12 0 0.56621072284
21.13 0 0.564248661807
21.14 0 0.564248661807
21.15 0 0.56210106929
21.16 0 0.559810725568
21.17 0 0.562400335823
21.18 0 0.564568932527
21.19 0 0.56858168585
21.2 0 0.56369046587
21.21 0 0.56857133474
21.22 0 0.562636209724
21.23 0 0.562552283634
21.24 0 0.566008715021
21.25 0 0.575572166665
21.26 0 0.576602164606
21.27 0 0.579027646863
21.28 0 0.580024694202
21.29 0 0.581947398392
21.3 0 0.583184350227
21.31 0 0.584962727891
21.32 0 0.58699054576
21.33 0 0.588298907473
21.34 0 0.592361803844
21.35 0 0.593328000483
21.36 0 0.593685356132
21.37 0 0.59380021139
21.38 0 0.593551968792
21.39 0 0.59269335363
21.4 0 0.591708663899
21.41 0 0.591213295696
21.42 0 0.59029109427
21.43 0 0.589368397195
21.44 0 0.588982696185
21.45 0 0.589104589722
21.46 0 0.588082112394
21.47 0 0.586847970854
21.48 0 0.585139931521
21.49 0 0.585087032485
21.5 0 0.584909762546
21.51 0 0.583733774982
21.52 0 0.582832585815
21.53 0 0.581415129461
21.54 0 0.580948759199
21.55 0 0.580120438053
21.56 0 0.5789683178
21.57 0 0.57636604271
21.58 0 0.572445737642
21.59 0 0.569661220448
21.6 0 0.565230587759
21.61 0 0.562839415197
21.62 0 0.56199174774
21.63 0 0.559961982758
21.64 0 0.559765993296
21.65 0 0.559701208432
21.66 0 0.560285573722
21.67 0 0.561276636966
21.68 0 0.5625373135
21.69 0 0.562610289357
21.7 0 0.562628960144
21.71 0 0.563184554328
21.72 0 0.563436836465
21.73 0 0.564314462993
21.74 0 0.564597064915
21.75 0 0.565282880634
21.76 0 0.566247283588
21.77 0 0.567415742814
21.78 0 0.567763682082
21.79 0 0.568379022603
21.8 0 0.569655090125
21.81 0 0.570406642129
21.82 0 0.570159841634
21.83 0 0.571545179519
21.84 0 0.571786103885
21.85 0 0.572621114525
21.86 0 0.575077380412
21.87 0 0.577142651281
21.88 0 0.57886626714
21.89 0 0.580707039238
21.9 0 0.580462722119
21.91 0 0.58431014077
21.92 0 0.582759284539
21.93 0 0.583242519913
21.94 0 0.583789886389
21.95 0 0.586409382793
21.96 0 0.584395393148
21.97 0 0.584985177717
21.98 0 0.588604898883
21.99 0 0.592058677989
22.0 0 0.593539955515
22.01 0 0.593368557275
22.02 0 0.592697238503
22.03 0 0.591589034613
22.04 0 0.588117717607
22.05 0 0.588117717607
22.06 0 0.588117717607
22.07 0 0.588379800617
22.08 0 0.588002604343
22.09 0 0.590614524098
22.1 0 0.590567621369
22.11 0 0.589698986402
22.12 0 0.592760458803
22.13 0 0.598876815823
22.14 0 0.602671300265
22.15 0 0.604124886122
22.16 0 0.60472292413
22.17 0 0.60469794056
22.18 0 0.604354682763
22.19 0 0.604674076969
22.2 0 0.604674076969
22.21 0 0.604982867813
22.22 0 0.604982867813
22.23 0 0.604982867813
22.24 0 0.601550822067
22.25 0 0.601550822067
22.26 0 0.601550822067
22.27 0 0.601550822067
22.28 0 0.59808552691
22.29 0 0.595330744643
22.3 0 0.59391574379
22.31 0 0.592547359207
22.32 0 0.591944388954
22.33 0 0.591146630694
22.34 0 0.589355596898
22.35 0 0.58908047524
22.36 0 0.58875561842
22.37 0 0.586299736141
22.38 0 0.58436737957
22.39 0 0.58315851057
22.4 0 0.581509277797
22.41 0 0.58094180178
22.42 0 0.579114905227
22.43 0 0.578029879288
22.44 0 0.577235142399
22.45 0 0.57789419752
22.46 0 0.579784622616
22.47 0 0.582424921751
22.48 0 0.582916155807
22.49 0 0.585413785852
22.5 0 0.586412406741
22.51 0 0.587608541864
22.52 0 0.589688153593
22.53 0 0.590250584125
22.54 0 0.590590446119
22.55 0 0.591078223663
22.56 0 0.592536615203
22.57 0 0.592898673062
22.58 0 0.593394658315
22.59 0 0.594535585611
22.6 0 0.59447677612
22.61 0 0.596179920031
22.62 0 0.59776615373
22.63 0 0.59879062525
22.64 0 0.600531416294
22.65 0 0.600723555148
22.66 0 0.603753673551
22.67 0 0.606462601304
22.68 0 0.606558050107
22.69 0 0.608667617488
22.7 0 0.612741054936
22.71 0 0.612396917111
22.72 0 0.615451169676
22.73 0 0.616859399036
22.74 0 0.616859833831
22.75 0 0.621257816904
22.76 0 0.621257816904
22.77 0 0.624648303663
22.78 0 0.624908016938
22.79 0 0.624727956638
22.8 0 0.626545414588
22.81 0 0.626635981461
22.82 0 0.627948356408
22.83 0 0.627288429029
22.84 0 0.62908266659
22.85 0 0.631068013922
22.86 0 0.634914769092
22.87 0 0.635243324816
22.88 0 0.634471089375
22.89 0 0.630528178299
22.9 0 0.632433465407
22.91 0 0.624171866756
22.92 0 0.631537107958
22.93 0 0.631747339718
22.94 0 0.636223004636
22.95 0 0.635898519735
22.96 0 0.632355567799
22.97 0 0.633210575102
22.98 0 0.634491884579
22.99 0 0.635435769303
23.0 0 0.635495019202
23.01 0 0.635023215403
23.02 0 0.633914064042
23.03 0 0.633544892116
23.04 0 0.632383619263
23.05 0 0.631949334037
23.06 0 0.632044957045
23.07 0 0.632044957045
23.08 0 0.63062249531
23.09 0 0.630891864782
23.1 0 0.630771300826
23.11 0 0.630270474913
23.12 0 0.628768638979
23.13 0 0.627688757443
23.14 0 0.627059862838
23.15 0 0.624531365747
23.16 0 0.624531365747
23.17 0 0.62178780623
23.18 0 0.62178780623
23.19 0 0.619436298857
23.2 0 0.618965619192
23.21 0 0.618367095457
23.22 0 0.617720653037
23.23 0 0.617680448309
23.24 0 0.618231562237
23.25 0 0.618636671258
23.26 0 0.618661665391
23.27 0 0.618927006646
23.28 0 0.618581543796
23.29 0 0.618584255359
23.3 0 0.619809877458
23.31 0 0.619809877458
23.32 0 0.620524872503
23.33 0 0.622809902093
23.34 0 0.622478234092
23.35 0 0.622952700522
23.36 0 0.622713906069
23.37 0 0.623041908137
23.38 0 0.623816205531
23.39 0 0.624802305123
23.4 0 0.625157583612
23.41 0 0.625889692302
23.42 0 0.625889692302
23.43 0 0.628465958714
23.44 0 0.630459140987
23.45 0 0.6343448314
23.46 0 0.634912348588
23.47 0 0.6363125579
23.48 0 0.6363125579
23.49 0 0.64216159364
23.5 0 0.642683079013
23.51 0 0.645842423086
23.52 0 0.647449113407
23.53 0 0.647398247095
23.54 0 0.651887519852
23.55 0 0.655042775609
23.56 0 0.655447294466
23.57 0 0.662010725855
23.58 0 0.665172688786
23.59 0 0.663621851851
23.6 0 0.662028239525
23.61 0 0.659179349025
23.62 0 0.661432593677
23.63 0 0.658306864338
23.64 0 0.657219288194
23.65 0 0.659761046554
23.66 0 0.661483825833
23.67 0 0.668414852581
23.68 0 0.669613838842
23.69 0 0.675465866712
23.7 0 0.676266178281
23.71 0 0.677309672929
23.72 0 0.677064101721
23.73 0 0.676208819753
23.74 0 0.675648763297
23.75 0 0.674866976865
23.76 0 0.675911913772
23.77 0 0.676022982558
23.78 0 0.676420330762
23.79 0 0.675644609274
23.8 0 0.67575703781
23.81 0 0.67560858979
23.82 0 0.675910408688
23.83 0 0.67587608968
23.84 0 0.67347707594
23.85 0 0.67347707594
23.86 0 0.671385994757
23.87 0 0.671708027128
23.88 0 0.671957142857
23.89 0 0.671867069816
23.9 0 0.670952060292
23.91 0 0.670101213982
23.92 0 0.668578660021
23.93 0 0.667743990365
23.94 0 0.667291900781
23.95 0 0.663907243423
23.96 0 0.661379429922
23.97 0 0.661297720444
23.98 0 0.661333618063
23.99 0 0.660836311261
24.0 0 0.659249068023
24.01 0 0.658988281308
24.02 0 0.657886673661
24.03 0 0.658370467186
24.04 0 0.659233063751
24.05 0 0.659576578281
24.06 0 0.66037273377
24.07 0 0.660965491061
24.08 0 0.661464484075
24.09 0 0.662356542219
24.1 0 0.662816561884
24.11 0 0.66349950499
24.12 0 0.666057659326
24.13 0 0.666127753478
24.14 0 0.666140109927
24.15 0 0.667201364651
24.16 0 0.667677940932
24.17 0 0.669394562031
24.18 0 0.669324744365
24.19 0 0.670249191309
24.2 0 0.671268917163
24.21 0 0.67254238228
24.22 0 0.675998899899
24.23 0 0.677090242689
24.24 0 0.678894888692
24.25 0 0.683037586699
24.26 0 0.6850293865
24.27 0 0.685734102956
24.28 0 0.689738215413
24.29 0 0.688751730549
24.3 0 0.688507314631
24.31 0 0.69175403294
24.32 0 0.690710280894
24.33 0 0.694809917457
24.34 0 0.70248020502
24.35 0 0.703049576388
24.36 0 0.703049576388
24.37 0 0.705225283906
24.38 0 0.704177655499
24.39 0 0.703254233112
24.4 0 0.700751984852
24.41 0 0.703530605286
24.42 0 0.702718950404
24.43 0 0.696478239097
24.44 0 0.702343458793
24.45 0 0.709539756496
24.46 0 0.706114352868
24.47 0 0.706979817902
24.48 0 0.7123928883
24.49 0 0.714222003353
24.5 0 0.715215776854
24.51 0 0.71471324281
24.52 0 0.715656148001
24.53 0 0.717403259605
24.54 0 0.717434179765
24.55 0 0.717188173167
24.56 0 0.716491513886
24.57 0 0.716119278424
24.58 0 0.715655228771
24.59 0 0.714808883757
24.6 0 0.714920421921
24.61 0 0.714915508722
24.62 0 0.714665975908
24.63 0 0.714211822549
24.64 0 0.713591663148
24.65 0 0.713511618176
24.66 0 0.713486697941
24.67 0 0.713111709024
24.68 0 0.712841212262
24.69 0 0.71200786861
24.7 0 0.710822977573
24.71 0 0.709509704701
24.72 0 0.709444554658
24.73 0 0.708636727009
24.74 0 0.706700275812
24.75 0 0.705524586569
24.76 0 0.704297636292
24.77 0 0.704004673255
24.78 0 0.702933703053
24.79 0 0.701639222676
24.8 0 0.700994768827
24.81 0 0.69979301054
24.82 0 0.698372189476
24.83 0 0.697985576059
24.84 0 0.697985576059
24.85 0 0.698760942796
24.86 0 0.699446566155
24.87 0 0.70112024426
24.88 0 0.703223247779
24.89 0 0.704100040356
24.9 0 0.706527740453
24.91 0 0.707551628774
24.92 0 0.707911670982
24.93 0 0.708882918266
24.94 0 0.709098766945
24.95 0 0.710324779404
24.96 0 0.712724508099
24.97 0 0.712724508099
24.98 0 0.714778833188
24.99 0 0.714778833188
25.0 0 0.714778833188
25.01 0 0.719789918569
25.02 0 0.719789918569
25.03 0 0.719390740947
25.04 0 0.720710622375
25.05 0 0.724518410911
25.06 0 0.723559372737
25.07 0 0.730031252492
25.08 0 0.732820791708
25.09 0 0.733980166378
25.1 0 0.737060527522
25.11 0 0.739579971954
25.12 0 0.73834145999
25.13 0 0.740783838569
25.14 0 0.743791723706
25.15 0 0.749649463887
25.16 0 0.748977765872
25.17 0 0.749713504556
25.18 0 0.749431781163
25.19 0 0.747797091984
25.2 0 0.748604207233
25.21 0 0.750681162661
25.22 0 0.751083600106
25.23 0 0.751688975644
25.24 0 0.753237959495
25.25 0 0.753765987186
25.26 0 0.75438802298
25.27 0 0.754698699488
25.28 0 0.756421965716
25.29 0 0.757472617951
25.3 0 0.757250534919
25.31 0 0.757250534919
25.32 0 0.755383201429
25.33 0 0.755383201429
25.34 0 0.755150731867
25.35 0 0.755121839557
25.36 0 0.752107318534
25.37 0 0.751485174774
25.38 0 0.751221886845
25.39 0 0.746627639972
25.4 0 0.743484645163
25.41 0 0.743178366012
25.42 0 0.743178366012
25.43 0 0.743178366012
25.44 0 0.743178366012
25.45 0 0.748463050843
25.46 0 0.749630005948
25.47 0 0.748951756184
25.48 0 0.74741916549
25.49 0 0.744465250129
25.5 0 0.742009524707
25.51 0 0.739258771933
25.52 0 0.73661203403
25.53 0 0.733896911032
25.54 0 0.729999917619
25.55 0 0.726996342649
25.56 0 0.724319562916
25.57 0 0.722469873872
25.58 0 0.719308889897
25.59 0 0.719092756625
25.6 0 0.716781299257
25.61 0 0.714573366363
25.62 0 0.713065145927
25.63 0 0.712396814108
25.64 0 0.712396814108
25.65 0 0.712396814108
25.66 0 0.712396814108
25.67 0 0.710156023482
25.68 0 0.710156023482
25.69 0 0.710156023482
25.7 0 0.708929112583
25.71 0 0.708687364899
25.72 0 0.707880707277
25.73 0 0.706931224993
25.74 0 0.706927770304
25.75 0 0.70870549292
25.76 0 0.715152977747
25.77 0 0.718484429154
25.78 0 0.722593473276
25.79 0 0.72619812083
25.8 0 0.726663920182
25.81 0 0.727397432136
25.82 0 0.728002682396
25.83 0 0.727526884992
25.84 0 0.730000169825
25.85 0 0.731561019108
25.86 0 0.73381578612
25.87 0 0.7361046788
25.88 0 0.73848114775
25.89 0 0.738213108098
25.9 0 0.73757851037
25.91 0 0.738296505922
25.92 0 0.738050586014
25.93 0 0.734399207739
25.94 0 0.738558023616
25.95 0 0.736370481042
25.96 0 0.738085620833
25.97 0 0.738457520862
25.98 0 0.741494007806
25.99 0 0.743968749099
26.0 0 0.749036362851
26.01 0 0.751369309002
26.02 0 0.744000789865
26.03 0 0.744947973379
26.04 0 0.747203944414
26.05 0 0.74879505882
26.06 0 0.746965733775
26.07 0 0.747341020644
26.08 0 0.749115222056
26.09 0 0.746998153318
26.1 0 0.747278597325
26.11 0 0.748459315254
26.12 0 0.748576486478
26.13 0 0.747914380814
26.14 0 0.744862199754
26.15 0 0.741339027822
26.16 0 0.73843275643
26.17 0 0.736342743968
26.18 0 0.734475265584
26.19 0 0.733530529241
26.2 0 0.734461930532
26.21 0 0.736030556099
26.22 0 0.736731741852
26.23 0 0.738019987662
26.24 0 0.737391935639
26.25 0 0.737943490447
26.26 0 0.737738755349
26.27 0 0.736402907146
26.28 0 0.734541876305
26.29 0 0.734159416229
26.3 0 0.732624297358
26.31 0 0.731037599568
26.32 0 0.73040869128
26.33 0 0.729152556281
26.34 0 0.727878377525
26.35 0 0.727550869694
26.36 0 0.726057526363
26.37 0 0.723769454803
26.38 0 0.721501101488
26.39 0 0.719962720189
26.4 0 0.718899753551
26.41 0 0.718138282039
26.42 0 0.717191976805
26.43 0 0.715045665038
26.44 0 0.715045665038
26.45 0 0.712958773725
26.46 0 0.711972117017
26.47 0 0.711922866586
26.48 0 0.712841905528
26.49 0 0.712609041031
26.5 0 0.712736740461
26.51 0 0.712873270083
26.52 0 0.713717803389
26.53 0 0.714520169614
26.54 0 0.715907353606
26.55 0 0.71704111131
26.56 0 0.718051136986
26.57 0 0.72003742694
26.58 0 0.722227755154
26.59 0 0.725924626028
26.6 0 0.728685831788
26.61 0 0.72817461326
26.62 0 0.729787160252
26.63 0 0.733797246619
26.64 0 0.738748497127
26.65 0 0.737295194248
26.66 0 0.739609231348
26.67 0 0.74051598915
26.68 0 0.74051598915
26.69 0 0.738170175773
26.7 0 0.743977855797
26.71 0 0.739991994284
26.72 0 0.74462131575
26.73 0 0.750209486488
26.74 0 0.750209486488
26.75 0 0.750034952347
26.76 0 0.75160197964
26.77 0 0.749527550084
26.78 0 0.746913592999
26.79 0 0.748119381472
26.8 0 0.740144183464
26.81 0 0.74206273113
26.82 0 0.744739017165
26.83 0 0.755502418311
26.84 0 0.758061693273
26.85 0 0.759027215844
26.86 0 0.759011857672
26.87 0 0.759111850242
26.88 0 0.758376193626
26.89 0 0.757742798399
26.9 0 0.758573008608
26.91 0 0.75882756686
26.92 0 0.758300494523
26.93 0 0.757717127249
26.94 0 0.757740391932
26.95 0 0.758115181452
26.96 0 0.758168554181
26.97 0 0.756843379532
26.98 0 0.756068363276
26.99 0 0.754726097408
27.0 0 0.754690564341
27.01 0 0.753923893897
27.02 0 0.752703296929
27.03 0 0.751707736857
27.04 0 0.751270123457
27.05 0 0.750501322584
27.06 0 0.749424762623
27.07 0 0.748659930457
27.08 0 0.747809384999
27.09 0 0.746426464315
27.1 0 0.746426464315
27.11 0 0.741008749519
27.12 0 0.739063450148
27.13 0 0.739063450148
27.14 0 0.738867134295
27.15 0 0.738867134295
27.16 0 0.738483991111
27.17 0 0.738441246783
27.18 0 0.738699311266
27.19 0 0.738824871887
27.2 0 0.738850385488
27.21 0 0.738831307897
27.22 0 0.738977851151
27.23 0 0.738535425221
27.24 0 0.738158605113
27.25 0 0.739157006461
27.26 0 0.739160161378
27.27 0 0.739160161378
27.28 0 0.740050882854
27.29 0 0.740671908405
27.3 0 0.740920834643
27.31 0 0.741114909577
27.32 0 0.74091021893
27.33 0 0.740445238191
27.34 0 0.741407479285
27.35 0 0.742305937859
27.36 0 0.742978935069
27.37 0 0.743966924479
27.38 0 0.745261691512
27.39 0 0.745737631503
27.4 0 0.745696578107
27.41 0 0.742104838414
27.42 0 0.740165709249
27.43 0 0.739917322239
27.44 0 0.742320400129
27.45 0 0.747416008411
27.46 0 0.746700230483
27.47 0 0.75217530497
27.48 0 0.753468630305
27.49 0 0.751741120188
27.5 0 0.756027623068
27.51 0 0.754890056279
27.52 0 0.756040563484
27.53 0 0.755148139398
27.54 0 0.755228113686
27.55 0 0.761505350239
27.56 0 0.763020342503
27.57 0 0.765704293658
27.58 0 0.76634876303
27.59 0 0.769552175641
27.6 0 0.771097192202
27.61 0 0.775152006423
27.62 0 0.775152006423
27.63 0 0.77720619391
27.64 0 0.77720619391
27.65 0 0.776735051698
27.66 0 0.776526664943
27.67 0 0.775671156071
27.68 0 0.774565781975
27.69 0 0.774150868103
27.7 0 0.773695093389
27.71 0 0.77158379751
27.72 0 0.769123765052
27.73 0 0.767191255266
27.74 0 0.764830319455
27.75 0 0.763257597424
27.76 0 0.762019270573
27.77 0 0.760966855421
27.78 0 0.760613241312
27.79 0 0.760569410354
27.8 0 0.761957742565
27.81 0 0.762732485766
27.82 0 0.762538765173
27.83 0 0.762976003953
27.84 0 0.7629403244
27.85 0 0.762427678283
27.86 0 0.762500714252
27.87 0 0.762540069414
27.88 0 0.761891701428
27.89 0 0.761135945306
27.9 0 0.759942422883
27.91 0 0.759329623634
27.92 0 0.758989309219
27.93 0 0.758663110987
27.94 0 0.758022203535
27.95 0 0.757867282269
27.96 0 0.757282881986
27.97 0 0.756894316921
27.98 0 0.757565298009
27.99 0 0.758737761329
28.0 0 0.759126411328
28.01 0 0.758813661366
28.02 0 0.757960879609
28.03 0 0.757819328417
28.04 0 0.757821350848
28.05 0 0.758994987386
28.06 0 0.75934588605
28.07 0 0.759286627185
28.08 0 0.759569315609
28.09 0 0.759905331029
28.1 0 0.761999784203
28.11 0 0.761999784203
28.12 0 0.764894745343
28.13 0 0.766146611983
28.14 0 0.765797319102
28.15 0 0.766093976133
28.16 0 0.76640307911
28.17 0 0.766169075735
28.18 0 0.765576854661
28.19 0 0.768303829271
28.2 0 0.764893641935
28.21 0 0.764611238471
28.22 0 0.77239155397
28.23 0 0.776114326454
28.24 0 0.775888544403
28.25 0 0.786173135287
28.26 0 0.786668106284
28.27 0 0.787575167857
28.28 0 0.787152603048
28.29 0 0.787496999723
28.3 0 0.78793325827
28.31 0 0.792939902996
28.32 0 0.791070496928
28.33 0 0.79012327922
28.34 0 0.79500517737
28.35 0 0.799070001226
28.36 0 0.800806036987
28.37 0 0.805779520698
28.38 0 0.809059338916
28.39 0 0.811414746862
28.4 0 0.813722707743
28.41 0 0.814679797622
28.42 0 0.815007327135
28.43 0 0.815062542072
28.44 0 0.8140199022
28.45 0 0.81306710582
28.46 0 0.811290726161
28.47 0 0.810560502141
28.48 0 0.810425346374
28.49 0 0.809318631236
28.5 0 0.807363261371
28.51 0 0.806682282216
28.52 0 0.805919873541
28.53 0 0.805725929302
28.54 0 0.804857415804
28.55 0 0.803922198587
28.56 0 0.802362283957
28.57 0 0.801756101232
28.58 0 0.800874002465
28.59 0 0.801592122214
28.6 0 0.802688713316
28.61 0 0.8034298194
28.62 0 0.801354668944
28.63 0 0.799893814586
28.64 0 0.798147633673
28.65 0 0.794660776587
28.66 0 0.792899620427
28.67 0 0.785095312744
28.68 0 0.784499943756
28.69 0 0.783192704244
28.7 0 0.780027152896
28.71 0 0.778470376512
28.72 0 0.777385539036
28.73 0 0.776187357356
28.74 0 0.776187357356
28.75 0 0.776187357356
28.76 0 0.773596982725
28.77 0 0.773610653111
28.78 0 0.773205026287
28.79 0 0.771658499567
28.8 0 0.770108499538
28.81 0 0.769260371945
28.82 0 0.76891497773
28.83 0 0.768375877595
28.84 0 0.768375877595
28.85 0 0.768812682014
28.86 0 0.769541900448
28.87 0 0.769564098537
28.88 0 0.769699441921
28.89 0 0.76987749527
28.9 0 0.769942988933
28.91 0 0.769696701316
28.92 0 0.769885314593
28.93 0 0.77125120292
28.94 0 0.772817559945
28.95 0 0.772719606439
28.96 0 0.773249923783
28.97 0 0.774038653449
28.98 0 0.776156303082
28.99 0 0.778773871223
29.0 0 0.779034027881
29.01 0 0.776476601183
29.02 0 0.771125546307
29.03 0 0.772902490474
29.04 0 0.768901613813
29.05 0 0.777480323997
29.06 0 0.779773585474
29.07 0 0.789007588731
29.08 0 0.783847563569
29.09 0 0.784620610269
29.1 0 0.791651554541
29.11 0 0.787255595532
29.12 0 0.793595184491
29.13 0 0.800551387701
29.14 0 0.803743331543
29.15 0 0.804867460801
29.16 0 0.806443614144
29.17 0 0.809796281904
29.18 0 0.811416121394
29.19 0 0.813281587177
29.2 0 0.814430445514
29.21 0 0.814800389839
29.22 0 0.814563504831
29.23 0 0.813984015635
29.24 0 0.812734169577
29.25 0 0.812187311871
29.26 0 0.811476356844
29.27 0 0.810812602893
29.28 0 0.810615985534
29.29 0 0.809467300277
29.3 0 0.808052576216
29.31 0 0.807158582895
29.32 0 0.806527520459
29.33 0 0.80611627175
29.34 0 0.80481664202
29.35 0 0.804548490707
29.36 0 0.804272278689
29.37 0 0.803773742229
29.38 0 0.803432783127
29.39 0 0.802617815546
29.4 0 0.802207514894
29.41 0 0.801105740641
29.42 0 0.80053510163
29.43 0 0.80053510163
29.44 0 0.80053510163
29.45 0 0.7975740267
29.46 0 0.7975740267
29.47 0 0.7975740267
29.48 0 0.792551886011
29.49 0 0.792551886011
29.5 0 0.792551886011
29.51 0 0.792187820191
29.52 0 0.791006777858
29.53 0 0.790675023348
29.54 0 0.789619142388
29.55 0 0.787553432672
29.56 0 0.786942064358
29.57 0 0.786952782798
29.58 0 0.786666969173
29.59 0 0.787258129322
29.6 0 0.787579370499
29.61 0 0.787459180686
29.62 0 0.787689488191
29.63 0 0.787625925656
29.64 0 0.787389950554
29.65 0 0.787303464387
29.66 0 0.787922347277
29.67 0 0.788730375151
29.68 0 0.788775233266
29.69 0 0.788339747848
29.7 0 0.788986240985
29.71 0 0.789563846467
29.72 0 0.792993128413
29.73 0 0.792660652578
29.74 0 0.79268239564
29.75 0 0.793259376007
29.76 0 0.795848391551
29.77 0 0.797245374089
29.78 0 0.798964346003
29.79 0 0.798964346003
29.8 0 0.797850155729
29.81 0 0.803524041885
29.82 0 0.805713563959
29.83 0 0.814626205379
29.84 0 0.813597778767
29.85 0 0.823549431368
29.86 0 0.827315764076
29.87 0 0.825032997218
29.88 0 0.821067924394
29.89 0 0.819956977798
29.9 0 0.816501289634
29.91 0 0.816285473731
29.92 0 0.812738958722
29.93 0 0.826265833824
29.94 0 0.825448190831
29.95 0 0.827543866968
29.96 0 0.823387076805
29.97 0 0.829544284804
29.98 0 0.832862566512
29.99 0 0.833375856687
30.0 0 0.833460949508
30.01 0 0.834089426074
30.02 0 0.834664042736
30.03 0 0.835684587097
30.04 0 0.8356063807
30.05 0 0.835164161461
30.06 0 0.835135998278
30.07 0 0.835036669361
30.08 0 0.834476034647
30.09 0 0.83457968395
30.1 0 0.834250057865
30.11 0 0.834250057865
30.12 0 0.833757119315
30.13 0 0.833757119315
30.14 0 0.833479268304
30.15 0 0.829533923292
30.16 0 0.829533923292
30.17 0 0.826937887412
30.18 0 0.824271881746
30.19 0 0.822922046349
30.2 0 0.821997600809
30.21 0 0.82098314025
30.22 0 0.82035518396
30.23 0 0.819455865359
30.24 0 0.818656017736
30.25 0 0.818390206341
30.26 0 0.81763775065
30.27 0 0.817119513629
30.28 0 0.815545471628
30.29 0 0.813003308112
30.3 0 0.812132657011
30.31 0 0.811264834144
30.32 0 0.811372887267
30.33 0 0.812349179249
30.34 0 0.812324303209
30.35 0 0.811900769296
30.36 0 0.813112055095
30.37 0 0.814380729028
30.38 0 0.815488386507
30.39 0 0.816284005925
30.4 0 0.81773405476
30.41 0 0.819136633943
30.42 0 0.820159167801
30.43 0 0.821492558179
30.44 0 0.822458261856
30.45 0 0.82292343651
30.46 0 0.82400149355
30.47 0 0.824941073616
30.48 0 0.824941073616
30.49 0 0.827594281473
30.5 0 0.828547829926
30.51 0 0.828376459808
30.52 0 0.831638386356
30.53 0 0.833194033941
30.54 0 0.834737469424
30.55 0 0.83833200755
30.56 0 0.843185171589
30.57 0 0.842692039566
30.58 0 0.843147527551
30.59 0 0.843950523394
30.6 0 0.845116681791
30.61 0 0.849300723097
30.62 0 0.851935090101
30.63 0 0.857740070422
30.64 0 0.859927458069
30.65 0 0.860582321371
30.66 0 0.859853997846
30.67 0 0.854612531531
30.68 0 0.860079495081
30.69 0 0.860839561042
30.7 0 0.863868229531
30.71 0 0.864775936064
30.72 0 0.868550082077
30.73 0 0.870382569924
30.74 0 0.872209268072
30.75 0 0.868267946016
30.76 0 0.867941822244
30.77 0 0.867251003065
30.78 0 0.86760228221
30.79 0 0.870436591504
30.8 0 0.8687399403
30.81 0 0.866394980016
30.82 0 0.868654964752
30.83 0 0.868883662765
30.84 0 0.86861470053
30.85 0 0.869063829223
30.86 0 0.868406869308
30.87 0 0.867602792879
30.88 0 0.867718419038
30.89 0 0.867944447052
30.9 0 0.868259108602
30.91 0 0.86797616777
30.92 0 0.86723905183
30.93 0 0.864678980526
30.94 0 0.861923094317
30.95 0 0.859807435969
30.96 0 0.859807435969
30.97 0 0.85870659424
30.98 0 0.858178796765
30.99 0 0.857700920049
31.0 0 0.857668659898
31.01 0 0.857593364155
31.02 0 0.856505023471
31.03 0 0.855960348279
31.04 0 0.853529831522
31.05 0 0.853529831522
31.06 0 0.853647528011
31.07 0 0.853768129162
31.08 0 0.853650684999
31.09 0 0.853218973564
31.1 0 0.852579434045
31.11 0 0.851934037647
31.12 0 0.851934037647
31.13 0 0.852928550783
31.14 0 0.852963553759
31.15 0 0.853090707882
31.16 0 0.853750680547
31.17 0 0.854043948184
31.18 0 0.854346249193
31.19 0 0.854492278957
31.2 0 0.854659894502
31.21 0 0.855011900014
31.22 0 0.854850509018
31.23 0 0.854648240119
31.24 0 0.855567510927
31.25 0 0.856131182678
31.26 0 0.857723754792
31.27 0 0.858289469032
31.28 0 0.859148676527
31.29 0 0.859572804939
31.3 0 0.862804496713
31.31 0 0.863710882736
31.32 0 0.866926571008
31.33 0 0.874282287542
31.34 0 0.876236507487
31.35 0 0.874415988808
31.36 0 0.876495344899
31.37 0 0.879679727623
31.38 0 0.878175371107
31.39 0 0.883872516494
31.4 0 0.881990505096
31.41 0 0.881742382874
31.42 0 0.882114725335
31.43 0 0.88938309141
31.44 0 0.891295027972
31.45 0 0.890714576092
31.46 0 0.889965542493
31.47 0 0.888699221418
31.48 0 0.886823904454
31.49 0 0.882661139931
31.5 0 0.88371092874
31.51 0 0.890118956949
31.52 0 0.888969776204
31.53 0 0.889645623715
31.54 0 0.888013069492
31.55 0 0.892333865417
31.56 0 0.892333865417
31.57 0 0.892333865417
31.58 0 0.892333865417
31.59 0 0.893245720066
31.6 0 0.893245720066
31.61 0 0.891978655979
31.62 0 0.891394768313
31.63 0 0.891394768313
31.64 0 0.891802017461
31.65 0 0.892267866397
31.66 0 0.892855908046
31.67 0 0.892855908046
31.68 0 0.892855908046
31.69 0 0.894330800028
31.7 0 0.894330800028
31.71 0 0.891136691178
31.72 0 0.891136691178
31.73 0 0.891136691178
31.74 0 0.891136691178
31.75 0 0.888527055353
31.76 0 0.888527055353
31.77 0 0.888527055353
31.78 0 0.884698610998
31.79 0 0.882560702771
31.8 0 0.879542379307
31.81 0 0.872834968184
31.82 0 0.87073320446
31.83 0 0.868789171656
31.84 0 0.867011005756
31.85 0 0.866731365721
31.86 0 0.865958440541
31.87 0 0.865958440541
31.88 0 0.86443332613
31.89 0 0.86405986455
31.9 0 0.863966606198
31.91 0 0.864054959548
31.92 0 0.864497793525
31.93 0 0.865452568601
31.94 0 0.866395467766
31.95 0 0.867883587266
31.96 0 0.868539623097
31.97 0 0.868866909534
31.98 0 0.868899581767
31.99 0 0.869129926499
32.0 0 0.869401557601
32.01 0 0.869520457697
32.02 0 0.869878757852
32.03 0 0.870290364679
32.04 0 0.871351665492
32.05 0 0.872407384241
32.06 0 0.873078378184
32.07 0 0.874636395495
32.08 0 0.875274464775
32.09 0 0.877317551873
32.1 0 0.878442488893
32.11 0 0.881478285524
32.12 0 0.885414084859
32.13 0 0.886644159809
32.14 0 0.888510260549
32.15 0 0.887045655532
32.16 0 0.8911539886
32.17 0 0.893259606162
32.18 0 0.896790488606
32.19 0 0.891814957988
32.2 0 0.889688706218
32.21 0 0.894958089089
32.22 0 0.89089083914
32.23 0 0.891132891133
32.24 0 0.897271713554
32.25 0 0.898510166372
32.26 0 0.902689710109
32.27 0 0.904268568492
32.28 0 0.908136912587
32.29 0 0.911622018886
32.3 0 0.913488545945
32.31 0 0.915563608359
32.32 0 0.919000608107
32.33 0 0.922065093515
32.34 0 0.922356800173
32.35 0 0.922326236308
32.36 0 0.92182760461
32.37 0 0.920273324712
32.38 0 0.919214241029
32.39 0 0.918551924704
32.4 0 0.918202576157
32.41 0 0.918393777707
32.42 0 0.918393777707
32.43 0 0.918854741658
32.44 0 0.918728421196
32.45 0 0.91827715655
32.46 0 0.917367710171
32.47 0 0.918294183539
32.48 0 0.916368292723
32.49 0 0.915729255295
32.5 0 0.916551339374
32.51 0 0.916720985962
32.52 0 0.916232767966
32.53 0 0.91605473053
32.54 0 0.912776134104
32.55 0 0.912776134104
32.56 0 0.910846542083
32.57 0 0.907571255385
32.58 0 0.904829811705
32.59 0 0.900755539092
32.6 0 0.895337193601
32.61 0 0.888970273669
32.62 0 0.887591936544
32.63 0 0.886916853086
32.64 0 0.885738478537
32.65 0 0.885001388279
32.66 0 0.883553511566
32.67 0 0.882878166053
32.68 0 0.88223477495
32.69 0 0.881127548101
32.7 0 0.881973692794
32.71 0 0.882288543849
32.72 0 0.882091392436
32.73 0 0.882185294058
32.74 0 0.881723204692
32.75 0 0.882387913629
32.76 0 0.882387913629
32.77 0 0.882412642522
32.78 0 0.882412642522
32.79 0 0.882335511477
32.8 0 0.8826147725
32.81 0 0.88301872424
32.82 0 0.884023458132
32.83 0 0.884023458132
32.84 0 0.884128432462
32.85 0 0.88489803833
32.86 0 0.884920549585
32.87 0 0.886455673234
32.88 0 0.884998808292
32.89 0 0.887226653327
32.9 0 0.88694158078
32.91 0 0.889382975029
32.92 0 0.893571221709
32.93 0 0.89625309723
32.94 0 0.88912242025
32.95 0 0.895106789643
32.96 0 0.901551331142
32.97 0 0.904546859964
32.98 0 0.904546859964
32.99 0 0.905076102582
33.0 0 0.907413370669
33.01 0 0.912217238582
33.02 0 0.910274150931
33.03 0 0.910274150931
33.04 0 0.917715617009
33.05 0 0.925425184335
33.06 0 0.925425184335
33.07 0 0.926390806586
33.08 0 0.927296997111
33.09 0 0.928961983218
33.1 0 0.931125237086
33.11 0 0.932006260429
33.12 0 0.93350088414
33.13 0 0.935200922455
33.14 0 0.936331084072
33.15 0 0.936233883245
33.16 0 0.935264188909
33.17 0 0.933636143271
33.18 0 0.932050545303
33.19 0 0.931817155862
33.2 0 0.931084969949
33.21 0 0.9300280758
33.22 0 0.929066948338
33.23 0 0.928627360794
33.24 0 0.928493226895
33.25 0 0.927860873145
33.26 0 0.927934896556
33.27 0 0.927174127476
33.28 0 0.925207895253
33.29 0 0.924646183396
33.3 0 0.923765215258
33.31 0 0.923950143403
33.32 0 0.923961948493
33.33 0 0.923614488979
33.34 0 0.923614488979
33.35 0 0.923614488979
33.36 0 0.919991955163
33.37 0 0.917587674705
33.38 0 0.914406125271
33.39 0 0.913088551399
33.4 0 0.911293000378
33.41 0 0.90964689111
33.42 0 0.906488431393
33.43 0 0.906488431393
33.44 0 0.904874676252
33.45 0 0.90355963625
33.46 0 0.902148619193
33.47 0 0.902119556589
33.48 0 0.901670664476
33.49 0 0.901026195031
33.5 0 0.900744194474
33.51 0 0.900634882251
33.52 0 0.900590811326
33.53 0 0.901604197486
33.54 0 0.901989130457
33.55 0 0.90218289823
33.56 0 0.902714153545
33.57 0 0.903027315629
33.58 0 0.902749073433
33.59 0 0.902615545503
33.6 0 0.903772830277
33.61 0 0.905957617732
33.62 0 0.906297236864
33.63 0 0.906855994327
33.64 0 0.908948689179
33.65 0 0.910487392872
33.66 0 0.911408651393
33.67 0 0.913288423152
33.68 0 0.913288423152
33.69 0 0.910829555549
33.7 0 0.914584948019
33.71 0 0.912435267237
33.72 0 0.918904928304
33.73 0 0.916462480073
33.74 0 0.920609720788
33.75 0 0.924802431339
33.76 0 0.926301176923
33.77 0 0.928560612204
33.78 0 0.930462853112
33.79 0 0.930955864357
33.8 0 0.934700404623
33.81 0 0.929984663773
33.82 0 0.929683603634
33.83 0 0.929683603634
33.84 0 0.929683603634
33.85 0 0.939904309655
33.86 0 0.944104058923
33.87 0 0.945673176595
33.88 0 0.945215525232
33.89 0 0.944024693262
33.9 0 0.944024693262
33.91 0 0.949046549896
33.92 0 0.94993366167
33.93 0 0.950357376736
33.94 0 0.949816977468
33.95 0 0.948297835914
33.96 0 0.946328383684
33.97 0 0.94615309812
33.98 0 0.943598930173
33.99 0 0.943598930173
34.0 0 0.942849717818
34.01 0 0.942212022466
34.02 0 0.941249209835
34.03 0 0.938185963407
34.04 0 0.937222044974
34.05 0 0.937868811232
34.06 0 0.937868811232
34.07 0 0.938691902746
34.08 0 0.939228765152
34.09 0 0.93915122779
34.1 0 0.939084381468
34.11 0 0.938771489091
34.12 0 0.938229126043
34.13 0 0.937637260961
34.14 0 0.937683563047
34.15 0 0.937040751334
34.16 0 0.934805319427
34.17 0 0.933802158158
34.18 0 0.931947625768
34.19 0 0.930896151692
34.2 0 0.929911724836
34.21 0 0.927566881883
34.22 0 0.926981744464
34.23 0 0.926724361728
34.24 0 0.927708537221
34.25 0 0.925706786248
34.26 0 0.926320858795
34.27 0 0.926036357851
34.28 0 0.925551672569
34.29 0 0.924452500987
34.3 0 0.924571724751
34.31 0 0.925471369672
34.32 0 0.926193085733
34.33 0 0.925922863555
34.34 0 0.925924542761
34.35 0 0.925683565994
34.36 0 0.92582797729
34.37 0 0.92572852731
34.38 0 0.92597571922
34.39 0 0.92631467852
34.4 0 0.928075480859
34.41 0 0.929830663613
34.42 0 0.931068732024
34.43 0 0.930641419763
34.44 0 0.930641419763
34.45 0 0.930641419763
34.46 0 0.938494562694
34.47 0 0.938101795643
34.48 0 0.941304001567
34.49 0 0.946203803319
34.5 0 0.949241410861
34.51 0 0.949547881021
34.52 0 0.953906973101
34.53 0 0.952340503598
34.54 0 0.953557970799
34.55 0 0.953771082562
34.56 0 0.956188441892
34.57 0 0.954543743169
34.58 0 0.958114734878
34.59 0 0.962637938704
34.6 0 0.96605787483
34.61 0 0.966745278556
34.62 0 0.966840716136
34.63 0 0.968394157735
34.64 0 0.970495414161
34.65 0 0.97292415709
34.66 0 0.974298301041
34.67 0 0.973636035127
34.68 0 0.973636035127
34.69 0 0.973542101552
34.7 0 0.974040474836
34.71 0 0.972878790886
34.72 0 0.97153005574
34.73 0 0.971423418669
34.74 0 0.970598762483
34.75 0 0.970003504235
34.76 0 0.969274494175
34.77 0 0.968757149024
34.78 0 0.967959516071
34.79 0 0.968460730818
34.8 0 0.967707650487
34.81 0 0.966596938382
34.82 0 0.965425793476
34.83 0 0.963972934194
34.84 0 0.963703778244
34.85 0 0.964326096207
34.86 0 0.964449664039
34.87 0 0.964908511718
34.88 0 0.965763487283
34.89 0 0.965756139791
34.9 0 0.965354204025
34.91 0 0.96424997908
34.92 0 0.96424997908
34.93 0 0.963002173419
34.94 0 0.963002173419
34.95 0 0.962663030671
34.96 0 0.960625565015
34.97 0 0.958452045821
34.98 0 0.957610685699
34.99 0 0.953358397602
35.0 0 0.951652962045
35.01 0 0.948341044889
35.02 0 0.946859037646
35.03 0 0.947135654285
35.04 0 0.94716047125
35.05 0 0.947307321926
35.06 0 0.948051629801
35.07 0 0.948679082865
35.08 0 0.948679082865
35.09 0 0.952159453738
35.1 0 0.953183649166
35.11 0 0.954210962327
35.12 0 0.954167540855
35.13 0 0.955882235127
35.14 0 0.956017309951
35.15 0 0.955814359055
35.16 0 0.956528481192
35.17 0 0.956568403575
35.18 0 0.958243673115
35.19 0 0.960150157088
35.2 0 0.961754364832
35.21 0 0.961322578196
35.22 0 0.964365079657
35.23 0 0.966147254217
35.24 0 0.965213491573
35.25 0 0.96869330285
35.26 0 0.968755862153
35.27 0 0.972531426118
35.28 0 0.973588227992
35.29 0 0.971223133788
35.3 0 0.974096310335
35.31 0 0.975653546371
35.32 0 0.974894214815
35.33 0 0.97809197745
35.34 0 0.97809197745
35.35 0 0.985453968917
35.36 0 0.985972041374
35.37 0 0.985972041374
35.38 0 0.985972041374
35.39 0 0.98700222274
35.4 0 0.987134561286
35.41 0 0.988646581929
35.42 0 0.989416266451
35.43 0 0.992854397914
35.44 0 0.992442763052
35.45 0 0.992610589914
35.46 0 0.993983087783
35.47 0 0.994431481406
35.48 0 0.994595392936
35.49 0 0.996519893428
35.5 0 0.996988872145
35.51 0 0.996887345687
35.52 0 0.996612751891
35.53 0 0.995626236343
35.54 0 0.993344391034
35.55 0 0.991879562951
35.56 0 0.990107163196
35.57 0 0.988806044956
35.58 0 0.989042725977
35.59 0 0.988861175499
35.6 0 0.990184724188
35.61 0 0.989349621469
35.62 0 0.987920068492
35.63 0 0.987395120043
35.64 0 0.985976036783
35.65 0 0.987733625752
35.66 0 0.988519770316
35.67 0 0.988679294365
35.68 0 0.986564024794
35.69 0 0.985945455218
35.7 0 0.984304084455
35.71 0 0.983662773185
35.72 0 0.982525245881
35.73 0 0.981082680125
35.74 0 0.980240146322
35.75 0 0.980240146322
35.76 0 0.980240146322
35.77 0 0.980240146322
35.78 0 0.975050023728
35.79 0 0.975050023728
35.8 0 0.975050023728
35.81 0 0.961248759706
35.82 0 0.960254102499
35.83 0 0.95993864014
35.84 0 0.959259283076
35.85 0 0.958383605692
35.86 0 0.958072019821
35.87 0 0.957895656602
35.88 0 0.957494680857
35.89 0 0.957389265093
35.9 0 0.957698688161
35.91 0 0.956998435918
35.92 0 0.955891696779
35.93 0 0.955466200243
35.94 0 0.956769304387
35.95 0 0.957025374761
35.96 0 0.957694387735
35.97 0 0.957792505227
35.98 0 0.959903406783
35.99 0 0.961373271915
36.0 0 0.96375675358
36.01 0 0.967651271068
36.02 0 0.968860800952
36.03 0 0.971158423896
36.04 0 0.971492477557
36.05 0 0.973690612104
36.06 0 0.972236705375
36.07 0 0.969865197143
36.08 0 0.97086587095
36.09 0 0.964444784954
36.1 0 0.977780565938
36.11 0 0.979424578246
36.12 0 0.978406487247
36.13 0 0.981313162522
36.14 0 0.977533562556
36.15 0 0.978579528548
36.16 0 0.982608314202
36.17 0 0.983074198592
36.18 0 0.984325968427
36.19 0 0.985973325841
36.2 0 0.98479401308
36.21 0 0.989859949563
36.22 0 0.989859949563
36.23 0 0.989859949563
36.24 0 0.996174206143
36.25 0 0.997224604012
36.26 0 0.9979476637
36.27 0 0.999391056571
36.28 0 1.00137329025
36.29 0 1.00139234479
36.3 0 1.0011799643
36.31 0 1.00075583936
36.32 0 1.00000262607
36.33 0 0.999985998995
36.34 0 0.999667715334
36.35 0 0.999310284737
36.36 0 0.999702688979
36.37 0 1.00010116776
36.38 0 1.00045576322
36.39 0 1.00001192605
36.4 0 0.998714983256
36.41 0 0.996496354832
36.42 0 0.994986340972
36.43 0 0.994869027099
36.44 0 0.994650548977
36.45 0 0.994280957934
36.46 0 0.99350526561
36.47 0 0.99160555324
36.48 0 0.991119299372
36.49 0 0.989815996512
36.5 0 0.988670054909
36.51 0 0.987170084728
36.52 0 0.987122908512
36.53 0 0.986573028044
36.54 0 0.985383545044
36.55 0 0.984566100544
36.56 0 0.983433461173
36.57 0 0.982412360651
36.58 0 0.980394606167
36.59 0 0.97739249691
36.6 0 0.975930340431
36.61 0 0.973868705621
36.62 0 0.974344096647
36.63 0 0.974331258946
36.64 0 0.974242072862
36.65 0 0.973426173369
36.66 0 0.973916184396
36.67 0 0.975060933391
36.68 0 0.97524372589
36.69 0 0.975062584817
36.7 0 0.977021163373
36.71 0 0.977762075335
36.72 0 0.977758408404
36.73 0 0.977758408404
36.74 0 0.97884429713
36.75 0 0.979005296535
36.76 0 0.980026430368
36.77 0 0.979819090939
36.78 0 0.981344456204
36.79 0 0.981343455823
36.8 0 0.983920583584
36.81 0 0.986371836823
36.82 0 0.987611500904
36.83 0 0.990960240439
36.84 0 0.993432254427
36.85 0 0.997191696232
36.86 0 0.994595892202
36.87 0 0.998602251509
36.88 0 0.9985824072
36.89 0 1.00592488805
36.9 0 1.01070761425
36.91 0 1.00913815809
36.92 0 1.01689082571
36.93 0 1.0185456133
36.94 0 1.01716000718
36.95 0 1.01766795158
36.96 0 1.01803815908
36.97 0 1.01967164466
36.98 0 1.01864557601
36.99 0 1.01861265591
37.0 0 1.01861265591
37.01 0 1.01873299635
37.02 0 1.01991509511
37.03 0 1.01899263052
37.04 0 1.0204180059
37.05 0 1.01843209313
37.06 0 1.0170739233
37.07 0 1.0171913943
37.08 0 1.0171586681
37.09 0 1.01688684773
37.1 0 1.01659610052
37.11 0 1.01537684972
37.12 0 1.01375490902
37.13 0 1.01240225347
37.14 0 1.01250146403
37.15 0 1.01303196083
37.16 0 1.01402052348
37.17 0 1.01380097809
37.18 0 1.01247046819
37.19 0 1.01113750277
37.2 0 1.0106169914
37.21 0 1.01080383653
37.22 0 1.01264380347
37.23 0 1.01346533118
37.24 0 1.01316160121
37.25 0 1.01316160121
37.26 0 1.01332222353
37.27 0 1.01234466525
37.28 0 1.0108655716
37.29 0 1.01020389691
37.3 0 1.00908220872
37.31 0 1.00837328991
37.32 0 1.00792853163
37.33 0 1.00685956496
37.34 0 1.00387737868
37.35 0 0.999074600244
37.36 0 0.996192284869
37.37 0 0.993791286626
37.38 0 0.992680879311
37.39 0 0.992834045585
37.4 0 0.993877564452
37.41 0 0.994150162411
37.42 0 0.994667156866
37.43 0 0.994579175015
37.44 0 0.995155221669
37.45 0 0.994844718902
37.46 0 0.994851757469
37.47 0 0.995861973085
37.48 0 0.99602177686
37.49 0 0.996082742556
37.5 0 0.995881692612
37.51 0 0.996828492039
37.52 0 0.997331589417
37.53 0 0.99778196764
37.54 0 0.998931785889
37.55 0 1.00018240978
37.56 0 1.00148667267
37.57 0 1.00293798961
37.58 0 1.00552975283
37.59 0 1.0098095213
37.6 0 1.01071724381
37.61 0 1.01419586584
37.62 0 1.01624184465
37.63 0 1.01776009324
37.64 0 1.01777758632
37.65 0 1.02048286959
37.66 0 1.021980538
37.67 0 1.02452288307
37.68 0 1.02452288307
37.69 0 1.02452288307
37.7 0 1.02452288307
37.71 0 1.02856769479
37.72 0 1.02856769479
37.73 0 1.02856769479
37.74 0 1.03048960702
37.75 0 1.03152074324
37.76 0 1.03716041818
37.77 0 1.03681862584
37.78 0 1.03519055285
37.79 0 1.03649487943
37.8 0 1.03904281339
37.81 0 1.04305847197
37.82 0 1.04305847197
37.83 0 1.04512862891
37.84 0 1.04609670363
37.85 0 1.04575083986
37.86 0 1.04472452797
37.87 0 1.04433201303
37.88 0 1.04302908336
37.89 0 1.04131351266
37.9 0 1.04093705485
37.91 0 1.03906125747
37.92 0 1.03835604411
37.93 0 1.03864786391
37.94 0 1.03716344973
37.95 0 1.03659098874
37.96 0 1.03684356261
37.97 0 1.03681353108
37.98 0 1.03617704442
37.99 0 1.03612420258
38.0 0 1.03649301112
38.01 0 1.03649301112
38.02 0 1.03661094191
38.03 0 1.03680069096
38.04 0 1.03689464405
38.05 0 1.03644382445
38.06 0 1.03343549612
38.07 0 1.03307211202
38.08 0 1.03243096329
38.09 0 1.03158050947
38.1 0 1.0310558034
38.11 0 1.02976389688
38.12 0 1.02783717714
38.13 0 1.02589555445
38.14 0 1.02349630159
38.15 0 1.02054088265
38.16 0 1.02058919002
38.17 0 1.02016255918
38.18 0 1.01963946961
38.19 0 1.01794622022
38.2 0 1.01942720958
38.21 0 1.02104415132
38.22 0 1.0219575134
38.23 0 1.0228550158
38.24 0 1.02404874678
38.25 0 1.02608829239
38.26 0 1.02608829239
38.27 0 1.02620527108
38.28 0 1.02613512642
38.29 0 1.02597447987
38.3 0 1.02610708915
38.31 0 1.02610708915
38.32 0 1.02610708915
38.33 0 1.02610708915
38.34 0 1.02788992822
38.35 0 1.02740014653
38.36 0 1.03052504721
38.37 0 1.03086193238
38.38 0 1.03000003737
38.39 0 1.03220268665
38.4 0 1.03676870198
38.41 0 1.04182531038
38.42 0 1.04379262139
38.43 0 1.0469423279
38.44 0 1.05063812973
38.45 0 1.0496805381
38.46 0 1.05170067368
38.47 0 1.04992339515
38.48 0 1.04993029539
38.49 0 1.05338781623
38.5 0 1.05089464299
38.51 0 1.05976613419
38.52 0 1.0593744254
38.53 0 1.05890127722
38.54 0 1.0595252915
38.55 0 1.0615854179
38.56 0 1.0614354476
38.57 0 1.06170036125
38.58 0 1.06242987542
38.59 0 1.06216007679
38.6 0 1.06185604017
38.61 0 1.06184604558
38.62 0 1.06264240198
38.63 0 1.0629174009
38.64 0 1.06392789761
38.65 0 1.06378270641
38.66 0 1.06326563572
38.67 0 1.06148681309
38.68 0 1.06136174678
38.69 0 1.06136174678
38.7 0 1.06136174678
38.71 0 1.05910723412
38.72 0 1.05783771115
38.73 0 1.05741210691
38.74 0 1.05610175444
38.75 0 1.05564740186
38.76 0 1.05479252707
38.77 0 1.05426344572
38.78 0 1.0533655051
38.79 0 1.05214517362
38.8 0 1.05242317381
38.81 0 1.05303523062
38.82 0 1.05346870798
38.83 0 1.05296279971
38.84 0 1.05250494111
38.85 0 1.05218889991
38.86 0 1.05188516568
38.87 0 1.05235680053
38.88 0 1.05298691111
38.89 0 1.05337687451
38.9 0 1.05381300716
38.91 0 1.05345788537
38.92 0 1.05217081606
38.93 0 1.05161039072
38.94 0 1.05096535393
38.95 0 1.05030876503
38.96 0 1.05030876503
38.97 0 1.05030876503
38.98 0 1.05128056059
38.99 0 1.05182982873
39.0 0 1.05114433365
39.01 0 1.05164957106
39.02 0 1.05371996306
39.03 0 1.05529410046
39.04 0 1.05756824941
39.05 0 1.05771476325
39.06 0 1.05843010819
39.07 0 1.05831216164
39.08 0 1.05859605097
39.09 0 1.05833028977
39.1 0 1.05867016006
39.11 0 1.05999664283
39.12 0 1.06164934434
39.13 0 1.06371012021
39.14 0 1.0635996124
39.15 0 1.06616600865
39.16 0 1.06472420042
39.17 0 1.06357516206
39.18 0 1.06357516206
39.19 0 1.06682186587
39.2 0 1.07007719049
39.21 0 1.07151262356
39.22 0 1.07274454736
39.23 0 1.07590772128
39.24 0 1.07797022036
39.25 0 1.07936648446
39.26 0 1.08301802282
39.27 0 1.08652882345
39.28 0 1.09119855668
39.29 0 1.09236697962
39.3 0 1.09428005184
39.31 0 1.09516397149
39.32 0 1.09648908802
39.33 0 1.09739248632
39.34 0 1.09844925144
39.35 0 1.09910499049
39.36 0 1.10098088301
39.37 0 1.10077274433
39.38 0 1.10137869495
39.39 0 1.10141951444
39.4 0 1.10181227343
39.41 0 1.10179303845
39.42 0 1.1011223245
39.43 0 1.10029864612
39.44 0 1.09898816974
39.45 0 1.09822162051
39.46 0 1.0977863822
39.47 0 1.09623339647
39.48 0 1.09362295566
39.49 0 1.09075624187
39.5 0 1.08834194011
39.51 0 1.08672038263
39.52 0 1.08535727481
39.53 0 1.08442367411
39.54 0 1.08442367411
39.55 0 1.08442367411
39.56 0 1.08226536472
39.57 0 1.08226536472
39.58 0 1.08226536472
39.59 0 1.07756209264
39.6 0 1.07741003728
39.61 0 1.07741751997
39.62 0 1.07709450384
39.63 0 1.07572469853
39.64 0 1.0739057686
39.65 0 1.0739090963
39.66 0 1.07379775092
39.67 0 1.0737929437
39.68 0 1.07355358166
39.69 0 1.073189025
39.7 0 1.07215065435
39.71 0 1.07049634727
39.72 0 1.06768606266
39.73 0 1.06911676616
39.74 0 1.07042643925
39.75 0 1.07127634096
39.76 0 1.07227809532
39.77 0 1.07227809532
39.78 0 1.07443932999
39.79 0 1.07443932999
39.8 0 1.07597786473
39.81 0 1.07695512011
39.82 0 1.07711522649
39.83 0 1.07714830916
39.84 0 1.07659444464
39.85 0 1.0766784001
39.86 0 1.07658665313
39.87 0 1.07661675859
39.88 0 1.07753910938
39.89 0 1.08014916542
39.9 0 1.08033768384
39.91 0 1.08051018814
39.92 0 1.08330293084
39.93 0 1.08260567753
39.94 0 1.08486053736
39.95 0 1.08409315154
39.96 0 1.088349337
39.97 0 1.09077490789
39.98 0 1.09063100654
39.99 0 1.09516337735
40.0 0 1.09484502634
40.01 0 1.10092097502
40.02 0 1.09879758205
40.03 0 1.10008979481
40.04 0 1.10117710349
40.05 0 1.10386150058
40.06 0 1.10393049419
40.07 0 1.10440364261
40.08 0 1.10426811125
40.09 0 1.10195042805
40.1 0 1.11097425157
40.11 0 1.11250105338
40.12 0 1.11321830322
40.13 0 1.1135168349
40.14 0 1.1140324403
40.15 0 1.1142929333
40.16 0 1.11369583028
40.17 0 1.11402768003
40.18 0 1.11459370667
40.19 0 1.11476201408
40.2 0 1.11476201408
40.21 0 1.11652290304
40.22 0 1.11655285363
40.23 0 1.11625613505
40.24 0 1.11558703367
40.25 0 1.11425725647
40.26 0 1.11373649121
40.27 0 1.11070772455
40.28 0 1.10959134682
40.29 0 1.10891445987
40.3 0 1.10888347682
40.31 0 1.10915134424
40.32 0 1.11058691412
40.33 0 1.11033585777
40.34 0 1.10971402962
40.35 0 1.10763157348
40.36 0 1.10655186505
40.37 0 1.10755834521
40.38 0 1.10799323132
40.39 0 1.10893470334
40.4 0 1.10915844409
40.41 0 1.10936719538
40.42 0 1.10920701337
40.43 0 1.10894378946
40.44 0 1.10894378946
40.45 0 1.11034761217
40.46 0 1.11034761217
40.47 0 1.11227601566
40.48 0 1.11276167646
40.49 0 1.11415458241
40.5 0 1.11419220139
40.51 0 1.11450848925
40.52 0 1.11450848925
40.53 0 1.11450848925
40.54 0 1.11662062148
40.55 0 1.11721894914
40.56 0 1.11717331283
40.57 0 1.11808662344
40.58 0 1.11873617879
40.59 0 1.12028227686
40.6 0 1.12059392088
40.61 0 1.12041768642
40.62 0 1.12040924203
40.63 0 1.12071023376
40.64 0 1.12071023376
40.65 0 1.11981810799
40.66 0 1.1198312506
40.67 0 1.12011532845
40.68 0 1.12013083777
40.69 0 1.12224450518
40.7 0 1.12463235439
40.71 0 1.12517203783
40.72 0 1.12480211155
40.73 0 1.12457719982
40.74 0 1.12457719982
40.75 0 1.12938791871
40.76 0 1.12917624143
40.77 0 1.13029595256
40.78 0 1.13140182185
40.79 0 1.12844397293
40.8 0 1.13426074223
40.81 0 1.13813823109
40.82 0 1.14358736758
40.83 0 1.14436607547
40.84 0 1.14713041365
40.85 0 1.14594980894
40.86 0 1.14900513485
40.87 0 1.14803163846
40.88 0 1.14820637888
40.89 0 1.15138534112
40.9 0 1.15369605449
40.91 0 1.15374003174
40.92 0 1.15453868013
40.93 0 1.15678302718
40.94 0 1.15785651497
40.95 0 1.15894998548
40.96 0 1.1576651489
40.97 0 1.15756865574
40.98 0 1.15787112356
40.99 0 1.15817052358
41.0 0 1.15933631245
41.01 0 1.15923632051
41.02 0 1.1588661994
41.03 0 1.15834165102
41.04 0 1.15726321934
41.05 0 1.1565955636
41.06 0 1.15524983927
41.07 0 1.15464726232
41.08 0 1.15495376899
41.09 0 1.15520973911
41.1 0 1.15676456836
41.11 0 1.15655907968
41.12 0 1.15576287278
41.13 0 1.15341373143
41.14 0 1.15335108293
41.15 0 1.15394302735
41.16 0 1.15366189035
41.17 0 1.15242168036
41.18 0 1.15230297254
41.19 0 1.15225386641
41.2 0 1.15156350784
41.21 0 1.15156350784
41.22 0 1.15156350784
41.23 0 1.15027200702
41.24 0 1.15027200702
41.25 0 1.15027200702
41.26 0 1.15027200702
41.27 0 1.15057961595
41.28 0 1.15057961595
41.29 0 1.15051042176
41.3 0 1.15015954543
41.31 0 1.15129385194
41.32 0 1.15242994604
41.33 0 1.15306190806
41.34 0 1.15392991826
41.35 0 1.15465330835
41.36 0 1.15544885631
41.37 0 1.1563987243
41.38 0 1.15725072281
41.39 0 1.15792617779
41.4 0 1.15792617779
41.41 0 1.15792617779
41.42 0 1.15792617779
41.43 0 1.16109295808
41.44 0 1.16109295808
41.45 0 1.16109295808
41.46 0 1.15683203074
41.47 0 1.15683203074
41.48 0 1.15683203074
41.49 0 1.16149515434
41.5 0 1.16414582388
41.51 0 1.1651909066
41.52 0 1.16519020521
41.53 0 1.16930518083
41.54 0 1.16830149297
41.55 0 1.17269743721
41.56 0 1.17563155503
41.57 0 1.17879904028
41.58 0 1.18192750876
41.59 0 1.18192750876
41.6 0 1.1851920226
41.61 0 1.18358451495
41.62 0 1.18602822047
41.63 0 1.18469064573
41.64 0 1.1919719722
41.65 0 1.19231411054
41.66 0 1.19165711227
41.67 0 1.19321805993
41.68 0 1.19514465814
41.69 0 1.19759424313
41.7 0 1.19992627708
41.71 0 1.20008632001
41.72 0 1.19997093292
41.73 0 1.20031275317
41.74 0 1.20372637922
41.75 0 1.20430705326
41.76 0 1.20690613224
41.77 0 1.20773442613
41.78 0 1.20714211083
41.79 0 1.20665575198
41.8 0 1.20707964839
41.81 0 1.20711730929
41.82 0 1.20758018158
41.83 0 1.2075719182
41.84 0 1.20758591684
41.85 0 1.20814753721
41.86 0 1.2074613757
41.87 0 1.20666205791
41.88 0 1.20599082623
41.89 0 1.20638790648
41.9 0 1.20687892223
41.91 0 1.20695757738
41.92 0 1.20684798363
41.93 0 1.2064180826
41.94 0 1.20589076868
41.95 0 1.20553614479
41.96 0 1.20548449135
41.97 0 1.20531313749
41.98 0 1.2052061922
41.99 0 1.20443873075
42.0 0 1.20370135173
42.01 0 1.20177575063
42.02 0 1.20114488712
42.03 0 1.20114488712
42.04 0 1.2015685895
42.05 0 1.20155270613
42.06 0 1.20250444022
42.07 0 1.20303985577
42.08 0 1.20305019651
42.09 0 1.20394242948
42.1 0 1.20462343209
42.11 0 1.20470093829
42.12 0 1.20486409686
42.13 0 1.20493108981
42.14 0 1.2050775866
42.15 0 1.20583730155
42.16 0 1.20720541757
42.17 0 1.20720541757
42.18 0 1.20855874051
42.19 0 1.20888946339
42.2 0 1.20964286944
42.21 0 1.20954703365
42.22 0 1.21059570198
42.23 0 1.21252562411
42.24 0 1.21252562411
42.25 0 1.21392641283
42.26 0 1.21629192104
42.27 0 1.21629192104
42.28 0 1.21591359274
42.29 0 1.21754021554
42.3 0 1.21975540357
42.31 0 1.22249385057
42.32 0 1.22249385057
42.33 0 1.22184495769
42.34 0 1.22592493953
42.35 0 1.2298874345
42.36 0 1.23247191057
42.37 0 1.24170398158
42.38 0 1.24191868779
42.39 0 1.24415019683
42.4 0 1.24415019683
42.41 0 1.24520695609
42.42 0 1.24520695609
42.43 0 1.24003507021
42.44 0 1.24370760004
42.45 0 1.24491920491
42.46 0 1.2451659852
42.47 0 1.24683446128
42.48 0 1.24407143304
42.49 0 1.23688959688
42.5 0 1.22762427605
42.51 0 1.24222839177
42.52 0 1.23746905582
42.53 0 1.24306738185
42.54 0 1.24274345194
42.55 0 1.24065604295
42.56 0 1.23958073445
42.57 0 1.23847337728
42.58 0 1.24007700039
42.59 0 1.23729006984
42.6 0 1.23900423534
42.61 0 1.238594001
42.62 0 1.23798874737
42.63 0 1.2367911947
42.64 0 1.23776532698
42.65 0 1.23975624336
42.66 0 1.24008982493
42.67 0 1.24050419566
42.68 0 1.24063011388
42.69 0 1.2404563737
42.7 0 1.2404563737
42.71 0 1.24039300884
42.72 0 1.23978611516
42.73 0 1.23952295305
42.74 0 1.23969520335
42.75 0 1.23932866728
42.76 0 1.23932866728
42.77 0 1.23932866728
42.78 0 1.2365916349
42.79 0 1.23667921171
42.8 0 1.23641090518
42.81 0 1.23649924993
42.82 0 1.23609090549
42.83 0 1.2362189683
42.84 0 1.2362189683
42.85 0 1.2362189683
42.86 0 1.23198950187
42.87 0 1.23198950187
42.88 0 1.22872471535
42.89 0 1.22872471535
42.9 0 1.2284734786
42.91 0 1.22788751124
42.92 0 1.22696982876
42.93 0 1.22525220834
42.94 0 1.22380906094
42.95 0 1.22291117123
42.96 0 1.22310377994
42.97 0 1.22495181316
42.98 0 1.2271130002
42.99 0 1.22812370925
43.0 0 1.22873502831
43.01 0 1.23003480662
43.02 0 1.23094208619
43.03 0 1.23290239264
43.04 0 1.23475409422
