time index height
0.01 0 0.0
0.02 0 0.0264701842173
0.03 0 0.0275971081998
0.04 0 0.0304762373077
0.05 0 0.0344022350949
0.06 0 0.0381631326962
0.07 0 0.0439964477196
0.08 0 0.0464943684598
0.09 0 0.0509729021464
0.1 0 0.0548866488096
0.11 0 0.0595006690285
0.12 0 0.0658827471326
0.13 0 0.067947331682
0.14 0 0.0724372533825
0.15 0 0.0743872678699
0.16 0 0.0765064811477
0.17 0 0.0773364387568
0.18 0 0.0787240414291
0.19 0 0.0787812220419
0.2 0 0.078694477729
0.21 0 0.076995295816
0.22 0 0.0757201438451
0.23 0 0.0730953315511
0.24 0 0.0696000380969
0.25 0 0.0653660759534
0.26 0 0.0606794802984
0.27 0 0.0575667953484
0.28 0 0.0414949106709
0.29 0 0.0360228977704
0.3 0 0.031805441327
0.31 0 0.029921925367
0.32 0 0.0298478019038
0.33 0 0.0297618681789
0.34 0 0.0297410672829
0.35 0 0.0297455287793
0.36 0 0.0298441520359
0.37 0 0.0300571685208
0.38 0 0.0311040634378
0.39 0 0.0319208825456
0.4 0 0.03247737072
0.41 0 0.0336727023269
0.42 0 0.0339069488494
0.43 0 0.0358431616203
0.44 0 0.0370983305672
0.45 0 0.0386301751648
0.46 0 0.039288146328
0.47 0 0.0408891028173
0.48 0 0.0410222973171
0.49 0 0.0409424860498
0.5 0 0.0407845383224
0.51 0 0.0405879881289
0.52 0 0.0404946451551
0.53 0 0.0398319644617
0.54 0 0.0393733164622
0.55 0 0.039155686422
0.56 0 0.0378458650046
0.57 0 0.0379000779891
0.58 0 0.0382940145625
0.59 0 0.0387888750479
0.6 0 0.0391831589096
0.61 0 0.0397141054029
0.62 0 0.0400627150038
0.63 0 0.0402248921234
0.64 0 0.0402371900089
0.65 0 0.0401209914843
0.66 0 0.0398244474586
0.67 0 0.0397008601326
0.68 0 0.0396643432115
0.69 0 0.0396279492362
0.7 0 0.039663591607
0.71 0 0.0397373307508
0.72 0 0.0397920223695
0.73 0 0.0404670481787
0.74 0 0.0407894420439
0.75 0 0.0408171812578
0.76 0 0.0408057453135
0.77 0 0.0408118603508
0.78 0 0.0408870664352
0.79 0 0.0410117211706
0.8 0 0.0408343726952
0.81 0 0.0406203801722
0.82 0 0.0403131866781
0.83 0 0.040092772838
0.84 0 0.0395303762099
0.85 0 0.0391598435898
0.86 0 0.0389529646538
0.87 0 0.0388492399391
0.88 0 0.0388829047859
0.89 0 0.0388847350226
0.9 0 0.0390255729838
0.91 0 0.0390619995938
0.92 0 0.0398801205034
0.93 0 0.0411341929472
0.94 0 0.0436204173757
0.95 0 0.0453172078553
0.96 0 0.0465702034535
0.97 0 0.0478936899998
0.98 0 0.0502934424666
0.99 0 0.0511084095454
1.0 0 0.0515467010575
1.01 0 0.0521981625454
1.02 0 0.0524204532171
1.03 0 0.0522001491866
1.04 0 0.0523021791783
1.05 0 0.0524539281071
1.06 0 0.052673989114
1.07 0 0.0533139584109
1.08 0 0.0534558715581
1.09 0 0.0533935431449
1.1 0 0.0536031709787
1.11 0 0.0536141513775
1.12 0 0.0535355317891
1.13 0 0.0534792302247
1.14 0 0.0532195676507
1.15 0 0.0529119733764
1.16 0 0.0527754562547
1.17 0 0.0528635183433
1.18 0 0.0528496239336
1.19 0 0.0528806881828
1.2 0 0.0529777212685
1.21 0 0.052968844363
1.22 0 0.0526144133275
1.23 0 0.0522254765209
1.24 0 0.0521095423445
1.25 0 0.0518475054311
1.26 0 0.0518288011881
1.27 0 0.0515366649643
1.28 0 0.0511206081988
1.29 0 0.0503727259308
1.3 0 0.0500178176226
1.31 0 0.0490460913506
1.32 0 0.0485748811623
1.33 0 0.0483583505302
1.34 0 0.048138496226
1.35 0 0.0473820189107
1.36 0 0.0462473132461
1.37 0 0.0455094622697
1.38 0 0.0446495957062
1.39 0 0.0452045601778
1.4 0 0.0457475250291
1.41 0 0.0461817361098
1.42 0 0.0472946834397
1.43 0 0.048193524035
1.44 0 0.0487929431171
1.45 0 0.0495052063515
1.46 0 0.0500120043615
1.47 0 0.0504336951526
1.48 0 0.0509123213877
1.49 0 0.0517201622369
1.5 0 0.0521047577937
1.51 0 0.0523094542241
1.52 0 0.0524750286088
1.53 0 0.053451905541
1.54 0 0.0537108508285
1.55 0 0.0540192112391
1.56 0 0.0543935835723
1.57 0 0.0546433816558
1.58 0 0.0545110854497
1.59 0 0.0544089464888
1.6 0 0.0548423618161
1.61 0 0.0555286540997
1.62 0 0.0553537399784
1.63 0 0.0556041861102
1.64 0 0.0551090971347
1.65 0 0.0553603135683
1.66 0 0.0544993013612
1.67 0 0.0535514875805
1.68 0 0.0534688237433
1.69 0 0.0532888394974
1.7 0 0.0530031490014
1.71 0 0.0522688253641
1.72 0 0.0522350697841
1.73 0 0.0520589656974
1.74 0 0.052827162513
1.75 0 0.0536116934547
1.76 0 0.055102448679
1.77 0 0.0555353554193
1.78 0 0.056919904142
1.79 0 0.0580033550068
1.8 0 0.0589854561009
1.81 0 0.0633465635522
1.82 0 0.0654500164955
1.83 0 0.0667490092864
1.84 0 0.0679435370838
1.85 0 0.0691257903992
1.86 0 0.069918816677
1.87 0 0.0706112712336
1.88 0 0.0707109710119
1.89 0 0.07117723008
1.9 0 0.0712713686861
1.91 0 0.0707482827904
1.92 0 0.0705606764166
1.93 0 0.0707586624122
1.94 0 0.0708492437367
1.95 0 0.0711187176098
1.96 0 0.0710782405199
1.97 0 0.0710125414625
1.98 0 0.0712630384261
1.99 0 0.0718568320467
2.0 0 0.0725501746335
2.01 0 0.072647513211
2.02 0 0.0727017375787
2.03 0 0.0727956799825
2.04 0 0.0728163108473
2.05 0 0.0732240122223
2.06 0 0.0731955604499
2.07 0 0.0731196929469
2.08 0 0.072857997983
2.09 0 0.072696239264
2.1 0 0.071566757998
2.11 0 0.0709353324569
2.12 0 0.0705964816001
2.13 0 0.0697310755981
2.14 0 0.0694462093634
2.15 0 0.0692456936163
2.16 0 0.0693587392446
2.17 0 0.0696044574052
2.18 0 0.069359215096
2.19 0 0.0675142133428
2.2 0 0.0660444888946
2.21 0 0.0646198207945
2.22 0 0.063957099181
2.23 0 0.0628205547239
2.24 0 0.063647305157
2.25 0 0.0645884415051
2.26 0 0.0655624285648
2.27 0 0.0660331836296
2.28 0 0.0677070968085
2.29 0 0.0690247694388
2.3 0 0.0689448620666
2.31 0 0.0700845410496
2.32 0 0.0704775586479
2.33 0 0.0714621430971
2.34 0 0.0722979434732
2.35 0 0.0726741000081
2.36 0 0.0740427099891
2.37 0 0.0760698474473
2.38 0 0.0775425754857
2.39 0 0.0791051327156
2.4 0 0.0803636563329
2.41 0 0.0820369928622
2.42 0 0.083846622629
2.43 0 0.0841242785619
2.44 0 0.086749155683
2.45 0 0.0872734325484
2.46 0 0.0886619869544
2.47 0 0.0902392161313
2.48 0 0.0907011408267
2.49 0 0.0925483568727
2.5 0 0.0934817343646
2.51 0 0.0937602239769
2.52 0 0.0952544662006
2.53 0 0.0953702033871
2.54 0 0.0956611065689
2.55 0 0.0969133194036
2.56 0 0.0973030653183
2.57 0 0.0971388682329
2.58 0 0.0969795926339
2.59 0 0.0966417936214
2.6 0 0.0971354603273
2.61 0 0.0971655195436
2.62 0 0.0975854816065
2.63 0 0.0980536127488
2.64 0 0.0979621889674
2.65 0 0.0979451033396
2.66 0 0.0979977438473
2.67 0 0.0982299178645
2.68 0 0.0987365121057
2.69 0 0.0989486419515
2.7 0 0.0988688506138
2.71 0 0.0988016124257
2.72 0 0.0988710662366
2.73 0 0.0985693095876
2.74 0 0.0983852338362
2.75 0 0.0982916475939
2.76 0 0.0983949826251
2.77 0 0.0987459319041
2.78 0 0.0983056371087
2.79 0 0.0977154176399
2.8 0 0.0970052294776
2.81 0 0.096851982216
2.82 0 0.0963090710564
2.83 0 0.0960754504156
2.84 0 0.0962144653064
2.85 0 0.0961663444862
2.86 0 0.0962503526021
2.87 0 0.0959881690875
2.88 0 0.0955352493559
2.89 0 0.0953280240374
2.9 0 0.0953552972753
2.91 0 0.0951529415627
2.92 0 0.0949140458658
2.93 0 0.0942921494113
2.94 0 0.0937644946003
2.95 0 0.0937644946003
2.96 0 0.0932423323927
2.97 0 0.0932423323927
2.98 0 0.0903198203158
2.99 0 0.0889243786237
3.0 0 0.0890507484859
3.01 0 0.0894082785811
3.02 0 0.0901636269312
3.03 0 0.0913585694754
3.04 0 0.0924338381582
3.05 0 0.0955456710031
3.06 0 0.0981460436957
3.07 0 0.0991852889327
3.08 0 0.102136143936
3.09 0 0.105742206955
3.1 0 0.109366214357
3.11 0 0.110461793755
3.12 0 0.111510807905
3.13 0 0.114872483545
3.14 0 0.119521560974
3.15 0 0.12233818063
3.16 0 0.123414930805
3.17 0 0.128347172288
3.18 0 0.130419630194
3.19 0 0.132955630839
3.2 0 0.134989104002
3.21 0 0.138548947075
3.22 0 0.140231414975
3.23 0 0.14204545322
3.24 0 0.143276028219
3.25 0 0.144044659362
3.26 0 0.143438236578
3.27 0 0.143219280818
3.28 0 0.143102638001
3.29 0 0.142537443493
3.3 0 0.140295067171
3.31 0 0.139205649856
3.32 0 0.13650180431
3.33 0 0.132474652731
3.34 0 0.129773889602
3.35 0 0.129201290671
3.36 0 0.128088018925
3.37 0 0.128088018925
3.38 0 0.116632933132
3.39 0 0.115012473195
3.4 0 0.11179903874
3.41 0 0.109649637292
3.42 0 0.105366069436
3.43 0 0.103290109588
3.44 0 0.101887559895
3.45 0 0.101812056005
3.46 0 0.102193511252
3.47 0 0.102516394811
3.48 0 0.10289653228
3.49 0 0.103798599182
3.5 0 0.104526953609
3.51 0 0.104964430033
3.52 0 0.106181812349
3.53 0 0.10643663738
3.54 0 0.106680061182
3.55 0 0.107081896381
3.56 0 0.107249075746
3.57 0 0.108645788092
3.58 0 0.108645788092
3.59 0 0.112341610342
3.6 0 0.114244276159
3.61 0 0.115284778455
3.62 0 0.117391230461
3.63 0 0.120119641702
3.64 0 0.122545629589
3.65 0 0.124599248124
3.66 0 0.126765617157
3.67 0 0.128540723154
3.68 0 0.130297083134
3.69 0 0.130855441726
3.7 0 0.131580093598
3.71 0 0.132183592573
3.72 0 0.13275775103
3.73 0 0.133040134463
3.74 0 0.133238629365
3.75 0 0.13336186575
3.76 0 0.133783619656
3.77 0 0.134372307396
3.78 0 0.1351835335
3.79 0 0.136197931366
3.8 0 0.137432616822
3.81 0 0.137733766206
3.82 0 0.140742406476
3.83 0 0.14294384401
3.84 0 0.144197448614
3.85 0 0.147211799556
3.86 0 0.151575742242
3.87 0 0.153993520716
3.88 0 0.156125776947
3.89 0 0.158703163586
3.9 0 0.162582751606
3.91 0 0.166027529666
3.92 0 0.167917697766
3.93 0 0.170879510793
3.94 0 0.173734067371
3.95 0 0.173985294207
3.96 0 0.175882433114
3.97 0 0.176490716609
3.98 0 0.177629260108
3.99 0 0.17848278736
4.0 0 0.179375599701
4.01 0 0.180059616416
4.02 0 0.181118141088
4.03 0 0.181308372012
4.04 0 0.181124442769
4.05 0 0.181898007786
4.06 0 0.181934109643
4.07 0 0.182607663563
4.08 0 0.181625948768
4.09 0 0.181579924812
4.1 0 0.180513690827
4.11 0 0.179898175113
4.12 0 0.179365734198
4.13 0 0.176810799221
4.14 0 0.175237597917
4.15 0 0.174236407321
4.16 0 0.172289141868
4.17 0 0.168554963504
4.18 0 0.167772025728
4.19 0 0.165714616803
4.2 0 0.164885750081
4.21 0 0.163715927574
4.22 0 0.163512148954
4.23 0 0.163355995858
4.24 0 0.163527924849
4.25 0 0.163553621857
4.26 0 0.163356850545
4.27 0 0.16275281446
4.28 0 0.161957148594
4.29 0 0.161062620187
4.3 0 0.159591258412
4.31 0 0.159259840599
4.32 0 0.156015963476
4.33 0 0.154614995714
4.34 0 0.153069047397
4.35 0 0.151864851929
4.36 0 0.149900132069
4.37 0 0.149019767664
4.38 0 0.148448709687
4.39 0 0.147403677061
4.4 0 0.145249424344
4.41 0 0.14392277863
4.42 0 0.143467509306
4.43 0 0.143784263084
4.44 0 0.142471825152
4.45 0 0.138714874454
4.46 0 0.136523696796
4.47 0 0.135077440873
4.48 0 0.132935763744
4.49 0 0.13174628884
4.5 0 0.129204001889
4.51 0 0.128036474478
4.52 0 0.126557092549
4.53 0 0.124962984742
4.54 0 0.124385173484
4.55 0 0.123398157167
4.56 0 0.12236206704
4.57 0 0.121373169403
4.58 0 0.120305849088
4.59 0 0.118419623417
4.6 0 0.118647448967
4.61 0 0.11865787727
4.62 0 0.119715717874
4.63 0 0.119615133884
4.64 0 0.119777098919
4.65 0 0.120119623752
4.66 0 0.121055214894
4.67 0 0.121896089553
4.68 0 0.123975169385
4.69 0 0.127951255848
4.7 0 0.129530808422
4.71 0 0.131597496348
4.72 0 0.134071671295
4.73 0 0.14249625482
4.74 0 0.145295529435
4.75 0 0.147206651588
4.76 0 0.1496196408
4.77 0 0.153532369519
4.78 0 0.157176992311
4.79 0 0.160056456606
4.8 0 0.161471803689
4.81 0 0.164554319008
4.82 0 0.167563339686
4.83 0 0.169610632228
4.84 0 0.173848245357
4.85 0 0.174033840854
4.86 0 0.177281951836
4.87 0 0.180085840504
4.88 0 0.18227019539
4.89 0 0.183306438357
4.9 0 0.18690553
4.91 0 0.186671664064
4.92 0 0.186573355393
4.93 0 0.186573355393
4.94 0 0.185095843341
4.95 0 0.185095843341
4.96 0 0.185095843341
4.97 0 0.180407962465
4.98 0 0.180407962465
4.99 0 0.172185809871
5.0 0 0.168833385401
5.01 0 0.167410536666
5.02 0 0.163992447743
5.03 0 0.159694485595
5.04 0 0.159076332226
5.05 0 0.154837792666
5.06 0 0.152552764921
5.07 0 0.152858447088
5.08 0 0.153525023369
5.09 0 0.153610826408
5.1 0 0.154335532906
5.11 0 0.154385823267
5.12 0 0.154385823267
5.13 0 0.154288435524
5.14 0 0.154202652271
5.15 0 0.15459676754
5.16 0 0.153566891533
5.17 0 0.152429266603
5.18 0 0.150939420759
5.19 0 0.150174627549
5.2 0 0.150174627549
5.21 0 0.14805020749
5.22 0 0.146367108852
5.23 0 0.145193095193
5.24 0 0.144130848866
5.25 0 0.143937405245
5.26 0 0.143700431413
5.27 0 0.143700431413
5.28 0 0.142439871665
5.29 0 0.142127797266
5.3 0 0.141311046059
5.31 0 0.138760701171
5.32 0 0.135888291181
5.33 0 0.132890659481
5.34 0 0.131825185449
5.35 0 0.13105467935
5.36 0 0.130206032722
5.37 0 0.130526413934
5.38 0 0.131660850651
5.39 0 0.131660850651
5.4 0 0.135628344897
5.41 0 0.13822626714
5.42 0 0.13822626714
5.43 0 0.13822626714
5.44 0 0.139730871561
5.45 0 0.138103821451
5.46 0 0.139488800381
5.47 0 0.138051305838
5.48 0 0.140626367333
5.49 0 0.14071899018
5.5 0 0.144428163274
5.51 0 0.147806608668
5.52 0 0.147199723364
5.53 0 0.147199723364
5.54 0 0.155702475797
5.55 0 0.157856592636
5.56 0 0.162750742634
5.57 0 0.165341375344
5.58 0 0.166642152445
5.59 0 0.170479084388
5.6 0 0.170022363046
5.61 0 0.174956465882
5.62 0 0.175033934926
5.63 0 0.176447723252
5.64 0 0.176684542555
5.65 0 0.178383946364
5.66 0 0.177597356764
5.67 0 0.178010631331
5.68 0 0.178932295108
5.69 0 0.1771284203
5.7 0 0.177686622557
5.71 0 0.177096184752
5.72 0 0.175829328316
5.73 0 0.175829328316
5.74 0 0.174797714949
5.75 0 0.174671608846
5.76 0 0.173090980372
5.77 0 0.171585216143
5.78 0 0.171585216143
5.79 0 0.171585216143
5.8 0 0.163268596273
5.81 0 0.158756927093
5.82 0 0.158242175363
5.83 0 0.157820748672
5.84 0 0.157699812304
5.85 0 0.158558928375
5.86 0 0.158674541267
5.87 0 0.158632666917
5.88 0 0.158589624077
5.89 0 0.158000585412
5.9 0 0.157102852474
5.91 0 0.156750634451
5.92 0 0.155899117223
5.93 0 0.154076042134
5.94 0 0.15149798166
5.95 0 0.150660824281
5.96 0 0.149767856504
5.97 0 0.147692520283
5.98 0 0.14673177996
5.99 0 0.146197502017
6.0 0 0.145529679078
6.01 0 0.144938057285
6.02 0 0.144938057285
6.03 0 0.143441272331
6.04 0 0.14331391543
6.05 0 0.142921429807
6.06 0 0.142921429807
6.07 0 0.140311638409
6.08 0 0.139727428904
6.09 0 0.137302643527
6.1 0 0.136337827908
6.11 0 0.13570233193
6.12 0 0.135076116501
6.13 0 0.132870415454
6.14 0 0.131315981495
6.15 0 0.131199702827
6.16 0 0.130543352681
6.17 0 0.130166992279
6.18 0 0.129772681131
6.19 0 0.130244308322
6.2 0 0.129735740728
6.21 0 0.128702716517
6.22 0 0.129894691632
6.23 0 0.129848738282
6.24 0 0.129213276949
6.25 0 0.129213276949
6.26 0 0.129213276949
6.27 0 0.129316854817
6.28 0 0.130236224199
6.29 0 0.132327401639
6.3 0 0.131466380715
6.31 0 0.135015730737
6.32 0 0.136935174525
6.33 0 0.141689828188
6.34 0 0.146482806744
6.35 0 0.148139087193
6.36 0 0.152415294333
6.37 0 0.159330365071
6.38 0 0.162163528011
6.39 0 0.166240517007
6.4 0 0.166366516628
6.41 0 0.168405568934
6.42 0 0.170294939823
6.43 0 0.17087665588
6.44 0 0.171982988154
6.45 0 0.172622735584
6.46 0 0.174015891725
6.47 0 0.173245518007
6.48 0 0.173204253658
6.49 0 0.173204253658
6.5 0 0.172251672765
6.51 0 0.170537786529
6.52 0 0.17030926474
6.53 0 0.168973635049
6.54 0 0.167886224749
6.55 0 0.166818819511
6.56 0 0.165711947784
6.57 0 0.163834690581
6.58 0 0.16263989455
6.59 0 0.16263989455
6.6 0 0.16263989455
6.61 0 0.159932791733
6.62 0 0.159291708717
6.63 0 0.158772297823
6.64 0 0.158772297823
6.65 0 0.156955471746
6.66 0 0.156192001893
6.67 0 0.155363397494
6.68 0 0.154896007591
6.69 0 0.15452013419
6.7 0 0.154351390488
6.71 0 0.153673173741
6.72 0 0.153673173741
6.73 0 0.149638893567
6.74 0 0.148264487119
6.75 0 0.148122620395
6.76 0 0.146847574553
6.77 0 0.144120651349
6.78 0 0.143341937307
6.79 0 0.142015064849
6.8 0 0.139990304908
6.81 0 0.138446506136
6.82 0 0.138446506136
6.83 0 0.136955286147
6.84 0 0.136162538132
6.85 0 0.135357379125
6.86 0 0.134750846803
6.87 0 0.133062779306
6.88 0 0.132383867475
6.89 0 0.132725335067
6.9 0 0.133070198281
6.91 0 0.133245553104
6.92 0 0.134627646402
6.93 0 0.136509050266
6.94 0 0.136971791862
6.95 0 0.137207337342
6.96 0 0.138018574923
6.97 0 0.138018574923
6.98 0 0.140802452282
6.99 0 0.142308224672
7.0 0 0.14319010761
7.01 0 0.147196690233
7.02 0 0.147139666859
7.03 0 0.148141808548
7.04 0 0.150607975042
7.05 0 0.151697914635
7.06 0 0.152140494862
7.07 0 0.150769178252
7.08 0 0.150760463973
7.09 0 0.152534097062
7.1 0 0.150669669423
7.11 0 0.154667034785
7.12 0 0.155459411196
7.13 0 0.155459411196
7.14 0 0.155459411196
7.15 0 0.15923371958
7.16 0 0.16157027378
7.17 0 0.161879939358
7.18 0 0.160652657077
7.19 0 0.162988074669
7.2 0 0.161333985217
7.21 0 0.161558982066
7.22 0 0.162010778647
7.23 0 0.162010778647
7.24 0 0.165629593632
7.25 0 0.1640531169
7.26 0 0.1645905694
7.27 0 0.165022060231
7.28 0 0.164485557637
7.29 0 0.166183804223
7.3 0 0.164820363276
7.31 0 0.165066954514
7.32 0 0.165754517072
7.33 0 0.163079077878
7.34 0 0.162827383746
7.35 0 0.158039258238
7.36 0 0.158039258238
7.37 0 0.152666328649
7.38 0 0.15180186398
7.39 0 0.150234448635
7.4 0 0.149774227647
7.41 0 0.149498184664
7.42 0 0.149672815815
7.43 0 0.149837390399
7.44 0 0.150086394683
7.45 0 0.150816167752
7.46 0 0.152123747506
7.47 0 0.152297129329
7.48 0 0.152691465669
7.49 0 0.152879698599
7.5 0 0.152815834563
7.51 0 0.152235138124
7.52 0 0.151336688938
7.53 0 0.150702751201
7.54 0 0.148801264188
7.55 0 0.145124538623
7.56 0 0.144228941516
7.57 0 0.142676532782
7.58 0 0.141550527867
7.59 0 0.139600012972
7.6 0 0.139058744466
7.61 0 0.136556941891
7.62 0 0.136413066915
7.63 0 0.136413066915
7.64 0 0.134163492177
7.65 0 0.134276435699
7.66 0 0.133905529427
7.67 0 0.134033885931
7.68 0 0.1333855547
7.69 0 0.133825928084
7.7 0 0.133656091962
7.71 0 0.134122917649
7.72 0 0.13406359669
7.73 0 0.133840241536
7.74 0 0.13361671018
7.75 0 0.134303404318
7.76 0 0.134408508225
7.77 0 0.136255849238
7.78 0 0.136798999453
7.79 0 0.137493220172
7.8 0 0.138663218319
7.81 0 0.139877636009
7.82 0 0.141635862164
7.83 0 0.144579298177
7.84 0 0.145125306193
7.85 0 0.146352530106
7.86 0 0.14633178386
7.87 0 0.147651935595
7.88 0 0.1490296531
7.89 0 0.149181250006
7.9 0 0.149191079532
7.91 0 0.148057176213
7.92 0 0.150115740879
7.93 0 0.152891016686
7.94 0 0.157216357638
7.95 0 0.157609638365
7.96 0 0.160269783631
7.97 0 0.161191342774
7.98 0 0.162058825941
7.99 0 0.162783039106
8.0 0 0.162472764507
8.01 0 0.16499867175
8.02 0 0.165301353404
8.03 0 0.166333243856
8.04 0 0.164409986563
8.05 0 0.163589361009
8.06 0 0.162574009782
8.07 0 0.162218594172
8.08 0 0.161670636069
8.09 0 0.158607769274
8.1 0 0.152974807104
8.11 0 0.152268246718
8.12 0 0.150234544187
8.13 0 0.145804735097
8.14 0 0.145804735097
8.15 0 0.145804735097
8.16 0 0.141640442858
8.17 0 0.141564875771
8.18 0 0.142273818325
8.19 0 0.142497968827
8.2 0 0.143370865873
8.21 0 0.144887070817
8.22 0 0.144858180683
8.23 0 0.144998645384
8.24 0 0.144954919657
8.25 0 0.144245134196
8.26 0 0.143137498089
8.27 0 0.143137498089
8.28 0 0.143385013548
8.29 0 0.143830462208
8.3 0 0.144230632127
8.31 0 0.144591215601
8.32 0 0.1446142975
8.33 0 0.145336626014
8.34 0 0.145167207928
8.35 0 0.144842420341
8.36 0 0.144842420341
8.37 0 0.144352346133
8.38 0 0.14445497736
8.39 0 0.143701854592
8.4 0 0.143296120234
8.41 0 0.143296120234
8.42 0 0.141736345322
8.43 0 0.139000879734
8.44 0 0.138471952953
8.45 0 0.138575190896
8.46 0 0.138407440583
8.47 0 0.137651684758
8.48 0 0.137651684758
8.49 0 0.137126660518
8.5 0 0.138856487338
8.51 0 0.140158167775
8.52 0 0.140400217335
8.53 0 0.141089313082
8.54 0 0.141858811776
8.55 0 0.14163392727
8.56 0 0.14308082955
8.57 0 0.142603384921
8.58 0 0.145042220756
8.59 0 0.147054037062
8.6 0 0.147595346577
8.61 0 0.149666749576
8.62 0 0.151189179473
8.63 0 0.151341961762
8.64 0 0.158691735745
8.65 0 0.161381500232
8.66 0 0.162862463406
8.67 0 0.167959233175
8.68 0 0.170591228084
8.69 0 0.170452435697
8.7 0 0.174738189395
8.71 0 0.176401257007
8.72 0 0.180165947651
8.73 0 0.180853237862
8.74 0 0.181337083447
8.75 0 0.182088414888
8.76 0 0.182582606638
8.77 0 0.183147072746
8.78 0 0.181821536432
8.79 0 0.181142143101
8.8 0 0.181588450635
8.81 0 0.179950940717
8.82 0 0.177688512756
8.83 0 0.1747318712
8.84 0 0.174062028539
8.85 0 0.171578030798
8.86 0 0.172034933797
8.87 0 0.167273801969
8.88 0 0.166843670172
8.89 0 0.166927618734
8.9 0 0.164087194097
8.91 0 0.161509176296
8.92 0 0.158053084772
8.93 0 0.154851044952
8.94 0 0.151353670232
8.95 0 0.150940549418
8.96 0 0.151464008144
8.97 0 0.151791665392
8.98 0 0.153429937063
8.99 0 0.153303269983
9.0 0 0.152152898667
9.01 0 0.150709800604
9.02 0 0.150486734637
9.03 0 0.149547223106
9.04 0 0.148492826732
9.05 0 0.147587256209
9.06 0 0.147587256209
9.07 0 0.147587256209
9.08 0 0.146203287071
9.09 0 0.147363697913
9.1 0 0.148107078642
9.11 0 0.148312521052
9.12 0 0.148465421809
9.13 0 0.148885749712
9.14 0 0.149162212993
9.15 0 0.149968487448
9.16 0 0.150150070028
9.17 0 0.150090086814
9.18 0 0.150251890404
9.19 0 0.150898513651
9.2 0 0.151451919795
9.21 0 0.151613816855
9.22 0 0.151002446565
9.23 0 0.150774270774
9.24 0 0.150920236904
9.25 0 0.152007431026
9.26 0 0.152585778226
9.27 0 0.153299335871
9.28 0 0.154590675388
9.29 0 0.154590675388
9.3 0 0.154590675388
9.31 0 0.158959298072
9.32 0 0.160903147227
9.33 0 0.160779932602
9.34 0 0.16119292943
9.35 0 0.163542257272
9.36 0 0.16542809699
9.37 0 0.165269400651
9.38 0 0.167223097135
9.39 0 0.168711237894
9.4 0 0.169323459647
9.41 0 0.169951627988
9.42 0 0.172298671502
9.43 0 0.174910743227
9.44 0 0.173963079011
9.45 0 0.174848724519
9.46 0 0.176518764505
9.47 0 0.181893592194
9.48 0 0.184181355823
9.49 0 0.185341618202
9.5 0 0.189455308413
9.51 0 0.193562083214
9.52 0 0.195217838538
9.53 0 0.198482272302
9.54 0 0.200298159345
9.55 0 0.200737712417
9.56 0 0.20140776866
9.57 0 0.202408299314
9.58 0 0.202467432984
9.59 0 0.201795825041
9.6 0 0.201186000289
9.61 0 0.198176417985
9.62 0 0.19755166801
9.63 0 0.195788181314
9.64 0 0.195788181314
9.65 0 0.19021450295
9.66 0 0.186056509353
9.67 0 0.183667029147
9.68 0 0.180934714257
9.69 0 0.180733745617
9.7 0 0.180256390864
9.71 0 0.178891039108
9.72 0 0.176267200363
9.73 0 0.174344719442
9.74 0 0.173327710976
9.75 0 0.173327710976
9.76 0 0.172055292077
9.77 0 0.171758862191
9.78 0 0.172121191497
9.79 0 0.171404269599
9.8 0 0.17001505156
9.81 0 0.17052205795
9.82 0 0.171511027607
9.83 0 0.1719462798
9.84 0 0.171891458766
9.85 0 0.171755875656
9.86 0 0.171755875656
9.87 0 0.171755875656
9.88 0 0.171755875656
9.89 0 0.168233509134
9.9 0 0.166887552277
9.91 0 0.165369747326
9.92 0 0.164378308493
9.93 0 0.164584050051
9.94 0 0.164830792271
9.95 0 0.164860240743
9.96 0 0.165473867093
9.97 0 0.165473867093
9.98 0 0.165455039611
9.99 0 0.165619765062
10.0 0 0.165966745591
10.01 0 0.16609450411
10.02 0 0.166361310734
10.03 0 0.165327297561
10.04 0 0.165225110152
10.05 0 0.165174453741
10.06 0 0.165930595058
10.07 0 0.165777890857
10.08 0 0.166001315452
10.09 0 0.166520690302
10.1 0 0.166520690302
10.11 0 0.169685844212
10.12 0 0.17057852788
10.13 0 0.171521032375
10.14 0 0.173995236019
10.15 0 0.175531392329
10.16 0 0.178894877953
10.17 0 0.181126529864
10.18 0 0.183068971607
10.19 0 0.184443002399
10.2 0 0.183878805911
10.21 0 0.186045148226
10.22 0 0.187976407139
10.23 0 0.189998198539
10.24 0 0.189768436536
10.25 0 0.197108505746
10.26 0 0.198063313415
10.27 0 0.198959927913
10.28 0 0.198916364627
10.29 0 0.199736376385
10.3 0 0.199736376385
10.31 0 0.199736376385
10.32 0 0.202668770068
10.33 0 0.202668770068
10.34 0 0.202668770068
10.35 0 0.204670702386
10.36 0 0.207103725394
10.37 0 0.209128722575
10.38 0 0.21057519317
10.39 0 0.211826909037
10.4 0 0.212813449353
10.41 0 0.212670809995
10.42 0 0.212605704135
10.43 0 0.212605704135
10.44 0 0.210252775677
10.45 0 0.209939126366
10.46 0 0.209650698226
10.47 0 0.209222172747
10.48 0 0.209222172747
10.49 0 0.20706525954
10.5 0 0.206029155208
10.51 0 0.204729279758
10.52 0 0.203359824888
10.53 0 0.202635849647
10.54 0 0.202235737838
10.55 0 0.202235737838
10.56 0 0.199850540412
10.57 0 0.201649422227
10.58 0 0.202183952801
10.59 0 0.202531935515
10.6 0 0.203850013285
10.61 0 0.20396115694
10.62 0 0.20387514395
10.63 0 0.20305217809
10.64 0 0.203015895311
10.65 0 0.202427127409
10.66 0 0.202747912035
10.67 0 0.202587814037
10.68 0 0.202568149632
10.69 0 0.201992646696
10.7 0 0.201699410855
10.71 0 0.201580274325
10.72 0 0.201476444511
10.73 0 0.201476444511
10.74 0 0.201589646961
10.75 0 0.201580582462
10.76 0 0.199352378605
10.77 0 0.198561268377
10.78 0 0.197578670068
10.79 0 0.198544037934
10.8 0 0.201222806663
10.81 0 0.202617797564
10.82 0 0.204724635019
10.83 0 0.20540958487
10.84 0 0.207313952055
10.85 0 0.208900267849
10.86 0 0.212386447759
10.87 0 0.213468052125
10.88 0 0.214736613903
10.89 0 0.214892331463
10.9 0 0.215100751794
10.91 0 0.217114838623
10.92 0 0.217733464651
10.93 0 0.217781326643
10.94 0 0.216907316623
10.95 0 0.218865227455
10.96 0 0.218032737277
10.97 0 0.218801361906
10.98 0 0.219910286872
10.99 0 0.221756306429
11.0 0 0.222192210085
11.01 0 0.225180685263
11.02 0 0.229762640446
11.03 0 0.234333661801
11.04 0 0.235422633768
11.05 0 0.239514434171
11.06 0 0.24011892273
11.07 0 0.241359918512
11.08 0 0.244176114549
11.09 0 0.244176114549
11.1 0 0.245900971254
11.11 0 0.246713181216
11.12 0 0.246790481445
11.13 0 0.246790481445
11.14 0 0.246790481445
11.15 0 0.246790481445
11.16 0 0.248865233856
11.17 0 0.247775694269
11.18 0 0.247166655339
11.19 0 0.243947519328
11.2 0 0.240073089903
11.21 0 0.237636267757
11.22 0 0.236136591344
11.23 0 0.235336427575
11.24 0 0.236147249481
11.25 0 0.237047974935
11.26 0 0.238517847655
11.27 0 0.239807662409
11.28 0 0.240648918355
11.29 0 0.240992860317
11.3 0 0.2431414915
11.31 0 0.244095244671
11.32 0 0.244750491326
11.33 0 0.244446917085
11.34 0 0.244446917085
11.35 0 0.244446917085
11.36 0 0.241158060098
11.37 0 0.236813783043
11.38 0 0.234989288367
11.39 0 0.232581169588
11.4 0 0.231365405848
11.41 0 0.230743985946
11.42 0 0.23024133316
11.43 0 0.229177405512
11.44 0 0.228940167691
11.45 0 0.229016437686
11.46 0 0.229287731453
11.47 0 0.229472645097
11.48 0 0.229559486142
11.49 0 0.229564195073
11.5 0 0.229240519057
11.51 0 0.229377175056
11.52 0 0.231133986023
11.53 0 0.231133986023
11.54 0 0.232024842238
11.55 0 0.231918342056
11.56 0 0.232358379025
11.57 0 0.232866187269
11.58 0 0.233127043519
11.59 0 0.233959650329
11.6 0 0.233959650329
11.61 0 0.2355868261
11.62 0 0.236293705709
11.63 0 0.237399981099
11.64 0 0.239494202753
11.65 0 0.238893720902
11.66 0 0.241007148124
11.67 0 0.241987730817
11.68 0 0.242806430577
11.69 0 0.244775037837
11.7 0 0.244076895434
11.71 0 0.244338630764
11.72 0 0.246389921405
11.73 0 0.245996301335
11.74 0 0.243751080122
11.75 0 0.244516202262
11.76 0 0.24415620276
11.77 0 0.245877075813
11.78 0 0.245839141967
11.79 0 0.248074447843
11.8 0 0.248074447843
11.81 0 0.250790574086
11.82 0 0.251087227571
11.83 0 0.256304303208
11.84 0 0.258533470751
11.85 0 0.259985345287
11.86 0 0.261684697885
11.87 0 0.264300946657
11.88 0 0.266314905807
11.89 0 0.266314905807
11.9 0 0.265454628439
11.91 0 0.265973448194
11.92 0 0.267296210115
11.93 0 0.266085655099
11.94 0 0.265418004371
11.95 0 0.264713024316
11.96 0 0.264713024316
11.97 0 0.260968200665
11.98 0 0.258862324774
11.99 0 0.258575738752
12.0 0 0.257684709644
12.01 0 0.257684709644
12.02 0 0.256750417174
12.03 0 0.25685633039
12.04 0 0.255585069684
12.05 0 0.255325436924
12.06 0 0.255325436924
12.07 0 0.255325436924
12.08 0 0.258328812264
12.09 0 0.261466334053
12.1 0 0.260994949628
12.11 0 0.25987862962
12.12 0 0.259540728551
12.13 0 0.259159332112
12.14 0 0.257949988415
12.15 0 0.257194131335
12.16 0 0.256893782387
12.17 0 0.256018954476
12.18 0 0.255924504751
12.19 0 0.252609848216
12.2 0 0.253275842196
12.21 0 0.253824701891
12.22 0 0.254073173379
12.23 0 0.25467777255
12.24 0 0.255229065197
12.25 0 0.256375956288
12.26 0 0.257050633568
12.27 0 0.257647194253
12.28 0 0.258606721642
12.29 0 0.258529378708
12.3 0 0.259078400587
12.31 0 0.259108501772
12.32 0 0.260287425191
12.33 0 0.261105512593
12.34 0 0.261969497655
12.35 0 0.262418836624
12.36 0 0.264053391611
12.37 0 0.26614327107
12.38 0 0.267396825631
12.39 0 0.269259029509
12.4 0 0.273014380368
12.41 0 0.274225009738
12.42 0 0.275356171787
12.43 0 0.279513738385
12.44 0 0.27950702977
12.45 0 0.278803045196
12.46 0 0.278828054516
12.47 0 0.278828054516
12.48 0 0.278828054516
12.49 0 0.279126910337
12.5 0 0.279411421781
12.51 0 0.279411421781
12.52 0 0.283151376224
12.53 0 0.285608087864
12.54 0 0.284358601939
12.55 0 0.287267095212
12.56 0 0.288639416319
12.57 0 0.289914046175
12.58 0 0.29464218202
12.59 0 0.295877644884
12.6 0 0.298464259834
12.61 0 0.299597095688
12.62 0 0.299631228529
12.63 0 0.300051059506
12.64 0 0.300972346116
12.65 0 0.301800982518
12.66 0 0.302216995034
12.67 0 0.302436140242
12.68 0 0.302304292602
12.69 0 0.300582195129
12.7 0 0.30058105405
12.71 0 0.299291287162
12.72 0 0.299101180272
12.73 0 0.298037076494
12.74 0 0.296083646353
12.75 0 0.292266096205
12.76 0 0.286183126034
12.77 0 0.286507483936
12.78 0 0.280190137194
12.79 0 0.274526401886
12.8 0 0.274526401886
12.81 0 0.263561883777
12.82 0 0.258363866552
12.83 0 0.255971884624
12.84 0 0.25368100713
12.85 0 0.250844634385
12.86 0 0.251139348839
12.87 0 0.250488202764
12.88 0 0.25039335381
12.89 0 0.25039335381
12.9 0 0.249285230719
12.91 0 0.249095299048
12.92 0 0.249692617204
12.93 0 0.249603879047
12.94 0 0.249433762934
12.95 0 0.247874621276
12.96 0 0.2472332895
12.97 0 0.247050851758
12.98 0 0.247125355822
12.99 0 0.248649589274
13.0 0 0.249837015175
13.01 0 0.250474034522
13.02 0 0.250964796009
13.03 0 0.251909172768
13.04 0 0.252442315753
13.05 0 0.253993034028
13.06 0 0.255360452466
13.07 0 0.255475428342
13.08 0 0.256910946647
13.09 0 0.257870766986
13.1 0 0.2588525598
13.11 0 0.2595964919
13.12 0 0.259786663014
13.13 0 0.259762597346
13.14 0 0.259936737022
13.15 0 0.260513571566
13.16 0 0.260538803209
13.17 0 0.261940847812
13.18 0 0.264886046876
13.19 0 0.266616143068
13.2 0 0.26881105674
13.21 0 0.272653014831
13.22 0 0.273864705053
13.23 0 0.275560428729
13.24 0 0.276644651874
13.25 0 0.277309909643
13.26 0 0.27743290927
13.27 0 0.277896654814
13.28 0 0.277844780544
13.29 0 0.278851634675
13.3 0 0.27711804092
13.31 0 0.280960540988
13.32 0 0.283325347972
13.33 0 0.283952479764
13.34 0 0.284755871258
13.35 0 0.283081376907
13.36 0 0.288675419603
13.37 0 0.293823556982
13.38 0 0.298518163172
13.39 0 0.297976295721
13.4 0 0.306214868229
13.41 0 0.308509847925
13.42 0 0.309374466125
13.43 0 0.310214886904
13.44 0 0.310214886904
13.45 0 0.310214886904
13.46 0 0.311386942846
13.47 0 0.311456508584
13.48 0 0.311532694286
13.49 0 0.311342619194
13.5 0 0.312485597288
13.51 0 0.313439236131
13.52 0 0.313241404535
13.53 0 0.311947604667
13.54 0 0.31129989063
13.55 0 0.307601425143
13.56 0 0.302684051676
13.57 0 0.297302588907
13.58 0 0.293757586928
13.59 0 0.289494585063
13.6 0 0.284503637392
13.61 0 0.280788448957
13.62 0 0.276639705154
13.63 0 0.275780674442
13.64 0 0.275678596065
13.65 0 0.275253887712
13.66 0 0.275253887712
13.67 0 0.27408041995
13.68 0 0.273972233943
13.69 0 0.273136551181
13.7 0 0.272332914083
13.71 0 0.272111895176
13.72 0 0.272180413999
13.73 0 0.272993544001
13.74 0 0.272872490979
13.75 0 0.273383211195
13.76 0 0.274119820662
13.77 0 0.274119820662
13.78 0 0.274167582748
13.79 0 0.275134092309
13.8 0 0.275325501418
13.81 0 0.275750884534
13.82 0 0.27577832882
13.83 0 0.275988523189
13.84 0 0.275911485992
13.85 0 0.275757477599
13.86 0 0.27558658149
13.87 0 0.276398232787
13.88 0 0.276570426515
13.89 0 0.276541512332
13.9 0 0.277951572885
13.91 0 0.278667291486
13.92 0 0.278885165586
13.93 0 0.278933226476
13.94 0 0.278933226476
13.95 0 0.278933226476
13.96 0 0.282089282261
13.97 0 0.283448718436
13.98 0 0.284799984582
13.99 0 0.287764595328
14.0 0 0.288448958988
14.01 0 0.292663869824
14.02 0 0.292663869824
14.03 0 0.292663869824
14.04 0 0.299576447223
14.05 0 0.300952002605
14.06 0 0.300032859707
14.07 0 0.30410707196
14.08 0 0.30410707196
14.09 0 0.30625318871
14.1 0 0.308407807171
14.11 0 0.307637931589
14.12 0 0.309614458086
14.13 0 0.313865923876
14.14 0 0.313865923876
14.15 0 0.313865923876
14.16 0 0.325093761467
14.17 0 0.328520344938
14.18 0 0.331546710002
14.19 0 0.334073581213
14.2 0 0.335142248183
14.21 0 0.336077517066
14.22 0 0.336456168698
14.23 0 0.336213870546
14.24 0 0.336118654107
14.25 0 0.336150363336
14.26 0 0.334972580391
14.27 0 0.332973581204
14.28 0 0.332094330598
14.29 0 0.332094330598
14.3 0 0.329784464697
14.31 0 0.329286120518
14.32 0 0.328806165374
14.33 0 0.328046377224
14.34 0 0.326494175386
14.35 0 0.326679956471
14.36 0 0.324612965841
14.37 0 0.323051927598
14.38 0 0.320092627106
14.39 0 0.319432529697
14.4 0 0.319965269461
14.41 0 0.320114893235
14.42 0 0.321152124241
14.43 0 0.324147465996
14.44 0 0.323911748454
14.45 0 0.32160518284
14.46 0 0.319713372335
14.47 0 0.319713372335
14.48 0 0.318457219025
14.49 0 0.318622210852
14.5 0 0.319001232599
14.51 0 0.319607553589
14.52 0 0.319989875627
14.53 0 0.319989875627
14.54 0 0.319989875627
14.55 0 0.32126704447
14.56 0 0.32126704447
14.57 0 0.32164939647
14.58 0 0.323400646848
14.59 0 0.323447265752
14.6 0 0.325219278251
14.61 0 0.325402859997
14.62 0 0.324900555137
14.63 0 0.324048445826
14.64 0 0.32382682593
14.65 0 0.323155449653
14.66 0 0.323836781258
14.67 0 0.323836781258
14.68 0 0.323836781258
14.69 0 0.324647482061
14.7 0 0.324636724121
14.71 0 0.324636724121
14.72 0 0.324636724121
14.73 0 0.326976033031
14.74 0 0.327688921639
14.75 0 0.328919203176
14.76 0 0.330073037562
14.77 0 0.329673152128
14.78 0 0.331326311515
14.79 0 0.333128877284
14.8 0 0.336496857461
14.81 0 0.338241567381
14.82 0 0.338693727974
14.83 0 0.343134122078
14.84 0 0.343134122078
14.85 0 0.343134122078
14.86 0 0.343208825073
14.87 0 0.340498397546
14.88 0 0.342823436893
14.89 0 0.348625220496
14.9 0 0.347032172139
14.91 0 0.344952554405
14.92 0 0.34587777105
14.93 0 0.356247356278
14.94 0 0.35530094324
14.95 0 0.35530094324
14.96 0 0.36380040371
14.97 0 0.363513971705
14.98 0 0.363412161538
14.99 0 0.363000044275
15.0 0 0.363368768384
15.01 0 0.363111439436
15.02 0 0.363111439436
15.03 0 0.365887382392
15.04 0 0.36693917266
15.05 0 0.368283527848
15.06 0 0.368807957606
15.07 0 0.369050463549
15.08 0 0.369077279923
15.09 0 0.369029424961
15.1 0 0.369581423018
15.11 0 0.36964575683
15.12 0 0.369873503932
15.13 0 0.37002024953
15.14 0 0.371626673102
15.15 0 0.371767435743
15.16 0 0.370668127546
15.17 0 0.369446361625
15.18 0 0.370091574593
15.19 0 0.370240705103
15.2 0 0.370157980231
15.21 0 0.369787612234
15.22 0 0.36720236005
15.23 0 0.365165266129
15.24 0 0.364204091107
15.25 0 0.360184167831
15.26 0 0.359241212021
15.27 0 0.358821148847
15.28 0 0.357858685397
15.29 0 0.357128116899
15.3 0 0.3564419158
15.31 0 0.355772276842
15.32 0 0.354529607425
15.33 0 0.353437976137
15.34 0 0.353437976137
15.35 0 0.354291572154
15.36 0 0.354126222682
15.37 0 0.35269747562
15.38 0 0.353988085566
15.39 0 0.353988085566
15.4 0 0.355543574802
15.41 0 0.355668026431
15.42 0 0.355838489292
15.43 0 0.356539035628
15.44 0 0.356824083739
15.45 0 0.357411198529
15.46 0 0.357711535864
15.47 0 0.358018140251
15.48 0 0.358336549531
15.49 0 0.359405551225
15.5 0 0.35964201382
15.51 0 0.360807150594
15.52 0 0.361649724765
15.53 0 0.362232931378
15.54 0 0.3639972096
15.55 0 0.364930759091
15.56 0 0.366230578318
15.57 0 0.366575352043
15.58 0 0.369250999413
15.59 0 0.368589643496
15.6 0 0.373006473345
15.61 0 0.370974697358
15.62 0 0.374613850497
15.63 0 0.376177129682
15.64 0 0.376525886307
15.65 0 0.376525886307
15.66 0 0.381389166104
15.67 0 0.384759894065
15.68 0 0.389877864366
15.69 0 0.391705326817
15.7 0 0.392314217648
15.71 0 0.395379106263
15.72 0 0.396585961069
15.73 0 0.396435403938
15.74 0 0.397469104132
15.75 0 0.398844172546
15.76 0 0.398690161506
15.77 0 0.400450519241
15.78 0 0.400792422732
15.79 0 0.40021922721
15.8 0 0.403192511614
15.81 0 0.405941779495
15.82 0 0.406446127319
15.83 0 0.40572352861
15.84 0 0.406408313006
15.85 0 0.406876589258
15.86 0 0.407766749365
15.87 0 0.40764575008
15.88 0 0.407273131486
15.89 0 0.407480478305
15.9 0 0.407155713714
15.91 0 0.407661485247
15.92 0 0.407639777569
15.93 0 0.407672942442
15.94 0 0.407092468685
15.95 0 0.407085858099
15.96 0 0.405450704858
15.97 0 0.404861610556
15.98 0 0.402650772503
15.99 0 0.402991783759
16.0 0 0.403190825953
16.01 0 0.402297385507
16.02 0 0.400709817738
16.03 0 0.399753915142
16.04 0 0.397557950004
16.05 0 0.396777277477
16.06 0 0.394546601234
16.07 0 0.393975530519
16.08 0 0.394197883665
16.09 0 0.393898225772
16.1 0 0.393854307265
16.11 0 0.393854307265
16.12 0 0.391118126657
16.13 0 0.391172624198
16.14 0 0.391550691013
16.15 0 0.392219551637
16.16 0 0.393071040433
16.17 0 0.39380907443
16.18 0 0.39380907443
16.19 0 0.39380907443
16.2 0 0.3944487782
16.21 0 0.394888550335
16.22 0 0.394888550335
16.23 0 0.394644068328
16.24 0 0.395838634731
16.25 0 0.396284184426
16.26 0 0.396966877747
16.27 0 0.398426667363
16.28 0 0.399606659124
16.29 0 0.400305948743
16.3 0 0.402485140817
16.31 0 0.404184685003
16.32 0 0.403927829308
16.33 0 0.405612915555
16.34 0 0.406807697133
16.35 0 0.408639825913
16.36 0 0.411948138877
16.37 0 0.412597543014
16.38 0 0.414049147146
16.39 0 0.414559602456
16.4 0 0.413325416328
16.41 0 0.416215187395
16.42 0 0.417864704935
16.43 0 0.4182637663
16.44 0 0.416585480113
16.45 0 0.418975299612
16.46 0 0.417717828677
16.47 0 0.420974856427
16.48 0 0.42141061406
16.49 0 0.42141061406
16.5 0 0.423497590088
16.51 0 0.425393867043
16.52 0 0.425158124551
16.53 0 0.423835078956
16.54 0 0.424120774638
16.55 0 0.421981735918
16.56 0 0.421981735918
16.57 0 0.421981735918
16.58 0 0.421981735918
16.59 0 0.416079729841
16.6 0 0.416390950918
16.61 0 0.416390950918
16.62 0 0.416390950918
16.63 0 0.429934066375
16.64 0 0.429761085551
16.65 0 0.429538307121
16.66 0 0.429538307121
16.67 0 0.427395333105
16.68 0 0.427756819295
16.69 0 0.427966591504
16.7 0 0.427414189134
16.71 0 0.427442259821
16.72 0 0.427308696713
16.73 0 0.427593339217
16.74 0 0.427243529091
16.75 0 0.427128365399
16.76 0 0.427128365399
16.77 0 0.427128365399
16.78 0 0.420635237149
16.79 0 0.41988320122
16.8 0 0.419933427188
16.81 0 0.418963909075
16.82 0 0.418769249898
16.83 0 0.419256746447
16.84 0 0.419439772393
16.85 0 0.418385835577
16.86 0 0.418385835577
16.87 0 0.418385835577
16.88 0 0.416491378586
16.89 0 0.416491378586
16.9 0 0.416491378586
16.91 0 0.413245190202
16.92 0 0.413545904745
16.93 0 0.4145588326
16.94 0 0.415450934522
16.95 0 0.4172979036
16.96 0 0.41903290635
16.97 0 0.420755784401
16.98 0 0.421006644164
16.99 0 0.422174137208
17.0 0 0.423204214531
17.01 0 0.424814264517
17.02 0 0.426118699241
17.03 0 0.426118699241
17.04 0 0.42809467046
17.05 0 0.428892831265
17.06 0 0.42893794043
17.07 0 0.429659024425
17.08 0 0.430477782794
17.09 0 0.433264960754
17.1 0 0.43340934907
17.11 0 0.433636510467
17.12 0 0.435021396016
17.13 0 0.436247250415
17.14 0 0.438024537176
17.15 0 0.439732056621
17.16 0 0.442189327173
17.17 0 0.444024055359
17.18 0 0.445345276444
17.19 0 0.444600620078
17.2 0 0.444655002582
17.21 0 0.44529972352
17.22 0 0.445115677858
17.23 0 0.447056692415
17.24 0 0.450700171799
17.25 0 0.45198178852
17.26 0 0.453027727005
17.27 0 0.451927725935
17.28 0 0.454603189188
17.29 0 0.45312822463
17.3 0 0.457420160852
17.31 0 0.461737711438
17.32 0 0.461933870356
17.33 0 0.461464313763
17.34 0 0.461808633882
17.35 0 0.461808633882
17.36 0 0.463746778643
17.37 0 0.465541250253
17.38 0 0.465591997092
17.39 0 0.463355549119
17.4 0 0.464969759213
17.41 0 0.466443450594
17.42 0 0.466443450594
17.43 0 0.468554670249
17.44 0 0.469482029993
17.45 0 0.469482029993
17.46 0 0.468176699134
17.47 0 0.468007655732
17.48 0 0.468927429961
17.49 0 0.46784849655
17.5 0 0.467987601323
17.51 0 0.466462845252
17.52 0 0.462381030783
17.53 0 0.461127861915
17.54 0 0.461687605257
17.55 0 0.461649394707
17.56 0 0.462192365315
17.57 0 0.462815625734
17.58 0 0.46076022098
17.59 0 0.454807416958
17.6 0 0.453006923166
17.61 0 0.452827332908
17.62 0 0.452827332908
17.63 0 0.451664756832
17.64 0 0.449074596772
17.65 0 0.447413833938
17.66 0 0.446974606559
17.67 0 0.447162681723
17.68 0 0.447731278532
17.69 0 0.447865383608
17.7 0 0.447473044471
17.71 0 0.448231685252
17.72 0 0.450068772332
17.73 0 0.45197758719
17.74 0 0.452482293435
17.75 0 0.452889278669
17.76 0 0.453369929746
17.77 0 0.453992017191
17.78 0 0.455221086002
17.79 0 0.456502549012
17.8 0 0.456677120312
17.81 0 0.458228659266
17.82 0 0.45981583074
17.83 0 0.460685402515
17.84 0 0.461989544743
17.85 0 0.462789156142
17.86 0 0.463076956726
17.87 0 0.462557999551
17.88 0 0.464063132448
17.89 0 0.465247950301
17.9 0 0.46600928409
17.91 0 0.466859711771
17.92 0 0.46981771455
17.93 0 0.469731456911
17.94 0 0.471690238712
17.95 0 0.473718196192
17.96 0 0.473084965084
17.97 0 0.471972872115
17.98 0 0.472271849203
17.99 0 0.472655627258
18.0 0 0.474077332195
18.01 0 0.478620548234
18.02 0 0.478104701432
18.03 0 0.478325371418
18.04 0 0.478325371418
18.05 0 0.484341632733
18.06 0 0.485385173243
18.07 0 0.488465226713
18.08 0 0.488071439619
18.09 0 0.494709980259
18.1 0 0.494919198186
18.11 0 0.496117614623
18.12 0 0.496594425098
18.13 0 0.497677708826
18.14 0 0.49717244894
18.15 0 0.497632585791
18.16 0 0.497581474617
18.17 0 0.498047446767
18.18 0 0.500190106121
18.19 0 0.501026461506
18.2 0 0.503106001145
18.21 0 0.503933833313
18.22 0 0.504543362552
18.23 0 0.504509020746
18.24 0 0.503803584759
18.25 0 0.503897965717
18.26 0 0.505889410614
18.27 0 0.506243988087
18.28 0 0.507015095486
18.29 0 0.506377908689
18.3 0 0.50769216289
18.31 0 0.50755954753
18.32 0 0.506429212774
18.33 0 0.504136130405
18.34 0 0.504136130405
18.35 0 0.504136130405
18.36 0 0.499624704698
18.37 0 0.495512715089
18.38 0 0.493729889579
18.39 0 0.491323109254
18.4 0 0.490509938334
18.41 0 0.488906934972
18.42 0 0.485731141161
18.43 0 0.484839197304
18.44 0 0.4841926804
18.45 0 0.48392283156
18.46 0 0.483901641946
18.47 0 0.48496776578
18.48 0 0.485786142097
18.49 0 0.486193221697
18.5 0 0.489281041801
18.51 0 0.490213321524
18.52 0 0.490657400213
18.53 0 0.491144700824
18.54 0 0.491144700824
18.55 0 0.49174403065
18.56 0 0.491557424507
18.57 0 0.492223209226
18.58 0 0.492301184267
18.59 0 0.492124375955
18.6 0 0.492212854522
18.61 0 0.493120922898
18.62 0 0.494715519071
18.63 0 0.495671779267
18.64 0 0.495777255623
18.65 0 0.496866798766
18.66 0 0.496866798766
18.67 0 0.49706967167
18.68 0 0.498113078761
18.69 0 0.501559556309
18.7 0 0.501203488777
18.71 0 0.505883772895
18.72 0 0.506249901453
18.73 0 0.50925388933
18.74 0 0.511018949174
18.75 0 0.509821890541
18.76 0 0.506697457218
18.77 0 0.503548989411
18.78 0 0.502564660606
18.79 0 0.505380552338
18.8 0 0.507061845298
18.81 0 0.507805891147
18.82 0 0.511303348506
18.83 0 0.511214634506
18.84 0 0.512136826233
18.85 0 0.508077455106
18.86 0 0.510910616826
18.87 0 0.509217767251
18.88 0 0.511445368498
18.89 0 0.511445368498
18.9 0 0.511445368498
18.91 0 0.514868119521
18.92 0 0.514868119521
18.93 0 0.519174913645
18.94 0 0.519174913645
18.95 0 0.522723824689
18.96 0 0.525176716436
18.97 0 0.526925286413
18.98 0 0.527507384874
18.99 0 0.528286797813
19.0 0 0.528681900573
19.01 0 0.528927172384
19.02 0 0.528686565074
19.03 0 0.52856563428
19.04 0 0.527131727228
19.05 0 0.527131727228
19.06 0 0.527131727228
19.07 0 0.525770564935
19.08 0 0.524172409848
19.09 0 0.524172409848
19.1 0 0.524172409848
19.11 0 0.524172409848
19.12 0 0.524172409848
19.13 0 0.523586062632
19.14 0 0.525333274127
19.15 0 0.524359615158
19.16 0 0.52250592896
19.17 0 0.52230405441
19.18 0 0.522323319363
19.19 0 0.521354577769
19.2 0 0.519721433557
19.21 0 0.519651088625
19.22 0 0.519275185214
19.23 0 0.519276067404
19.24 0 0.519338961537
19.25 0 0.519797395783
19.26 0 0.520485695507
19.27 0 0.521599508372
19.28 0 0.522919741268
19.29 0 0.525481663448
19.3 0 0.526288255668
19.31 0 0.526288255668
19.32 0 0.528200782558
19.33 0 0.528200782558
19.34 0 0.528544039817
19.35 0 0.528807812364
19.36 0 0.528789905441
19.37 0 0.529556314494
19.38 0 0.529181918376
19.39 0 0.529202519221
19.4 0 0.529198501998
19.41 0 0.530786937548
19.42 0 0.530884422838
19.43 0 0.531501529336
19.44 0 0.53201159364
19.45 0 0.531836571825
19.46 0 0.532763596111
19.47 0 0.536266820725
19.48 0 0.537453751446
19.49 0 0.54235448088
19.5 0 0.542452087392
19.51 0 0.542567462577
19.52 0 0.544102377797
19.53 0 0.543079290383
19.54 0 0.541158557701
19.55 0 0.540851128593
19.56 0 0.541390281617
19.57 0 0.541539524809
19.58 0 0.541539524809
19.59 0 0.545925694566
19.6 0 0.550245301219
19.61 0 0.549608733643
19.62 0 0.549156380573
19.63 0 0.55097932635
19.64 0 0.547152004467
19.65 0 0.548334903407
19.66 0 0.549372222829
19.67 0 0.55351641653
19.68 0 0.555408023104
19.69 0 0.556402344177
19.7 0 0.557156096588
19.71 0 0.557156096588
19.72 0 0.562489859954
19.73 0 0.566809725538
19.74 0 0.567729897004
19.75 0 0.568363106348
19.76 0 0.568273885068
19.77 0 0.569250315171
19.78 0 0.570259409358
19.79 0 0.570578717199
19.8 0 0.570765461031
19.81 0 0.571063698279
19.82 0 0.571063698279
19.83 0 0.571063698279
19.84 0 0.571889442638
19.85 0 0.570223458525
19.86 0 0.569980579916
19.87 0 0.569178245999
19.88 0 0.567909392523
19.89 0 0.568648149559
19.9 0 0.569554019769
19.91 0 0.569808578509
19.92 0 0.570433319763
19.93 0 0.572699042433
19.94 0 0.572729632951
19.95 0 0.572729632951
19.96 0 0.56954138224
19.97 0 0.569292319512
19.98 0 0.567915613462
19.99 0 0.564970547825
20.0 0 0.562496425457
20.01 0 0.560986343839
20.02 0 0.558840448701
20.03 0 0.557760370103
20.04 0 0.557769715512
20.05 0 0.558085646237
20.06 0 0.558291097231
20.07 0 0.55849615286
20.08 0 0.558910465942
20.09 0 0.559260810032
20.1 0 0.560162926679
20.11 0 0.560086464184
20.12 0 0.560539932905
20.13 0 0.56068994341
20.14 0 0.561359672191
20.15 0 0.562385737747
20.16 0 0.563190514845
20.17 0 0.563190514845
20.18 0 0.563190514845
20.19 0 0.563422756801
20.2 0 0.564678412858
20.21 0 0.56405599659
20.22 0 0.564260783933
20.23 0 0.56451242897
20.24 0 0.567067396813
20.25 0 0.567067396813
20.26 0 0.571143534117
20.27 0 0.574866891177
20.28 0 0.575507145885
20.29 0 0.575808620835
20.3 0 0.576351903163
20.31 0 0.576730606787
20.32 0 0.574746191839
20.33 0 0.574746191839
20.34 0 0.570530567342
20.35 0 0.571632673962
20.36 0 0.579185005354
20.37 0 0.580934005962
20.38 0 0.577126340549
20.39 0 0.573583100599
20.4 0 0.575205768658
20.41 0 0.5833278549
20.42 0 0.580629555577
20.43 0 0.581574393983
20.44 0 0.582904454165
20.45 0 0.588028472041
20.46 0 0.595773800623
20.47 0 0.596407904055
20.48 0 0.596534954354
20.49 0 0.596042810501
20.5 0 0.596348822545
20.51 0 0.596348822545
20.52 0 0.59588509682
20.53 0 0.593471176132
20.54 0 0.594818965084
20.55 0 0.59353175736
20.56 0 0.59407649227
20.57 0 0.593599958936
20.58 0 0.59361498102
20.59 0 0.59583854741
20.6 0 0.597131928989
20.61 0 0.597665553394
20.62 0 0.597812465827
20.63 0 0.597811435076
20.64 0 0.596318776876
20.65 0 0.595385310922
20.66 0 0.594397038582
20.67 0 0.594621894156
20.68 0 0.594307435754
20.69 0 0.595433295607
20.7 0 0.597134298586
20.71 0 0.597086887302
20.72 0 0.597183928454
20.73 0 0.597115780041
20.74 0 0.59645754851
20.75 0 0.594368226471
20.76 0 0.593783795131
20.77 0 0.592592279605
20.78 0 0.590641266722
20.79 0 0.586847252298
20.8 0 0.582517094507
20.81 0 0.581418319544
20.82 0 0.58127533497
20.83 0 0.581734124785
20.84 0 0.583392509435
20.85 0 0.585332074161
20.86 0 0.586241953587
20.87 0 0.58867847757
20.88 0 0.589353314799
20.89 0 0.590079752534
20.9 0 0.590751308864
20.91 0 0.590942638029
20.92 0 0.591335213518
20.93 0 0.592102507013
20.94 0 0.592974846459
20.95 0 0.593315824803
20.96 0 0.593834922689
20.97 0 0.59415799724
20.98 0 0.594360386671
20.99 0 0.594360386671
21.0 0 0.594360386671
21.01 0 0.595590428591
21.02 0 0.59581110683
21.03 0 0.59656401221
21.04 0 0.597766004963
21.05 0 0.601260397695
21.06 0 0.603139592081
21.07 0 0.607049327477
21.08 0 0.610517291278
21.09 0 0.61142167974
21.1 0 0.613100116402
21.11 0 0.614790777745
21.12 0 0.617408779241
21.13 0 0.618947268806
21.14 0 0.614989968032
21.15 0 0.615877582893
21.16 0 0.609833325043
21.17 0 0.605584324685
21.18 0 0.606096298508
21.19 0 0.606096298508
21.2 0 0.602243003956
21.21 0 0.604329097942
21.22 0 0.617038580673
21.23 0 0.617038580673
21.24 0 0.62268789125
21.25 0 0.62268789125
21.26 0 0.627673554794
21.27 0 0.628825938656
21.28 0 0.62910202261
21.29 0 0.62910202261
21.3 0 0.634444684656
21.31 0 0.634604395535
21.32 0 0.634696617009
21.33 0 0.633466510952
21.34 0 0.635251572778
21.35 0 0.636036918246
21.36 0 0.6375035448
21.37 0 0.637652080748
21.38 0 0.637652080748
21.39 0 0.639416693276
21.4 0 0.639698529292
21.41 0 0.638809222715
21.42 0 0.638354282591
21.43 0 0.638182117517
21.44 0 0.636584233962
21.45 0 0.635910382478
21.46 0 0.635595764137
21.47 0 0.63426902047
21.48 0 0.63454773405
21.49 0 0.634070039095
21.5 0 0.634070039095
21.51 0 0.631146713451
21.52 0 0.631287172646
21.53 0 0.631437501593
21.54 0 0.630604540414
21.55 0 0.629824595404
21.56 0 0.628170999627
21.57 0 0.62801103559
21.58 0 0.627766986024
21.59 0 0.62749535951
21.6 0 0.627491116171
21.61 0 0.627698713438
21.62 0 0.627992002983
21.63 0 0.627953969545
21.64 0 0.627963162567
21.65 0 0.62851895854
21.66 0 0.630553472576
21.67 0 0.631521362334
21.68 0 0.632416288772
21.69 0 0.633201828101
21.7 0 0.634185418432
21.71 0 0.634185418432
21.72 0 0.635255490095
21.73 0 0.635850834904
21.74 0 0.636525116474
21.75 0 0.637449582644
21.76 0 0.638492653972
21.77 0 0.638414279898
21.78 0 0.637857420467
21.79 0 0.638296513504
21.8 0 0.638275140667
21.81 0 0.6403219066
21.82 0 0.640895781155
21.83 0 0.64406784265
21.84 0 0.646261315174
21.85 0 0.647126863625
21.86 0 0.64974675997
21.87 0 0.652656745634
21.88 0 0.65283981122
21.89 0 0.651591252673
21.9 0 0.648709716692
21.91 0 0.647526296352
21.92 0 0.647526296352
21.93 0 0.64492736536
21.94 0 0.643632522471
21.95 0 0.642693048963
21.96 0 0.642693048963
21.97 0 0.649218035902
21.98 0 0.650707569765
21.99 0 0.651932456126
22.0 0 0.661035922343
22.01 0 0.662629592876
22.02 0 0.662732208104
22.03 0 0.66361082612
22.04 0 0.663394797751
22.05 0 0.664961781858
22.06 0 0.666505970241
22.07 0 0.666505970241
22.08 0 0.669021012047
22.09 0 0.671129170564
22.1 0 0.671523962593
22.11 0 0.672690530375
22.12 0 0.674778243237
22.13 0 0.675495425122
22.14 0 0.677455324938
22.15 0 0.678517160098
22.16 0 0.679205555537
22.17 0 0.679464591012
22.18 0 0.678869360578
22.19 0 0.679195651744
22.2 0 0.680014705917
22.21 0 0.681201798797
22.22 0 0.681388503789
22.23 0 0.681212924654
22.24 0 0.681118574756
22.25 0 0.680371410442
22.26 0 0.68156031091
22.27 0 0.682173894318
22.28 0 0.681993633326
22.29 0 0.680853550766
22.3 0 0.677849630395
22.31 0 0.677627943083
22.32 0 0.677602102742
22.33 0 0.675311368187
22.34 0 0.674647109647
22.35 0 0.672865436964
22.36 0 0.671989867031
22.37 0 0.671276066116
22.38 0 0.671171248052
22.39 0 0.671171248052
22.4 0 0.671023548104
22.41 0 0.671774160093
22.42 0 0.672810600553
22.43 0 0.672810600553
22.44 0 0.673605643697
22.45 0 0.675987383049
22.46 0 0.676904209918
22.47 0 0.677777014952
22.48 0 0.677879718763
22.49 0 0.67767015405
22.5 0 0.678722943328
22.51 0 0.679310773764
22.52 0 0.679686531524
22.53 0 0.680418770698
22.54 0 0.681402960633
22.55 0 0.68138560768
22.56 0 0.680702921795
22.57 0 0.681300641877
22.58 0 0.681300641877
22.59 0 0.681300641877
22.6 0 0.683739617083
22.61 0 0.684887050276
22.62 0 0.685358685406
22.63 0 0.689716026334
22.64 0 0.691815693454
22.65 0 0.693834312975
22.66 0 0.694927676248
22.67 0 0.695712603169
22.68 0 0.695712603169
22.69 0 0.695712603169
22.7 0 0.695873509703
22.71 0 0.695094510825
22.72 0 0.696598956516
22.73 0 0.694079948397
22.74 0 0.694079948397
22.75 0 0.695043398625
22.76 0 0.694358128351
22.77 0 0.694631348266
22.78 0 0.69376298543
22.79 0 0.6936005695
22.8 0 0.694086620461
22.81 0 0.702828335616
22.82 0 0.707540084819
22.83 0 0.710466137254
22.84 0 0.714315498135
22.85 0 0.717492003947
22.86 0 0.720511045917
22.87 0 0.720716034311
22.88 0 0.723152698567
22.89 0 0.722876048476
22.9 0 0.721922542865
22.91 0 0.721777762197
22.92 0 0.721092015852
22.93 0 0.718913623436
22.94 0 0.71877456528
22.95 0 0.71879230811
22.96 0 0.71879230811
22.97 0 0.71879230811
22.98 0 0.71879230811
22.99 0 0.716702237992
23.0 0 0.714749786791
23.01 0 0.712646924486
23.02 0 0.710868446923
23.03 0 0.707537299848
23.04 0 0.707523877572
23.05 0 0.707127908981
23.06 0 0.707127908981
23.07 0 0.707127908981
23.08 0 0.70494176641
23.09 0 0.705013498521
23.1 0 0.704635396398
23.11 0 0.704343733777
23.12 0 0.701421303712
23.13 0 0.700140821961
23.14 0 0.699077785298
23.15 0 0.698715960422
23.16 0 0.6985204034
23.17 0 0.698483736282
23.18 0 0.698808956993
23.19 0 0.699717850051
23.2 0 0.70033783409
23.21 0 0.700503517595
23.22 0 0.704412488208
23.23 0 0.706335719786
23.24 0 0.707770354626
23.25 0 0.708342225847
23.26 0 0.709380190317
23.27 0 0.709822857343
23.28 0 0.709827308274
23.29 0 0.709903161811
23.3 0 0.710577334134
23.31 0 0.712548215707
23.32 0 0.714611395725
23.33 0 0.715125053925
23.34 0 0.715267083075
23.35 0 0.715307822043
23.36 0 0.715474906802
23.37 0 0.715225661421
23.38 0 0.715179733435
23.39 0 0.715672509526
23.4 0 0.715248315448
23.41 0 0.717944611374
23.42 0 0.719186985069
23.43 0 0.721917310407
23.44 0 0.72321507046
23.45 0 0.72321507046
23.46 0 0.72321507046
23.47 0 0.729046901591
23.48 0 0.729046901591
23.49 0 0.729046901591
23.5 0 0.733654720027
23.51 0 0.737219333266
23.52 0 0.736265030029
23.53 0 0.735099641717
23.54 0 0.734906515427
23.55 0 0.733837382309
23.56 0 0.734912579762
23.57 0 0.735528868527
23.58 0 0.733186377215
23.59 0 0.733665853177
23.6 0 0.740832262172
23.61 0 0.74619953416
23.62 0 0.749981917712
23.63 0 0.753080857902
23.64 0 0.755564554747
23.65 0 0.758696492919
23.66 0 0.759572494763
23.67 0 0.763233928283
23.68 0 0.762968249213
23.69 0 0.762968249213
23.7 0 0.762968249213
23.71 0 0.76049779813
23.72 0 0.758701907414
23.73 0 0.757537783974
23.74 0 0.757122824387
23.75 0 0.757203309607
23.76 0 0.75675818877
23.77 0 0.755929367294
23.78 0 0.755325774235
23.79 0 0.755325774235
23.8 0 0.755325774235
23.81 0 0.753416455411
23.82 0 0.753416455411
23.83 0 0.749628880455
23.84 0 0.746317669458
23.85 0 0.746158610709
23.86 0 0.745063821804
23.87 0 0.744528241356
23.88 0 0.742660142001
23.89 0 0.741209842599
23.9 0 0.74138783424
23.91 0 0.741254056897
23.92 0 0.73971378945
23.93 0 0.738615042621
23.94 0 0.737879000776
23.95 0 0.737668939966
23.96 0 0.737779037382
23.97 0 0.738008108425
23.98 0 0.738212498302
23.99 0 0.738337020571
24.0 0 0.739949630795
24.01 0 0.74124619475
24.02 0 0.74124619475
24.03 0 0.742425586407
24.04 0 0.742790569199
24.05 0 0.742971328464
24.06 0 0.74400616738
24.07 0 0.744925927906
24.08 0 0.748295928998
24.09 0 0.748295928998
24.1 0 0.748295928998
24.11 0 0.75054062626
24.12 0 0.75116340157
24.13 0 0.75101748503
24.14 0 0.75065897934
24.15 0 0.750370867864
24.16 0 0.749529360026
24.17 0 0.749562767676
24.18 0 0.752353238271
24.19 0 0.753617732918
24.2 0 0.755054470959
24.21 0 0.756788830045
24.22 0 0.757016564381
24.23 0 0.757646032902
24.24 0 0.757646032902
24.25 0 0.757646032902
24.26 0 0.758695250999
24.27 0 0.758501326669
24.28 0 0.760609003634
24.29 0 0.764829826584
24.3 0 0.766573311658
24.31 0 0.766657274467
24.32 0 0.766289213936
24.33 0 0.766289213936
24.34 0 0.766345015493
24.35 0 0.767569009623
24.36 0 0.765986409193
24.37 0 0.776207856607
24.38 0 0.776828659566
24.39 0 0.776828659566
24.4 0 0.782954316008
24.41 0 0.784437892272
24.42 0 0.784513360318
24.43 0 0.784104676387
24.44 0 0.784312749593
24.45 0 0.785966866966
24.46 0 0.78608835101
24.47 0 0.78608835101
24.48 0 0.786050087341
24.49 0 0.786050087341
24.5 0 0.786050087341
24.51 0 0.786050087341
24.52 0 0.785625691099
24.53 0 0.785468737346
24.54 0 0.785072544977
24.55 0 0.784094177834
24.56 0 0.784094177834
24.57 0 0.784094177834
24.58 0 0.779055198908
24.59 0 0.775603727361
24.6 0 0.773874777111
24.61 0 0.772277368547
24.62 0 0.772811164497
24.63 0 0.773800601548
24.64 0 0.774267299289
24.65 0 0.773909710531
24.66 0 0.773821273431
24.67 0 0.773535143392
24.68 0 0.772189302349
24.69 0 0.770727636373
24.7 0 0.769655677596
24.71 0 0.76889254705
24.72 0 0.76696072057
24.73 0 0.766705235198
24.74 0 0.766694622192
24.75 0 0.767213317897
24.76 0 0.768392726064
24.77 0 0.769172643989
24.78 0 0.7702514182
24.79 0 0.773004477654
24.8 0 0.775357937522
24.81 0 0.77583238783
24.82 0 0.777093756642
24.83 0 0.779196565428
24.84 0 0.780590908746
24.85 0 0.781999159206
24.86 0 0.782653903907
24.87 0 0.785032128012
24.88 0 0.785714039149
24.89 0 0.785818741204
24.9 0 0.786319151417
24.91 0 0.786319151417
24.92 0 0.786258883454
24.93 0 0.785875564327
24.94 0 0.785875564327
24.95 0 0.78692170882
24.96 0 0.787424636598
24.97 0 0.789665342419
24.98 0 0.790726801592
24.99 0 0.792102432238
25.0 0 0.792352629074
25.01 0 0.793344560246
25.02 0 0.793229319688
25.03 0 0.792601785685
25.04 0 0.791716827658
25.05 0 0.790378478343
25.06 0 0.790378478343
25.07 0 0.793245229538
25.08 0 0.79082470364
25.09 0 0.78917091819
25.1 0 0.793119231194
25.11 0 0.794576765156
25.12 0 0.793767900206
25.13 0 0.799604577819
25.14 0 0.804421902241
25.15 0 0.805860899771
25.16 0 0.807113899427
25.17 0 0.809114963764
25.18 0 0.809114963764
25.19 0 0.814520840903
25.2 0 0.815241344478
25.21 0 0.817375012709
25.22 0 0.817375012709
25.23 0 0.817375012709
25.24 0 0.823808765453
25.25 0 0.826093600769
25.26 0 0.82551718045
25.27 0 0.824891471444
25.28 0 0.824891471444
25.29 0 0.824121456642
25.3 0 0.823961796961
25.31 0 0.823149277208
25.32 0 0.822416915819
25.33 0 0.821695173406
25.34 0 0.82021101483
25.35 0 0.819761921489
25.36 0 0.816218891149
25.37 0 0.814923260545
25.38 0 0.814923260545
25.39 0 0.812911541489
25.4 0 0.812911541489
25.41 0 0.812911541489
25.42 0 0.809540650821
25.43 0 0.809565587688
25.44 0 0.809896232629
25.45 0 0.809065634638
25.46 0 0.808402283919
25.47 0 0.80627305121
25.48 0 0.805639952494
25.49 0 0.804090417078
25.5 0 0.803726434453
25.51 0 0.803399401223
25.52 0 0.803408332845
25.53 0 0.801788347318
25.54 0 0.801788347318
25.55 0 0.800601439204
25.56 0 0.800680106401
25.57 0 0.801005949925
25.58 0 0.801361467049
25.59 0 0.801361467049
25.6 0 0.802214782422
25.61 0 0.802505516987
25.62 0 0.803764797091
25.63 0 0.803764797091
25.64 0 0.804461109995
25.65 0 0.806956025189
25.66 0 0.809311604532
25.67 0 0.810377878198
25.68 0 0.810330278358
25.69 0 0.810119050012
25.7 0 0.810722436153
25.71 0 0.810044492086
25.72 0 0.809993046471
25.73 0 0.809990054766
25.74 0 0.810076253747
25.75 0 0.810076253747
25.76 0 0.813838661184
25.77 0 0.81591584395
25.78 0 0.819249156253
25.79 0 0.82091750242
25.8 0 0.825391679275
25.81 0 0.826573833722
25.82 0 0.824869869947
25.83 0 0.824530714414
25.84 0 0.824530714414
25.85 0 0.820553991873
25.86 0 0.81662158007
25.87 0 0.820143687572
25.88 0 0.821247382993
25.89 0 0.821353041022
25.9 0 0.821353041022
25.91 0 0.82146773586
25.92 0 0.821421198674
25.93 0 0.824170820438
25.94 0 0.826834361249
25.95 0 0.833963052468
25.96 0 0.834641101222
25.97 0 0.835438723578
25.98 0 0.83844186043
25.99 0 0.840584090029
26.0 0 0.841631354991
26.01 0 0.842884069389
26.02 0 0.846814232735
26.03 0 0.846305047291
26.04 0 0.846305047291
26.05 0 0.846305047291
26.06 0 0.846305047291
26.07 0 0.845249774105
26.08 0 0.845249774105
26.09 0 0.845249774105
26.1 0 0.845202616085
26.11 0 0.845334072898
26.12 0 0.845859570642
26.13 0 0.845855247379
26.14 0 0.843835741162
26.15 0 0.841724290802
26.16 0 0.842273531045
26.17 0 0.843443996314
26.18 0 0.84394213895
26.19 0 0.84394213895
26.2 0 0.84394213895
26.21 0 0.848711014326
26.22 0 0.845518388685
26.23 0 0.844539645641
26.24 0 0.8428537841
26.25 0 0.841798908393
26.26 0 0.840406812334
26.27 0 0.839557287665
26.28 0 0.839557287665
26.29 0 0.839557287665
26.3 0 0.838284758503
26.31 0 0.838093076179
26.32 0 0.838093076179
26.33 0 0.83731090326
26.34 0 0.836585234182
26.35 0 0.836709686965
26.36 0 0.83698767767
26.37 0 0.83698767767
26.38 0 0.835384168655
26.39 0 0.835677893828
26.4 0 0.83606128813
26.41 0 0.836835210184
26.42 0 0.836879938371
26.43 0 0.837086927741
26.44 0 0.837800788102
26.45 0 0.838419032799
26.46 0 0.838447425336
26.47 0 0.838607702133
26.48 0 0.838828465066
26.49 0 0.838029868358
26.5 0 0.837296168141
26.51 0 0.837296168141
26.52 0 0.837296168141
26.53 0 0.837296168141
26.54 0 0.842716201074
26.55 0 0.844663222705
26.56 0 0.845633688436
26.57 0 0.845994806987
26.58 0 0.84719319462
26.59 0 0.850266122425
26.6 0 0.850329957758
26.61 0 0.849440845494
26.62 0 0.849461297273
26.63 0 0.849500002277
26.64 0 0.845999646441
26.65 0 0.841003952809
26.66 0 0.842468093568
26.67 0 0.850079005155
26.68 0 0.850292866326
26.69 0 0.848999909636
26.7 0 0.846819929028
26.71 0 0.858774215342
26.72 0 0.858377280851
26.73 0 0.857227526658
26.74 0 0.857354452965
26.75 0 0.857354452965
26.76 0 0.857354452965
26.77 0 0.857354452965
26.78 0 0.861324486929
26.79 0 0.85946157293
26.8 0 0.858998922381
26.81 0 0.854401888665
26.82 0 0.853787211204
26.83 0 0.853787211204
26.84 0 0.853958190658
26.85 0 0.858373226968
26.86 0 0.856278956674
26.87 0 0.860067158153
26.88 0 0.864437257268
26.89 0 0.866993941132
26.9 0 0.868000825128
26.91 0 0.867956176104
26.92 0 0.86889979514
26.93 0 0.869914551193
26.94 0 0.870062717902
26.95 0 0.868927844689
26.96 0 0.867896544146
26.97 0 0.867861897764
26.98 0 0.868566057001
26.99 0 0.868566057001
27.0 0 0.867658180211
27.01 0 0.867913066825
27.02 0 0.866248464669
27.03 0 0.863214130109
27.04 0 0.861793380779
27.05 0 0.861793380779
27.06 0 0.861793380779
27.07 0 0.861417627114
27.08 0 0.861467259741
27.09 0 0.862367699459
27.1 0 0.862367699459
27.11 0 0.862640007431
27.12 0 0.862641622806
27.13 0 0.862962345774
27.14 0 0.863051657763
27.15 0 0.861931735534
27.16 0 0.862155160272
27.17 0 0.862155160272
27.18 0 0.862155160272
27.19 0 0.863304970257
27.2 0 0.863062444551
27.21 0 0.863062444551
27.22 0 0.863360285822
27.23 0 0.865506569199
27.24 0 0.866157917408
27.25 0 0.866194048833
27.26 0 0.866363750513
27.27 0 0.866117408585
27.28 0 0.865838907545
27.29 0 0.865665626919
27.3 0 0.865799882498
27.31 0 0.867831102488
27.32 0 0.868398113202
27.33 0 0.870472069805
27.34 0 0.871176472793
27.35 0 0.873554872308
27.36 0 0.875215746188
27.37 0 0.875504715458
27.38 0 0.876756003096
27.39 0 0.875911908984
27.4 0 0.87459900876
27.41 0 0.873354932899
27.42 0 0.875026852851
27.43 0 0.873952833599
27.44 0 0.874073351892
27.45 0 0.87745005427
27.46 0 0.8768661128
27.47 0 0.880388447145
27.48 0 0.880388447145
27.49 0 0.880388447145
27.5 0 0.884987929363
27.51 0 0.886739255995
27.52 0 0.891655581986
27.53 0 0.891959178893
27.54 0 0.891965191121
27.55 0 0.89156058307
27.56 0 0.889695894794
27.57 0 0.891243617346
27.58 0 0.894354098876
27.59 0 0.896563251372
27.6 0 0.895825793739
27.61 0 0.895677705806
27.62 0 0.895703949935
27.63 0 0.897550685732
27.64 0 0.897528113092
27.65 0 0.897528113092
27.66 0 0.898254387223
27.67 0 0.89802149612
27.68 0 0.897891844091
27.69 0 0.898056964221
27.7 0 0.898308599071
27.71 0 0.896906745587
27.72 0 0.896599536368
27.73 0 0.896699272562
27.74 0 0.896617599534
27.75 0 0.896621198059
27.76 0 0.895670801978
27.77 0 0.895193571412
27.78 0 0.894560391985
27.79 0 0.892224993043
27.8 0 0.890322432898
27.81 0 0.889801937561
27.82 0 0.889113586199
27.83 0 0.887716575462
27.84 0 0.886991985686
27.85 0 0.88514255544
27.86 0 0.882728406808
27.87 0 0.881811082857
27.88 0 0.881782584617
27.89 0 0.88172310564
27.9 0 0.881772510518
27.91 0 0.881772510518
27.92 0 0.881906753417
27.93 0 0.881346367539
27.94 0 0.881263862529
27.95 0 0.87941530686
27.96 0 0.878799642226
27.97 0 0.878248811162
27.98 0 0.878238374778
27.99 0 0.877460262701
28.0 0 0.877159766483
28.01 0 0.876852078024
28.02 0 0.877231010747
28.03 0 0.878922740632
28.04 0 0.879273992066
28.05 0 0.879647590562
28.06 0 0.879985996217
28.07 0 0.879816668371
28.08 0 0.879805414049
28.09 0 0.880411304975
28.1 0 0.882251103116
28.11 0 0.885128549568
28.12 0 0.885965387223
28.13 0 0.888999284349
28.14 0 0.894172660501
28.15 0 0.896717217732
28.16 0 0.898329685053
28.17 0 0.898329685053
28.18 0 0.894831799807
28.19 0 0.893431892734
28.2 0 0.893417824911
28.21 0 0.896821877101
28.22 0 0.902368253444
28.23 0 0.90563343389
28.24 0 0.907872557837
28.25 0 0.907706814979
28.26 0 0.90883493521
28.27 0 0.906730247823
28.28 0 0.905658489482
28.29 0 0.905658489482
28.3 0 0.904136963775
28.31 0 0.904196086472
28.32 0 0.904196086472
28.33 0 0.904196086472
28.34 0 0.914642213604
28.35 0 0.917543767373
28.36 0 0.918375460012
28.37 0 0.920069047698
28.38 0 0.920069047698
28.39 0 0.92500019276
28.4 0 0.925778486352
28.41 0 0.925006652443
28.42 0 0.924706683416
28.43 0 0.923381770434
28.44 0 0.923381770434
28.45 0 0.922044916959
28.46 0 0.922486874092
28.47 0 0.921889379481
28.48 0 0.921738502752
28.49 0 0.920223131937
28.5 0 0.919198470529
28.51 0 0.919198470529
28.52 0 0.916200686992
28.53 0 0.913666891434
28.54 0 0.913133483237
28.55 0 0.912412755141
28.56 0 0.912077271016
28.57 0 0.912348582902
28.58 0 0.911886564333
28.59 0 0.910724359891
28.6 0 0.909046717163
28.61 0 0.909076699253
28.62 0 0.909275162195
28.63 0 0.909043062172
28.64 0 0.908607445403
28.65 0 0.908741045758
28.66 0 0.908909533261
28.67 0 0.909024503471
28.68 0 0.909024503471
28.69 0 0.909024503471
28.7 0 0.909875045487
28.71 0 0.911237149428
28.72 0 0.912028555506
28.73 0 0.912010646887
28.74 0 0.911952957254
28.75 0 0.913207341687
28.76 0 0.913297438492
28.77 0 0.915333436063
28.78 0 0.916862353882
28.79 0 0.917079516593
28.8 0 0.917260258206
28.81 0 0.920081995245
28.82 0 0.921145970708
28.83 0 0.921614054602
28.84 0 0.921487984343
28.85 0 0.922093811102
28.86 0 0.922093811102
28.87 0 0.922093811102
28.88 0 0.922619149959
28.89 0 0.92275324331
28.9 0 0.924684327477
28.91 0 0.928341398985
28.92 0 0.92921981251
28.93 0 0.931870235089
28.94 0 0.931870235089
28.95 0 0.934046488369
28.96 0 0.93402959266
28.97 0 0.93402959266
28.98 0 0.928795966526
28.99 0 0.930837662024
29.0 0 0.929918353299
29.01 0 0.930951537298
29.02 0 0.93212669597
29.03 0 0.932688502865
29.04 0 0.932688502865
29.05 0 0.934003685161
29.06 0 0.937347375112
29.07 0 0.943304399556
29.08 0 0.943585501386
29.09 0 0.943456892223
29.1 0 0.943456892223
29.11 0 0.942330773899
29.12 0 0.946708025454
29.13 0 0.946708025454
29.14 0 0.952554121994
29.15 0 0.956934063121
29.16 0 0.959205783419
29.17 0 0.960486905159
29.18 0 0.95965995304
29.19 0 0.959421410409
29.2 0 0.959324168775
29.21 0 0.959324168775
29.22 0 0.957110403059
29.23 0 0.956792507738
29.24 0 0.956818472359
29.25 0 0.956119697579
29.26 0 0.955610194812
29.27 0 0.956342284404
29.28 0 0.956776690397
29.29 0 0.956917714504
29.3 0 0.956745850822
29.31 0 0.956745850822
29.32 0 0.955670073936
29.33 0 0.954324733032
29.34 0 0.952330136767
29.35 0 0.950677153562
29.36 0 0.950192681969
29.37 0 0.950192681969
29.38 0 0.950192681969
29.39 0 0.947517868071
29.4 0 0.944852852977
29.41 0 0.942832978635
29.42 0 0.942253320298
29.43 0 0.94180575564
29.44 0 0.94180575564
29.45 0 0.941514961938
29.46 0 0.941425010933
29.47 0 0.941425010933
29.48 0 0.940620347482
29.49 0 0.938840714745
29.5 0 0.938963399015
29.51 0 0.938967944666
29.52 0 0.939763018645
29.53 0 0.940849140424
29.54 0 0.942455698666
29.55 0 0.942363127745
29.56 0 0.943400661343
29.57 0 0.946876059225
29.58 0 0.94866268204
29.59 0 0.951390991248
29.6 0 0.952165534265
29.61 0 0.952311917398
29.62 0 0.952717175986
29.63 0 0.95359054187
29.64 0 0.953598741122
29.65 0 0.954078861934
29.66 0 0.954179905278
29.67 0 0.954537501104
29.68 0 0.956425532387
29.69 0 0.960166913672
29.7 0 0.962225638744
29.71 0 0.963862112857
29.72 0 0.963862112857
29.73 0 0.963862112857
29.74 0 0.964692714772
29.75 0 0.964692714772
29.76 0 0.961251302946
29.77 0 0.959635959799
29.78 0 0.956593393941
29.79 0 0.954308207604
29.8 0 0.9589943064
29.81 0 0.958618640545
29.82 0 0.958618640545
29.83 0 0.962492773527
29.84 0 0.964256331733
29.85 0 0.964656037102
29.86 0 0.973510664574
29.87 0 0.973682631531
29.88 0 0.973802683667
29.89 0 0.976385951931
29.9 0 0.976474887327
29.91 0 0.978013223143
29.92 0 0.979354104141
29.93 0 0.980840780112
29.94 0 0.981935166913
29.95 0 0.983707572393
29.96 0 0.983376825824
29.97 0 0.983564724014
29.98 0 0.982760011037
29.99 0 0.983187587556
30.0 0 0.983401697889
30.01 0 0.983401697889
30.02 0 0.983401697889
30.03 0 0.985595947642
30.04 0 0.984975419615
30.05 0 0.984710053497
30.06 0 0.984668325554
30.07 0 0.984668325554
30.08 0 0.982715588495
30.09 0 0.98256734571
30.1 0 0.982528940123
30.11 0 0.981937122488
30.12 0 0.981937122488
30.13 0 0.981937122488
30.14 0 0.987413716983
30.15 0 0.987413716983
30.16 0 0.987413716983
30.17 0 0.988267926342
30.18 0 0.985655460481
30.19 0 0.985655460481
30.2 0 0.979851323717
30.21 0 0.978552465139
30.22 0 0.976367122716
30.23 0 0.972583150367
30.24 0 0.9678822236
30.25 0 0.967161564767
30.26 0 0.966334056068
30.27 0 0.964899558615
30.28 0 0.964902682828
30.29 0 0.964916481997
30.3 0 0.96524644132
30.31 0 0.966132511458
30.32 0 0.967299503967
30.33 0 0.967570084593
30.34 0 0.968601449601
30.35 0 0.969817169342
30.36 0 0.969612440944
30.37 0 0.969612440944
30.38 0 0.969612440944
30.39 0 0.971491357832
30.4 0 0.972371337932
30.41 0 0.972831969004
30.42 0 0.973363294382
30.43 0 0.974111939079
30.44 0 0.975985765245
30.45 0 0.977127045722
30.46 0 0.977672361477
30.47 0 0.978762971594
30.48 0 0.981291590425
30.49 0 0.982095379277
30.5 0 0.982095379277
30.51 0 0.982095379277
30.52 0 0.982095379277
30.53 0 0.987477205314
30.54 0 0.992948510729
30.55 0 0.989162885954
30.56 0 0.995137899224
30.57 0 0.993565818949
30.58 0 0.997757332007
30.59 0 0.998552934834
30.6 0 0.999864828644
30.61 0 1.00089374185
30.62 0 1.00283810983
30.63 0 1.00335149653
30.64 0 1.01061354969
30.65 0 1.01067830241
30.66 0 1.00717736126
30.67 0 1.00550987263
30.68 0 1.00550987263
30.69 0 1.00550987263
30.7 0 1.01034748437
30.71 0 1.01034748437
30.72 0 1.01181179369
30.73 0 1.00552691569
30.74 0 1.00713684254
30.75 0 1.00262800599
30.76 0 0.99992965419
30.77 0 0.998940955715
30.78 0 0.997361698819
30.79 0 0.998131581306
30.8 0 1.00153304092
30.81 0 1.00153304092
30.82 0 1.00306588033
30.83 0 1.00359087395
30.84 0 1.00503720166
30.85 0 1.0060134493
30.86 0 1.0070300969
30.87 0 1.0070300969
30.88 0 1.00854043852
30.89 0 1.00818067145
30.9 0 1.0080499551
30.91 0 1.0080499551
30.92 0 1.0080499551
30.93 0 1.00645399163
30.94 0 1.00645399163
30.95 0 1.00618926118
30.96 0 1.00589476959
30.97 0 1.00538232857
30.98 0 1.00479961431
30.99 0 1.00441150932
31.0 0 1.00441150932
31.01 0 1.00267276616
31.02 0 1.00095575569
31.03 0 0.999555104957
31.04 0 0.997555475225
31.05 0 0.994277301322
31.06 0 0.994150053563
31.07 0 0.993930431087
31.08 0 0.993930431087
31.09 0 0.993930431087
31.1 0 0.993930431087
31.11 0 0.99425473668
31.12 0 0.995227655725
31.13 0 0.996446950366
31.14 0 0.997966389933
31.15 0 0.999466272787
31.16 0 1.00034541018
31.17 0 1.00285700339
31.18 0 1.00309275023
31.19 0 1.00451879383
31.2 0 1.00506406813
31.21 0 1.00506406813
31.22 0 1.0065618669
31.23 0 1.00682229384
31.24 0 1.00682229384
31.25 0 1.00871726698
31.26 0 1.01100217068
31.27 0 1.01340021286
31.28 0 1.01439894113
31.29 0 1.01750395749
31.3 0 1.01852061109
31.31 0 1.02154769233
31.32 0 1.01744437958
31.33 0 1.02091334665
31.34 0 1.02204385104
31.35 0 1.02388523187
31.36 0 1.02123714692
31.37 0 1.02318596498
31.38 0 1.02452341431
31.39 0 1.02447789835
31.4 0 1.02607119551
31.41 0 1.02333286393
31.42 0 1.0252090306
31.43 0 1.02513773906
31.44 0 1.02477816238
31.45 0 1.02435567016
31.46 0 1.02459286205
31.47 0 1.03214747586
31.48 0 1.0354155115
31.49 0 1.04058842502
31.5 0 1.04092527685
31.51 0 1.0433368144
31.52 0 1.0433368144
31.53 0 1.04773301674
31.54 0 1.04931309562
31.55 0 1.05044885922
31.56 0 1.04918599975
31.57 0 1.04914086453
31.58 0 1.04914086453
31.59 0 1.0469152347
31.6 0 1.04627401365
31.61 0 1.04601271671
31.62 0 1.04578662321
31.63 0 1.04578662321
31.64 0 1.04593186041
31.65 0 1.04660296746
31.66 0 1.04576597507
31.67 0 1.04335478381
31.68 0 1.0418108808
31.69 0 1.04082600171
31.7 0 1.04082600171
31.71 0 1.03951872675
31.72 0 1.04037696894
31.73 0 1.04037696894
31.74 0 1.04126921347
31.75 0 1.0395625517
31.76 0 1.0364364876
31.77 0 1.03349107375
31.78 0 1.03205244043
31.79 0 1.03091250233
31.8 0 1.02981963166
31.81 0 1.02843610346
31.82 0 1.02758980884
31.83 0 1.0236462423
31.84 0 1.02376156285
31.85 0 1.02550604729
31.86 0 1.02919975024
31.87 0 1.0310305569
31.88 0 1.03311935286
31.89 0 1.03519661085
31.9 0 1.03818085345
31.91 0 1.0393181792
31.92 0 1.04059581319
31.93 0 1.04059581319
31.94 0 1.04215149176
31.95 0 1.04429749619
31.96 0 1.04729958392
31.97 0 1.04730483938
31.98 0 1.04836627521
31.99 0 1.04885922465
32.0 0 1.0492215755
32.01 0 1.05124657194
32.02 0 1.05200403796
32.03 0 1.05215763949
32.04 0 1.05215763949
32.05 0 1.05215763949
32.06 0 1.05914121434
32.07 0 1.06183089774
32.08 0 1.06238436289
32.09 0 1.06277132827
32.1 0 1.06021871963
32.11 0 1.05545673548
32.12 0 1.04792651541
32.13 0 1.04792651541
32.14 0 1.04792651541
32.15 0 1.04172073512
32.16 0 1.05410905073
32.17 0 1.05486297287
32.18 0 1.05817403539
32.19 0 1.05848070158
32.2 0 1.05823895437
32.21 0 1.05823895437
32.22 0 1.05823895437
32.23 0 1.06624687961
32.24 0 1.06768048754
32.25 0 1.07401159014
32.26 0 1.07521522397
32.27 0 1.07744676606
32.28 0 1.07736587274
32.29 0 1.07836953588
32.3 0 1.07963884348
32.31 0 1.08126131167
32.32 0 1.08262377268
32.33 0 1.08279624498
32.34 0 1.08332066657
32.35 0 1.0834628628
32.36 0 1.08320574529
32.37 0 1.08259559434
32.38 0 1.0828227846
32.39 0 1.08219697768
32.4 0 1.08098518133
32.41 0 1.080442781
32.42 0 1.07965723998
32.43 0 1.07977414754
32.44 0 1.08010710441
32.45 0 1.08059668673
32.46 0 1.08058118746
32.47 0 1.07928028526
32.48 0 1.078923763
32.49 0 1.07745682131
32.5 0 1.07745682131
32.51 0 1.07907071511
32.52 0 1.08020484029
32.53 0 1.08026437679
32.54 0 1.08026437679
32.55 0 1.07656714569
32.56 0 1.07146993232
32.57 0 1.0710073489
32.58 0 1.06923650847
32.59 0 1.06827574487
32.6 0 1.067752475
32.61 0 1.06735541081
32.62 0 1.06735541081
32.63 0 1.06733521224
32.64 0 1.06923701952
32.65 0 1.07060429464
32.66 0 1.07098250993
32.67 0 1.07131000284
32.68 0 1.07259449769
32.69 0 1.07405361571
32.7 0 1.07585671724
32.71 0 1.07800800943
32.72 0 1.07957353138
32.73 0 1.07957353138
32.74 0 1.0829173405
32.75 0 1.08342416129
32.76 0 1.08342416129
32.77 0 1.08321461428
32.78 0 1.08396575815
32.79 0 1.08464140227
32.8 0 1.08515041512
32.81 0 1.08515041512
32.82 0 1.08515041512
32.83 0 1.09056913059
32.84 0 1.09395182747
32.85 0 1.0943456548
32.86 0 1.0943456548
32.87 0 1.10049312952
32.88 0 1.10309476316
32.89 0 1.10188189221
32.9 0 1.10142377529
32.91 0 1.09902037958
32.92 0 1.09687664157
32.93 0 1.09873218803
32.94 0 1.1022529411
32.95 0 1.10586926187
32.96 0 1.106244928
32.97 0 1.106244928
32.98 0 1.1125831099
32.99 0 1.11405228407
33.0 0 1.11339406077
33.01 0 1.11356925026
33.02 0 1.113408937
33.03 0 1.11367381047
33.04 0 1.11669781676
33.05 0 1.12085211393
33.06 0 1.12270619616
33.07 0 1.12270619616
33.08 0 1.12612942147
33.09 0 1.12644362945
33.1 0 1.12691223254
33.11 0 1.12752679146
33.12 0 1.12910192425
33.13 0 1.12867320095
33.14 0 1.12869780922
33.15 0 1.12869780922
33.16 0 1.1282511499
33.17 0 1.12751568254
33.18 0 1.12799295049
33.19 0 1.12803728104
33.2 0 1.12751745199
33.21 0 1.12720443342
33.22 0 1.12720442725
33.23 0 1.12750736878
33.24 0 1.12744854196
33.25 0 1.12755432087
33.26 0 1.12780219587
33.27 0 1.12837670464
33.28 0 1.12837670464
33.29 0 1.12939468152
33.3 0 1.12915033977
33.31 0 1.12920652218
33.32 0 1.1296152062
33.33 0 1.12875803939
33.34 0 1.12833854941
33.35 0 1.12833854941
33.36 0 1.12669161499
33.37 0 1.12659789167
33.38 0 1.12751923464
33.39 0 1.12820886318
33.4 0 1.12873532135
33.41 0 1.12842345068
33.42 0 1.12854242342
33.43 0 1.12968383479
33.44 0 1.1322781426
33.45 0 1.13249606381
33.46 0 1.13376617
33.47 0 1.13474171483
33.48 0 1.13535563408
33.49 0 1.13599895547
33.5 0 1.13666510682
33.51 0 1.13766492412
33.52 0 1.13864187755
33.53 0 1.1395363521
33.54 0 1.14051135091
33.55 0 1.14060647335
33.56 0 1.14022079492
33.57 0 1.13949665047
33.58 0 1.14015023997
33.59 0 1.14085082553
33.6 0 1.14148856914
33.61 0 1.14311852754
33.62 0 1.14359605679
33.63 0 1.14406825331
33.64 0 1.14406825331
33.65 0 1.14406825331
33.66 0 1.14901037193
33.67 0 1.15158782368
33.68 0 1.15291355013
33.69 0 1.15426195792
33.7 0 1.15426195792
33.71 0 1.15426195792
33.72 0 1.15274058293
33.73 0 1.15335067041
33.74 0 1.15214688105
33.75 0 1.15221013237
33.76 0 1.15221013237
33.77 0 1.15355843284
33.78 0 1.16203717427
33.79 0 1.16400319142
33.8 0 1.16611927561
33.81 0 1.16850848719
33.82 0 1.16935102967
33.83 0 1.16935102967
33.84 0 1.16935102967
33.85 0 1.17290210477
33.86 0 1.17290210477
33.87 0 1.17665654676
33.88 0 1.17665654676
33.89 0 1.17861310558
33.9 0 1.17894721275
33.91 0 1.17926663128
33.92 0 1.18052262837
33.93 0 1.18006931857
33.94 0 1.18019334304
33.95 0 1.18031287343
33.96 0 1.17815034033
33.97 0 1.17488368771
33.98 0 1.17488368771
33.99 0 1.17510974442
34.0 0 1.17510974442
34.01 0 1.17535009301
34.02 0 1.175584743
34.03 0 1.17556536603
34.04 0 1.17527330003
34.05 0 1.17489816344
34.06 0 1.1750376207
34.07 0 1.17538831005
34.08 0 1.1762737782
34.09 0 1.17682022335
34.1 0 1.17690218383
34.11 0 1.17729627434
34.12 0 1.17612986602
34.13 0 1.17594872397
34.14 0 1.17516683847
34.15 0 1.17309109548
34.16 0 1.17329888296
34.17 0 1.17397070519
34.18 0 1.17500785377
34.19 0 1.17577867334
34.2 0 1.17577867334
34.21 0 1.17528470662
34.22 0 1.1757620413
34.23 0 1.1757620413
34.24 0 1.17945456352
34.25 0 1.17945456352
34.26 0 1.17945456352
34.27 0 1.18254220062
34.28 0 1.18254220062
34.29 0 1.18785301595
34.3 0 1.18992294761
34.31 0 1.19064762224
34.32 0 1.18879699638
34.33 0 1.18766827384
34.34 0 1.18791561324
34.35 0 1.18791561324
34.36 0 1.18879523464
34.37 0 1.18997618932
34.38 0 1.19115775533
34.39 0 1.19115775533
34.4 0 1.19556257104
34.41 0 1.19575809037
34.42 0 1.19692962446
34.43 0 1.19774949681
34.44 0 1.20340420433
34.45 0 1.20593289513
34.46 0 1.20874847395
34.47 0 1.20953145588
34.48 0 1.20768589596
34.49 0 1.20133738887
34.5 0 1.20161560306
34.51 0 1.20064449759
34.52 0 1.20172923572
34.53 0 1.20180263324
34.54 0 1.20438978199
34.55 0 1.20647730743
34.56 0 1.20860740851
34.57 0 1.20860740851
34.58 0 1.21072987207
34.59 0 1.21055789906
34.6 0 1.21825238903
34.61 0 1.21945274107
34.62 0 1.21988465475
34.63 0 1.2231721405
34.64 0 1.22487559597
34.65 0 1.22476171786
34.66 0 1.22452799031
34.67 0 1.22539552955
34.68 0 1.22610968199
34.69 0 1.22770766475
34.7 0 1.22862534903
34.71 0 1.22793371796
34.72 0 1.22699876248
34.73 0 1.22543116555
34.74 0 1.22454187005
34.75 0 1.22489107722
34.76 0 1.22465813658
34.77 0 1.22522967072
34.78 0 1.2273118072
34.79 0 1.2273118072
34.8 0 1.22815478533
34.81 0 1.22806694445
34.82 0 1.22802190936
34.83 0 1.22817854395
34.84 0 1.22811035769
34.85 0 1.22800699292
34.86 0 1.22682786064
34.87 0 1.22682786064
34.88 0 1.22750315916
34.89 0 1.2279126619
34.9 0 1.2279126619
34.91 0 1.22897866225
34.92 0 1.2291038195
34.93 0 1.22765660908
34.94 0 1.22749828005
34.95 0 1.22806502112
34.96 0 1.22980067966
34.97 0 1.23066446624
34.98 0 1.23112941664
34.99 0 1.23210586318
35.0 0 1.23235469367
35.01 0 1.23305310022
35.02 0 1.23382375875
35.03 0 1.2372587665
35.04 0 1.23819801657
35.05 0 1.24185932859
35.06 0 1.24408894631
35.07 0 1.24566547849
35.08 0 1.24566547849
35.09 0 1.24768184878
35.1 0 1.24936146982
35.11 0 1.2488754934
35.12 0 1.24873005141
35.13 0 1.24949286135
35.14 0 1.24955535592
35.15 0 1.25041635848
35.16 0 1.25041635848
35.17 0 1.25214540445
35.18 0 1.25481047944
35.19 0 1.25606114724
35.2 0 1.25892655824
35.21 0 1.26057857274
35.22 0 1.26171227919
35.23 0 1.26122582334
35.24 0 1.26309366767
35.25 0 1.26338618735
35.26 0 1.26505792254
35.27 0 1.26505792254
35.28 0 1.26427832951
35.29 0 1.26427832951
35.3 0 1.2641699944
35.31 0 1.26524043872
35.32 0 1.27235299022
35.33 0 1.27197445514
35.34 0 1.27323887626
35.35 0 1.27577895173
35.36 0 1.27854268648
35.37 0 1.27825364257
35.38 0 1.27825364257
35.39 0 1.28606619992
35.4 0 1.28913970959
35.41 0 1.29353148177
35.42 0 1.29781856538
35.43 0 1.29961265748
35.44 0 1.30178243062
35.45 0 1.30366014333
35.46 0 1.30366014333
35.47 0 1.30361184113
35.48 0 1.30361184113
35.49 0 1.30361184113
35.5 0 1.30174990828
35.51 0 1.30174990828
35.52 0 1.29960730905
35.53 0 1.29926521649
35.54 0 1.29926521649
35.55 0 1.29983131565
35.56 0 1.2999517171
35.57 0 1.30181876356
35.58 0 1.30133706315
35.59 0 1.30035919412
35.6 0 1.30035919412
35.61 0 1.29958870023
35.62 0 1.29741739539
35.63 0 1.29812183247
35.64 0 1.29922434955
35.65 0 1.29972653486
35.66 0 1.29915264967
35.67 0 1.29877775284
35.68 0 1.29904127694
35.69 0 1.29911136485
35.7 0 1.29911136485
35.71 0 1.29881245415
35.72 0 1.29830949007
35.73 0 1.29579273791
35.74 0 1.29419055333
35.75 0 1.29488108744
35.76 0 1.29488108744
35.77 0 1.29418599169
35.78 0 1.29418599169
35.79 0 1.29696187672
35.8 0 1.29875315044
35.81 0 1.3021788311
35.82 0 1.30480205903
35.83 0 1.30827859921
35.84 0 1.31054978892
35.85 0 1.31204008889
35.86 0 1.31290464486
35.87 0 1.31262086208
35.88 0 1.31288662239
35.89 0 1.31353711976
35.9 0 1.31370766222
35.91 0 1.31359751061
35.92 0 1.31350831122
35.93 0 1.31445963832
35.94 0 1.31445963832
35.95 0 1.31710276893
35.96 0 1.31835867975
35.97 0 1.32057028482
35.98 0 1.32252971129
35.99 0 1.32403219055
36.0 0 1.32403219055
36.01 0 1.32527374589
36.02 0 1.32552649785
36.03 0 1.32552649785
36.04 0 1.32552649785
36.05 0 1.32574980927
36.06 0 1.32659855467
36.07 0 1.32817495025
36.08 0 1.32931374616
36.09 0 1.32931374616
36.1 0 1.33233077676
36.11 0 1.33668891287
36.12 0 1.3408824314
36.13 0 1.34689149425
36.14 0 1.3499382106
36.15 0 1.34968869281
36.16 0 1.34968308079
36.17 0 1.34968308079
36.18 0 1.34968308079
36.19 0 1.35357772462
36.2 0 1.35642497006
36.21 0 1.35885331178
36.22 0 1.36026010053
36.23 0 1.36026010053
36.24 0 1.3679752444
36.25 0 1.3708424244
36.26 0 1.372508835
36.27 0 1.37327777498
36.28 0 1.3722723745
36.29 0 1.37063609578
36.3 0 1.37025955754
36.31 0 1.37025955754
36.32 0 1.36966658944
36.33 0 1.36966658944
36.34 0 1.36706135249
36.35 0 1.36585562278
36.36 0 1.3653792019
36.37 0 1.36472251214
36.38 0 1.36521934508
36.39 0 1.39611648297
36.4 0 1.39572719151
36.41 0 1.39545254182
36.42 0 1.3951771948
36.43 0 1.39515705967
36.44 0 1.39500072391
36.45 0 1.39417150289
36.46 0 1.39413092453
36.47 0 1.39393193355
36.48 0 1.39360440469
36.49 0 1.39360440469
36.5 0 1.39121090757
36.51 0 1.39121090757
36.52 0 1.39061634364
36.53 0 1.39033160777
36.54 0 1.39035203745
36.55 0 1.39189079344
36.56 0 1.39189079344
36.57 0 1.39189079344
36.58 0 1.39843791784
36.59 0 1.39789096527
36.6 0 1.39928173145
36.61 0 1.40071707812
36.62 0 1.40153283682
36.63 0 1.40185732343
36.64 0 1.40288844595
36.65 0 1.40407950936
36.66 0 1.40540253077
36.67 0 1.40615685496
36.68 0 1.40655720341
36.69 0 1.40655720341
36.7 0 1.40655720341
36.71 0 1.40791092112
36.72 0 1.40839398452
36.73 0 1.40845798842
36.74 0 1.40955525137
36.75 0 1.4097854503
36.76 0 1.41250358718
36.77 0 1.41312110834
36.78 0 1.41580709669
36.79 0 1.41580709669
36.8 0 1.41580709669
36.81 0 1.41580709669
36.82 0 1.42965715242
36.83 0 1.43119024884
36.84 0 1.4335414092
36.85 0 1.43132325687
36.86 0 1.43210207808
36.87 0 1.43251743198
36.88 0 1.43211433579
36.89 0 1.43484733858
36.9 0 1.43589117187
36.91 0 1.43940820215
36.92 0 1.44110391583
36.93 0 1.44134819951
36.94 0 1.44135349857
36.95 0 1.44025929745
36.96 0 1.44217358059
36.97 0 1.44403374315
36.98 0 1.44403374315
36.99 0 1.44803162022
37.0 0 1.44667864721
37.01 0 1.47009206747
37.02 0 1.47009206747
37.03 0 1.47009206747
37.04 0 1.46597217188
37.05 0 1.46408117233
37.06 0 1.46506867614
37.07 0 1.4613335937
37.08 0 1.46258613804
37.09 0 1.45947423119
37.1 0 1.45975452018
37.11 0 1.45957757146
37.12 0 1.4612477203
37.13 0 1.45926697528
37.14 0 1.45634835225
37.15 0 1.45381253255
37.16 0 1.45256756706
37.17 0 1.45126252539
37.18 0 1.4509649657
37.19 0 1.4509649657
37.2 0 1.44850887589
37.21 0 1.44736751666
37.22 0 1.44633051411
37.23 0 1.4440754401
37.24 0 1.44167243169
37.25 0 1.43574619959
37.26 0 1.42941648204
37.27 0 1.42748933921
37.28 0 1.4269453287
37.29 0 1.42552785092
37.3 0 1.42491486628
37.31 0 1.42390559969
37.32 0 1.42272719868
37.33 0 1.42103058728
37.34 0 1.41786442929
37.35 0 1.41489982004
37.36 0 1.41292814683
37.37 0 1.40959823356
37.38 0 1.4043849515
37.39 0 1.40043288403
37.4 0 1.39706933507
37.41 0 1.3893140407
37.42 0 1.38547785635
37.43 0 1.37849988583
37.44 0 1.3729604027
37.45 0 1.37134103083
37.46 0 1.36605233519
37.47 0 1.36104723959
37.48 0 1.35710765498
37.49 0 1.3539126457
37.5 0 1.35348271357
37.51 0 1.35166267043
37.52 0 1.3507532502
37.53 0 1.3507532502
37.54 0 1.35138740987
37.55 0 1.35233555495
37.56 0 1.3521856557
37.57 0 1.35357691719
37.58 0 1.35492446479
37.59 0 1.35724036788
37.6 0 1.35833539199
37.61 0 1.35940305732
37.62 0 1.36260427472
37.63 0 1.36388526651
37.64 0 1.36625392401
37.65 0 1.3667616854
37.66 0 1.36754696779
37.67 0 1.37061695926
37.68 0 1.37110393158
37.69 0 1.3746228965
37.7 0 1.37559952086
37.71 0 1.37651790308
37.72 0 1.37645298212
37.73 0 1.37586429652
37.74 0 1.3741762686
37.75 0 1.3741762686
37.76 0 1.36972479306
37.77 0 1.36713078508
37.78 0 1.3661052914
37.79 0 1.36570914515
37.8 0 1.35951542112
37.81 0 1.35951542112
37.82 0 1.35951542112
37.83 0 1.34804315186
37.84 0 1.34361287127
37.85 0 1.33763868964
37.86 0 1.33389055092
37.87 0 1.33038240661
37.88 0 1.32699830756
37.89 0 1.3231374912
37.9 0 1.3214388456
37.91 0 1.3214388456
37.92 0 1.31889120351
37.93 0 1.31757383276
37.94 0 1.3165170264
37.95 0 1.31566336299
37.96 0 1.31698848391
37.97 0 1.31780252689
37.98 0 1.31902048096
37.99 0 1.32131549033
38.0 0 1.32548194702
38.01 0 1.32857647151
38.02 0 1.33292904277
38.03 0 1.33711405235
38.04 0 1.33967019329
38.05 0 1.34435345063
38.06 0 1.34694007935
38.07 0 1.34804577025
38.08 0 1.34804577025
38.09 0 1.35273265091
38.1 0 1.35334212984
38.11 0 1.35343448695
38.12 0 1.35305773306
38.13 0 1.34698689382
38.14 0 1.33929275511
38.15 0 1.3341510261
38.16 0 1.32358095703
38.17 0 1.31500921221
38.18 0 1.31402993398
38.19 0 1.30244942588
38.2 0 1.29272152259
38.21 0 1.28429867953
38.22 0 1.28429867953
38.23 0 1.2683036257
38.24 0 1.26390931545
38.25 0 1.26323034552
38.26 0 1.26164294552
38.27 0 1.26164294552
38.28 0 1.25646279291
38.29 0 1.25462208904
38.3 0 1.25462208904
38.31 0 1.25417326264
38.32 0 1.25559311239
38.33 0 1.25757286913
38.34 0 1.26009766822
38.35 0 1.26392198482
38.36 0 1.26466839093
38.37 0 1.2659870298
38.38 0 1.26837214124
38.39 0 1.26988200688
38.4 0 1.27530037848
38.41 0 1.28034261698
38.42 0 1.28404925204
38.43 0 1.28404925204
38.44 0 1.30111645557
38.45 0 1.30661728874
38.46 0 1.30661728874
38.47 0 1.30661728874
38.48 0 1.32362843655
38.49 0 1.33112784871
38.5 0 1.34169753442
38.51 0 1.34637389108
38.52 0 1.34637389108
38.53 0 1.34637389108
