time index height
0.01 0 0.0
0.02 0 0.0275089498322
0.03 0 0.0294109176747
0.04 0 0.0341079539565
0.05 0 0.0375229012717
0.06 0 0.0417240550046
0.07 0 0.0455303709651
0.08 0 0.0473356885346
0.09 0 0.0541365048818
0.1 0 0.0585571739995
0.11 0 0.0645469056376
0.12 0 0.0650238499917
0.13 0 0.0716418289267
0.14 0 0.076324242331
0.15 0 0.0768386459535
0.16 0 0.0800729247424
0.17 0 0.081617073043
0.18 0 0.0820927490894
0.19 0 0.0821316149389
0.2 0 0.0814186309718
0.21 0 0.0800916015879
0.22 0 0.0780406933039
0.23 0 0.0761892387976
0.24 0 0.0711073106171
0.25 0 0.067024238213
0.26 0 0.0620945736015
0.27 0 0.0544663489055
0.28 0 0.0420905452296
0.29 0 0.038919056021
0.3 0 0.0339258856129
0.31 0 0.0319667001446
0.32 0 0.0300182687452
0.33 0 0.029977918665
0.34 0 0.0298895485458
0.35 0 0.0299166261059
0.36 0 0.0299820928918
0.37 0 0.0303021161451
0.38 0 0.0307982518352
0.39 0 0.0314747243942
0.4 0 0.0325162791824
0.41 0 0.0336143978966
0.42 0 0.0348994848908
0.43 0 0.0363224181787
0.44 0 0.0371992712255
0.45 0 0.0391949599052
0.46 0 0.039810374686
0.47 0 0.0407852334611
0.48 0 0.0410984852012
0.49 0 0.0408732003089
0.5 0 0.040683598957
0.51 0 0.0402502109918
0.52 0 0.0393928571996
0.53 0 0.0388867433495
0.54 0 0.0384826758639
0.55 0 0.0380119539624
0.56 0 0.0372787287425
0.57 0 0.0373225859425
0.58 0 0.0382524763812
0.59 0 0.0387314329192
0.6 0 0.0392264108414
0.61 0 0.0397006908176
0.62 0 0.0401670926379
0.63 0 0.0403805003489
0.64 0 0.0405043638569
0.65 0 0.0404868112183
0.66 0 0.0402126321762
0.67 0 0.0399439845513
0.68 0 0.0398739638857
0.69 0 0.0396293459152
0.7 0 0.0397351893242
0.71 0 0.0402183013705
0.72 0 0.0405636811708
0.73 0 0.04083910704
0.74 0 0.0409373187713
0.75 0 0.041024742503
0.76 0 0.0412123532131
0.77 0 0.0413430821982
0.78 0 0.0414914874835
0.79 0 0.041498985536
0.8 0 0.041265237128
0.81 0 0.0409377833485
0.82 0 0.0412456494741
0.83 0 0.0414283266627
0.84 0 0.0416819578657
0.85 0 0.0418214167541
0.86 0 0.0419832758546
0.87 0 0.0422315222331
0.88 0 0.042098662733
0.89 0 0.0418339487055
0.9 0 0.0415875388062
0.91 0 0.0410451918911
0.92 0 0.040721962318
0.93 0 0.0413226895824
0.94 0 0.0434219783674
0.95 0 0.0451849398197
0.96 0 0.0468426048798
0.97 0 0.0493225541448
0.98 0 0.0507554399157
0.99 0 0.0518373228457
1.0 0 0.0523390126781
1.01 0 0.0525209608582
1.02 0 0.0524726934076
1.03 0 0.0523931296581
1.04 0 0.052569332842
1.05 0 0.052841422572
1.06 0 0.0529705321819
1.07 0 0.0531926216735
1.08 0 0.0535232789621
1.09 0 0.0537943329612
1.1 0 0.054111826795
1.11 0 0.0544672183182
1.12 0 0.0545393120408
1.13 0 0.0545370166289
1.14 0 0.0544623581861
1.15 0 0.0543831433591
1.16 0 0.0539015906154
1.17 0 0.0537507349348
1.18 0 0.053932901236
1.19 0 0.0538373756746
1.2 0 0.0538269510586
1.21 0 0.0538302275423
1.22 0 0.0538510224447
1.23 0 0.0538996012314
1.24 0 0.0535334305395
1.25 0 0.0529980323102
1.26 0 0.0525609272914
1.27 0 0.0522020539023
1.28 0 0.0511988738628
1.29 0 0.0500731072132
1.3 0 0.0500963860158
1.31 0 0.0498064038555
1.32 0 0.0493817412454
1.33 0 0.0485737070284
1.34 0 0.047615475257
1.35 0 0.046659121176
1.36 0 0.0440562103887
1.37 0 0.0435085745094
1.38 0 0.0433511421759
1.39 0 0.0435324288418
1.4 0 0.0452915254552
1.41 0 0.0457694549035
1.42 0 0.046201903524
1.43 0 0.0473535092837
1.44 0 0.0483714310274
1.45 0 0.0483714310274
1.46 0 0.0483714310274
1.47 0 0.0499667496215
1.48 0 0.0506179613049
1.49 0 0.0503431399229
1.5 0 0.0503431399229
1.51 0 0.0518040561513
1.52 0 0.0523152142734
1.53 0 0.0538973212702
1.54 0 0.0541637456045
1.55 0 0.054242947876
1.56 0 0.0543249533348
1.57 0 0.0548447685177
1.58 0 0.0554465094027
1.59 0 0.0554086857912
1.6 0 0.0562842065485
1.61 0 0.0562842065485
1.62 0 0.0562842065485
1.63 0 0.0564776615453
1.64 0 0.055815357545
1.65 0 0.0547243746328
1.66 0 0.0535562034287
1.67 0 0.0530585411719
1.68 0 0.0516538338958
1.69 0 0.051028703874
1.7 0 0.0506809947483
1.71 0 0.0509701522936
1.72 0 0.0508033257253
1.73 0 0.0503674949473
1.74 0 0.051129793378
1.75 0 0.0528352729571
1.76 0 0.0540257628841
1.77 0 0.0550071185819
1.78 0 0.0569941280793
1.79 0 0.0585619780648
1.8 0 0.0585619780648
1.81 0 0.0647903444857
1.82 0 0.0658382024513
1.83 0 0.0671241055236
1.84 0 0.0671241055236
1.85 0 0.0671241055236
1.86 0 0.0685787835647
1.87 0 0.0690993821508
1.88 0 0.0695487106795
1.89 0 0.0698867133427
1.9 0 0.0700973197812
1.91 0 0.0704260896497
1.92 0 0.0706936285223
1.93 0 0.0706936285223
1.94 0 0.0706936285223
1.95 0 0.0707274075346
1.96 0 0.0707274075346
1.97 0 0.070874775048
1.98 0 0.0710125610157
1.99 0 0.0710125610157
2.0 0 0.0712720280454
2.01 0 0.0717182510111
2.02 0 0.0714365993018
2.03 0 0.0711355819756
2.04 0 0.0711477852764
2.05 0 0.0711968142082
2.06 0 0.0711968142082
2.07 0 0.0714360471965
2.08 0 0.0714360471965
2.09 0 0.0714360471965
2.1 0 0.0714360471965
2.11 0 0.0713276302406
2.12 0 0.0706225176278
2.13 0 0.0702966219828
2.14 0 0.0700645161329
2.15 0 0.0700085734321
2.16 0 0.0694108700733
2.17 0 0.0692444037471
2.18 0 0.0690383518678
2.19 0 0.0690383518678
2.2 0 0.0666594249003
2.21 0 0.0650851513336
2.22 0 0.0646008612567
2.23 0 0.0636143900601
2.24 0 0.0646679506615
2.25 0 0.0651735050898
2.26 0 0.0667213870335
2.27 0 0.0682084062177
2.28 0 0.069209190947
2.29 0 0.0706040007973
2.3 0 0.0711907436722
2.31 0 0.0719657733365
2.32 0 0.0730713274802
2.33 0 0.0730713274802
2.34 0 0.0732182788343
2.35 0 0.0736315743787
2.36 0 0.0736315743787
2.37 0 0.0736315743787
2.38 0 0.0784307213539
2.39 0 0.0808730533495
2.4 0 0.0803168461206
2.41 0 0.0828971844394
2.42 0 0.0836560986394
2.43 0 0.0836560986394
2.44 0 0.0873022207713
2.45 0 0.0906992546219
2.46 0 0.0914611192626
2.47 0 0.0925161796578
2.48 0 0.0937717977774
2.49 0 0.0937717977774
2.5 0 0.0968605165865
2.51 0 0.0969021240163
2.52 0 0.0974722287716
2.53 0 0.0981389017251
2.54 0 0.0981389017251
2.55 0 0.100116127605
2.56 0 0.100548782078
2.57 0 0.100959163318
2.58 0 0.10137839601
2.59 0 0.101191343898
2.6 0 0.101319758226
2.61 0 0.101560573129
2.62 0 0.101736718193
2.63 0 0.10206938531
2.64 0 0.101528331742
2.65 0 0.101141318565
2.66 0 0.100986717174
2.67 0 0.100937829187
2.68 0 0.100955221941
2.69 0 0.101114152945
2.7 0 0.10134883931
2.71 0 0.101218662864
2.72 0 0.101208002054
2.73 0 0.100985860507
2.74 0 0.10090459031
2.75 0 0.100563631527
2.76 0 0.10085890024
2.77 0 0.10102445255
2.78 0 0.100858369893
2.79 0 0.100460443731
2.8 0 0.100460443731
2.81 0 0.100460443731
2.82 0 0.0995643576279
2.83 0 0.0987864002197
2.84 0 0.0982303306945
2.85 0 0.0980164188541
2.86 0 0.0976845352713
2.87 0 0.0975174851317
2.88 0 0.0972511931553
2.89 0 0.0964334180205
2.9 0 0.0961208814271
2.91 0 0.0957198233975
2.92 0 0.0953678042366
2.93 0 0.0938182692031
2.94 0 0.0923310292186
2.95 0 0.0916119907518
2.96 0 0.0907264466106
2.97 0 0.0898373669832
2.98 0 0.0894432925157
2.99 0 0.0893637829392
3.0 0 0.0901356138026
3.01 0 0.0905312277754
3.02 0 0.0921039262249
3.03 0 0.0935610394235
3.04 0 0.0949485022962
3.05 0 0.0960035600024
3.06 0 0.0986132777223
3.07 0 0.102400826414
3.08 0 0.103669725835
3.09 0 0.103669725835
3.1 0 0.109470566509
3.11 0 0.114102223666
3.12 0 0.116271032432
3.13 0 0.117444852789
3.14 0 0.118759587982
3.15 0 0.122522552948
3.16 0 0.125670053233
3.17 0 0.128337847444
3.18 0 0.130294636314
3.19 0 0.131737468849
3.2 0 0.134231278305
3.21 0 0.135687061398
3.22 0 0.135923115309
3.23 0 0.136385970289
3.24 0 0.136905662472
3.25 0 0.135825633141
3.26 0 0.135072802233
3.27 0 0.134886201167
3.28 0 0.134267969161
3.29 0 0.133461445913
3.3 0 0.12979395575
3.31 0 0.127476202342
3.32 0 0.122277726884
3.33 0 0.120669829801
3.34 0 0.120215121888
3.35 0 0.117988350269
3.36 0 0.114238709938
3.37 0 0.109743314972
3.38 0 0.105726385673
3.39 0 0.102158419769
3.4 0 0.0965290093387
3.41 0 0.094679403922
3.42 0 0.0929019748456
3.43 0 0.0924661054974
3.44 0 0.0918888634657
3.45 0 0.0922882728752
3.46 0 0.0930609481425
3.47 0 0.0937027480129
3.48 0 0.095674441195
3.49 0 0.095674441195
3.5 0 0.095674441195
3.51 0 0.095674441195
3.52 0 0.100105960908
3.53 0 0.100463423343
3.54 0 0.102357260124
3.55 0 0.103597214775
3.56 0 0.103670617906
3.57 0 0.105162539606
3.58 0 0.106373320916
3.59 0 0.106373320916
3.6 0 0.106373320916
3.61 0 0.111889404385
3.62 0 0.11306672978
3.63 0 0.114948288497
3.64 0 0.116792531364
3.65 0 0.118515901246
3.66 0 0.119313207995
3.67 0 0.122357553932
3.68 0 0.125222345547
3.69 0 0.125247056855
3.7 0 0.125247056855
3.71 0 0.125247056855
3.72 0 0.127101859646
3.73 0 0.126930428151
3.74 0 0.126594764854
3.75 0 0.126332765486
3.76 0 0.126328267311
3.77 0 0.126860004144
3.78 0 0.127564002165
3.79 0 0.128777741985
3.8 0 0.129576163583
3.81 0 0.130915518379
3.82 0 0.135662473214
3.83 0 0.13961189996
3.84 0 0.143263270537
3.85 0 0.146230800819
3.86 0 0.147681826781
3.87 0 0.147681826781
3.88 0 0.154388273617
3.89 0 0.160965548135
3.9 0 0.165251753424
3.91 0 0.168395335244
3.92 0 0.1717621761
3.93 0 0.174031782113
3.94 0 0.177540684149
3.95 0 0.179028276443
3.96 0 0.180790881566
3.97 0 0.180790881566
3.98 0 0.180790881566
3.99 0 0.184377438158
4.0 0 0.185714419641
4.01 0 0.18535077933
4.02 0 0.18535077933
4.03 0 0.188021223222
4.04 0 0.187574915322
4.05 0 0.187360036315
4.06 0 0.186204980336
4.07 0 0.18620476413
4.08 0 0.185446068092
4.09 0 0.183587409834
4.1 0 0.183587409834
4.11 0 0.177257311813
4.12 0 0.174560742825
4.13 0 0.169416839666
4.14 0 0.167254156533
4.15 0 0.16420519431
4.16 0 0.16117726092
4.17 0 0.157986326869
4.18 0 0.152858830617
4.19 0 0.150428178878
4.2 0 0.148270680536
4.21 0 0.146400212993
4.22 0 0.144548577459
4.23 0 0.14282294621
4.24 0 0.142680128205
4.25 0 0.142834839706
4.26 0 0.143006416091
4.27 0 0.143242076685
4.28 0 0.143187103732
4.29 0 0.143187103732
4.3 0 0.142474141586
4.31 0 0.142308286691
4.32 0 0.141995948041
4.33 0 0.141451936551
4.34 0 0.140301270184
4.35 0 0.13964247942
4.36 0 0.138887839204
4.37 0 0.137494555913
4.38 0 0.136386630034
4.39 0 0.134034987936
4.4 0 0.131616917432
4.41 0 0.129901467106
4.42 0 0.128344406833
4.43 0 0.12699173088
4.44 0 0.126145549984
4.45 0 0.126583440048
4.46 0 0.126590133517
4.47 0 0.126923966801
4.48 0 0.126923966801
4.49 0 0.126923966801
4.5 0 0.131015948647
4.51 0 0.132342062476
4.52 0 0.132456582839
4.53 0 0.132467846251
4.54 0 0.132630280125
4.55 0 0.132630280125
4.56 0 0.132195095594
4.57 0 0.131623985961
4.58 0 0.131623985961
4.59 0 0.131623985961
4.6 0 0.129388751537
4.61 0 0.129068082578
4.62 0 0.127983917629
4.63 0 0.127206001832
4.64 0 0.127213914369
4.65 0 0.129179810115
4.66 0 0.131474128707
4.67 0 0.131474128707
4.68 0 0.136490486862
4.69 0 0.137477846866
4.7 0 0.140031967279
4.71 0 0.143101546687
4.72 0 0.143816626739
4.73 0 0.145033562104
4.74 0 0.148314075941
4.75 0 0.154765325168
4.76 0 0.154765325168
4.77 0 0.161248195246
4.78 0 0.163780793427
4.79 0 0.167191681697
4.8 0 0.170376718655
4.81 0 0.173908589431
4.82 0 0.176879553656
4.83 0 0.176768357011
4.84 0 0.178488241254
4.85 0 0.179372419069
4.86 0 0.17818044053
4.87 0 0.178056095759
4.88 0 0.178019613746
4.89 0 0.177084004858
4.9 0 0.17524940414
4.91 0 0.172836288458
4.92 0 0.171809810233
4.93 0 0.17090730227
4.94 0 0.169513841555
4.95 0 0.169513841555
4.96 0 0.169513841555
4.97 0 0.16371881623
4.98 0 0.163638340871
4.99 0 0.163595056943
5.0 0 0.163595056943
5.01 0 0.162949269425
5.02 0 0.163465103547
5.03 0 0.16434711892
5.04 0 0.164826403297
5.05 0 0.165752190316
5.06 0 0.166620159708
5.07 0 0.167865698127
5.08 0 0.169668035149
5.09 0 0.170497906741
5.1 0 0.171670124127
5.11 0 0.172549629911
5.12 0 0.172893106448
5.13 0 0.173101506532
5.14 0 0.172199088518
5.15 0 0.171523851083
5.16 0 0.170767513235
5.17 0 0.169187101727
5.18 0 0.168053604592
5.19 0 0.16755952954
5.2 0 0.164566363722
5.21 0 0.163248813468
5.22 0 0.161397395274
5.23 0 0.159625496629
5.24 0 0.157800113827
5.25 0 0.154717566624
5.26 0 0.152408615542
5.27 0 0.152408615542
5.28 0 0.152408615542
5.29 0 0.148477945481
5.3 0 0.144911291718
5.31 0 0.143951930516
5.32 0 0.143970329257
5.33 0 0.144893338908
5.34 0 0.146107850695
5.35 0 0.146921688843
5.36 0 0.147640396294
5.37 0 0.147640396294
5.38 0 0.147640396294
5.39 0 0.149487380083
5.4 0 0.150780234483
5.41 0 0.151923776653
5.42 0 0.153006446071
5.43 0 0.15831498519
5.44 0 0.159957555886
5.45 0 0.161535701265
5.46 0 0.166231857604
5.47 0 0.165283005085
5.48 0 0.165283005085
5.49 0 0.165705236248
5.5 0 0.16811223684
5.51 0 0.167995972464
5.52 0 0.166730239565
5.53 0 0.168598794378
5.54 0 0.16894625677
5.55 0 0.167961226254
5.56 0 0.170853314518
5.57 0 0.173223248113
5.58 0 0.174994006626
5.59 0 0.174981216332
5.6 0 0.17648968831
5.61 0 0.177624854049
5.62 0 0.178026876039
5.63 0 0.181051329339
5.64 0 0.183076091196
5.65 0 0.17978209029
5.66 0 0.179195018275
5.67 0 0.175856964408
5.68 0 0.174724247758
5.69 0 0.173907740228
5.7 0 0.169004369496
5.71 0 0.167827301702
5.72 0 0.169367588474
5.73 0 0.168910335779
5.74 0 0.171164615253
5.75 0 0.170819546856
5.76 0 0.172587644226
5.77 0 0.174789927197
5.78 0 0.174789927197
5.79 0 0.174789927197
5.8 0 0.175403586395
5.81 0 0.174097642716
5.82 0 0.173747043387
5.83 0 0.173604212616
5.84 0 0.173307840078
5.85 0 0.17296174805
5.86 0 0.17296174805
5.87 0 0.174411171356
5.88 0 0.175164667033
5.89 0 0.176037279902
5.9 0 0.176094742796
5.91 0 0.175263383937
5.92 0 0.173369524222
5.93 0 0.17026232916
5.94 0 0.169085509876
5.95 0 0.167677819618
5.96 0 0.167399250636
5.97 0 0.165276647733
5.98 0 0.164563159508
5.99 0 0.164213012687
6.0 0 0.162903195274
6.01 0 0.16150715067
6.02 0 0.160258255352
6.03 0 0.158673912938
6.04 0 0.154900447319
6.05 0 0.153305633934
6.06 0 0.150287914729
6.07 0 0.149313056416
6.08 0 0.14766624474
6.09 0 0.144422521598
6.1 0 0.141620551852
6.11 0 0.138399076918
6.12 0 0.136066731016
6.13 0 0.136066731016
6.14 0 0.136066731016
6.15 0 0.135401566349
6.16 0 0.138226582456
6.17 0 0.139913672186
6.18 0 0.139913672186
6.19 0 0.139913672186
6.2 0 0.144894741246
6.21 0 0.147632779227
6.22 0 0.150653696157
6.23 0 0.151060588074
6.24 0 0.152599756359
6.25 0 0.15362315122
6.26 0 0.153676007795
6.27 0 0.154570416171
6.28 0 0.157040203282
6.29 0 0.157040203282
6.3 0 0.157040203282
6.31 0 0.157040203282
6.32 0 0.157285723642
6.33 0 0.160808784996
6.34 0 0.161346796168
6.35 0 0.164030073786
6.36 0 0.165469811415
6.37 0 0.16777797942
6.38 0 0.167136166601
6.39 0 0.168067744053
6.4 0 0.168828151037
6.41 0 0.169030166484
6.42 0 0.16838030827
6.43 0 0.167945456937
6.44 0 0.166457922099
6.45 0 0.165193753753
6.46 0 0.164699547409
6.47 0 0.163554768309
6.48 0 0.162570032986
6.49 0 0.161832976266
6.5 0 0.160662238168
6.51 0 0.161058337473
6.52 0 0.15925590247
6.53 0 0.158771484954
6.54 0 0.158771484954
6.55 0 0.15774371201
6.56 0 0.152920561934
6.57 0 0.148633015066
6.58 0 0.146267054837
6.59 0 0.142258788879
6.6 0 0.139367497413
6.61 0 0.135597930409
6.62 0 0.133421182811
6.63 0 0.132000883891
6.64 0 0.131656736797
6.65 0 0.131505094392
6.66 0 0.132075043443
6.67 0 0.131263188599
6.68 0 0.130996057643
6.69 0 0.131778156662
6.7 0 0.133726812514
6.71 0 0.134267230237
6.72 0 0.137245499002
6.73 0 0.139522507457
6.74 0 0.140148811135
6.75 0 0.139330912532
6.76 0 0.138772763281
6.77 0 0.137441641747
6.78 0 0.137429903859
6.79 0 0.137127801963
6.8 0 0.136185214104
6.81 0 0.136205785676
6.82 0 0.136622216524
6.83 0 0.13674948292
6.84 0 0.136585402736
6.85 0 0.136359081958
6.86 0 0.136800509099
6.87 0 0.13638274675
6.88 0 0.135269321786
6.89 0 0.135228502388
6.9 0 0.135473965362
6.91 0 0.135619187081
6.92 0 0.136388395997
6.93 0 0.136435892579
6.94 0 0.137343925523
6.95 0 0.137374064537
6.96 0 0.137485384412
6.97 0 0.136902614773
6.98 0 0.134627240841
6.99 0 0.135475774824
7.0 0 0.136193074707
7.01 0 0.136788740022
7.02 0 0.13844427705
7.03 0 0.139393016446
7.04 0 0.140882922154
7.05 0 0.143010029502
7.06 0 0.142862927478
7.07 0 0.143049399337
7.08 0 0.144059839085
7.09 0 0.143522469379
7.1 0 0.145714603506
7.11 0 0.146061704754
7.12 0 0.145135004386
7.13 0 0.149281878604
7.14 0 0.149715386548
7.15 0 0.150862542067
7.16 0 0.152326369696
7.17 0 0.153030094565
7.18 0 0.155660440466
7.19 0 0.156263269961
7.2 0 0.157206629018
7.21 0 0.159329645293
7.22 0 0.16102208716
7.23 0 0.160575471886
7.24 0 0.163653372461
7.25 0 0.164458193699
7.26 0 0.164171842016
7.27 0 0.165601563533
7.28 0 0.166472677006
7.29 0 0.167584055869
7.3 0 0.16814541736
7.31 0 0.168910159891
7.32 0 0.16886095974
7.33 0 0.168691693512
7.34 0 0.168040089073
7.35 0 0.16515279758
7.36 0 0.161407505441
7.37 0 0.160929132586
7.38 0 0.157127241975
7.39 0 0.157127241975
7.4 0 0.151775626405
7.41 0 0.148636195521
7.42 0 0.14821262859
7.43 0 0.14821262859
7.44 0 0.146556902574
7.45 0 0.146556902574
7.46 0 0.146556902574
7.47 0 0.146556902574
7.48 0 0.145741550112
7.49 0 0.145515754573
7.5 0 0.146160158751
7.51 0 0.147416082564
7.52 0 0.14871746993
7.53 0 0.148301140943
7.54 0 0.145417629345
7.55 0 0.144395837635
7.56 0 0.143579455699
7.57 0 0.14357244091
7.58 0 0.143679702359
7.59 0 0.142395329879
7.6 0 0.140637523265
7.61 0 0.138504552424
7.62 0 0.137328109243
7.63 0 0.137309486017
7.64 0 0.136486084224
7.65 0 0.136081092821
7.66 0 0.136194366601
7.67 0 0.136069277828
7.68 0 0.136041038865
7.69 0 0.137267949086
7.7 0 0.137955799441
7.71 0 0.138802049288
7.72 0 0.139819226826
7.73 0 0.140801124316
7.74 0 0.141008301934
7.75 0 0.140617813763
7.76 0 0.141016086635
7.77 0 0.142679725628
7.78 0 0.142481689517
7.79 0 0.142978365497
7.8 0 0.144781226184
7.81 0 0.145620854534
7.82 0 0.145620854534
7.83 0 0.145620854534
7.84 0 0.147901549863
7.85 0 0.148896943192
7.86 0 0.152553260331
7.87 0 0.154428159152
7.88 0 0.154602136656
7.89 0 0.155754094269
7.9 0 0.155754094269
7.91 0 0.155754094269
7.92 0 0.1583633237
7.93 0 0.161041508383
7.94 0 0.163107616199
7.95 0 0.164412608491
7.96 0 0.164998916134
7.97 0 0.16551942107
7.98 0 0.165715612082
7.99 0 0.165983728408
8.0 0 0.167300866191
8.01 0 0.170767083659
8.02 0 0.1717582814
8.03 0 0.173370572954
8.04 0 0.174360487179
8.05 0 0.174245214434
8.06 0 0.172916305877
8.07 0 0.175270356663
8.08 0 0.174365275204
8.09 0 0.172049312665
8.1 0 0.170073343733
8.11 0 0.167825835657
8.12 0 0.162376439051
8.13 0 0.158765498581
8.14 0 0.155873743432
8.15 0 0.155154546788
8.16 0 0.154909094428
8.17 0 0.154764859426
8.18 0 0.154074604313
8.19 0 0.154296023302
8.2 0 0.154361825022
8.21 0 0.155138095446
8.22 0 0.155297451714
8.23 0 0.155820893832
8.24 0 0.15625272116
8.25 0 0.15625272116
8.26 0 0.15625272116
8.27 0 0.15625272116
8.28 0 0.15589068757
8.29 0 0.155371916787
8.3 0 0.154784998505
8.31 0 0.154568777974
8.32 0 0.154513880939
8.33 0 0.154377117396
8.34 0 0.154377117396
8.35 0 0.152988168809
8.36 0 0.151279996907
8.37 0 0.151051243451
8.38 0 0.151064838676
8.39 0 0.151376417058
8.4 0 0.148222996037
8.41 0 0.14756637333
8.42 0 0.145539563359
8.43 0 0.143496910607
8.44 0 0.142815678296
8.45 0 0.142815678296
8.46 0 0.142571158266
8.47 0 0.142216905806
8.48 0 0.142216905806
8.49 0 0.142216905806
8.5 0 0.141992009838
8.51 0 0.143022659965
8.52 0 0.14355377245
8.53 0 0.144364379504
8.54 0 0.146050488709
8.55 0 0.147756826339
8.56 0 0.148362740329
8.57 0 0.150054846157
8.58 0 0.150869166505
8.59 0 0.155251847236
8.6 0 0.156241960889
8.61 0 0.157732922852
8.62 0 0.159449956915
8.63 0 0.163809471368
8.64 0 0.164361576733
8.65 0 0.166199470979
8.66 0 0.166278007302
8.67 0 0.168640536015
8.68 0 0.167766228119
8.69 0 0.167766228119
8.7 0 0.167766228119
8.71 0 0.167766228119
8.72 0 0.17507789947
8.73 0 0.174008975704
8.74 0 0.176110100027
8.75 0 0.177903514103
8.76 0 0.177903514103
8.77 0 0.177903514103
8.78 0 0.177058625495
8.79 0 0.177598806682
8.8 0 0.177234230291
8.81 0 0.176681989322
8.82 0 0.178961704094
8.83 0 0.175855417965
8.84 0 0.175151068431
8.85 0 0.173882753048
8.86 0 0.172702990867
8.87 0 0.172104249056
8.88 0 0.171884033324
8.89 0 0.171988996756
8.9 0 0.171988996756
8.91 0 0.170688377124
8.92 0 0.169428694102
8.93 0 0.165347553012
8.94 0 0.165970622039
8.95 0 0.167130336674
8.96 0 0.167130336674
8.97 0 0.170855239617
8.98 0 0.171956615684
8.99 0 0.173124764495
9.0 0 0.173517673418
9.01 0 0.174096943902
9.02 0 0.174124495904
9.03 0 0.174598065702
9.04 0 0.175015055645
9.05 0 0.175837025513
9.06 0 0.175598324245
9.07 0 0.174787368566
9.08 0 0.174311034735
9.09 0 0.174096242773
9.1 0 0.173865834056
9.11 0 0.173997497817
9.12 0 0.173965847489
9.13 0 0.174179379884
9.14 0 0.174177550224
9.15 0 0.17361830082
9.16 0 0.173501544075
9.17 0 0.173628446519
9.18 0 0.173466877453
9.19 0 0.174082589803
9.2 0 0.174847574177
9.21 0 0.175098831249
9.22 0 0.175921117839
9.23 0 0.176008575535
9.24 0 0.17580132432
9.25 0 0.175689071934
9.26 0 0.175390991482
9.27 0 0.175360211687
9.28 0 0.175360211687
9.29 0 0.175360211687
9.3 0 0.176009278465
9.31 0 0.177723432467
9.32 0 0.178487914528
9.33 0 0.178487914528
9.34 0 0.179816343447
9.35 0 0.183427734577
9.36 0 0.187361056681
9.37 0 0.188699222328
9.38 0 0.191121994408
9.39 0 0.19489002852
9.4 0 0.197404976118
9.41 0 0.199049061891
9.42 0 0.200092782922
9.43 0 0.20283455649
9.44 0 0.204378489878
9.45 0 0.206255548938
9.46 0 0.209173096811
9.47 0 0.210623649943
9.48 0 0.210623649943
9.49 0 0.215260438303
9.5 0 0.216877588631
9.51 0 0.226442682377
9.52 0 0.232406518264
9.53 0 0.233955633725
9.54 0 0.23343731145
9.55 0 0.232232595848
9.56 0 0.230081732934
9.57 0 0.229685685688
9.58 0 0.22856154105
9.59 0 0.227761940914
9.6 0 0.227095375953
9.61 0 0.226676705904
9.62 0 0.226396118102
9.63 0 0.226267956664
9.64 0 0.226710265854
9.65 0 0.226563444277
9.66 0 0.225852830415
9.67 0 0.225278332128
9.68 0 0.225278332128
9.69 0 0.225513140343
9.7 0 0.225322400672
9.71 0 0.223987395469
9.72 0 0.223438808323
9.73 0 0.221925973573
9.74 0 0.220072189937
9.75 0 0.218073065987
9.76 0 0.215745271358
9.77 0 0.21097720302
9.78 0 0.209105395482
9.79 0 0.205408921623
9.8 0 0.202551418987
9.81 0 0.201090592202
9.82 0 0.198995666048
9.83 0 0.197877632952
9.84 0 0.197226606947
9.85 0 0.196428423276
9.86 0 0.196428423276
9.87 0 0.194801237864
9.88 0 0.192843989544
9.89 0 0.190879941755
9.9 0 0.190437915457
9.91 0 0.191098370543
9.92 0 0.191740556429
9.93 0 0.192648821586
9.94 0 0.194570971712
9.95 0 0.19475057709
9.96 0 0.19628256658
9.97 0 0.19628256658
9.98 0 0.19628256658
9.99 0 0.19935952823
10.0 0 0.200793826443
10.01 0 0.20282374769
10.02 0 0.203120233047
10.03 0 0.205843718461
10.04 0 0.207258553839
10.05 0 0.209173539434
10.06 0 0.211138174498
10.07 0 0.210767909198
10.08 0 0.212696518415
10.09 0 0.21271988362
10.1 0 0.213000157523
10.11 0 0.213000157523
10.12 0 0.213000157523
10.13 0 0.214387269673
10.14 0 0.214668159476
10.15 0 0.214746457679
10.16 0 0.215115903539
10.17 0 0.214941854619
10.18 0 0.215893445269
10.19 0 0.216849732673
10.2 0 0.219373790543
10.21 0 0.222194448416
10.22 0 0.222744672707
10.23 0 0.225420016197
10.24 0 0.22897515782
10.25 0 0.22897515782
10.26 0 0.233678836344
10.27 0 0.23621486752
10.28 0 0.239424567508
10.29 0 0.240274497001
10.3 0 0.240856330125
10.31 0 0.241564240328
10.32 0 0.24387894898
10.33 0 0.244709403691
10.34 0 0.245292312312
10.35 0 0.243380160951
10.36 0 0.243166349972
10.37 0 0.243457241006
10.38 0 0.243029648831
10.39 0 0.242070650862
10.4 0 0.241989642413
10.41 0 0.24091933327
10.42 0 0.238285323791
10.43 0 0.235377333695
10.44 0 0.23428672666
10.45 0 0.233603547719
10.46 0 0.233142802087
10.47 0 0.232970783839
10.48 0 0.232463253279
10.49 0 0.232463253279
10.5 0 0.232463253279
10.51 0 0.23131959296
10.52 0 0.232446159696
10.53 0 0.23314803484
10.54 0 0.23314803484
10.55 0 0.23314803484
10.56 0 0.233664100998
10.57 0 0.234585517671
10.58 0 0.234559593278
10.59 0 0.233942832242
10.6 0 0.231594654474
10.61 0 0.230561569003
10.62 0 0.223415661389
10.63 0 0.220577916463
10.64 0 0.214669909359
10.65 0 0.213535206377
10.66 0 0.21145046325
10.67 0 0.208088685055
10.68 0 0.203173778349
10.69 0 0.202155310122
10.7 0 0.200203409499
10.71 0 0.19724386203
10.72 0 0.196511756443
10.73 0 0.195200136814
10.74 0 0.191774930696
10.75 0 0.190797746016
10.76 0 0.190797746016
10.77 0 0.191317643233
10.78 0 0.193145574755
10.79 0 0.193596958237
10.8 0 0.193711068484
10.81 0 0.193621817186
10.82 0 0.195185787675
10.83 0 0.195185787675
10.84 0 0.195185787675
10.85 0 0.195185787675
10.86 0 0.201411898848
10.87 0 0.202234887853
10.88 0 0.20457303867
10.89 0 0.204965660057
10.9 0 0.206937717715
10.91 0 0.206937717715
10.92 0 0.2137837913
10.93 0 0.216253196101
10.94 0 0.2171092823
10.95 0 0.219218029557
10.96 0 0.219980359547
10.97 0 0.219980359547
10.98 0 0.219980359547
10.99 0 0.222145292397
11.0 0 0.224966049246
11.01 0 0.226286491998
11.02 0 0.230054872529
11.03 0 0.230301693381
11.04 0 0.231900059598
11.05 0 0.233072551914
11.06 0 0.2357797971
11.07 0 0.24110323542
11.08 0 0.242296886438
11.09 0 0.244821020024
11.1 0 0.247833372008
11.11 0 0.247833372008
11.12 0 0.247833372008
11.13 0 0.249752620676
11.14 0 0.249276884978
11.15 0 0.249161679495
11.16 0 0.249161679495
11.17 0 0.249161679495
11.18 0 0.249183180179
11.19 0 0.244934132568
11.2 0 0.242659748671
11.21 0 0.240754264497
11.22 0 0.235117772705
11.23 0 0.23219730904
11.24 0 0.230567938449
11.25 0 0.229505706271
11.26 0 0.229622639891
11.27 0 0.230426151162
11.28 0 0.23204938573
11.29 0 0.234291146041
11.3 0 0.236607670074
11.31 0 0.237381528221
11.32 0 0.238488907197
11.33 0 0.238258497791
11.34 0 0.238088982073
11.35 0 0.237333924568
11.36 0 0.237333924568
11.37 0 0.232388176576
11.38 0 0.229525177103
11.39 0 0.227677812591
11.4 0 0.226971073362
11.41 0 0.225902158878
11.42 0 0.223702551198
11.43 0 0.223013456189
11.44 0 0.223224576567
11.45 0 0.223172213192
11.46 0 0.22208406549
11.47 0 0.221641874064
11.48 0 0.221262683139
11.49 0 0.221262683139
11.5 0 0.221069481819
11.51 0 0.221069481819
11.52 0 0.221069481819
11.53 0 0.222919575426
11.54 0 0.223499630258
11.55 0 0.224358983369
11.56 0 0.224854720064
11.57 0 0.226450948707
11.58 0 0.226536415383
11.59 0 0.227878789287
11.6 0 0.229028882244
11.61 0 0.231133991376
11.62 0 0.23140725477
11.63 0 0.230549730707
11.64 0 0.234113282041
11.65 0 0.232740085838
11.66 0 0.232740085838
11.67 0 0.2362155845
11.68 0 0.240571534907
11.69 0 0.24439736335
11.7 0 0.248473308771
11.71 0 0.252444995633
11.72 0 0.25312682254
11.73 0 0.255917007339
11.74 0 0.257908460923
11.75 0 0.261241195036
11.76 0 0.261950733991
11.77 0 0.261044430993
11.78 0 0.260291421254
11.79 0 0.260187618522
11.8 0 0.259601639916
11.81 0 0.258120207975
11.82 0 0.259514158523
11.83 0 0.260131342071
11.84 0 0.260224797538
11.85 0 0.260973632233
11.86 0 0.260595830279
11.87 0 0.262188502681
11.88 0 0.259141029033
11.89 0 0.258266052888
11.9 0 0.259060535503
11.91 0 0.25836977477
11.92 0 0.257949526581
11.93 0 0.256893260143
11.94 0 0.257264235421
11.95 0 0.259043467894
11.96 0 0.259240777663
11.97 0 0.259284741225
11.98 0 0.25816239352
11.99 0 0.256017819666
12.0 0 0.254336445266
12.01 0 0.252853166265
12.02 0 0.247414247977
12.03 0 0.247440002766
12.04 0 0.246946259285
12.05 0 0.246684297296
12.06 0 0.246868051981
12.07 0 0.24689561066
12.08 0 0.24689561066
12.09 0 0.240692160128
12.1 0 0.238347040396
12.11 0 0.238043656666
12.12 0 0.238295259616
12.13 0 0.238680588876
12.14 0 0.238680588876
12.15 0 0.238680588876
12.16 0 0.238121496814
12.17 0 0.235291514906
12.18 0 0.234861585634
12.19 0 0.232372393664
12.2 0 0.231626255855
12.21 0 0.227439730991
12.22 0 0.226680880531
12.23 0 0.227024153218
12.24 0 0.226563086593
12.25 0 0.226176999693
12.26 0 0.226124010323
12.27 0 0.226371210333
12.28 0 0.227159982467
12.29 0 0.228420431649
12.3 0 0.228532810349
12.31 0 0.228717987482
12.32 0 0.230712212618
12.33 0 0.232120445622
12.34 0 0.233052494683
12.35 0 0.234269561865
12.36 0 0.234643258485
12.37 0 0.234643258485
12.38 0 0.234643258485
12.39 0 0.236141989177
12.4 0 0.238364573258
12.41 0 0.240208176034
12.42 0 0.240537053041
12.43 0 0.240537053041
12.44 0 0.248075335211
12.45 0 0.250429106261
12.46 0 0.250429106261
12.47 0 0.250429106261
12.48 0 0.254135416793
12.49 0 0.258022640067
12.5 0 0.258022640067
12.51 0 0.258022640067
12.52 0 0.259760604687
12.53 0 0.259471044192
12.54 0 0.260249486167
12.55 0 0.260249486167
12.56 0 0.267915141038
12.57 0 0.263432239153
12.58 0 0.263432239153
12.59 0 0.276901783132
12.6 0 0.277960528903
12.61 0 0.277836261956
12.62 0 0.277836261956
12.63 0 0.28012815108
12.64 0 0.283369938063
12.65 0 0.283369938063
12.66 0 0.283369938063
12.67 0 0.283369938063
12.68 0 0.29051264955
12.69 0 0.29051264955
12.7 0 0.29051264955
12.71 0 0.288019622196
12.72 0 0.286193190044
12.73 0 0.284271667191
12.74 0 0.284271667191
12.75 0 0.281355254527
12.76 0 0.279653786954
12.77 0 0.277342447273
12.78 0 0.275985041416
12.79 0 0.275487485362
12.8 0 0.274416452861
12.81 0 0.272728666816
12.82 0 0.266882833646
12.83 0 0.263421609308
12.84 0 0.262881746316
12.85 0 0.262329129615
12.86 0 0.261354543007
12.87 0 0.260018419606
12.88 0 0.259268018834
12.89 0 0.258924543653
12.9 0 0.258108836111
12.91 0 0.257673951077
12.92 0 0.256583704423
12.93 0 0.2564305485
12.94 0 0.256501540811
12.95 0 0.256249850561
12.96 0 0.256328066982
12.97 0 0.255465447481
12.98 0 0.255030312421
12.99 0 0.255491987964
13.0 0 0.256457657019
13.01 0 0.257202347131
13.02 0 0.258076447926
13.03 0 0.258562199644
13.04 0 0.258805046163
13.05 0 0.258110143549
13.06 0 0.258967083301
13.07 0 0.258967083301
13.08 0 0.259423772928
13.09 0 0.259855926291
13.1 0 0.260461544948
13.11 0 0.260788948792
13.12 0 0.262544951488
13.13 0 0.263673713649
13.14 0 0.263748918826
13.15 0 0.264685890395
13.16 0 0.265165903799
13.17 0 0.267816909163
13.18 0 0.268156662877
13.19 0 0.268156662877
13.2 0 0.270638445257
13.21 0 0.272714438188
13.22 0 0.276718531343
13.23 0 0.279777195892
13.24 0 0.279177805481
13.25 0 0.284378560466
13.26 0 0.285083684366
13.27 0 0.285241943753
13.28 0 0.284917394857
13.29 0 0.284917394857
13.3 0 0.287403803129
13.31 0 0.283832254894
13.32 0 0.2885901925
13.33 0 0.288765823708
13.34 0 0.291756654841
13.35 0 0.291636048901
13.36 0 0.295500604984
13.37 0 0.299037721231
13.38 0 0.303099370187
13.39 0 0.307623089689
13.4 0 0.309627266137
13.41 0 0.313800460485
13.42 0 0.315644083373
13.43 0 0.315644083373
13.44 0 0.317028443628
13.45 0 0.317416510641
13.46 0 0.31779511051
13.47 0 0.317652491331
13.48 0 0.317859492
13.49 0 0.318049429633
13.5 0 0.317759064771
13.51 0 0.317824989467
13.52 0 0.317642522284
13.53 0 0.317094834632
13.54 0 0.317094834632
13.55 0 0.317094834632
13.56 0 0.315963831931
13.57 0 0.313901299055
13.58 0 0.309851660342
13.59 0 0.307044620496
13.6 0 0.303500811161
13.61 0 0.302846316696
13.62 0 0.292775171354
13.63 0 0.289585780211
13.64 0 0.288182357773
13.65 0 0.288182357773
13.66 0 0.287443865035
13.67 0 0.286976305175
13.68 0 0.286764960107
13.69 0 0.286645641449
13.7 0 0.286510311179
13.71 0 0.286510311179
13.72 0 0.28623343464
13.73 0 0.286197428525
13.74 0 0.286830589847
13.75 0 0.287005269058
13.76 0 0.287005269058
13.77 0 0.287005269058
13.78 0 0.288251656986
13.79 0 0.288520853077
13.8 0 0.288452758288
13.81 0 0.288452758288
13.82 0 0.288452758288
13.83 0 0.28980732063
13.84 0 0.289151183821
13.85 0 0.287980540123
13.86 0 0.287909674857
13.87 0 0.288408151526
13.88 0 0.288697756369
13.89 0 0.289886117766
13.9 0 0.290574139996
13.91 0 0.290486842729
13.92 0 0.290585628149
13.93 0 0.290585628149
13.94 0 0.291076972305
13.95 0 0.291990153162
13.96 0 0.292202888795
13.97 0 0.292202888795
13.98 0 0.295564084841
13.99 0 0.298729413689
14.0 0 0.298622964227
14.01 0 0.302142468774
14.02 0 0.30249713941
14.03 0 0.30264820509
14.04 0 0.303624303861
14.05 0 0.304335300957
14.06 0 0.303737535365
14.07 0 0.305875903858
14.08 0 0.308354289095
14.09 0 0.31059716446
14.1 0 0.309807814571
14.11 0 0.310866520682
14.12 0 0.307009687807
14.13 0 0.307009687807
14.14 0 0.309152040611
14.15 0 0.314042359156
14.16 0 0.319243306065
14.17 0 0.322794827021
14.18 0 0.326809441561
14.19 0 0.33185236281
14.2 0 0.332555689537
14.21 0 0.33347327805
14.22 0 0.33347327805
14.23 0 0.336927208095
14.24 0 0.337035178518
14.25 0 0.337213586809
14.26 0 0.335685857444
14.27 0 0.334782738985
14.28 0 0.334782738985
14.29 0 0.334782738985
14.3 0 0.332031327434
14.31 0 0.331732511929
14.32 0 0.331732511929
14.33 0 0.329535274518
14.34 0 0.329535274518
14.35 0 0.329535274518
14.36 0 0.328106713397
14.37 0 0.326090146821
14.38 0 0.326090146821
14.39 0 0.32350960751
14.4 0 0.321764895817
14.41 0 0.321764895817
14.42 0 0.321764895817
14.43 0 0.318881241137
14.44 0 0.317446586935
14.45 0 0.315380962214
14.46 0 0.312475229685
14.47 0 0.308400439378
14.48 0 0.307771531131
14.49 0 0.306620660587
14.5 0 0.306620660587
14.51 0 0.306168136536
14.52 0 0.305961987662
14.53 0 0.306109002026
14.54 0 0.30699367564
14.55 0 0.308724542533
14.56 0 0.308703434843
14.57 0 0.309870490951
14.58 0 0.312315758851
14.59 0 0.312315758851
14.6 0 0.314627836175
14.61 0 0.315917217011
14.62 0 0.316295588876
14.63 0 0.316537083365
14.64 0 0.316709013168
14.65 0 0.316933718216
14.66 0 0.316654668724
14.67 0 0.316919650159
14.68 0 0.316919650159
14.69 0 0.318011767474
14.7 0 0.318138163725
14.71 0 0.318936980981
14.72 0 0.319661497459
14.73 0 0.320599340773
14.74 0 0.320599340773
14.75 0 0.320599340773
14.76 0 0.322667259991
14.77 0 0.322541287376
14.78 0 0.324792382991
14.79 0 0.327688990315
14.8 0 0.32879912157
14.81 0 0.331102256088
14.82 0 0.33239246587
14.83 0 0.332236356854
14.84 0 0.332236356854
14.85 0 0.332176940472
14.86 0 0.331294288284
14.87 0 0.333559215954
14.88 0 0.33695568197
14.89 0 0.336975786135
14.9 0 0.336003121058
14.91 0 0.334585891567
14.92 0 0.329980656783
14.93 0 0.328555536675
14.94 0 0.33611175109
14.95 0 0.342382062143
14.96 0 0.346914122769
14.97 0 0.350220538678
14.98 0 0.35271257463
14.99 0 0.35271257463
15.0 0 0.357669683261
15.01 0 0.35918418895
15.02 0 0.35918418895
15.03 0 0.360672083324
15.04 0 0.361209999156
15.05 0 0.361574823906
15.06 0 0.362073796963
15.07 0 0.362306642425
15.08 0 0.362361247387
15.09 0 0.361616491861
15.1 0 0.361150714312
15.11 0 0.360791489356
15.12 0 0.360127604755
15.13 0 0.359972940184
15.14 0 0.360162500109
15.15 0 0.360274739286
15.16 0 0.36053450748
15.17 0 0.36053450748
15.18 0 0.359307296537
15.19 0 0.3601036367
15.2 0 0.360535044699
15.21 0 0.360535044699
15.22 0 0.36008045781
15.23 0 0.359901629668
15.24 0 0.3588704811
15.25 0 0.3588704811
15.26 0 0.357867413995
15.27 0 0.35703095091
15.28 0 0.357157833454
15.29 0 0.354407077202
15.3 0 0.354407077202
15.31 0 0.355962496968
15.32 0 0.357208628977
15.33 0 0.357863910533
15.34 0 0.358555712689
15.35 0 0.359262412361
15.36 0 0.359670779435
15.37 0 0.360448684575
15.38 0 0.361477091221
15.39 0 0.362260414012
15.4 0 0.362599812244
15.41 0 0.363079982092
15.42 0 0.363079982092
15.43 0 0.363193460522
15.44 0 0.364022372174
15.45 0 0.364022372174
15.46 0 0.364022372174
15.47 0 0.365169118524
15.48 0 0.364809049729
15.49 0 0.365161379054
15.5 0 0.366427150805
15.51 0 0.366427150805
15.52 0 0.36792639843
15.53 0 0.368930551009
15.54 0 0.369145985439
15.55 0 0.370214555668
15.56 0 0.372414481432
15.57 0 0.374191945238
15.58 0 0.374191945238
15.59 0 0.376027272472
15.6 0 0.377596847367
15.61 0 0.377069841581
15.62 0 0.377069841581
15.63 0 0.377069841581
15.64 0 0.376774416985
15.65 0 0.376986683912
15.66 0 0.376448014632
15.67 0 0.37914671672
15.68 0 0.385621267108
15.69 0 0.38286092359
15.7 0 0.383524412686
15.71 0 0.391493505923
15.72 0 0.392641684565
15.73 0 0.396400187348
15.74 0 0.396998732051
15.75 0 0.39774245378
15.76 0 0.399239930952
15.77 0 0.399239930952
15.78 0 0.401265613219
15.79 0 0.402190477535
15.8 0 0.404843774949
15.81 0 0.407983696865
15.82 0 0.409853860487
15.83 0 0.408826649128
15.84 0 0.409610689036
15.85 0 0.409829727752
15.86 0 0.41054586515
15.87 0 0.41054586515
15.88 0 0.410487064436
15.89 0 0.410133709504
15.9 0 0.410133709504
15.91 0 0.409120005146
15.92 0 0.40862751883
15.93 0 0.408488736611
15.94 0 0.408291302858
15.95 0 0.408291302858
15.96 0 0.408291302858
15.97 0 0.406461175744
15.98 0 0.405258386487
15.99 0 0.404265191491
16.0 0 0.39968590183
16.01 0 0.39968590183
16.02 0 0.39968590183
16.03 0 0.39508200247
16.04 0 0.390127608358
16.05 0 0.388069524425
16.06 0 0.382530276341
16.07 0 0.376594685017
16.08 0 0.376594685017
16.09 0 0.376594685017
16.1 0 0.371416424112
16.11 0 0.371505818091
16.12 0 0.371467826982
16.13 0 0.371100017189
16.14 0 0.371289109777
16.15 0 0.371289109777
16.16 0 0.371289109777
16.17 0 0.371289109777
16.18 0 0.375233210684
16.19 0 0.377787818073
16.2 0 0.377919672594
16.21 0 0.378747524537
16.22 0 0.379276733112
16.23 0 0.382564418216
16.24 0 0.383398720497
16.25 0 0.383489688171
16.26 0 0.386108473679
16.27 0 0.386664895433
16.28 0 0.387733811743
16.29 0 0.387733811743
16.3 0 0.387733811743
16.31 0 0.389623141106
16.32 0 0.391812833781
16.33 0 0.393257063861
16.34 0 0.393287611923
16.35 0 0.396588597885
16.36 0 0.397003015935
16.37 0 0.397003015935
16.38 0 0.40230391161
16.39 0 0.404640712863
16.4 0 0.403947800485
16.41 0 0.403947800485
16.42 0 0.409161253795
16.43 0 0.408829078942
16.44 0 0.410193314044
16.45 0 0.411894702384
16.46 0 0.41101528472
16.47 0 0.415787380191
16.48 0 0.415840683059
16.49 0 0.41801672547
16.5 0 0.417996068231
16.51 0 0.421573794204
16.52 0 0.421843746698
16.53 0 0.422351295999
16.54 0 0.420744211204
16.55 0 0.415952425373
16.56 0 0.417122084492
16.57 0 0.417122084492
16.58 0 0.417122084492
16.59 0 0.413612148231
16.6 0 0.411271622391
16.61 0 0.411629369296
16.62 0 0.423464924766
16.63 0 0.423191082383
16.64 0 0.422466230307
16.65 0 0.422311982199
16.66 0 0.422384523799
16.67 0 0.422444375736
16.68 0 0.422834725056
16.69 0 0.42386253126
16.7 0 0.423840553236
16.71 0 0.424192905876
16.72 0 0.423710957794
16.73 0 0.423734007036
16.74 0 0.423872693722
16.75 0 0.423780152057
16.76 0 0.423780152057
16.77 0 0.423780152057
16.78 0 0.419887636453
16.79 0 0.417616189934
16.8 0 0.415941848391
16.81 0 0.415459311332
16.82 0 0.415546484326
16.83 0 0.415753095811
16.84 0 0.415708039065
16.85 0 0.415728489524
16.86 0 0.415828295823
16.87 0 0.415642348515
16.88 0 0.416364293508
16.89 0 0.416841716036
16.9 0 0.418163830271
16.91 0 0.419785906687
16.92 0 0.420517865021
16.93 0 0.422030994931
16.94 0 0.422596157126
16.95 0 0.422510263535
16.96 0 0.424693340763
16.97 0 0.426374403649
16.98 0 0.426836891391
16.99 0 0.427212491279
17.0 0 0.428597609509
17.01 0 0.428982873555
17.02 0 0.429787969543
17.03 0 0.429737754681
17.04 0 0.43026418322
17.05 0 0.430801387218
17.06 0 0.431201749444
17.07 0 0.432626829288
17.08 0 0.43279730437
17.09 0 0.43279730437
17.1 0 0.434120275304
17.11 0 0.43528529894
17.12 0 0.43528529894
17.13 0 0.43528529894
17.14 0 0.43650640016
17.15 0 0.439647132429
17.16 0 0.44290870656
17.17 0 0.444352328857
17.18 0 0.444729133867
17.19 0 0.443777209978
17.2 0 0.440637846674
17.21 0 0.439469260365
17.22 0 0.438623758875
17.23 0 0.442572278259
17.24 0 0.439517262801
17.25 0 0.443924466529
17.26 0 0.443924466529
17.27 0 0.443924466529
17.28 0 0.443924466529
17.29 0 0.452374405782
17.3 0 0.452374405782
17.31 0 0.471605975601
17.32 0 0.471605975601
17.33 0 0.471605975601
17.34 0 0.479584012459
17.35 0 0.478677154982
17.36 0 0.479639271011
17.37 0 0.4787256548
17.38 0 0.478377211927
17.39 0 0.478377211927
17.4 0 0.479683014619
17.41 0 0.480125425338
17.42 0 0.479915702167
17.43 0 0.479473974978
17.44 0 0.479535367448
17.45 0 0.479616188102
17.46 0 0.479371227488
17.47 0 0.478187208872
17.48 0 0.477604269377
17.49 0 0.477677257394
17.5 0 0.477677257394
17.51 0 0.47783267459
17.52 0 0.476929500276
17.53 0 0.475607087112
17.54 0 0.476575029672
17.55 0 0.477555971663
17.56 0 0.477492335835
17.57 0 0.477492335835
17.58 0 0.477492335835
17.59 0 0.474659201752
17.6 0 0.471188161398
17.61 0 0.471188161398
17.62 0 0.469474830868
17.63 0 0.468550077059
17.64 0 0.466578925382
17.65 0 0.466626101193
17.66 0 0.466656564993
17.67 0 0.466899172831
17.68 0 0.466443605966
17.69 0 0.466443605966
17.7 0 0.466443605966
17.71 0 0.468555187878
17.72 0 0.468490585267
17.73 0 0.46926218216
17.74 0 0.469728501563
17.75 0 0.470176034476
17.76 0 0.470397373048
17.77 0 0.470484478602
17.78 0 0.470722158123
17.79 0 0.472094973872
17.8 0 0.472319658779
17.81 0 0.474043564565
17.82 0 0.474867697981
17.83 0 0.475273711386
17.84 0 0.475780322764
17.85 0 0.476445587107
17.86 0 0.47641527893
17.87 0 0.474847022744
17.88 0 0.473660904406
17.89 0 0.474938543981
17.9 0 0.474520225424
17.91 0 0.475116560939
17.92 0 0.475116560939
17.93 0 0.475962640748
17.94 0 0.479821513761
17.95 0 0.478875067125
17.96 0 0.482726639788
17.97 0 0.484939860175
17.98 0 0.483090727293
17.99 0 0.482951231251
18.0 0 0.483999412023
18.01 0 0.484990783466
18.02 0 0.484536962142
18.03 0 0.487361120658
18.04 0 0.487737384121
18.05 0 0.486042839129
18.06 0 0.485723910075
18.07 0 0.487582159325
18.08 0 0.487582159325
18.09 0 0.487582159325
18.1 0 0.494147260963
18.11 0 0.494147260963
18.12 0 0.494147260963
18.13 0 0.500676333523
18.14 0 0.502647862287
18.15 0 0.502552536748
18.16 0 0.503751576916
18.17 0 0.504037546175
18.18 0 0.504097757075
18.19 0 0.504458556301
18.2 0 0.504242389448
18.21 0 0.504242389448
18.22 0 0.504776399144
18.23 0 0.504820983656
18.24 0 0.505273591005
18.25 0 0.505866415308
18.26 0 0.505272932053
18.27 0 0.504678822032
18.28 0 0.504512129977
18.29 0 0.504249636944
18.3 0 0.503070891266
18.31 0 0.504532978583
18.32 0 0.504688660035
18.33 0 0.50513598279
18.34 0 0.50513598279
18.35 0 0.50513598279
18.36 0 0.501512595769
18.37 0 0.500934696796
18.38 0 0.500934696796
18.39 0 0.500934696796
18.4 0 0.493357922808
18.41 0 0.491722634261
18.42 0 0.491078409868
18.43 0 0.487078411135
18.44 0 0.486165805756
18.45 0 0.486165805756
18.46 0 0.484877714899
18.47 0 0.484514382024
18.48 0 0.483867639309
18.49 0 0.483552606778
18.5 0 0.483390914975
18.51 0 0.484441344726
18.52 0 0.485710836264
18.53 0 0.485948841035
18.54 0 0.486674300908
18.55 0 0.486791676719
18.56 0 0.487392256315
18.57 0 0.487392256315
18.58 0 0.487641009788
18.59 0 0.488225365304
18.6 0 0.488402756904
18.61 0 0.488403104327
18.62 0 0.488632012925
18.63 0 0.489261875525
18.64 0 0.489175669799
18.65 0 0.489513318948
18.66 0 0.4886693823
18.67 0 0.488982792408
18.68 0 0.49010774892
18.69 0 0.490887310206
18.7 0 0.492721399825
18.71 0 0.493869848816
18.72 0 0.495251336843
18.73 0 0.496209657142
18.74 0 0.496209657142
18.75 0 0.501370537071
18.76 0 0.509752025242
18.77 0 0.509635942856
18.78 0 0.509666683818
18.79 0 0.510185675783
18.8 0 0.510185675783
18.81 0 0.510927234223
18.82 0 0.512659498212
18.83 0 0.511913368812
18.84 0 0.511913368812
18.85 0 0.511913368812
18.86 0 0.511913368812
18.87 0 0.513232522205
18.88 0 0.518566244098
18.89 0 0.518854919458
18.9 0 0.520237061797
18.91 0 0.520546965658
18.92 0 0.521150627287
18.93 0 0.521302009217
18.94 0 0.520862768484
18.95 0 0.520344096919
18.96 0 0.51945247339
18.97 0 0.522221809231
18.98 0 0.522807811003
18.99 0 0.524114680634
19.0 0 0.524252836304
19.01 0 0.525487433681
19.02 0 0.524698048373
19.03 0 0.524230895483
19.04 0 0.522216011988
19.05 0 0.520996404019
19.06 0 0.52035613099
19.07 0 0.520495772161
19.08 0 0.520045359803
19.09 0 0.519865963578
19.1 0 0.519865963578
19.11 0 0.518739913962
19.12 0 0.519849573901
19.13 0 0.520630446586
19.14 0 0.52061909583
19.15 0 0.520086896283
19.16 0 0.517582162364
19.17 0 0.517890184348
19.18 0 0.51639627758
19.19 0 0.510663478308
19.2 0 0.509262278756
19.21 0 0.509262278756
19.22 0 0.506985200427
19.23 0 0.506251984823
19.24 0 0.505932968678
19.25 0 0.506002703859
19.26 0 0.506976508269
19.27 0 0.508152152677
19.28 0 0.50872763987
19.29 0 0.509673512967
19.3 0 0.510941177254
19.31 0 0.510941177254
19.32 0 0.510941177254
19.33 0 0.512327771204
19.34 0 0.512648049079
19.35 0 0.512648049079
19.36 0 0.513250254847
19.37 0 0.514371571518
19.38 0 0.514770842411
19.39 0 0.515734790271
19.4 0 0.515517550838
19.41 0 0.515471546373
19.42 0 0.515938953228
19.43 0 0.516044497871
19.44 0 0.515958115983
19.45 0 0.516452339721
19.46 0 0.516541741543
19.47 0 0.518325456057
19.48 0 0.523592799176
19.49 0 0.525840337365
19.5 0 0.526937917438
19.51 0 0.527992828674
19.52 0 0.527992828674
19.53 0 0.527992828674
19.54 0 0.526974578784
19.55 0 0.527273799768
19.56 0 0.527385819117
19.57 0 0.530433295709
19.58 0 0.53216148458
19.59 0 0.53216148458
19.6 0 0.532265772115
19.61 0 0.533175135665
19.62 0 0.531195103914
19.63 0 0.529731693858
19.64 0 0.529731693858
19.65 0 0.529421590649
19.66 0 0.537706251048
19.67 0 0.540707696828
19.68 0 0.541782810859
19.69 0 0.542477002964
19.7 0 0.544477986941
19.71 0 0.546791913668
19.72 0 0.547456317399
19.73 0 0.546544422391
19.74 0 0.546751037415
19.75 0 0.546751037415
19.76 0 0.546751037415
19.77 0 0.546751037415
19.78 0 0.551140254345
19.79 0 0.55199348266
19.8 0 0.552171599754
19.81 0 0.552171599754
19.82 0 0.552171599754
19.83 0 0.551962473274
19.84 0 0.551688818787
19.85 0 0.551605031435
19.86 0 0.55047966843
19.87 0 0.549931054574
19.88 0 0.551224035589
19.89 0 0.553125596652
19.9 0 0.553263097577
19.91 0 0.553789779161
19.92 0 0.554511458241
19.93 0 0.55413593171
19.94 0 0.552951748434
19.95 0 0.552423965854
19.96 0 0.550887145267
19.97 0 0.550031281269
19.98 0 0.546332529652
19.99 0 0.545326734561
20.0 0 0.545265540187
20.01 0 0.545007910465
20.02 0 0.544600725603
20.03 0 0.544606840603
20.04 0 0.545364880671
20.05 0 0.545857787565
20.06 0 0.546475672773
20.07 0 0.5465999651
20.08 0 0.547777299422
20.09 0 0.548244178711
20.1 0 0.548244178711
20.11 0 0.548770404335
20.12 0 0.548629261299
20.13 0 0.548336438423
20.14 0 0.549080587825
20.15 0 0.549220260666
20.16 0 0.549836841016
20.17 0 0.549836841016
20.18 0 0.550975422261
20.19 0 0.551632196595
20.2 0 0.551728330822
20.21 0 0.550926285517
20.22 0 0.550926285517
20.23 0 0.548657444627
20.24 0 0.547884188276
20.25 0 0.548333817592
20.26 0 0.549855657089
20.27 0 0.553365898364
20.28 0 0.55421740927
20.29 0 0.555651112292
20.3 0 0.557759493662
20.31 0 0.560045757324
20.32 0 0.560045757324
20.33 0 0.560945495709
20.34 0 0.560890823598
20.35 0 0.56270899849
20.36 0 0.567171116737
20.37 0 0.569665620229
20.38 0 0.570940971278
20.39 0 0.572214980453
20.4 0 0.571078083404
20.41 0 0.572864976713
20.42 0 0.571919646439
20.43 0 0.56919453253
20.44 0 0.568622482837
20.45 0 0.57139714672
20.46 0 0.57139714672
20.47 0 0.577280063275
20.48 0 0.578540758369
20.49 0 0.580718093022
20.5 0 0.580363586895
20.51 0 0.581251960555
20.52 0 0.580262091006
20.53 0 0.580374434098
20.54 0 0.580374434098
20.55 0 0.580492673963
20.56 0 0.57951763403
20.57 0 0.579318319613
20.58 0 0.581038478839
20.59 0 0.581038478839
20.6 0 0.581038478839
20.61 0 0.582156043402
20.62 0 0.581328491876
20.63 0 0.580496620092
20.64 0 0.579545447913
20.65 0 0.579459586567
20.66 0 0.578495176456
20.67 0 0.579138346623
20.68 0 0.579251558928
20.69 0 0.578948251747
20.7 0 0.57844917478
20.71 0 0.578063663168
20.72 0 0.577303223475
20.73 0 0.576397937919
20.74 0 0.576397937919
20.75 0 0.575545738943
20.76 0 0.573177244192
20.77 0 0.57038238669
20.78 0 0.568914426758
20.79 0 0.563272535384
20.8 0 0.560589666311
20.81 0 0.558749072208
20.82 0 0.557425440921
20.83 0 0.556926134
20.84 0 0.557457832622
20.85 0 0.556894426547
20.86 0 0.557289002491
20.87 0 0.558403638528
20.88 0 0.559311682652
20.89 0 0.560449019738
20.9 0 0.560637504917
20.91 0 0.560637504917
20.92 0 0.560637504917
20.93 0 0.562074762208
20.94 0 0.563564343637
20.95 0 0.56359254397
20.96 0 0.56359254397
20.97 0 0.56359254397
20.98 0 0.565109682711
20.99 0 0.565726670629
21.0 0 0.565565058336
21.01 0 0.565773569206
21.02 0 0.565773569206
21.03 0 0.571173498044
21.04 0 0.573557355175
21.05 0 0.574369915295
21.06 0 0.577225319062
21.07 0 0.578975481267
21.08 0 0.580975245218
21.09 0 0.582107795949
21.1 0 0.582270662069
21.11 0 0.583908277365
21.12 0 0.584038371659
21.13 0 0.584038371659
21.14 0 0.591065372993
21.15 0 0.591065372993
21.16 0 0.594873314846
21.17 0 0.59358345315
21.18 0 0.591735292615
21.19 0 0.592686716716
21.2 0 0.590137477567
21.21 0 0.589400106766
21.22 0 0.589574810179
21.23 0 0.594861891421
21.24 0 0.594932892058
21.25 0 0.594842832424
21.26 0 0.595134869077
21.27 0 0.597503588853
21.28 0 0.599161813573
21.29 0 0.601446731626
21.3 0 0.60194144236
21.31 0 0.601863818503
21.32 0 0.602356148803
21.33 0 0.604678030338
21.34 0 0.606255583986
21.35 0 0.606255583986
21.36 0 0.606255583986
21.37 0 0.606255583986
21.38 0 0.606255583986
21.39 0 0.606794669403
21.4 0 0.606844788415
21.41 0 0.604875579367
21.42 0 0.604743412418
21.43 0 0.603653081216
21.44 0 0.602118141865
21.45 0 0.600982054512
21.46 0 0.600359154946
21.47 0 0.599489463259
21.48 0 0.600192113127
21.49 0 0.59958715342
21.5 0 0.598037857769
21.51 0 0.597553811912
21.52 0 0.595288319197
21.53 0 0.594824120633
21.54 0 0.59419386619
21.55 0 0.590715406476
21.56 0 0.590715406476
21.57 0 0.588384696595
21.58 0 0.583444679073
21.59 0 0.580249530378
21.6 0 0.579914065099
21.61 0 0.57916506449
21.62 0 0.57916506449
21.63 0 0.57916506449
21.64 0 0.57916506449
21.65 0 0.578531401892
21.66 0 0.58190324767
21.67 0 0.585838401309
21.68 0 0.585772961919
21.69 0 0.586230606612
21.7 0 0.58648993811
21.71 0 0.586646493897
21.72 0 0.587675861994
21.73 0 0.587738292718
21.74 0 0.588251103968
21.75 0 0.588183416023
21.76 0 0.588233525053
21.77 0 0.588345042418
21.78 0 0.58806226363
21.79 0 0.588288375245
21.8 0 0.588288375245
21.81 0 0.589678220464
21.82 0 0.591688659976
21.83 0 0.592614792721
21.84 0 0.592614792721
21.85 0 0.599551640459
21.86 0 0.602819095689
21.87 0 0.604432863459
21.88 0 0.606350199245
21.89 0 0.610345450542
21.9 0 0.608703819527
21.91 0 0.608703819527
21.92 0 0.608703819527
21.93 0 0.608515780564
21.94 0 0.617755982689
21.95 0 0.617755982689
21.96 0 0.617755982689
21.97 0 0.619283361806
21.98 0 0.623089463784
21.99 0 0.622577082467
22.0 0 0.623636611856
22.01 0 0.621216110696
22.02 0 0.622780234169
22.03 0 0.622780234169
22.04 0 0.623178884329
22.05 0 0.626162206991
22.06 0 0.627877298662
22.07 0 0.630785092147
22.08 0 0.634056408588
22.09 0 0.636560082912
22.1 0 0.639255911098
22.11 0 0.63965905151
22.12 0 0.640660790407
22.13 0 0.642172680612
22.14 0 0.642380316937
22.15 0 0.642465460409
22.16 0 0.64207936932
22.17 0 0.641667501562
22.18 0 0.641043328282
22.19 0 0.641477740919
22.2 0 0.641013237178
22.21 0 0.638821574026
22.22 0 0.637912399936
22.23 0 0.636177503758
22.24 0 0.634856276015
22.25 0 0.629472015845
22.26 0 0.628268997553
22.27 0 0.628222592711
22.28 0 0.627314871449
22.29 0 0.626518775807
22.3 0 0.62611957285
22.31 0 0.62514823745
22.32 0 0.624691520629
22.33 0 0.622904442684
22.34 0 0.621671571806
22.35 0 0.621585517314
22.36 0 0.619519123116
22.37 0 0.619267258302
22.38 0 0.618119195405
22.39 0 0.614791912885
22.4 0 0.611289152729
22.41 0 0.610021675574
22.42 0 0.60970322605
22.43 0 0.608872047477
22.44 0 0.608898156076
22.45 0 0.608782917866
22.46 0 0.609327894865
22.47 0 0.609960720742
22.48 0 0.610235485304
22.49 0 0.611628746824
22.5 0 0.612247803443
22.51 0 0.61250860478
22.52 0 0.613187811342
22.53 0 0.613187811342
22.54 0 0.613187811342
22.55 0 0.613187811342
22.56 0 0.614900747913
22.57 0 0.614803297741
22.58 0 0.614803297741
22.59 0 0.616722690249
22.6 0 0.61646831944
22.61 0 0.61646831944
22.62 0 0.617302596329
22.63 0 0.617551902021
22.64 0 0.617551902021
22.65 0 0.626136477604
22.66 0 0.62600383396
22.67 0 0.62600383396
22.68 0 0.626270609817
22.69 0 0.634105530779
22.7 0 0.634202783636
22.71 0 0.635245229586
22.72 0 0.636224683836
22.73 0 0.636224683836
22.74 0 0.64409786896
22.75 0 0.648235342758
22.76 0 0.648465801101
22.77 0 0.647778712422
22.78 0 0.647515416062
22.79 0 0.647354363001
22.8 0 0.646226323977
22.81 0 0.649332662565
22.82 0 0.647507756175
22.83 0 0.648333484437
22.84 0 0.650598940496
22.85 0 0.653988237635
22.86 0 0.655192719315
22.87 0 0.663680342712
22.88 0 0.664305433728
22.89 0 0.664305433728
22.9 0 0.664305433728
22.91 0 0.663912469184
22.92 0 0.66313308469
22.93 0 0.662237671508
22.94 0 0.661702719885
22.95 0 0.662057550433
22.96 0 0.662057550433
22.97 0 0.662057550433
22.98 0 0.662057550433
22.99 0 0.662341947036
23.0 0 0.662614654594
23.01 0 0.66107193967
23.02 0 0.659184712858
23.03 0 0.656924584159
23.04 0 0.656924584159
23.05 0 0.65640568132
23.06 0 0.656637476919
23.07 0 0.657130147433
23.08 0 0.658180501712
23.09 0 0.658580580654
23.1 0 0.657587494944
23.11 0 0.656909942987
23.12 0 0.655021849662
23.13 0 0.653067418018
23.14 0 0.648492767189
23.15 0 0.644723827792
23.16 0 0.643439372767
23.17 0 0.642790373227
23.18 0 0.642770403508
23.19 0 0.643485885805
23.2 0 0.643399234832
23.21 0 0.64356894489
23.22 0 0.64356894489
23.23 0 0.64416789793
23.24 0 0.64555701624
23.25 0 0.646912566495
23.26 0 0.649117988268
23.27 0 0.649642635926
23.28 0 0.650119794354
23.29 0 0.650847027569
23.3 0 0.651080125428
23.31 0 0.651862994985
23.32 0 0.651758318469
23.33 0 0.652108040637
23.34 0 0.651972022388
23.35 0 0.651726536953
23.36 0 0.651665687357
23.37 0 0.651665687357
23.38 0 0.651665687357
23.39 0 0.655535737693
23.4 0 0.658771454289
23.41 0 0.659997042768
23.42 0 0.66329879235
23.43 0 0.664905806714
23.44 0 0.666957686806
23.45 0 0.667915235749
23.46 0 0.669967909668
23.47 0 0.675457326892
23.48 0 0.676167216242
23.49 0 0.677662393094
23.5 0 0.680840402825
23.51 0 0.679001527196
23.52 0 0.68337330637
23.53 0 0.68337330637
23.54 0 0.68337330637
23.55 0 0.687509911132
23.56 0 0.68919562028
23.57 0 0.690150971453
23.58 0 0.688825816074
23.59 0 0.68959017356
23.6 0 0.690255310393
23.61 0 0.691488304761
23.62 0 0.692036106756
23.63 0 0.693101946001
23.64 0 0.694639907638
23.65 0 0.696861014668
23.66 0 0.698235752316
23.67 0 0.70019064665
23.68 0 0.703062291384
23.69 0 0.703440964194
23.7 0 0.704519141188
23.71 0 0.704704688241
23.72 0 0.704704688241
23.73 0 0.703811738462
23.74 0 0.703505042611
23.75 0 0.701385021624
23.76 0 0.700862370412
23.77 0 0.700840715214
23.78 0 0.701074252242
23.79 0 0.700620419798
23.8 0 0.700620419798
23.81 0 0.699267272983
23.82 0 0.698912412899
23.83 0 0.696487719826
23.84 0 0.696115605158
23.85 0 0.696593574178
23.86 0 0.697796677425
23.87 0 0.697848344372
23.88 0 0.698001798834
23.89 0 0.697256208472
23.9 0 0.697422762668
23.91 0 0.697355111099
23.92 0 0.69787864224
23.93 0 0.691319849687
23.94 0 0.685846756919
23.95 0 0.680065710745
23.96 0 0.680065710745
23.97 0 0.677304969533
23.98 0 0.674865272707
23.99 0 0.67347239162
24.0 0 0.673575537791
24.01 0 0.673522541926
24.02 0 0.672805797051
24.03 0 0.673024812667
24.04 0 0.673024812667
24.05 0 0.675153918457
24.06 0 0.674848517839
24.07 0 0.674810922499
24.08 0 0.676269017989
24.09 0 0.676697053355
24.1 0 0.676697053355
24.11 0 0.677451319495
24.12 0 0.677320402496
24.13 0 0.677189479597
24.14 0 0.677189479597
24.15 0 0.677189479597
24.16 0 0.678867843065
24.17 0 0.679671528112
24.18 0 0.680126734374
24.19 0 0.682290775298
24.2 0 0.682682576667
24.21 0 0.682278391436
24.22 0 0.688468721313
24.23 0 0.688803868658
24.24 0 0.692853393792
24.25 0 0.693687253713
24.26 0 0.695592471725
24.27 0 0.695600406874
24.28 0 0.693564983668
24.29 0 0.697063082407
24.3 0 0.702398724762
24.31 0 0.70099890115
24.32 0 0.703827970271
24.33 0 0.705483141201
24.34 0 0.70444151645
24.35 0 0.706321265783
24.36 0 0.704586372018
24.37 0 0.708541062355
24.38 0 0.708031048224
24.39 0 0.708031048224
24.4 0 0.711829876316
24.41 0 0.711446043802
24.42 0 0.718179869884
24.43 0 0.718382818091
24.44 0 0.719045083805
24.45 0 0.71899804484
24.46 0 0.71899804484
24.47 0 0.71899804484
24.48 0 0.717285611063
24.49 0 0.717037585785
24.5 0 0.716736619645
24.51 0 0.716579192606
24.52 0 0.717306899447
24.53 0 0.717701283329
24.54 0 0.717687019077
24.55 0 0.718955193357
24.56 0 0.71868499351
24.57 0 0.718685605454
24.58 0 0.718685605454
24.59 0 0.717852797469
24.6 0 0.717732506819
24.61 0 0.719787888485
24.62 0 0.721043615428
24.63 0 0.723287877688
24.64 0 0.722143713291
24.65 0 0.721567160802
24.66 0 0.719628376623
24.67 0 0.718009008887
24.68 0 0.716469271758
24.69 0 0.716469271758
24.7 0 0.714659947961
24.71 0 0.713688154272
24.72 0 0.71269308058
24.73 0 0.71028804717
24.74 0 0.709791902678
24.75 0 0.705504105545
24.76 0 0.704985765681
24.77 0 0.702462760183
24.78 0 0.700412646211
24.79 0 0.698119055412
24.8 0 0.697728796281
24.81 0 0.698211305521
24.82 0 0.698553982886
24.83 0 0.699713184342
24.84 0 0.701037080511
24.85 0 0.703048821465
24.86 0 0.704451441482
24.87 0 0.705321113642
24.88 0 0.706002872641
24.89 0 0.706567352963
24.9 0 0.706158192315
24.91 0 0.705016276497
24.92 0 0.70433252409
24.93 0 0.703173440714
24.94 0 0.702693546938
24.95 0 0.703246948976
24.96 0 0.705041395705
24.97 0 0.709469200177
24.98 0 0.70872048721
24.99 0 0.711044642944
25.0 0 0.716768128708
25.01 0 0.71887567529
25.02 0 0.718913917002
25.03 0 0.719525014484
25.04 0 0.720131471029
25.05 0 0.721542567852
25.06 0 0.721191649786
25.07 0 0.719312068413
25.08 0 0.720784565612
25.09 0 0.722917045585
25.1 0 0.721843138625
25.11 0 0.723710141246
25.12 0 0.719486433482
25.13 0 0.720655905594
25.14 0 0.717204326577
25.15 0 0.718868916141
25.16 0 0.718116769794
25.17 0 0.718018907158
25.18 0 0.720770196738
25.19 0 0.723513714096
25.2 0 0.725125114966
25.21 0 0.727587996591
25.22 0 0.733355786039
25.23 0 0.733305789126
25.24 0 0.733190426699
25.25 0 0.732677518859
25.26 0 0.732821631695
25.27 0 0.733958622154
25.28 0 0.734372401251
25.29 0 0.734060673083
25.3 0 0.73431747591
25.31 0 0.73431747591
25.32 0 0.734099951739
25.33 0 0.732201292691
25.34 0 0.730339450602
25.35 0 0.727400757084
25.36 0 0.725923297115
25.37 0 0.722842933315
25.38 0 0.722085700409
25.39 0 0.722434475095
25.4 0 0.720923426683
25.41 0 0.719308941902
25.42 0 0.719799143721
25.43 0 0.719616341126
25.44 0 0.718764597226
25.45 0 0.717102883845
25.46 0 0.71655614327
25.47 0 0.717563586502
25.48 0 0.716740006893
25.49 0 0.71614546675
25.5 0 0.715387241073
25.51 0 0.714086897705
25.52 0 0.711799755401
25.53 0 0.707966423445
25.54 0 0.707241944624
25.55 0 0.706912194197
25.56 0 0.70693561017
25.57 0 0.706896596665
25.58 0 0.70702426249
25.59 0 0.705000254116
25.6 0 0.703920602897
25.61 0 0.702050075114
25.62 0 0.702050075114
25.63 0 0.702050075114
25.64 0 0.69863282746
25.65 0 0.698635788487
25.66 0 0.699023505654
25.67 0 0.700782667315
25.68 0 0.701700724355
25.69 0 0.701700724355
25.7 0 0.701700724355
25.71 0 0.702668507713
25.72 0 0.702668507713
25.73 0 0.702668507713
25.74 0 0.703225811348
25.75 0 0.704921263278
25.76 0 0.70539594253
25.77 0 0.704755269991
25.78 0 0.706655749712
25.79 0 0.707521585104
25.8 0 0.70842552227
25.81 0 0.712810133019
25.82 0 0.713329008343
25.83 0 0.718219338105
25.84 0 0.716801442635
25.85 0 0.720310717801
25.86 0 0.718947760117
25.87 0 0.719753107678
25.88 0 0.720319197623
25.89 0 0.722105907667
25.9 0 0.731427377396
25.91 0 0.731671778145
25.92 0 0.733634861411
25.93 0 0.733991251264
25.94 0 0.73680347199
25.95 0 0.737081851753
25.96 0 0.736992462345
25.97 0 0.737073624984
25.98 0 0.736325119308
25.99 0 0.738753178261
26.0 0 0.73996651179
26.01 0 0.742047781265
26.02 0 0.742684609938
26.03 0 0.743534762865
26.04 0 0.74533261928
26.05 0 0.745833663981
26.06 0 0.745709614729
26.07 0 0.745601677587
26.08 0 0.745126155662
26.09 0 0.744764377645
26.1 0 0.744365923696
26.11 0 0.743867554568
26.12 0 0.743698590928
26.13 0 0.744481527674
26.14 0 0.744371929805
26.15 0 0.74486405665
26.16 0 0.74498164675
26.17 0 0.745877955918
26.18 0 0.745551640798
26.19 0 0.743405054811
26.2 0 0.740660190118
26.21 0 0.739965285439
26.22 0 0.73539085458
26.23 0 0.733379917321
26.24 0 0.731803266289
26.25 0 0.729742695706
26.26 0 0.724992046115
26.27 0 0.724103964971
26.28 0 0.723896455134
26.29 0 0.723896455134
26.3 0 0.723530261528
26.31 0 0.721912706444
26.32 0 0.721846581943
26.33 0 0.721846581943
26.34 0 0.721846581943
26.35 0 0.72050268862
26.36 0 0.720444476529
26.37 0 0.718812283874
26.38 0 0.718330400315
26.39 0 0.718138622733
26.4 0 0.717921343179
26.41 0 0.718523710998
26.42 0 0.718531311041
26.43 0 0.718950788942
26.44 0 0.718780447828
26.45 0 0.718334774504
26.46 0 0.717382048582
26.47 0 0.717523254187
26.48 0 0.717224430801
26.49 0 0.717277829507
26.5 0 0.716744879024
26.51 0 0.716109206891
26.52 0 0.715637690383
26.53 0 0.715331829966
26.54 0 0.715331829966
26.55 0 0.719078349529
26.56 0 0.721460348451
26.57 0 0.723096854845
26.58 0 0.727327324625
26.59 0 0.727955753628
26.6 0 0.728845011647
26.61 0 0.728620509931
26.62 0 0.726763439543
26.63 0 0.725669554901
26.64 0 0.727029730033
26.65 0 0.726512131538
26.66 0 0.725159155288
26.67 0 0.727599251908
26.68 0 0.731716190396
26.69 0 0.729959885701
26.7 0 0.727346275297
26.71 0 0.726964135888
26.72 0 0.727504422429
26.73 0 0.729794086218
26.74 0 0.734978586569
26.75 0 0.741372388222
26.76 0 0.738351518362
26.77 0 0.742941205008
26.78 0 0.743620850899
26.79 0 0.741405872347
26.8 0 0.745192477634
26.81 0 0.747090332565
26.82 0 0.747090332565
26.83 0 0.751191507384
26.84 0 0.750560568709
26.85 0 0.749735145566
26.86 0 0.749865087884
26.87 0 0.749190862066
26.88 0 0.748561367166
26.89 0 0.747693019067
26.9 0 0.747586863514
26.91 0 0.747634706281
26.92 0 0.74628820959
26.93 0 0.746593696377
26.94 0 0.746071681002
26.95 0 0.745797517707
26.96 0 0.743933920743
26.97 0 0.743462123244
26.98 0 0.74338060723
26.99 0 0.742954795897
27.0 0 0.742788436972
27.01 0 0.742554609698
27.02 0 0.742554609698
27.03 0 0.740127010551
27.04 0 0.739306191432
27.05 0 0.738651899902
27.06 0 0.737940303543
27.07 0 0.736511997615
27.08 0 0.731959323607
27.09 0 0.731959323607
27.1 0 0.731959323607
27.11 0 0.730072548181
27.12 0 0.730072548181
27.13 0 0.72838248191
27.14 0 0.727941559635
27.15 0 0.72805974101
27.16 0 0.728775834279
27.17 0 0.729934991596
27.18 0 0.729385309211
27.19 0 0.729385309211
27.2 0 0.729711027174
27.21 0 0.730064836388
27.22 0 0.731233987218
27.23 0 0.73146871949
27.24 0 0.731825305293
27.25 0 0.732248711253
27.26 0 0.733069851625
27.27 0 0.733531125986
27.28 0 0.733455770678
27.29 0 0.733844375596
27.3 0 0.734203455327
27.31 0 0.734140530532
27.32 0 0.732721431408
27.33 0 0.732859983048
27.34 0 0.732832972205
27.35 0 0.735925183153
27.36 0 0.738685574966
27.37 0 0.740756549483
27.38 0 0.741330687918
27.39 0 0.745226160626
27.4 0 0.746444976186
27.41 0 0.747502386899
27.42 0 0.747463359433
27.43 0 0.748760499438
27.44 0 0.751432727015
27.45 0 0.751576481352
27.46 0 0.751540812953
27.47 0 0.753414568687
27.48 0 0.753414568687
27.49 0 0.753891717799
27.5 0 0.757418711383
27.51 0 0.763448832224
27.52 0 0.766983379548
27.53 0 0.767311272943
27.54 0 0.767716583464
27.55 0 0.767518828111
27.56 0 0.768465916933
27.57 0 0.772654528741
27.58 0 0.773944274016
27.59 0 0.774555003349
27.6 0 0.776765687669
27.61 0 0.779655078195
27.62 0 0.780358444168
27.63 0 0.781761711188
27.64 0 0.781236266488
27.65 0 0.781064184511
27.66 0 0.780665037001
27.67 0 0.779035442546
27.68 0 0.778848128218
27.69 0 0.778848128218
27.7 0 0.778837462799
27.71 0 0.778813181499
27.72 0 0.778762708113
27.73 0 0.779134421726
27.74 0 0.77907545517
27.75 0 0.780038654696
27.76 0 0.779226688241
27.77 0 0.778670150425
27.78 0 0.775848095648
27.79 0 0.774331665916
27.8 0 0.772927239693
27.81 0 0.769529510222
27.82 0 0.767143684225
27.83 0 0.766541939369
27.84 0 0.766127254715
27.85 0 0.765810317733
27.86 0 0.764805660993
27.87 0 0.762385303664
27.88 0 0.760754518998
27.89 0 0.76023541856
27.9 0 0.760233281688
27.91 0 0.760233281688
27.92 0 0.758557938443
27.93 0 0.757537380018
27.94 0 0.756597119689
27.95 0 0.756063166246
27.96 0 0.754231436682
27.97 0 0.754231436682
27.98 0 0.754163871353
27.99 0 0.749836178024
28.0 0 0.748738698385
28.01 0 0.746124025091
28.02 0 0.741802892662
28.03 0 0.74173128343
28.04 0 0.741770954136
28.05 0 0.742045620902
28.06 0 0.742045620902
28.07 0 0.742045620902
28.08 0 0.743603314149
28.09 0 0.743603314149
28.1 0 0.742753117255
28.11 0 0.743038976398
28.12 0 0.743494324436
28.13 0 0.745526775881
28.14 0 0.749629241871
28.15 0 0.749629241871
28.16 0 0.749629241871
28.17 0 0.749629241871
28.18 0 0.751724349746
28.19 0 0.750769592842
28.2 0 0.752165175977
28.21 0 0.752403125804
28.22 0 0.752786311458
28.23 0 0.752786311458
28.24 0 0.75721485013
28.25 0 0.75721485013
28.26 0 0.75721485013
28.27 0 0.76793466121
28.28 0 0.767711180822
28.29 0 0.76750794134
28.3 0 0.7658975387
28.31 0 0.76556936152
28.32 0 0.763784255936
28.33 0 0.7665567568
28.34 0 0.765864380022
28.35 0 0.769362102106
28.36 0 0.768221912184
28.37 0 0.769791261064
28.38 0 0.772539617836
28.39 0 0.771388521034
28.4 0 0.774843336545
28.41 0 0.780374544401
28.42 0 0.782335376122
28.43 0 0.780297978956
28.44 0 0.781427880554
28.45 0 0.779996673047
28.46 0 0.77969416471
28.47 0 0.778806608035
28.48 0 0.779310571938
28.49 0 0.780398407181
28.5 0 0.780398407181
28.51 0 0.778949439802
28.52 0 0.778596313563
28.53 0 0.778596313563
28.54 0 0.778596313563
28.55 0 0.778596313563
28.56 0 0.772504569886
28.57 0 0.770159973224
28.58 0 0.770159973224
28.59 0 0.770159973224
28.6 0 0.768567977119
28.61 0 0.768567977119
28.62 0 0.764778517072
28.63 0 0.763241237129
28.64 0 0.761752349398
28.65 0 0.761361546561
28.66 0 0.761071259222
28.67 0 0.760663911557
28.68 0 0.760401380322
28.69 0 0.758315524476
28.7 0 0.757399461504
28.71 0 0.756778379599
28.72 0 0.756596758054
28.73 0 0.755699460785
28.74 0 0.754881399355
28.75 0 0.753911983341
28.76 0 0.752602346343
28.77 0 0.752361818464
28.78 0 0.751637436992
28.79 0 0.75135246172
28.8 0 0.751456869424
28.81 0 0.752460819709
28.82 0 0.753484859625
28.83 0 0.753484859625
28.84 0 0.755032599875
28.85 0 0.754140460826
28.86 0 0.754177685219
28.87 0 0.754161331709
28.88 0 0.753905171234
28.89 0 0.754742920265
28.9 0 0.754742920265
28.91 0 0.754742920265
28.92 0 0.759568963917
28.93 0 0.763830754118
28.94 0 0.763021242773
28.95 0 0.767108785404
28.96 0 0.768040995147
28.97 0 0.769290459245
28.98 0 0.771267163312
28.99 0 0.770695250456
29.0 0 0.770577318361
29.01 0 0.771084730048
29.02 0 0.772849707169
29.03 0 0.777939751812
29.04 0 0.777723855008
29.05 0 0.77729014968
29.06 0 0.778765341684
29.07 0 0.774682681562
29.08 0 0.777280355385
29.09 0 0.774365905751
29.1 0 0.775060036403
29.11 0 0.781910677305
29.12 0 0.781910677305
29.13 0 0.785464406418
29.14 0 0.787061172278
29.15 0 0.788223869043
29.16 0 0.790434663926
29.17 0 0.792541956123
29.18 0 0.795130417817
29.19 0 0.795835198298
29.2 0 0.795985335845
29.21 0 0.795985335845
29.22 0 0.795985335845
29.23 0 0.794069612976
29.24 0 0.792866978146
29.25 0 0.792728140038
29.26 0 0.792680932661
29.27 0 0.793036307384
29.28 0 0.794756787605
29.29 0 0.794508324571
29.3 0 0.794285037301
29.31 0 0.79308015692
29.32 0 0.794408148127
29.33 0 0.793669909096
29.34 0 0.792137662945
29.35 0 0.7898641584
29.36 0 0.789468640003
29.37 0 0.791502565993
29.38 0 0.791929534212
29.39 0 0.791828785915
29.4 0 0.789723203598
29.41 0 0.787478576011
29.42 0 0.786817260121
29.43 0 0.785529184869
29.44 0 0.784525582792
29.45 0 0.782792732846
29.46 0 0.782305837924
29.47 0 0.781564386558
29.48 0 0.78045502317
29.49 0 0.778761175816
29.5 0 0.778395114094
29.51 0 0.778074386222
29.52 0 0.777139711639
29.53 0 0.777066016914
29.54 0 0.776844624148
29.55 0 0.777234142012
29.56 0 0.777189067772
29.57 0 0.776836521368
29.58 0 0.777312211783
29.59 0 0.777283652716
29.6 0 0.777462397251
29.61 0 0.777367850483
29.62 0 0.777367850483
29.63 0 0.777798866988
29.64 0 0.778787693476
29.65 0 0.778713859375
29.66 0 0.778325577564
29.67 0 0.777623644989
29.68 0 0.777666232132
29.69 0 0.777796798785
29.7 0 0.778815444446
29.71 0 0.781682821189
29.72 0 0.782909863445
29.73 0 0.782909863445
29.74 0 0.782909863445
29.75 0 0.781270607037
29.76 0 0.781270607037
29.77 0 0.786167329216
29.78 0 0.784953494467
29.79 0 0.79039245282
29.8 0 0.791726057034
29.81 0 0.791411953575
29.82 0 0.791516271158
29.83 0 0.793052065597
29.84 0 0.79595064868
29.85 0 0.797967764518
29.86 0 0.798457861451
29.87 0 0.799292378542
29.88 0 0.79836142508
29.89 0 0.79944765893
29.9 0 0.80085785119
29.91 0 0.799072185796
29.92 0 0.807168442359
29.93 0 0.809783240504
29.94 0 0.810551355467
29.95 0 0.81092979764
29.96 0 0.812002094167
29.97 0 0.812953888693
29.98 0 0.812953888693
29.99 0 0.812953888693
30.0 0 0.814239001457
30.01 0 0.81329554065
30.02 0 0.812568575085
30.03 0 0.811848651109
30.04 0 0.811848651109
30.05 0 0.811204967323
30.06 0 0.811204967323
30.07 0 0.811204967323
30.08 0 0.811764631034
30.09 0 0.810175287824
30.1 0 0.80641527457
30.11 0 0.805272194434
30.12 0 0.803331578624
30.13 0 0.802083867277
30.14 0 0.801659854244
30.15 0 0.80014909445
30.16 0 0.79893592078
30.17 0 0.798041008912
30.18 0 0.797224286807
30.19 0 0.796372580111
30.2 0 0.795690361131
30.21 0 0.794183834763
30.22 0 0.792968825799
30.23 0 0.792862526739
30.24 0 0.792862526739
30.25 0 0.792100379438
30.26 0 0.792100379438
30.27 0 0.792100379438
30.28 0 0.792100379438
30.29 0 0.792815450542
30.3 0 0.792960333191
30.31 0 0.791585654237
30.32 0 0.791585654237
30.33 0 0.790493479305
30.34 0 0.790234797432
30.35 0 0.790174519175
30.36 0 0.788624975908
30.37 0 0.788624975908
30.38 0 0.788624975908
30.39 0 0.786502891245
30.4 0 0.78730626175
30.41 0 0.787990259328
30.42 0 0.788884596245
30.43 0 0.789123592355
30.44 0 0.789527793943
30.45 0 0.788689943247
30.46 0 0.788581964624
30.47 0 0.789179166183
30.48 0 0.792775532652
30.49 0 0.798242497463
30.5 0 0.801135895887
30.51 0 0.803440641862
30.52 0 0.803994249439
30.53 0 0.803994249439
30.54 0 0.801038971403
30.55 0 0.800259614501
30.56 0 0.798198947499
30.57 0 0.798358573549
30.58 0 0.798690301643
30.59 0 0.803542119573
30.6 0 0.807440065817
30.61 0 0.807062033142
30.62 0 0.807062033142
30.63 0 0.808947724434
30.64 0 0.81168119723
30.65 0 0.816687285568
30.66 0 0.817729477635
30.67 0 0.817160086804
30.68 0 0.816867284994
30.69 0 0.814922369094
30.7 0 0.816016396711
30.71 0 0.816016396711
30.72 0 0.817167196406
30.73 0 0.817878282395
30.74 0 0.822878372991
30.75 0 0.817914718462
30.76 0 0.822116704374
30.77 0 0.819702261333
30.78 0 0.815105624211
30.79 0 0.816712020009
30.8 0 0.818887738691
30.81 0 0.816300227672
30.82 0 0.815442858875
30.83 0 0.815442858875
30.84 0 0.815442858875
30.85 0 0.815442858875
30.86 0 0.816242786043
30.87 0 0.816242786043
30.88 0 0.816084318918
30.89 0 0.815735601535
30.9 0 0.813664806991
30.91 0 0.811427123655
30.92 0 0.808159938409
30.93 0 0.807917551042
30.94 0 0.807800079023
30.95 0 0.807394553912
30.96 0 0.805852730583
30.97 0 0.804958878928
30.98 0 0.803296426679
30.99 0 0.799627202597
31.0 0 0.799627202597
31.01 0 0.79999476189
31.02 0 0.800083268058
31.03 0 0.800188487169
31.04 0 0.802188165112
31.05 0 0.803959876185
31.06 0 0.804078411592
31.07 0 0.80417603115
31.08 0 0.804060951029
31.09 0 0.801737138856
31.1 0 0.802615858902
31.11 0 0.802986095114
31.12 0 0.803152943693
31.13 0 0.803152943693
31.14 0 0.803152943693
31.15 0 0.803152943693
31.16 0 0.804886504517
31.17 0 0.804886504517
31.18 0 0.806928072338
31.19 0 0.81092238224
31.2 0 0.811829022508
31.21 0 0.812760441572
31.22 0 0.813616437364
31.23 0 0.814689403873
31.24 0 0.814782754026
31.25 0 0.814011769703
31.26 0 0.813840086519
31.27 0 0.815511424552
31.28 0 0.816121311361
31.29 0 0.817441187116
31.3 0 0.821702550209
31.31 0 0.821702550209
31.32 0 0.821702550209
31.33 0 0.83107077877
31.34 0 0.834391921758
31.35 0 0.83395731443
31.36 0 0.835936975155
31.37 0 0.839045782924
31.38 0 0.839528098328
31.39 0 0.839528098328
31.4 0 0.838822660226
31.41 0 0.843534441792
31.42 0 0.851166911985
31.43 0 0.850778657514
31.44 0 0.850778657514
31.45 0 0.849764911441
31.46 0 0.850747259253
31.47 0 0.850233138502
31.48 0 0.853175619543
31.49 0 0.854084572684
31.5 0 0.857929306679
31.51 0 0.859283301306
31.52 0 0.861406389021
31.53 0 0.862608921625
31.54 0 0.862608921625
31.55 0 0.864495850479
31.56 0 0.863072954401
31.57 0 0.861473853782
31.58 0 0.860700356579
31.59 0 0.859576551918
31.6 0 0.858517456162
31.61 0 0.860346395913
31.62 0 0.860346395913
31.63 0 0.860799904014
31.64 0 0.857611371904
31.65 0 0.854265842156
31.66 0 0.852028222629
31.67 0 0.8494594081
31.68 0 0.850318335136
31.69 0 0.853370550914
31.7 0 0.853763507672
31.71 0 0.853763507672
31.72 0 0.856295689556
31.73 0 0.858125592667
31.74 0 0.859077004472
31.75 0 0.858030744311
31.76 0 0.858030744311
31.77 0 0.855073737812
31.78 0 0.854237778943
31.79 0 0.852648245646
31.8 0 0.852303736678
31.81 0 0.851695920836
31.82 0 0.851695920836
31.83 0 0.851695920836
31.84 0 0.844141311215
31.85 0 0.843718879091
31.86 0 0.843718879091
31.87 0 0.84224069801
31.88 0 0.841057464531
31.89 0 0.842835986299
31.9 0 0.84348002003
31.91 0 0.843609229653
31.92 0 0.843609229653
31.93 0 0.844455149982
31.94 0 0.844372328662
31.95 0 0.844372328662
31.96 0 0.849522708289
31.97 0 0.850891089287
31.98 0 0.850963967549
31.99 0 0.851059769387
32.0 0 0.851059769387
32.01 0 0.851837514096
32.02 0 0.852242051697
32.03 0 0.852242051697
32.04 0 0.853588203981
32.05 0 0.854967528126
32.06 0 0.860020263589
32.07 0 0.860633870259
32.08 0 0.862322067819
32.09 0 0.862935216391
32.1 0 0.862935216391
32.11 0 0.862935216391
32.12 0 0.863618189386
32.13 0 0.859691862796
32.14 0 0.857579581174
32.15 0 0.855481320522
32.16 0 0.851516417244
32.17 0 0.849706534243
32.18 0 0.849706534243
32.19 0 0.859752891229
32.2 0 0.859140295677
32.21 0 0.864011975598
32.22 0 0.868141835281
32.23 0 0.867985112972
32.24 0 0.866065670834
32.25 0 0.864852454053
32.26 0 0.864852454053
32.27 0 0.867209855512
32.28 0 0.871410270252
32.29 0 0.871806801739
32.3 0 0.873449983366
32.31 0 0.874362037695
32.32 0 0.874362037695
32.33 0 0.878066255834
32.34 0 0.879792070085
32.35 0 0.880376022354
32.36 0 0.882633560096
32.37 0 0.882227911891
32.38 0 0.880946410069
32.39 0 0.880946410069
32.4 0 0.881358809359
32.41 0 0.881692566952
32.42 0 0.881305830659
32.43 0 0.880632896112
32.44 0 0.880728084637
32.45 0 0.880401593901
32.46 0 0.879464200326
32.47 0 0.878438514017
32.48 0 0.87446075208
32.49 0 0.873258901542
32.5 0 0.873230531675
32.51 0 0.872878872126
32.52 0 0.872496574478
32.53 0 0.87112787342
32.54 0 0.869837196635
32.55 0 0.869837196635
32.56 0 0.866084467584
32.57 0 0.866432705937
32.58 0 0.867140830524
32.59 0 0.867561247246
32.6 0 0.867989362383
32.61 0 0.868045671974
32.62 0 0.868630985389
32.63 0 0.868056646152
32.64 0 0.868140388735
32.65 0 0.868140388735
32.66 0 0.868140388735
32.67 0 0.866885297085
32.68 0 0.868611675811
32.69 0 0.869563624934
32.7 0 0.870326064205
32.71 0 0.872557843721
32.72 0 0.873562896887
32.73 0 0.873562896887
32.74 0 0.873562896887
32.75 0 0.877118806044
32.76 0 0.877989256037
32.77 0 0.880152574083
32.78 0 0.880156563134
32.79 0 0.879699341496
32.8 0 0.879699341496
32.81 0 0.879699341496
32.82 0 0.879618641379
32.83 0 0.880401403111
32.84 0 0.88421985009
32.85 0 0.884656295348
32.86 0 0.884658041609
32.87 0 0.888599134947
32.88 0 0.888959898984
32.89 0 0.888959898984
32.9 0 0.889457351345
32.91 0 0.88898037802
32.92 0 0.889971328196
32.93 0 0.892807683562
32.94 0 0.893292023769
32.95 0 0.887975893827
32.96 0 0.888425662183
32.97 0 0.888425662183
32.98 0 0.898142716402
32.99 0 0.906565471354
33.0 0 0.906565471354
33.01 0 0.908132793578
33.02 0 0.910412575398
33.03 0 0.910428066065
33.04 0 0.910681917877
33.05 0 0.910681917877
33.06 0 0.914290837394
33.07 0 0.917381088511
33.08 0 0.917653283718
33.09 0 0.918619620394
33.1 0 0.91950701901
33.11 0 0.920145360234
33.12 0 0.919942575884
33.13 0 0.919527231935
33.14 0 0.919527231935
33.15 0 0.918245913454
33.16 0 0.917359598571
33.17 0 0.914036933958
33.18 0 0.913794059207
33.19 0 0.914197625919
33.2 0 0.914273458702
33.21 0 0.914554571147
33.22 0 0.915921320813
33.23 0 0.915376183915
33.24 0 0.914544187848
33.25 0 0.912718515325
33.26 0 0.912718515325
33.27 0 0.908958836548
33.28 0 0.908748378246
33.29 0 0.909949622541
33.3 0 0.910525289177
33.31 0 0.910614902856
33.32 0 0.909597385567
33.33 0 0.90793102613
33.34 0 0.907301211991
33.35 0 0.905531234656
33.36 0 0.903566878544
33.37 0 0.902193975528
33.38 0 0.901035197944
33.39 0 0.899029983884
33.4 0 0.898872366594
33.41 0 0.898150766116
33.42 0 0.897897368505
33.43 0 0.897886947231
33.44 0 0.89818438585
33.45 0 0.899481469668
33.46 0 0.901154642088
33.47 0 0.901839382784
33.48 0 0.901664374743
33.49 0 0.901303872329
33.5 0 0.901776592403
33.51 0 0.902167741681
33.52 0 0.902853443039
33.53 0 0.903688645631
33.54 0 0.904130863904
33.55 0 0.906916271287
33.56 0 0.907532629526
33.57 0 0.907842542923
33.58 0 0.907842542923
33.59 0 0.907842542923
33.6 0 0.909937037047
33.61 0 0.911364590582
33.62 0 0.913471012271
33.63 0 0.914128449921
33.64 0 0.916465657051
33.65 0 0.9179782412
33.66 0 0.917098207205
33.67 0 0.925279836612
33.68 0 0.924048255891
33.69 0 0.925555214935
33.7 0 0.92400813558
33.71 0 0.92400813558
33.72 0 0.924599826883
33.73 0 0.924615997252
33.74 0 0.925239219588
33.75 0 0.925239219588
33.76 0 0.925239219588
33.77 0 0.928865458119
33.78 0 0.928865458119
33.79 0 0.927930689046
33.8 0 0.929312146003
33.81 0 0.928078471912
33.82 0 0.926660012775
33.83 0 0.932889693625
33.84 0 0.93697148693
33.85 0 0.939638958621
33.86 0 0.94084320861
33.87 0 0.944246221607
33.88 0 0.944590961028
33.89 0 0.946151582728
33.9 0 0.946151582728
33.91 0 0.948154407613
33.92 0 0.949298103219
33.93 0 0.950460584493
33.94 0 0.94968643129
33.95 0 0.949346383012
33.96 0 0.949111336508
33.97 0 0.949281980224
33.98 0 0.95016229427
33.99 0 0.950640233149
34.0 0 0.9501759373
34.01 0 0.94992529057
34.02 0 0.950129532637
34.03 0 0.950068936611
34.04 0 0.949187705455
34.05 0 0.949187705455
34.06 0 0.944800175342
34.07 0 0.944564314466
34.08 0 0.944263535255
34.09 0 0.944613229771
34.1 0 0.944613229771
34.11 0 0.944613229771
34.12 0 0.944613229771
34.13 0 0.94318979841
34.14 0 0.939814208762
34.15 0 0.93588863699
34.16 0 0.932611194167
34.17 0 0.929500766596
34.18 0 0.928702296008
34.19 0 0.926943076723
34.2 0 0.926943076723
34.21 0 0.926943076723
34.22 0 0.927254568385
34.23 0 0.927254568385
34.24 0 0.927837032165
34.25 0 0.928753213112
34.26 0 0.928916757396
34.27 0 0.929105220462
34.28 0 0.928954466191
34.29 0 0.928619598765
34.3 0 0.929854879051
34.31 0 0.930237485749
34.32 0 0.932780981429
34.33 0 0.935128281901
34.34 0 0.935152343517
34.35 0 0.935927962599
34.36 0 0.936411201156
34.37 0 0.936523531878
34.38 0 0.93668080403
34.39 0 0.937919428882
34.4 0 0.937919428882
34.41 0 0.940628168812
34.42 0 0.940628168812
34.43 0 0.943719672536
34.44 0 0.946956497269
34.45 0 0.946956497269
34.46 0 0.946956497269
34.47 0 0.949781461302
34.48 0 0.949781461302
34.49 0 0.946159713285
34.5 0 0.945886637467
34.51 0 0.947426269948
34.52 0 0.948569655892
34.53 0 0.947306334073
34.54 0 0.950893008637
34.55 0 0.953213772015
34.56 0 0.962515817881
34.57 0 0.962614452882
34.58 0 0.960235926007
34.59 0 0.955855751075
34.6 0 0.956303073798
34.61 0 0.962931218844
34.62 0 0.964854998515
34.63 0 0.965621216205
34.64 0 0.968573376996
34.65 0 0.970345248353
34.66 0 0.971566530789
34.67 0 0.970373664077
34.68 0 0.96938712091
34.69 0 0.965694207804
34.7 0 0.966832258105
34.71 0 0.967324169503
34.72 0 0.968120362515
34.73 0 0.970101359085
34.74 0 0.969352551029
34.75 0 0.969220661869
34.76 0 0.970788316091
34.77 0 0.971358961833
34.78 0 0.971637185871
34.79 0 0.970970142626
34.8 0 0.971074343997
34.81 0 0.970538237421
34.82 0 0.970404084913
34.83 0 0.970074137008
34.84 0 0.968866465056
34.85 0 0.965806248821
34.86 0 0.964569668601
34.87 0 0.964905172358
34.88 0 0.965338650806
34.89 0 0.96540561172
34.9 0 0.965417964315
34.91 0 0.965417964315
34.92 0 0.965417964315
34.93 0 0.951620372416
34.94 0 0.94897438758
34.95 0 0.948565249808
34.96 0 0.948671107558
34.97 0 0.948671107558
34.98 0 0.948671107558
34.99 0 0.950593488814
35.0 0 0.953632903717
35.01 0 0.954084970365
35.02 0 0.953826139642
35.03 0 0.954033603271
35.04 0 0.955688209915
35.05 0 0.958419217077
35.06 0 0.959407179202
35.07 0 0.959627849295
35.08 0 0.959627849295
35.09 0 0.963676645025
35.1 0 0.964895137088
35.11 0 0.96536404889
35.12 0 0.965448795023
35.13 0 0.965529794125
35.14 0 0.965529794125
35.15 0 0.965529794125
35.16 0 0.965920241464
35.17 0 0.966354518081
35.18 0 0.965950769685
35.19 0 0.965950769685
35.2 0 0.970235553311
35.21 0 0.970710810866
35.22 0 0.973941277277
35.23 0 0.973941277277
35.24 0 0.973941277277
35.25 0 0.973941277277
35.26 0 0.982604392406
35.27 0 0.98327035372
35.28 0 0.985220843931
35.29 0 0.984815705767
35.3 0 0.984389572236
35.31 0 0.983791153356
35.32 0 0.984719965093
35.33 0 0.98669987306
35.34 0 0.990976908312
35.35 0 0.990552857034
35.36 0 0.990116207311
35.37 0 0.990116207311
35.38 0 0.99258419735
35.39 0 0.99258419735
35.4 0 0.994638179884
35.41 0 0.996739350981
35.42 0 0.99860488289
35.43 0 0.999768179766
35.44 0 1.00124203656
35.45 0 1.00440298704
35.46 0 1.00621584806
35.47 0 1.00568699253
35.48 0 1.00523119826
35.49 0 1.00365962304
35.5 0 1.0032779807
35.51 0 1.00243335738
35.52 0 1.00237979719
35.53 0 1.00261419052
35.54 0 1.00218642227
35.55 0 1.00291260991
35.56 0 1.00288345418
35.57 0 1.00288345418
35.58 0 1.00314111565
35.59 0 1.00320336576
35.6 0 1.00324409238
35.61 0 1.00324409238
35.62 0 1.00246446947
35.63 0 1.00178965355
35.64 0 1.00045357302
35.65 0 1.00045357302
35.66 0 1.00045357302
35.67 0 0.996918630919
35.68 0 0.99509308031
35.69 0 0.994836433145
35.7 0 0.994836433145
35.71 0 0.994836433145
35.72 0 0.985030156548
35.73 0 0.983563926088
35.74 0 0.983614099217
35.75 0 0.984179503465
35.76 0 0.986496835449
35.77 0 0.987514494966
35.78 0 0.987938620034
35.79 0 0.987938620034
35.8 0 0.987938620034
35.81 0 0.988146235633
35.82 0 0.991372914215
35.83 0 0.993072104548
35.84 0 0.996110759922
35.85 0 0.997353347592
35.86 0 0.998896580629
35.87 0 1.00012565659
35.88 0 1.00028585191
35.89 0 1.00164318031
35.9 0 1.00170378928
35.91 0 1.00208922458
35.92 0 1.00219797343
35.93 0 1.00199579065
35.94 0 1.00273059763
35.95 0 1.00311677448
35.96 0 1.00311677448
35.97 0 1.00297302132
35.98 0 1.00693650081
35.99 0 1.00741917764
36.0 0 1.00995892385
36.01 0 1.00995892385
36.02 0 1.00995892385
36.03 0 1.01372941906
36.04 0 1.02099870939
36.05 0 1.02099870939
36.06 0 1.01895908067
36.07 0 1.01930368327
36.08 0 1.01930368327
36.09 0 1.02515473575
36.1 0 1.02488516826
36.11 0 1.02871344992
36.12 0 1.02992297644
36.13 0 1.02997866174
36.14 0 1.03185040859
36.15 0 1.03133537136
36.16 0 1.03133537136
36.17 0 1.03133537136
36.18 0 1.03012539453
36.19 0 1.03012539453
36.2 0 1.03770944108
36.21 0 1.03858360409
36.22 0 1.04190330598
36.23 0 1.04363977057
36.24 0 1.04433252277
36.25 0 1.04436974834
36.26 0 1.04436974834
36.27 0 1.04338836747
36.28 0 1.04231879593
36.29 0 1.0417000711
36.3 0 1.04113506892
36.31 0 1.03982317033
36.32 0 1.03897148661
36.33 0 1.03884240962
36.34 0 1.03884240962
36.35 0 1.03802760806
36.36 0 1.03772266225
36.37 0 1.03772266225
36.38 0 1.04022541871
36.39 0 1.03964601352
36.4 0 1.03973009734
36.41 0 1.03935430134
36.42 0 1.03935430134
36.43 0 1.03540951055
36.44 0 1.03183932961
36.45 0 1.03098740232
36.46 0 1.03071626721
36.47 0 1.03106477363
36.48 0 1.03034509578
36.49 0 1.03034509578
36.5 0 1.03034509578
36.51 0 1.02710061923
36.52 0 1.0258681394
36.53 0 1.02477755791
36.54 0 1.02285167482
36.55 0 1.02144929066
36.56 0 1.02154506126
36.57 0 1.02231007515
36.58 0 1.02248417707
36.59 0 1.02248417707
36.6 0 1.0271316454
36.61 0 1.03069899207
36.62 0 1.03132073416
36.63 0 1.03257573372
36.64 0 1.03292188218
36.65 0 1.032797536
36.66 0 1.03338117254
36.67 0 1.03423389575
36.68 0 1.03534855622
36.69 0 1.03565530287
36.7 0 1.03551935116
36.71 0 1.03591747386
36.72 0 1.03630685837
36.73 0 1.03732750642
36.74 0 1.03785317719
36.75 0 1.04020459244
36.76 0 1.04290689704
36.77 0 1.04290689704
36.78 0 1.04582944072
36.79 0 1.04840818602
36.8 0 1.04704190084
36.81 0 1.04300665707
36.82 0 1.04449294965
36.83 0 1.04464654604
36.84 0 1.04760101145
36.85 0 1.0464586917
36.86 0 1.04630767305
36.87 0 1.04673185919
36.88 0 1.05008583543
36.89 0 1.05260019872
36.9 0 1.05689394735
36.91 0 1.05869221496
36.92 0 1.05461452701
36.93 0 1.05461452701
36.94 0 1.04654006618
36.95 0 1.0546426646
36.96 0 1.05796820561
36.97 0 1.05796820561
36.98 0 1.05796820561
36.99 0 1.06258641472
37.0 0 1.06258641472
37.01 0 1.06258641472
37.02 0 1.0693440349
37.03 0 1.06902078074
37.04 0 1.06902078074
37.05 0 1.07134619008
37.06 0 1.07066685485
37.07 0 1.07178933346
37.08 0 1.07111719164
37.09 0 1.07235694833
37.1 0 1.07197640877
37.11 0 1.07197640877
37.12 0 1.07229177902
37.13 0 1.07215580671
37.14 0 1.07296216536
37.15 0 1.07361460545
37.16 0 1.07397101433
37.17 0 1.07342772694
37.18 0 1.07229807219
37.19 0 1.07150350781
37.2 0 1.0703115264
37.21 0 1.06880198324
37.22 0 1.0667129677
37.23 0 1.0661568483
37.24 0 1.06643552027
37.25 0 1.06684531787
37.26 0 1.0662853785
37.27 0 1.0647645932
37.28 0 1.06280406097
37.29 0 1.05795906789
37.3 0 1.05300892917
37.31 0 1.05228588325
37.32 0 1.05204840171
37.33 0 1.05063880081
37.34 0 1.05037393436
37.35 0 1.05009190479
37.36 0 1.0496145814
37.37 0 1.04819203766
37.38 0 1.04930723213
37.39 0 1.04992222055
37.4 0 1.05028707553
37.41 0 1.05071422084
37.42 0 1.05187268133
37.43 0 1.05249282041
37.44 0 1.05518169779
37.45 0 1.05657031296
37.46 0 1.05680515683
37.47 0 1.05685324172
37.48 0 1.05685324172
37.49 0 1.05887193806
37.5 0 1.05873462814
37.51 0 1.05927905578
37.52 0 1.0609595619
37.53 0 1.06224201468
37.54 0 1.06268002951
37.55 0 1.06353141863
37.56 0 1.06667410919
37.57 0 1.06791611928
37.58 0 1.07273692509
37.59 0 1.07683710109
37.6 0 1.08097251758
37.61 0 1.08243418184
37.62 0 1.0804398974
37.63 0 1.08354006889
37.64 0 1.08459857226
37.65 0 1.08490137252
37.66 0 1.0886602275
37.67 0 1.0891337643
37.68 0 1.09283141785
37.69 0 1.09308618302
37.7 0 1.09612045096
37.71 0 1.10186313246
37.72 0 1.10295433671
37.73 0 1.10345895685
37.74 0 1.10262645839
37.75 0 1.10486758816
37.76 0 1.10809139852
37.77 0 1.10714789144
37.78 0 1.11170748114
37.79 0 1.11183424925
37.8 0 1.11746205229
37.81 0 1.11885199516
37.82 0 1.12025970321
37.83 0 1.12172425608
37.84 0 1.12205494858
37.85 0 1.12288887915
37.86 0 1.12226068172
37.87 0 1.12157646654
37.88 0 1.12157646654
37.89 0 1.12157646654
37.9 0 1.11901891783
37.91 0 1.11901891783
37.92 0 1.11901891783
37.93 0 1.11735572971
37.94 0 1.11689423972
37.95 0 1.11689423972
37.96 0 1.11689423972
37.97 0 1.11622137926
37.98 0 1.11622137926
37.99 0 1.11669323872
38.0 0 1.11669323872
38.01 0 1.11578762073
38.02 0 1.11482841319
38.03 0 1.11261913457
38.04 0 1.10700619369
38.05 0 1.10470291033
38.06 0 1.10422070802
38.07 0 1.10285500942
38.08 0 1.10229938067
38.09 0 1.10246460338
38.1 0 1.10268400408
38.11 0 1.10347433307
38.12 0 1.10331535481
38.13 0 1.10224233466
38.14 0 1.10136570874
38.15 0 1.10136570874
38.16 0 1.10136570874
38.17 0 1.09754627042
38.18 0 1.09776843581
38.19 0 1.09776843581
38.2 0 1.09776843581
38.21 0 1.09776843581
38.22 0 1.10053976881
38.23 0 1.10293987368
38.24 0 1.10409329223
38.25 0 1.10442745793
38.26 0 1.10453382466
38.27 0 1.10536945235
38.28 0 1.10672536509
38.29 0 1.10731879008
38.3 0 1.10733471914
38.31 0 1.10747738937
38.32 0 1.10989381856
38.33 0 1.11167127586
38.34 0 1.11436168329
38.35 0 1.11660383971
38.36 0 1.11578535989
38.37 0 1.11646256351
38.38 0 1.12337646475
38.39 0 1.12747941429
38.4 0 1.12837992958
38.41 0 1.12247832581
38.42 0 1.11876832632
38.43 0 1.11626870776
38.44 0 1.11138263932
38.45 0 1.11606702215
38.46 0 1.11458184877
38.47 0 1.11944378846
38.48 0 1.11696918393
38.49 0 1.12089766558
38.5 0 1.11869501455
38.51 0 1.12018482364
38.52 0 1.12818816209
38.53 0 1.12818816209
38.54 0 1.13733949556
38.55 0 1.1386748229
38.56 0 1.1383410535
38.57 0 1.13768704681
38.58 0 1.13910015047
38.59 0 1.13910015047
38.6 0 1.14270895275
38.61 0 1.14444269451
38.62 0 1.14495149988
38.63 0 1.14495149988
38.64 0 1.14544104341
38.65 0 1.14494179173
38.66 0 1.14550447402
38.67 0 1.14576327174
38.68 0 1.14334199737
38.69 0 1.14225235272
38.7 0 1.14163228634
38.71 0 1.14196626522
38.72 0 1.14228692186
38.73 0 1.14304926047
38.74 0 1.143215182
38.75 0 1.14188012832
38.76 0 1.14038070035
38.77 0 1.14038070035
38.78 0 1.14038070035
38.79 0 1.13345442306
38.8 0 1.13093782124
38.81 0 1.13053711397
38.82 0 1.13048074405
38.83 0 1.13035983507
38.84 0 1.12974712508
38.85 0 1.12924567822
38.86 0 1.12903074979
38.87 0 1.12854060868
38.88 0 1.12844996802
38.89 0 1.12844996802
38.9 0 1.12850476852
38.91 0 1.12850476852
38.92 0 1.12673102264
38.93 0 1.12793816828
38.94 0 1.12820735333
38.95 0 1.12828664105
38.96 0 1.13022474593
38.97 0 1.13165910833
38.98 0 1.13374689154
38.99 0 1.13481603083
39.0 0 1.13564806476
