time index height
0.01 0 0.0
0.02 0 0.0269740025984
0.03 0 0.0294453577036
0.04 0 0.0335572934985
0.05 0 0.0342795628327
0.06 0 0.0402170144402
0.07 0 0.0439860713326
0.08 0 0.0492898928806
0.09 0 0.0534706436147
0.1 0 0.0548419414746
0.11 0 0.0616432233052
0.12 0 0.0666719695659
0.13 0 0.0683614950568
0.14 0 0.0735044627863
0.15 0 0.0767597230132
0.16 0 0.0779889777729
0.17 0 0.0798230987607
0.18 0 0.0809223253962
0.19 0 0.0814403299576
0.2 0 0.0812064498703
0.21 0 0.0809454326194
0.22 0 0.0792486282176
0.23 0 0.0774429516539
0.24 0 0.074967141327
0.25 0 0.0725081662066
0.26 0 0.0684968159477
0.27 0 0.0637535270088
0.28 0 0.0535838424006
0.29 0 0.0491900267039
0.3 0 0.0429251908128
0.31 0 0.0380730821445
0.32 0 0.0310786743463
0.33 0 0.0303388865739
0.34 0 0.0302678691414
0.35 0 0.0302352375365
0.36 0 0.0303232306045
0.37 0 0.0309738101659
0.38 0 0.0315824225129
0.39 0 0.0323377728363
0.4 0 0.0331097675289
0.41 0 0.0347185298184
0.42 0 0.0362764039026
0.43 0 0.0371391216892
0.44 0 0.0396218150975
0.45 0 0.0405428915439
0.46 0 0.041650439381
0.47 0 0.0426172204545
0.48 0 0.0427559116601
0.49 0 0.0431433925355
0.5 0 0.0431283524957
0.51 0 0.0426024571302
0.52 0 0.0420982886943
0.53 0 0.0414412489726
0.54 0 0.0410390716152
0.55 0 0.0402668707053
0.56 0 0.0389565847317
0.57 0 0.0387609575611
0.58 0 0.0390403739013
0.59 0 0.0391688105034
0.6 0 0.0396219004271
0.61 0 0.0397973111427
0.62 0 0.0400177085281
0.63 0 0.0404294593626
0.64 0 0.0406664364208
0.65 0 0.0406607041193
0.66 0 0.0401400120308
0.67 0 0.0399613057754
0.68 0 0.0399884992235
0.69 0 0.040330243167
0.7 0 0.0405728969777
0.71 0 0.0407289663371
0.72 0 0.0409660070423
0.73 0 0.0411217193484
0.74 0 0.0411801186968
0.75 0 0.0412331334718
0.76 0 0.0412398857372
0.77 0 0.0411527005243
0.78 0 0.041077298924
0.79 0 0.040950179995
0.8 0 0.040658313065
0.81 0 0.0409118363353
0.82 0 0.0410288768233
0.83 0 0.0409595554514
0.84 0 0.0408440168088
0.85 0 0.0406211113705
0.86 0 0.0404382034665
0.87 0 0.040130030181
0.88 0 0.0399517226919
0.89 0 0.0398244341919
0.9 0 0.039736754392
0.91 0 0.039751442177
0.92 0 0.0402742829137
0.93 0 0.0413096903679
0.94 0 0.0451950144555
0.95 0 0.046825346966
0.96 0 0.0487883326282
0.97 0 0.0501407576179
0.98 0 0.0522268634336
0.99 0 0.0530032817568
1.0 0 0.053448670682
1.01 0 0.0537235384288
1.02 0 0.0540326607198
1.03 0 0.0544320250147
1.04 0 0.0549941471569
1.05 0 0.0552982877524
1.06 0 0.0551483628733
1.07 0 0.0551217745509
1.08 0 0.0554020600079
1.09 0 0.0559120625608
1.1 0 0.0562034145871
1.11 0 0.0562252744983
1.12 0 0.0562895831024
1.13 0 0.0563675371075
1.14 0 0.0563798277544
1.15 0 0.0566139689493
1.16 0 0.0567132686231
1.17 0 0.0565796251569
1.18 0 0.0567329355035
1.19 0 0.0569928671504
1.2 0 0.057208435608
1.21 0 0.0571722330504
1.22 0 0.056968534191
1.23 0 0.0568562306478
1.24 0 0.0566308544135
1.25 0 0.0562184857181
1.26 0 0.0551317237593
1.27 0 0.0541467005219
1.28 0 0.0530733693912
1.29 0 0.0516622537013
1.3 0 0.0510672632309
1.31 0 0.0502990871394
1.32 0 0.0492548503837
1.33 0 0.0485447799962
1.34 0 0.0476741612745
1.35 0 0.0470566756496
1.36 0 0.0462350220892
1.37 0 0.0456534759923
1.38 0 0.0455037395169
1.39 0 0.0455603620608
1.4 0 0.0470083107977
1.41 0 0.0479828460202
1.42 0 0.0493377244549
1.43 0 0.0498539783407
1.44 0 0.0507069893857
1.45 0 0.0512371063393
1.46 0 0.0517046584932
1.47 0 0.0516359380248
1.48 0 0.0515393021128
1.49 0 0.0517660315756
1.5 0 0.0524333074365
1.51 0 0.0533138161591
1.52 0 0.0538049148281
1.53 0 0.0542874329015
1.54 0 0.0548185394421
1.55 0 0.0547062199859
1.56 0 0.0550839844586
1.57 0 0.0559968492072
1.58 0 0.0576059731091
1.59 0 0.0587782718249
1.6 0 0.0592432439338
1.61 0 0.058986962125
1.62 0 0.0592492596211
1.63 0 0.0584362167505
1.64 0 0.057130971861
1.65 0 0.0561377314824
1.66 0 0.0548504821254
1.67 0 0.0542629073047
1.68 0 0.0534650269856
1.69 0 0.0531036087755
1.7 0 0.05261754419
1.71 0 0.0523541183408
1.72 0 0.0520430591349
1.73 0 0.052747554428
1.74 0 0.0540099706936
1.75 0 0.056301528715
1.76 0 0.0588432642655
1.77 0 0.0600004142826
1.78 0 0.0623235040552
1.79 0 0.0651540139304
1.8 0 0.0659303253432
1.81 0 0.0684605843293
1.82 0 0.0706243120889
1.83 0 0.0719847001729
1.84 0 0.0726903912346
1.85 0 0.0734734225052
1.86 0 0.0739666493983
1.87 0 0.0742828148508
1.88 0 0.0756476628763
1.89 0 0.0761493413156
1.9 0 0.0767318912106
1.91 0 0.0774579407354
1.92 0 0.0777395726511
1.93 0 0.0777918867911
1.94 0 0.0779888203278
1.95 0 0.0780231412867
1.96 0 0.0780933784959
1.97 0 0.0780594489186
1.98 0 0.0782007115436
1.99 0 0.0783496764821
2.0 0 0.0782315416167
2.01 0 0.0784335421713
2.02 0 0.0781438835106
2.03 0 0.0776917743604
2.04 0 0.0774490393511
2.05 0 0.0772257967665
2.06 0 0.0771217369381
2.07 0 0.0767390849114
2.08 0 0.0763563560688
2.09 0 0.0756713666049
2.1 0 0.0749467322205
2.11 0 0.0737369890628
2.12 0 0.0727849072253
2.13 0 0.0721173146067
2.14 0 0.0711517381967
2.15 0 0.0697693315333
2.16 0 0.069211008029
2.17 0 0.0681585837983
2.18 0 0.0663897585365
2.19 0 0.0646139334724
2.2 0 0.063862349654
2.21 0 0.0631484144079
2.22 0 0.0627183450864
2.23 0 0.0627036029426
2.24 0 0.0634864568978
2.25 0 0.0644022879745
2.26 0 0.0657416739727
2.27 0 0.0668739201413
2.28 0 0.0681160417185
2.29 0 0.068754150623
2.3 0 0.069722451856
2.31 0 0.0710588887291
2.32 0 0.0716446277517
2.33 0 0.0720145847131
2.34 0 0.0724053487925
2.35 0 0.0729250805561
2.36 0 0.0741613694269
2.37 0 0.0767582878287
2.38 0 0.0776209313122
2.39 0 0.0775014620472
2.4 0 0.0791431491871
2.41 0 0.0805715318987
2.42 0 0.0820671627463
2.43 0 0.0823501890119
2.44 0 0.0835948764133
2.45 0 0.0856910237637
2.46 0 0.0872122246496
2.47 0 0.0872345583435
2.48 0 0.0881606891082
2.49 0 0.0887327728236
2.5 0 0.0903389754171
2.51 0 0.091478166567
2.52 0 0.0925842223863
2.53 0 0.09390577618
2.54 0 0.0943268198058
2.55 0 0.0950715647668
2.56 0 0.0963515490839
2.57 0 0.0969826380733
2.58 0 0.0979926826844
2.59 0 0.0992039635961
2.6 0 0.0996262046857
2.61 0 0.100100396707
2.62 0 0.100737313607
2.63 0 0.100612329608
2.64 0 0.100819776071
2.65 0 0.100618197122
2.66 0 0.100648777235
2.67 0 0.100274650475
2.68 0 0.100101586326
2.69 0 0.100133846041
2.7 0 0.100026454923
2.71 0 0.0999816981842
2.72 0 0.0997737056677
2.73 0 0.0996182230322
2.74 0 0.099269583247
2.75 0 0.0991726333087
2.76 0 0.0993218374429
2.77 0 0.0996703956332
2.78 0 0.100172997592
2.79 0 0.100600316309
2.8 0 0.100942295853
2.81 0 0.100933470016
2.82 0 0.100737277447
2.83 0 0.100499943653
2.84 0 0.100689842172
2.85 0 0.100597021322
2.86 0 0.100511405615
2.87 0 0.100562531629
2.88 0 0.100395933713
2.89 0 0.099755697993
2.9 0 0.0992651228494
2.91 0 0.0986656240763
2.92 0 0.098261111487
2.93 0 0.0982673746913
2.94 0 0.0982817976006
2.95 0 0.0982817976006
2.96 0 0.0982817976006
2.97 0 0.0973245293117
2.98 0 0.0970022641821
2.99 0 0.0968385441049
3.0 0 0.0970185190307
3.01 0 0.0976910217562
3.02 0 0.0977635377863
3.03 0 0.0993090889145
3.04 0 0.100501638722
3.05 0 0.101578968214
3.06 0 0.103406003535
3.07 0 0.104651283094
3.08 0 0.107692966543
3.09 0 0.109106359467
3.1 0 0.111055070753
3.11 0 0.113077007707
3.12 0 0.115525524482
3.13 0 0.118115611323
3.14 0 0.119351344588
3.15 0 0.120205978311
3.16 0 0.122250359123
3.17 0 0.122235381576
3.18 0 0.124418403284
3.19 0 0.125345068507
3.2 0 0.126534881862
3.21 0 0.127059382504
3.22 0 0.128273371361
3.23 0 0.126852351078
3.24 0 0.127627261531
3.25 0 0.127579407591
3.26 0 0.125973997661
3.27 0 0.123567302386
3.28 0 0.122881797773
3.29 0 0.122497070109
3.3 0 0.118576063556
3.31 0 0.111642264115
3.32 0 0.108054185659
3.33 0 0.107483765407
3.34 0 0.106807564292
3.35 0 0.104399477419
3.36 0 0.102368948929
3.37 0 0.100928583213
3.38 0 0.0995988514234
3.39 0 0.097087716509
3.4 0 0.095133253676
3.41 0 0.0927395050738
3.42 0 0.0923173234471
3.43 0 0.0926964390783
3.44 0 0.0930435376041
3.45 0 0.0935410417354
3.46 0 0.0938502813284
3.47 0 0.0934077888216
3.48 0 0.0930089948896
3.49 0 0.0934167862028
3.5 0 0.0950538220617
3.51 0 0.0961022539044
3.52 0 0.0970399565005
3.53 0 0.0979094547228
3.54 0 0.098601351322
3.55 0 0.100504963801
3.56 0 0.102156558025
3.57 0 0.103979073887
3.58 0 0.106575583935
3.59 0 0.10867322321
3.6 0 0.111451718257
3.61 0 0.113475684723
3.62 0 0.115762477256
3.63 0 0.117929250854
3.64 0 0.121992446862
3.65 0 0.123630195239
3.66 0 0.125083011413
3.67 0 0.127190521989
3.68 0 0.128106062723
3.69 0 0.128589600075
3.7 0 0.12883280596
3.71 0 0.128747129825
3.72 0 0.128488874893
3.73 0 0.128208343403
3.74 0 0.12822100544
3.75 0 0.128338233662
3.76 0 0.128816916833
3.77 0 0.129770617772
3.78 0 0.131078728258
3.79 0 0.132091416237
3.8 0 0.133427666668
3.81 0 0.134258895206
3.82 0 0.136990200469
3.83 0 0.141431205247
3.84 0 0.14308362825
3.85 0 0.146780806655
3.86 0 0.150351666354
3.87 0 0.15206923097
3.88 0 0.155864093095
3.89 0 0.157855392703
3.9 0 0.162165553399
3.91 0 0.165478652929
3.92 0 0.167640640656
3.93 0 0.172106938297
3.94 0 0.172057348969
3.95 0 0.175317317747
3.96 0 0.174382574233
3.97 0 0.177075899047
3.98 0 0.177209322937
3.99 0 0.178900977007
4.0 0 0.179604486259
4.01 0 0.178147563186
4.02 0 0.178721365106
4.03 0 0.178691570298
4.04 0 0.178688356501
4.05 0 0.178999505021
4.06 0 0.180408643459
4.07 0 0.181299226198
4.08 0 0.181174970263
4.09 0 0.181513793631
4.1 0 0.183425769451
4.11 0 0.182828720882
4.12 0 0.183003672365
4.13 0 0.183003672365
4.14 0 0.18346810002
4.15 0 0.184482472902
4.16 0 0.184748102356
4.17 0 0.185688038573
4.18 0 0.185731357801
4.19 0 0.186330679976
4.2 0 0.187267195553
4.21 0 0.187960393192
4.22 0 0.188979895467
4.23 0 0.190758042921
4.24 0 0.192116201037
4.25 0 0.19436460104
4.26 0 0.196841803575
4.27 0 0.198867984146
4.28 0 0.200634032969
4.29 0 0.202167770648
4.3 0 0.204204030943
4.31 0 0.206788395587
4.32 0 0.207864119831
4.33 0 0.209038568029
4.34 0 0.211398998386
4.35 0 0.21298542815
4.36 0 0.214370606401
4.37 0 0.215272198184
4.38 0 0.216397248731
4.39 0 0.217579410794
4.4 0 0.217832560276
4.41 0 0.218095695424
4.42 0 0.2186470535
4.43 0 0.218756943691
4.44 0 0.21832431117
4.45 0 0.217545101769
4.46 0 0.216361076293
4.47 0 0.21570415714
4.48 0 0.212457097934
4.49 0 0.212457097934
4.5 0 0.212457097934
4.51 0 0.208876067211
4.52 0 0.207969864233
4.53 0 0.205954397753
4.54 0 0.20467471517
4.55 0 0.203428914782
4.56 0 0.203571053495
4.57 0 0.203230602092
4.58 0 0.202382875424
4.59 0 0.203344428058
4.6 0 0.204259171247
4.61 0 0.205546226013
4.62 0 0.206634223806
4.63 0 0.211188489786
4.64 0 0.211387476042
4.65 0 0.212930639106
4.66 0 0.214887795102
4.67 0 0.219828417859
4.68 0 0.221404707499
4.69 0 0.222880892594
4.7 0 0.222114145076
4.71 0 0.224330805244
4.72 0 0.226900934067
4.73 0 0.227381511178
4.74 0 0.227757160711
4.75 0 0.226501625273
4.76 0 0.228206625196
4.77 0 0.22785566276
4.78 0 0.225669790926
4.79 0 0.225701563993
4.8 0 0.226014843966
4.81 0 0.22176140288
4.82 0 0.21998161443
4.83 0 0.217773859385
4.84 0 0.2137909616
4.85 0 0.210538284041
4.86 0 0.206367894983
4.87 0 0.203589895028
4.88 0 0.195848748548
4.89 0 0.194045402096
4.9 0 0.186684937796
4.91 0 0.183258780496
4.92 0 0.179753268492
4.93 0 0.177271331505
4.94 0 0.175205564746
4.95 0 0.174232975659
4.96 0 0.172977098277
4.97 0 0.172640767947
4.98 0 0.172288033021
4.99 0 0.171673397506
5.0 0 0.170153583116
5.01 0 0.168709586731
5.02 0 0.166947198142
5.03 0 0.166465973323
5.04 0 0.164529025533
5.05 0 0.164529025533
5.06 0 0.164529025533
5.07 0 0.161305985149
5.08 0 0.161498657937
5.09 0 0.162516623763
5.1 0 0.163073965896
5.11 0 0.163400347762
5.12 0 0.1652944741
5.13 0 0.165614189951
5.14 0 0.165309828798
5.15 0 0.165406894703
5.16 0 0.164735140426
5.17 0 0.16323913897
5.18 0 0.161760472803
5.19 0 0.158988005682
5.2 0 0.157335659287
5.21 0 0.156567483077
5.22 0 0.152897363133
5.23 0 0.151447321565
5.24 0 0.150640723874
5.25 0 0.149254245652
5.26 0 0.147754588024
5.27 0 0.144832288072
5.28 0 0.14321976
5.29 0 0.142522821657
5.3 0 0.140150987717
5.31 0 0.137524804327
5.32 0 0.136978521343
5.33 0 0.136947548221
5.34 0 0.136075362221
5.35 0 0.135638368665
5.36 0 0.136177655732
5.37 0 0.135135851854
5.38 0 0.135073566808
5.39 0 0.135145106877
5.4 0 0.134731876472
5.41 0 0.13453561781
5.42 0 0.13453561781
5.43 0 0.135353133992
5.44 0 0.135755798502
5.45 0 0.136934410828
5.46 0 0.138853251861
5.47 0 0.139839534056
5.48 0 0.140278461788
5.49 0 0.143329099546
5.5 0 0.145160611549
5.51 0 0.14727623628
5.52 0 0.149641935108
5.53 0 0.150622753657
5.54 0 0.153542913394
5.55 0 0.155411282483
5.56 0 0.158165462209
5.57 0 0.161371749456
5.58 0 0.163280798681
5.59 0 0.161726430121
5.6 0 0.165037242531
5.61 0 0.168919816703
5.62 0 0.170640634401
5.63 0 0.171857086366
5.64 0 0.170015090181
5.65 0 0.170266150252
5.66 0 0.170402304544
5.67 0 0.172093455572
5.68 0 0.169670002297
5.69 0 0.171211849261
5.7 0 0.169255154269
5.71 0 0.167415845462
5.72 0 0.165414288916
5.73 0 0.16587180523
5.74 0 0.163298820405
5.75 0 0.160934346825
5.76 0 0.158656372093
5.77 0 0.157505046862
5.78 0 0.154758132816
5.79 0 0.152936336784
5.8 0 0.152936336784
5.81 0 0.152936336784
5.82 0 0.14733893098
5.83 0 0.140523846717
5.84 0 0.138933751018
5.85 0 0.137987716582
5.86 0 0.137899812172
5.87 0 0.137444947246
5.88 0 0.136513373684
5.89 0 0.136136570197
5.9 0 0.136435705825
5.91 0 0.13710090727
5.92 0 0.138940847482
5.93 0 0.140494955846
5.94 0 0.140993498832
5.95 0 0.141423816998
5.96 0 0.141514678876
5.97 0 0.141823601153
5.98 0 0.142484181507
5.99 0 0.14221563857
6.0 0 0.141619120318
6.01 0 0.141766855042
6.02 0 0.141682368651
6.03 0 0.141682368651
6.04 0 0.141682368651
6.05 0 0.142456011193
6.06 0 0.143673519077
6.07 0 0.144917796889
6.08 0 0.146257279908
6.09 0 0.146777191943
6.1 0 0.146808630677
6.11 0 0.148338124005
6.12 0 0.149676167936
6.13 0 0.150011326642
6.14 0 0.149997433824
6.15 0 0.148914132373
6.16 0 0.14884434147
6.17 0 0.149890562495
6.18 0 0.149992512705
6.19 0 0.151532473828
6.2 0 0.151713461472
6.21 0 0.151713461472
6.22 0 0.151713461472
6.23 0 0.154484492537
6.24 0 0.15720650091
6.25 0 0.159702124677
6.26 0 0.16107173607
6.27 0 0.161066512952
6.28 0 0.162751023558
6.29 0 0.16691013856
6.3 0 0.168643284652
6.31 0 0.17141421468
6.32 0 0.174326967203
6.33 0 0.178289548274
6.34 0 0.182759707528
6.35 0 0.182647429304
6.36 0 0.186993604151
6.37 0 0.18726902368
6.38 0 0.188715236468
6.39 0 0.187290787695
6.4 0 0.189459808317
6.41 0 0.187703216486
6.42 0 0.189659115301
6.43 0 0.189112352274
6.44 0 0.188673140395
6.45 0 0.191829899216
6.46 0 0.19332522354
6.47 0 0.19158353908
6.48 0 0.189140072488
6.49 0 0.186219997004
6.5 0 0.185353881178
6.51 0 0.18392471685
6.52 0 0.181159761794
6.53 0 0.176282716483
6.54 0 0.176282716483
6.55 0 0.176282716483
6.56 0 0.167514433216
6.57 0 0.163354943918
6.58 0 0.15964685955
6.59 0 0.159103234847
6.6 0 0.153793354919
6.61 0 0.151383359228
6.62 0 0.149771385081
6.63 0 0.148630156697
6.64 0 0.146479111687
6.65 0 0.145424569498
6.66 0 0.145365579254
6.67 0 0.143569804045
6.68 0 0.142915745737
6.69 0 0.143370959999
6.7 0 0.143845112346
6.71 0 0.1447934068
6.72 0 0.147243341314
6.73 0 0.148755043064
6.74 0 0.150129848999
6.75 0 0.151395267035
6.76 0 0.153270767112
6.77 0 0.154002050151
6.78 0 0.15555186101
6.79 0 0.156843930054
6.8 0 0.156909537183
6.81 0 0.156909537183
6.82 0 0.156215030161
6.83 0 0.15623078863
6.84 0 0.156891777819
6.85 0 0.158153654564
6.86 0 0.158153654564
6.87 0 0.158153654564
6.88 0 0.158153654564
6.89 0 0.159049509923
6.9 0 0.158870991841
6.91 0 0.159223020001
6.92 0 0.159223020001
6.93 0 0.158914022191
6.94 0 0.157421343538
6.95 0 0.156053941672
6.96 0 0.155572981733
6.97 0 0.155331500921
6.98 0 0.153196222633
6.99 0 0.153381802361
7.0 0 0.152777690418
7.01 0 0.153652581081
7.02 0 0.155114485246
7.03 0 0.155136884646
7.04 0 0.15658907432
7.05 0 0.157181372724
7.06 0 0.158038875384
7.07 0 0.160790914229
7.08 0 0.162041519237
7.09 0 0.161786203659
7.1 0 0.164440280711
7.11 0 0.166802041534
7.12 0 0.168077157665
7.13 0 0.168077157665
7.14 0 0.170964215487
7.15 0 0.169350761664
7.16 0 0.172230619394
7.17 0 0.170771967499
7.18 0 0.171841867648
7.19 0 0.172229459146
7.2 0 0.172138644169
7.21 0 0.174717724956
7.22 0 0.174853630966
7.23 0 0.172722875643
7.24 0 0.172715830832
7.25 0 0.173451192109
7.26 0 0.175147003317
7.27 0 0.175273603272
7.28 0 0.173600444622
7.29 0 0.173783341013
7.3 0 0.174481510117
7.31 0 0.176091454176
7.32 0 0.176429566913
7.33 0 0.176289971688
7.34 0 0.176488219103
7.35 0 0.176268029902
7.36 0 0.176439958142
7.37 0 0.176286166144
7.38 0 0.176286166144
7.39 0 0.177056905257
7.4 0 0.175834575189
7.41 0 0.172983712692
7.42 0 0.171259636195
7.43 0 0.169542228277
7.44 0 0.168706445111
7.45 0 0.164035935419
7.46 0 0.161730554595
7.47 0 0.161730554595
7.48 0 0.156818769278
7.49 0 0.152565059314
7.5 0 0.150363466147
7.51 0 0.150074889381
7.52 0 0.150074889381
7.53 0 0.148778370471
7.54 0 0.148814158432
7.55 0 0.148876029954
7.56 0 0.150816480971
7.57 0 0.151437992973
7.58 0 0.151437992973
7.59 0 0.155936019061
7.6 0 0.158058501665
7.61 0 0.16076918422
7.62 0 0.162278345334
7.63 0 0.165054144984
7.64 0 0.168184579454
7.65 0 0.169774932948
7.66 0 0.169774932948
7.67 0 0.174238068911
7.68 0 0.175318884409
7.69 0 0.175520201009
7.7 0 0.175520201009
7.71 0 0.177154664294
7.72 0 0.178324071782
7.73 0 0.179218779995
7.74 0 0.178230660448
7.75 0 0.178729941511
7.76 0 0.178646822276
7.77 0 0.178646822276
7.78 0 0.180127422354
7.79 0 0.181481072977
7.8 0 0.183626029129
7.81 0 0.183299711417
7.82 0 0.186461166862
7.83 0 0.187752902396
7.84 0 0.188743781622
7.85 0 0.189320789196
7.86 0 0.189320789196
7.87 0 0.189969009431
7.88 0 0.186201440444
7.89 0 0.185924305476
7.9 0 0.185790873731
7.91 0 0.18873682091
7.92 0 0.191136170262
7.93 0 0.189854309552
7.94 0 0.194261870202
7.95 0 0.195595856726
7.96 0 0.194327267517
7.97 0 0.197448587339
7.98 0 0.197538211696
7.99 0 0.197468354798
8.0 0 0.197135242607
8.01 0 0.194814992813
8.02 0 0.193099565483
8.03 0 0.195073210355
8.04 0 0.196689711413
8.05 0 0.197715248206
8.06 0 0.197594074591
8.07 0 0.194819529839
8.08 0 0.194819529839
8.09 0 0.194819529839
8.1 0 0.190237783539
8.11 0 0.188892899074
8.12 0 0.184620922064
8.13 0 0.181492352288
8.14 0 0.180843124748
8.15 0 0.178991088258
8.16 0 0.178991088258
8.17 0 0.178991088258
8.18 0 0.178665326701
8.19 0 0.182095735111
8.2 0 0.184425013759
8.21 0 0.188303361683
8.22 0 0.19042731466
8.23 0 0.191060001406
8.24 0 0.191060001406
8.25 0 0.191060001406
8.26 0 0.190396268068
8.27 0 0.189419859826
8.28 0 0.190244276545
8.29 0 0.188902626246
8.3 0 0.188750600952
8.31 0 0.188974759179
8.32 0 0.188993890318
8.33 0 0.188662796551
8.34 0 0.187812626996
8.35 0 0.187812626996
8.36 0 0.185408443724
8.37 0 0.183391784892
8.38 0 0.180064234896
8.39 0 0.177775725675
8.4 0 0.174710091483
8.41 0 0.170776179252
8.42 0 0.166597542713
8.43 0 0.166112115047
8.44 0 0.166617333444
8.45 0 0.1670415251
8.46 0 0.168563985307
8.47 0 0.170015063386
8.48 0 0.171449532528
8.49 0 0.172551611855
8.5 0 0.174453187153
8.51 0 0.174977313661
8.52 0 0.176697542507
8.53 0 0.178380978648
8.54 0 0.179576388703
8.55 0 0.18230719525
8.56 0 0.183700704283
8.57 0 0.185516573385
8.58 0 0.184755202812
8.59 0 0.185799075351
8.6 0 0.188027696885
8.61 0 0.187139480926
8.62 0 0.189802106626
8.63 0 0.189802106626
8.64 0 0.193686941387
8.65 0 0.195876088666
8.66 0 0.197466902687
8.67 0 0.19926884324
8.68 0 0.19959567454
8.69 0 0.200033323072
8.7 0 0.203558111623
8.71 0 0.205983472985
8.72 0 0.205216925562
8.73 0 0.206304250401
8.74 0 0.206912961482
8.75 0 0.206277135071
8.76 0 0.207408830444
8.77 0 0.207408830444
8.78 0 0.208860784156
8.79 0 0.20816563628
8.8 0 0.207250176246
8.81 0 0.206028614497
8.82 0 0.203535362953
8.83 0 0.201667930446
8.84 0 0.200461146539
8.85 0 0.201748007247
8.86 0 0.202317266461
8.87 0 0.200386599137
8.88 0 0.201336539172
8.89 0 0.201336539172
8.9 0 0.197681471257
8.91 0 0.197681471257
8.92 0 0.197665500776
8.93 0 0.1981461854
8.94 0 0.1981461854
8.95 0 0.19615984911
8.96 0 0.195866479358
8.97 0 0.195866479358
8.98 0 0.19471566286
8.99 0 0.194460070031
9.0 0 0.192675089151
9.01 0 0.192687482976
9.02 0 0.193177573755
9.03 0 0.194621168153
9.04 0 0.194621168153
9.05 0 0.194621168153
9.06 0 0.195900556422
9.07 0 0.19560042424
9.08 0 0.195051618462
9.09 0 0.194868524714
9.1 0 0.194868524714
9.11 0 0.193672790343
9.12 0 0.192327800473
9.13 0 0.192550603973
9.14 0 0.192809479623
9.15 0 0.192822096443
9.16 0 0.192861076052
9.17 0 0.19334149086
9.18 0 0.194237770991
9.19 0 0.194237770991
9.2 0 0.195089758446
9.21 0 0.196667926732
9.22 0 0.19772457764
9.23 0 0.199946675207
9.24 0 0.201057840112
9.25 0 0.201593290234
9.26 0 0.204711378137
9.27 0 0.205544794608
9.28 0 0.205544794608
9.29 0 0.207851182644
9.3 0 0.213970356107
9.31 0 0.215614908642
9.32 0 0.216174662485
9.33 0 0.21947049193
9.34 0 0.220526475664
9.35 0 0.221027277222
9.36 0 0.221070068404
9.37 0 0.22339727912
9.38 0 0.224057709854
9.39 0 0.222839818063
9.4 0 0.224909833592
9.41 0 0.225846392559
9.42 0 0.223555506362
9.43 0 0.21934351034
9.44 0 0.225893269955
9.45 0 0.225893269955
9.46 0 0.225893269955
9.47 0 0.225893269955
9.48 0 0.225893269955
9.49 0 0.236725906543
9.5 0 0.238882153673
9.51 0 0.247884881026
9.52 0 0.250973366206
9.53 0 0.252277219877
9.54 0 0.252276077025
9.55 0 0.252247781819
9.56 0 0.252207584785
9.57 0 0.252207584785
9.58 0 0.252207584785
9.59 0 0.249531608851
9.6 0 0.249206433994
9.61 0 0.249206433994
9.62 0 0.246278254653
9.63 0 0.245299590291
9.64 0 0.242250303783
9.65 0 0.240143314927
9.66 0 0.238516289737
9.67 0 0.238193007725
9.68 0 0.238193007725
9.69 0 0.238193007725
9.7 0 0.240040324764
9.71 0 0.242707756703
9.72 0 0.245346215503
9.73 0 0.247110471229
9.74 0 0.247761187961
9.75 0 0.247647141712
9.76 0 0.246789121294
9.77 0 0.245465086212
9.78 0 0.244159560579
9.79 0 0.242889590046
9.8 0 0.239667407154
9.81 0 0.236449472758
9.82 0 0.235526171393
9.83 0 0.234574007818
9.84 0 0.232888501912
9.85 0 0.232717210811
9.86 0 0.232097160055
9.87 0 0.230835901203
9.88 0 0.230835901203
9.89 0 0.230511861051
9.9 0 0.230380924472
9.91 0 0.229782071655
9.92 0 0.229456086394
9.93 0 0.229456086394
9.94 0 0.229710758927
9.95 0 0.229856627426
9.96 0 0.230397511607
9.97 0 0.230631203543
9.98 0 0.23086699288
9.99 0 0.23086699288
10.0 0 0.23086699288
10.01 0 0.23369566376
10.02 0 0.234576080173
10.03 0 0.236382685408
10.04 0 0.23764633214
10.05 0 0.238070943294
10.06 0 0.238070943294
10.07 0 0.240570609337
10.08 0 0.242895017422
10.09 0 0.245167636446
10.1 0 0.246783247157
10.11 0 0.247897784465
10.12 0 0.249568083612
10.13 0 0.249993067255
10.14 0 0.250854630559
10.15 0 0.25316195425
10.16 0 0.254625730778
10.17 0 0.256222951558
10.18 0 0.254819368007
10.19 0 0.252380722774
10.2 0 0.254897377243
10.21 0 0.255272958989
10.22 0 0.258558275694
10.23 0 0.260213328032
10.24 0 0.260547485533
10.25 0 0.26066744908
10.26 0 0.261319531594
10.27 0 0.263002710367
10.28 0 0.263526947987
10.29 0 0.264000854955
10.3 0 0.265434075048
10.31 0 0.267769181628
10.32 0 0.267769181628
10.33 0 0.269328211966
10.34 0 0.267849189656
10.35 0 0.267849189656
10.36 0 0.262931946163
10.37 0 0.258706365478
10.38 0 0.255364462729
10.39 0 0.249617555729
10.4 0 0.246093181801
10.41 0 0.240835624726
10.42 0 0.234370098053
10.43 0 0.231114776654
10.44 0 0.227758224825
10.45 0 0.226693443113
10.46 0 0.226225105418
10.47 0 0.226787875226
10.48 0 0.22795143978
10.49 0 0.22795143978
10.5 0 0.22795143978
10.51 0 0.230274208518
10.52 0 0.231398484691
10.53 0 0.230612289737
10.54 0 0.230162654082
10.55 0 0.230162654082
10.56 0 0.229646247763
10.57 0 0.229456200729
10.58 0 0.22931825997
10.59 0 0.228657619087
10.6 0 0.228809023715
10.61 0 0.229087791623
10.62 0 0.229173162256
10.63 0 0.22958299969
10.64 0 0.229618331612
10.65 0 0.228924324244
10.66 0 0.229431357314
10.67 0 0.229496298201
10.68 0 0.230064588799
10.69 0 0.23026038395
10.7 0 0.230615790993
10.71 0 0.231051812087
10.72 0 0.231841464714
10.73 0 0.23363581297
10.74 0 0.234195272981
10.75 0 0.234842456885
10.76 0 0.235879930316
10.77 0 0.234999530637
10.78 0 0.236233192947
10.79 0 0.239312554345
10.8 0 0.239909315849
10.81 0 0.240009165609
10.82 0 0.240339012326
10.83 0 0.240473630797
10.84 0 0.240530401561
10.85 0 0.240920764093
10.86 0 0.243818532917
10.87 0 0.242808658194
10.88 0 0.243233004284
10.89 0 0.247050413895
10.9 0 0.249521519814
10.91 0 0.252194349611
10.92 0 0.25235844348
10.93 0 0.254956283069
10.94 0 0.258636066311
10.95 0 0.260295348665
10.96 0 0.261125948195
10.97 0 0.260817367345
10.98 0 0.262438396273
10.99 0 0.263434430623
11.0 0 0.261048042771
11.01 0 0.261208385427
11.02 0 0.258870998449
11.03 0 0.260732087788
11.04 0 0.259231732936
11.05 0 0.260770132483
11.06 0 0.262340715799
11.07 0 0.263659593082
11.08 0 0.263659593082
11.09 0 0.271400660133
11.1 0 0.273256356163
11.11 0 0.272581723761
11.12 0 0.270015119868
11.13 0 0.268406501305
11.14 0 0.266162337451
11.15 0 0.262907806686
11.16 0 0.262071342745
11.17 0 0.262377220571
11.18 0 0.261625183069
11.19 0 0.261625183069
11.2 0 0.257789884715
11.21 0 0.257192097411
11.22 0 0.256914287491
11.23 0 0.256351751096
11.24 0 0.255923180832
11.25 0 0.255465775186
11.26 0 0.255812427948
11.27 0 0.255812427948
11.28 0 0.255812427948
11.29 0 0.260408995794
11.3 0 0.260408995794
11.31 0 0.262031236172
11.32 0 0.258091576034
11.33 0 0.255952372966
11.34 0 0.255647740196
11.35 0 0.255435807205
11.36 0 0.254533605463
11.37 0 0.254500675204
11.38 0 0.253028236486
11.39 0 0.252852296882
11.4 0 0.252649832435
11.41 0 0.252649832435
11.42 0 0.252649832435
11.43 0 0.25076120306
11.44 0 0.25076120306
11.45 0 0.251565587457
11.46 0 0.252176340196
11.47 0 0.252176340196
11.48 0 0.255218542827
11.49 0 0.256260919947
11.5 0 0.257313133467
11.51 0 0.257987650099
11.52 0 0.258131358864
11.53 0 0.258312785695
11.54 0 0.257712871147
11.55 0 0.2593103128
11.56 0 0.260332677139
11.57 0 0.261340968491
11.58 0 0.261972609916
11.59 0 0.263128164935
11.6 0 0.262978446298
11.61 0 0.264530140511
11.62 0 0.266449711702
11.63 0 0.268273846247
11.64 0 0.268605865417
11.65 0 0.269890574339
11.66 0 0.274896673818
11.67 0 0.278794788888
11.68 0 0.279404794713
11.69 0 0.280496207559
11.7 0 0.281456723275
11.71 0 0.281456723275
11.72 0 0.282269178275
11.73 0 0.284513026845
11.74 0 0.285331655365
11.75 0 0.285331655365
11.76 0 0.291731503
11.77 0 0.291421360997
11.78 0 0.296061881504
11.79 0 0.294239362071
11.8 0 0.294239362071
11.81 0 0.301903402122
11.82 0 0.303822328388
11.83 0 0.303822328388
11.84 0 0.303822328388
11.85 0 0.303822328388
11.86 0 0.309702028899
11.87 0 0.310865312496
11.88 0 0.310865312496
11.89 0 0.311880118556
11.9 0 0.311637690796
11.91 0 0.311713229628
11.92 0 0.311713229628
11.93 0 0.308847723802
11.94 0 0.305176236983
11.95 0 0.302942223329
11.96 0 0.300849339553
11.97 0 0.298962912168
11.98 0 0.295551182966
11.99 0 0.291969055218
12.0 0 0.291969055218
12.01 0 0.28336703768
12.02 0 0.273837478512
12.03 0 0.269349195637
12.04 0 0.267142249652
12.05 0 0.266942098564
12.06 0 0.266412646446
12.07 0 0.266324039369
12.08 0 0.266073836198
12.09 0 0.265537447233
12.1 0 0.264786931079
12.11 0 0.264786931079
12.12 0 0.264786931079
12.13 0 0.263349680035
12.14 0 0.26325539542
12.15 0 0.263335798063
12.16 0 0.263693695649
12.17 0 0.263758694742
12.18 0 0.26372131992
12.19 0 0.262635614503
12.2 0 0.262878542195
12.21 0 0.263193894175
12.22 0 0.264162126231
12.23 0 0.264162126231
12.24 0 0.264162126231
12.25 0 0.265111913179
12.26 0 0.265111913179
12.27 0 0.266144642605
12.28 0 0.265846344496
12.29 0 0.266293844396
12.3 0 0.266293844396
12.31 0 0.266721958933
12.32 0 0.267171743962
12.33 0 0.267171743962
12.34 0 0.269293865099
12.35 0 0.269603764407
12.36 0 0.269603764407
12.37 0 0.269603764407
12.38 0 0.271447156088
12.39 0 0.273449071641
12.4 0 0.273852367203
12.41 0 0.275016881088
12.42 0 0.276733518126
12.43 0 0.277326947583
12.44 0 0.279656834169
12.45 0 0.285433992843
12.46 0 0.285318679908
12.47 0 0.287507731931
12.48 0 0.286412435984
12.49 0 0.286607736088
12.5 0 0.287418102586
12.51 0 0.286465034484
12.52 0 0.288663301935
12.53 0 0.290930922285
12.54 0 0.290307640502
12.55 0 0.290307640502
12.56 0 0.296696822011
12.57 0 0.296648624308
12.58 0 0.303029855694
12.59 0 0.307210435187
12.6 0 0.310593443426
12.61 0 0.310301571869
12.62 0 0.310854855564
12.63 0 0.310931934023
12.64 0 0.311210629837
12.65 0 0.310971058386
12.66 0 0.311018718729
12.67 0 0.31097491008
12.68 0 0.31097491008
12.69 0 0.310352997193
12.7 0 0.310611983781
12.71 0 0.310844865073
12.72 0 0.310706147052
12.73 0 0.310126792794
12.74 0 0.310037817802
12.75 0 0.309725630873
12.76 0 0.308271867781
12.77 0 0.308630838914
12.78 0 0.308226063186
12.79 0 0.306602530379
12.8 0 0.303112460261
12.81 0 0.301174488414
12.82 0 0.300860342028
12.83 0 0.300860342028
12.84 0 0.291222236176
12.85 0 0.286967609412
12.86 0 0.284207444723
12.87 0 0.282831384016
12.88 0 0.282553877839
12.89 0 0.2825613202
12.9 0 0.282924497171
12.91 0 0.283012935347
12.92 0 0.283012935347
12.93 0 0.283876942672
12.94 0 0.285285576552
12.95 0 0.285285576552
12.96 0 0.285285576552
12.97 0 0.285285576552
12.98 0 0.28996269266
12.99 0 0.289113751884
13.0 0 0.289113751884
13.01 0 0.289155030347
13.02 0 0.290493672083
13.03 0 0.290305010715
13.04 0 0.29053091308
13.05 0 0.29053091308
13.06 0 0.29053091308
13.07 0 0.291121678424
13.08 0 0.29128169442
13.09 0 0.291876452577
13.1 0 0.291927885345
13.11 0 0.29294868711
13.12 0 0.293575038624
13.13 0 0.294205695562
13.14 0 0.294811935893
13.15 0 0.295229476149
13.16 0 0.295198288731
13.17 0 0.29565359798
13.18 0 0.29633170932
13.19 0 0.298375644682
13.2 0 0.299109163328
13.21 0 0.299954406408
13.22 0 0.302484403454
13.23 0 0.304359866398
13.24 0 0.307006915335
13.25 0 0.307913187773
13.26 0 0.307757539004
13.27 0 0.307444704032
13.28 0 0.308492677909
13.29 0 0.309038024383
13.3 0 0.310531708025
13.31 0 0.312550987692
13.32 0 0.312273380313
13.33 0 0.310640781908
13.34 0 0.318964899944
13.35 0 0.324402450164
13.36 0 0.322176964509
13.37 0 0.323639712171
13.38 0 0.321431234678
13.39 0 0.321431234678
13.4 0 0.311665858729
13.41 0 0.305552332442
13.42 0 0.295435566446
13.43 0 0.289399732896
13.44 0 0.309763066987
13.45 0 0.309763066987
13.46 0 0.310541487314
13.47 0 0.314438019587
13.48 0 0.318745396062
13.49 0 0.323317350725
13.5 0 0.324079887163
13.51 0 0.324498757797
13.52 0 0.325289372992
13.53 0 0.325405496581
13.54 0 0.325405496581
13.55 0 0.325405496581
13.56 0 0.326284547037
13.57 0 0.326284547037
13.58 0 0.326284547037
13.59 0 0.321820873518
13.6 0 0.321446353921
13.61 0 0.321390538702
13.62 0 0.322345490179
13.63 0 0.323726824445
13.64 0 0.323991955831
13.65 0 0.323315683794
13.66 0 0.320603357227
13.67 0 0.318324634394
13.68 0 0.31671932119
13.69 0 0.31671932119
13.7 0 0.315429694236
13.71 0 0.314602036643
13.72 0 0.312454082246
13.73 0 0.311402585395
13.74 0 0.310966491799
13.75 0 0.31148742157
13.76 0 0.309628118666
13.77 0 0.309825874907
13.78 0 0.311379482687
13.79 0 0.31221311471
13.8 0 0.31221311471
13.81 0 0.312916317345
13.82 0 0.313918612033
13.83 0 0.313947577262
13.84 0 0.312822132371
13.85 0 0.313289929808
13.86 0 0.313694777611
13.87 0 0.31423168951
13.88 0 0.314994363737
13.89 0 0.31530028987
13.9 0 0.316089606725
13.91 0 0.317000854629
13.92 0 0.317566223255
13.93 0 0.317985218872
13.94 0 0.318595742062
13.95 0 0.318595742062
13.96 0 0.32038998578
13.97 0 0.322232098356
13.98 0 0.32261155967
13.99 0 0.32261155967
14.0 0 0.327568470274
14.01 0 0.329942958537
14.02 0 0.33132724051
14.03 0 0.331953263019
14.04 0 0.331921469152
14.05 0 0.331730280832
14.06 0 0.332619549159
14.07 0 0.332212848653
14.08 0 0.332212848653
14.09 0 0.332033420798
14.1 0 0.333421817633
14.11 0 0.335307246562
14.12 0 0.335307246562
14.13 0 0.340362504976
14.14 0 0.338248127104
14.15 0 0.339675695086
14.16 0 0.345061725916
14.17 0 0.345272720372
14.18 0 0.350341231943
14.19 0 0.349819453768
14.2 0 0.353171750105
14.21 0 0.353171750105
14.22 0 0.360432351985
14.23 0 0.362023156198
14.24 0 0.362023156198
14.25 0 0.361882402298
14.26 0 0.36121329656
14.27 0 0.360327455386
14.28 0 0.35960813068
14.29 0 0.359238148241
14.3 0 0.359689897638
14.31 0 0.359689897638
14.32 0 0.359948631958
14.33 0 0.358967841494
14.34 0 0.3579633369
14.35 0 0.356838616197
14.36 0 0.356489585197
14.37 0 0.356489585197
14.38 0 0.354167690842
14.39 0 0.353803977459
14.4 0 0.354028447071
14.41 0 0.354487566702
14.42 0 0.354522477917
14.43 0 0.354522477917
14.44 0 0.35491449635
14.45 0 0.351768688888
14.46 0 0.348797004755
14.47 0 0.347579949222
14.48 0 0.345455729232
14.49 0 0.345213928992
14.5 0 0.345885731477
14.51 0 0.346470576549
14.52 0 0.346473960838
14.53 0 0.346378416061
14.54 0 0.34556591398
14.55 0 0.34532409729
14.56 0 0.34532409729
14.57 0 0.34532409729
14.58 0 0.344931562381
14.59 0 0.345500151576
14.6 0 0.344740653118
14.61 0 0.346630264156
14.62 0 0.347193865372
14.63 0 0.347599721622
14.64 0 0.348633026413
14.65 0 0.348665685582
14.66 0 0.348665685582
14.67 0 0.35019979855
14.68 0 0.350533565601
14.69 0 0.350556972251
14.7 0 0.350647828384
14.71 0 0.351430559623
14.72 0 0.351966712677
14.73 0 0.352522219401
14.74 0 0.354618611415
14.75 0 0.355712353675
14.76 0 0.356379805603
14.77 0 0.357562581549
14.78 0 0.361866865508
14.79 0 0.362391320406
14.8 0 0.362725682751
14.81 0 0.362725682751
14.82 0 0.365169247437
14.83 0 0.365169247437
14.84 0 0.37250287193
14.85 0 0.369510978084
14.86 0 0.374030333062
14.87 0 0.375975102578
14.88 0 0.378905975969
14.89 0 0.378531286499
14.9 0 0.378333155472
14.91 0 0.377986964598
14.92 0 0.379357068703
14.93 0 0.379357068703
14.94 0 0.379357068703
14.95 0 0.379357068703
14.96 0 0.373460813238
14.97 0 0.376418114933
14.98 0 0.390338293744
14.99 0 0.390824649548
15.0 0 0.389641697652
15.01 0 0.388466076467
15.02 0 0.388466076467
15.03 0 0.388701493159
15.04 0 0.391575851609
15.05 0 0.392307493636
15.06 0 0.392307493636
15.07 0 0.394024516726
15.08 0 0.39654536307
15.09 0 0.39654536307
15.1 0 0.397416779062
15.11 0 0.397445551918
15.12 0 0.397498532094
15.13 0 0.397579334313
15.14 0 0.397746987614
15.15 0 0.398616560629
15.16 0 0.39754880601
15.17 0 0.396659351463
15.18 0 0.396659351463
15.19 0 0.395304333092
15.2 0 0.394831494009
15.21 0 0.393735975086
15.22 0 0.393503639033
15.23 0 0.390742681902
15.24 0 0.389629304443
15.25 0 0.389629304443
15.26 0 0.387789537159
15.27 0 0.387331344002
15.28 0 0.385994785478
15.29 0 0.385994785478
15.3 0 0.386189796013
15.31 0 0.386663200848
15.32 0 0.387112651857
15.33 0 0.386302405175
15.34 0 0.386618164343
15.35 0 0.386618164343
15.36 0 0.387851672817
15.37 0 0.38813852529
15.38 0 0.388917646894
15.39 0 0.39053829789
15.4 0 0.392030265183
15.41 0 0.393006755049
15.42 0 0.394017485423
15.43 0 0.394017485423
15.44 0 0.394017485423
15.45 0 0.393239123166
15.46 0 0.394001566679
15.47 0 0.39439394305
15.48 0 0.394605143684
15.49 0 0.394605143684
15.5 0 0.395209410193
15.51 0 0.396219646646
15.52 0 0.395776734027
15.53 0 0.397396212443
15.54 0 0.400241071494
15.55 0 0.404100776701
15.56 0 0.40460497304
15.57 0 0.403077020962
15.58 0 0.403342093178
15.59 0 0.403342093178
15.6 0 0.403278518386
15.61 0 0.406012987573
15.62 0 0.406676311947
15.63 0 0.407791670487
15.64 0 0.405431937681
15.65 0 0.401373402528
15.66 0 0.401373402528
15.67 0 0.404199083068
15.68 0 0.397519015116
15.69 0 0.39911300039
15.7 0 0.40289723252
15.71 0 0.40411457746
15.72 0 0.40564931001
15.73 0 0.411974424287
15.74 0 0.417648450658
15.75 0 0.419986426194
15.76 0 0.420501807964
15.77 0 0.420501807964
15.78 0 0.42005684357
15.79 0 0.420949460968
15.8 0 0.42114770556
15.81 0 0.42114770556
15.82 0 0.418929136114
15.83 0 0.415340135673
15.84 0 0.412701335083
15.85 0 0.409433949866
15.86 0 0.412925672172
15.87 0 0.41616985995
15.88 0 0.419444720839
15.89 0 0.419444720839
15.9 0 0.420958352574
15.91 0 0.421076037528
15.92 0 0.421346015832
15.93 0 0.421708646588
15.94 0 0.42167364097
15.95 0 0.421872705737
15.96 0 0.421872705737
15.97 0 0.421872705737
15.98 0 0.421872705737
15.99 0 0.422494480852
16.0 0 0.422666305037
16.01 0 0.42312217531
16.02 0 0.424033429917
16.03 0 0.423579540393
16.04 0 0.423579540393
16.05 0 0.421436273209
16.06 0 0.421129727445
16.07 0 0.418668896239
16.08 0 0.41803305982
16.09 0 0.417972915049
16.1 0 0.418826286308
16.11 0 0.419511042124
16.12 0 0.420424141446
16.13 0 0.420833049984
16.14 0 0.421619842104
16.15 0 0.423577736234
16.16 0 0.423577736234
16.17 0 0.424641983279
16.18 0 0.425312230707
16.19 0 0.425510240188
16.2 0 0.426287695203
16.21 0 0.426248847918
16.22 0 0.427443801051
16.23 0 0.428386539563
16.24 0 0.42893056752
16.25 0 0.429953906694
16.26 0 0.430724613288
16.27 0 0.430724613288
16.28 0 0.430667001748
16.29 0 0.431227603188
16.3 0 0.433842298942
16.31 0 0.433842298942
16.32 0 0.433842298942
16.33 0 0.433842298942
16.34 0 0.435502971259
16.35 0 0.437158479421
16.36 0 0.437158479421
16.37 0 0.437945083957
16.38 0 0.444647339719
16.39 0 0.446018950681
16.4 0 0.445422094396
16.41 0 0.445422094396
16.42 0 0.439983198856
16.43 0 0.441715221213
16.44 0 0.441715221213
16.45 0 0.447485986684
16.46 0 0.448654492771
16.47 0 0.44997636054
16.48 0 0.44997636054
16.49 0 0.456955502664
16.5 0 0.457368287699
16.51 0 0.462055558422
16.52 0 0.465560615756
16.53 0 0.46635976821
16.54 0 0.468257026135
16.55 0 0.471094940408
16.56 0 0.473145457371
16.57 0 0.472370773292
16.58 0 0.472370773292
16.59 0 0.472370773292
16.6 0 0.472370773292
16.61 0 0.474458483602
16.62 0 0.473907556321
16.63 0 0.473907556321
16.64 0 0.473148821296
16.65 0 0.472738686543
16.66 0 0.472806868756
16.67 0 0.473136174648
16.68 0 0.47202849003
16.69 0 0.470864000476
16.7 0 0.47070126249
16.71 0 0.47070126249
16.72 0 0.472840318043
16.73 0 0.472330395837
16.74 0 0.472330395837
16.75 0 0.471040872272
16.76 0 0.468141897054
16.77 0 0.468675828212
16.78 0 0.468675828212
16.79 0 0.467770874036
16.8 0 0.465311302684
16.81 0 0.464128447588
16.82 0 0.464128447588
16.83 0 0.46095279786
16.84 0 0.46095279786
16.85 0 0.46095279786
16.86 0 0.458317671481
16.87 0 0.455546647005
16.88 0 0.455544077328
16.89 0 0.45822576746
16.9 0 0.460186625007
16.91 0 0.462954191407
16.92 0 0.464134735889
16.93 0 0.465453083112
16.94 0 0.466224316382
16.95 0 0.466422459989
16.96 0 0.466422459989
16.97 0 0.467428548992
16.98 0 0.467829916402
16.99 0 0.468217262489
17.0 0 0.468358995128
17.01 0 0.468358995128
17.02 0 0.469392461122
17.03 0 0.470387662373
17.04 0 0.470497646064
17.05 0 0.469976714011
17.06 0 0.47105035602
17.07 0 0.471679964295
17.08 0 0.472380839403
17.09 0 0.472675240535
17.1 0 0.473120701851
17.11 0 0.473350536341
17.12 0 0.477103496692
17.13 0 0.478710044962
17.14 0 0.481364112132
17.15 0 0.486063448316
17.16 0 0.489402789346
17.17 0 0.493155460662
17.18 0 0.492117091001
17.19 0 0.494587209447
17.2 0 0.492775011369
17.21 0 0.492775011369
17.22 0 0.492775011369
17.23 0 0.496632867031
17.24 0 0.494697521057
17.25 0 0.495982997711
17.26 0 0.495252906276
17.27 0 0.496482084018
17.28 0 0.494770098069
17.29 0 0.493426464399
17.3 0 0.496338707263
17.31 0 0.494657541029
17.32 0 0.495482046326
17.33 0 0.502752541316
17.34 0 0.506403699722
17.35 0 0.50750730364
17.36 0 0.507740222646
17.37 0 0.50805203584
17.38 0 0.50805203584
17.39 0 0.507599842859
17.4 0 0.507993960723
17.41 0 0.508427678714
17.42 0 0.509427318
17.43 0 0.509427318
17.44 0 0.509451314508
17.45 0 0.508161601318
17.46 0 0.507683942574
17.47 0 0.507056381837
17.48 0 0.506774777025
17.49 0 0.506646366142
17.5 0 0.506646366142
17.51 0 0.506646366142
17.52 0 0.509212304022
17.53 0 0.50935150953
17.54 0 0.509433608322
17.55 0 0.510663193877
17.56 0 0.510663193877
17.57 0 0.510663193877
17.58 0 0.507518986586
17.59 0 0.506821927759
17.6 0 0.505591583278
17.61 0 0.50484059624
17.62 0 0.501512137363
17.63 0 0.500242745983
17.64 0 0.496205565136
17.65 0 0.494542120187
17.66 0 0.493401816037
17.67 0 0.492387593304
17.68 0 0.491319014051
17.69 0 0.49247800737
17.7 0 0.493111252409
17.71 0 0.493867064934
17.72 0 0.495218573113
17.73 0 0.495138063158
17.74 0 0.495517177135
17.75 0 0.496409729567
17.76 0 0.497151770542
17.77 0 0.497475091749
17.78 0 0.498252136882
17.79 0 0.498252136882
17.8 0 0.500133613465
17.81 0 0.502181488401
17.82 0 0.502647624395
17.83 0 0.503079880068
17.84 0 0.503498252837
17.85 0 0.503030615321
17.86 0 0.503789397316
17.87 0 0.504110780037
17.88 0 0.505678951127
17.89 0 0.505860147475
17.9 0 0.507716955946
17.91 0 0.511752130936
17.92 0 0.511752130936
17.93 0 0.511752130936
17.94 0 0.511752130936
17.95 0 0.518507697228
17.96 0 0.518507697228
17.97 0 0.518507697228
17.98 0 0.524521167618
17.99 0 0.524294553344
18.0 0 0.524506094228
18.01 0 0.527072487305
18.02 0 0.531157858851
18.03 0 0.531157858851
18.04 0 0.534220849209
18.05 0 0.531772073932
18.06 0 0.5325408556
18.07 0 0.531308344284
18.08 0 0.5318801178
18.09 0 0.5318801178
18.1 0 0.5318801178
18.11 0 0.539860402285
18.12 0 0.539860402285
18.13 0 0.544887870034
18.14 0 0.546303121975
18.15 0 0.549314264833
18.16 0 0.550790562249
18.17 0 0.552828391112
18.18 0 0.555344968121
18.19 0 0.555344968121
18.2 0 0.556796816487
18.21 0 0.556274912291
18.22 0 0.556151963591
18.23 0 0.555607241971
18.24 0 0.553811612528
18.25 0 0.552862175523
18.26 0 0.552577349218
18.27 0 0.552280623811
18.28 0 0.552091161188
18.29 0 0.551505728004
18.3 0 0.551505728004
18.31 0 0.551505728004
18.32 0 0.550998070208
18.33 0 0.551412264337
18.34 0 0.553576240676
18.35 0 0.552816981355
18.36 0 0.550253591054
18.37 0 0.550253591054
18.38 0 0.547246626216
18.39 0 0.547541709298
18.4 0 0.547541709298
18.41 0 0.546214464605
18.42 0 0.544933279658
18.43 0 0.544783692831
18.44 0 0.544587541637
18.45 0 0.54457265574
18.46 0 0.54372002468
18.47 0 0.54461997942
18.48 0 0.545064257994
18.49 0 0.547475835364
18.5 0 0.548731249091
18.51 0 0.548866235104
18.52 0 0.549507183325
18.53 0 0.549941106382
18.54 0 0.550053654484
18.55 0 0.551022832678
18.56 0 0.551367017835
18.57 0 0.551485980577
18.58 0 0.551040647421
18.59 0 0.551040647421
18.6 0 0.552155468516
18.61 0 0.552778399515
18.62 0 0.553252829814
18.63 0 0.553519995813
18.64 0 0.553996724004
18.65 0 0.554048990167
18.66 0 0.554972628234
18.67 0 0.55531264969
18.68 0 0.557276522636
18.69 0 0.557484268799
18.7 0 0.559197639777
18.71 0 0.563113332061
18.72 0 0.564625609021
18.73 0 0.57029806993
18.74 0 0.570680041128
18.75 0 0.572923512501
18.76 0 0.569639871102
18.77 0 0.569391347697
18.78 0 0.569391347697
18.79 0 0.568780339686
18.8 0 0.564545795472
18.81 0 0.567020691295
18.82 0 0.567289709921
18.83 0 0.563157944934
18.84 0 0.565095828617
18.85 0 0.569003118593
18.86 0 0.569174815519
18.87 0 0.57067158517
18.88 0 0.575759690239
18.89 0 0.581430993483
18.9 0 0.584256005519
18.91 0 0.584753957862
18.92 0 0.58750045876
18.93 0 0.58750045876
18.94 0 0.59186609401
18.95 0 0.597494937528
18.96 0 0.597397421418
18.97 0 0.598407306396
18.98 0 0.600259789492
18.99 0 0.600861156478
19.0 0 0.601608348022
19.01 0 0.602302590193
19.02 0 0.602330741016
19.03 0 0.602333421599
19.04 0 0.600369655124
19.05 0 0.596559555982
19.06 0 0.594783058314
19.07 0 0.59188277324
19.08 0 0.591644718787
19.09 0 0.588387773419
19.1 0 0.587243859801
19.11 0 0.587264588936
19.12 0 0.587264588936
19.13 0 0.591749749651
19.14 0 0.591749749651
19.15 0 0.591749749651
19.16 0 0.588187505194
19.17 0 0.586694857915
19.18 0 0.585795000385
19.19 0 0.585459200717
19.2 0 0.582748244437
19.21 0 0.581221583802
19.22 0 0.580906460114
19.23 0 0.580624305266
19.24 0 0.579972946524
19.25 0 0.579718183986
19.26 0 0.580686396494
19.27 0 0.582591665545
19.28 0 0.582844584375
19.29 0 0.583543494553
19.3 0 0.583543494553
19.31 0 0.587730135614
19.32 0 0.587664393896
19.33 0 0.588935470015
19.34 0 0.589332944656
19.35 0 0.589491913716
19.36 0 0.590470833309
19.37 0 0.592672301457
19.38 0 0.594808669208
19.39 0 0.597227537822
19.4 0 0.597227537822
19.41 0 0.599068890685
19.42 0 0.600795581283
19.43 0 0.600669938316
19.44 0 0.600669938316
19.45 0 0.600781507261
19.46 0 0.603788312005
19.47 0 0.605648245627
19.48 0 0.607604303816
19.49 0 0.607414055341
19.5 0 0.60842521244
19.51 0 0.609173875117
19.52 0 0.609173875117
19.53 0 0.615076352548
19.54 0 0.614807778583
19.55 0 0.614662926054
19.56 0 0.615105616091
19.57 0 0.615446139431
19.58 0 0.614097858618
19.59 0 0.612763292255
19.6 0 0.611372738313
19.61 0 0.611372738313
19.62 0 0.606366222331
19.63 0 0.604742363389
19.64 0 0.601932124707
19.65 0 0.607419844913
19.66 0 0.609117619723
19.67 0 0.616499150544
19.68 0 0.619832982647
19.69 0 0.625673127914
19.7 0 0.633746728908
19.71 0 0.634243885349
19.72 0 0.634521002415
19.73 0 0.634957603936
19.74 0 0.634279584381
19.75 0 0.634362653321
19.76 0 0.633587777931
19.77 0 0.633385672899
19.78 0 0.633017063023
19.79 0 0.633017063023
19.8 0 0.633225892452
19.81 0 0.633887673512
19.82 0 0.633447832329
19.83 0 0.632710172068
19.84 0 0.632710172068
19.85 0 0.630976441059
19.86 0 0.630976441059
19.87 0 0.629532406785
19.88 0 0.627812702989
19.89 0 0.627812702989
19.9 0 0.627812702989
19.91 0 0.627699907168
19.92 0 0.626502817496
19.93 0 0.624234098189
19.94 0 0.623028320288
19.95 0 0.623064581095
19.96 0 0.622694965858
19.97 0 0.622102812736
19.98 0 0.620145755378
19.99 0 0.619147587508
20.0 0 0.619027850254
20.01 0 0.619113438463
20.02 0 0.619699690524
20.03 0 0.619587372156
20.04 0 0.619266190559
20.05 0 0.619438754931
20.06 0 0.619438754931
20.07 0 0.619438754931
20.08 0 0.622229915861
20.09 0 0.622229915861
20.1 0 0.623516285096
20.11 0 0.623516285096
20.12 0 0.624965499497
20.13 0 0.62617345528
20.14 0 0.626652975807
20.15 0 0.627537068512
20.16 0 0.627820552353
20.17 0 0.628891030455
20.18 0 0.630073642377
20.19 0 0.631424405188
20.2 0 0.631462464677
20.21 0 0.633369923908
20.22 0 0.633917094263
20.23 0 0.633907236677
20.24 0 0.634312040102
20.25 0 0.634312040102
20.26 0 0.636568530652
20.27 0 0.637934969923
20.28 0 0.639848598833
20.29 0 0.643178437966
20.3 0 0.642820487821
20.31 0 0.642366782984
20.32 0 0.64311656856
20.33 0 0.643208988681
20.34 0 0.643851463863
20.35 0 0.64329901042
20.36 0 0.64377454842
20.37 0 0.646128304208
20.38 0 0.646106657644
20.39 0 0.645529473668
20.4 0 0.646008503172
20.41 0 0.646008503172
20.42 0 0.644037326555
20.43 0 0.641073932095
20.44 0 0.646146167721
20.45 0 0.650461568008
20.46 0 0.64876500536
20.47 0 0.652897730282
20.48 0 0.650393979231
20.49 0 0.652785053771
20.5 0 0.656178663292
20.51 0 0.661875701836
20.52 0 0.662774846954
20.53 0 0.663209007432
20.54 0 0.663363637402
20.55 0 0.663467901701
20.56 0 0.663829299692
20.57 0 0.663829299692
20.58 0 0.663998384712
20.59 0 0.664422726864
20.6 0 0.664279828248
20.61 0 0.663534967864
20.62 0 0.664240150585
20.63 0 0.664240150585
20.64 0 0.664706329687
20.65 0 0.664706329687
20.66 0 0.661515907955
20.67 0 0.661321760264
20.68 0 0.661321760264
20.69 0 0.661547343144
20.7 0 0.66060961723
20.71 0 0.659051713737
20.72 0 0.657816154704
20.73 0 0.657816154704
20.74 0 0.653447944615
20.75 0 0.653340036922
20.76 0 0.653117030916
20.77 0 0.651775707396
20.78 0 0.651775707396
20.79 0 0.649483351991
20.8 0 0.64865823477
20.81 0 0.648276765401
20.82 0 0.648152879711
20.83 0 0.648007784016
20.84 0 0.646711503691
20.85 0 0.645810482848
20.86 0 0.645277891688
20.87 0 0.645562329604
20.88 0 0.646231479351
20.89 0 0.646883946138
20.9 0 0.64785211863
20.91 0 0.648857277945
20.92 0 0.649462336232
20.93 0 0.649782248548
20.94 0 0.649782248548
20.95 0 0.649782248548
20.96 0 0.651493254036
20.97 0 0.652090622858
20.98 0 0.653103656728
20.99 0 0.653424120563
21.0 0 0.65273578385
21.01 0 0.6529539161
21.02 0 0.653667583712
21.03 0 0.655643799832
21.04 0 0.656864413808
21.05 0 0.658703575512
21.06 0 0.658914181585
21.07 0 0.660854054016
21.08 0 0.664611652609
21.09 0 0.664882956804
21.1 0 0.666033298596
21.11 0 0.666054455547
21.12 0 0.666054455547
21.13 0 0.663288662708
21.14 0 0.664094761153
21.15 0 0.664435949328
21.16 0 0.663312447947
21.17 0 0.663396351171
21.18 0 0.660667888961
21.19 0 0.662540466357
21.2 0 0.66036577164
21.21 0 0.656850822892
21.22 0 0.656374718043
21.23 0 0.658306034264
21.24 0 0.658306034264
21.25 0 0.664736583051
21.26 0 0.669403589156
21.27 0 0.672393824134
21.28 0 0.679765090606
21.29 0 0.684122940291
21.3 0 0.685929188827
21.31 0 0.685797049806
21.32 0 0.685797049806
21.33 0 0.686215788408
21.34 0 0.685616690917
21.35 0 0.685333657857
21.36 0 0.685406375284
21.37 0 0.685441630932
21.38 0 0.687171195033
21.39 0 0.687135269175
21.4 0 0.688227841663
21.41 0 0.687332530745
21.42 0 0.687332530745
21.43 0 0.687332530745
21.44 0 0.687431671241
21.45 0 0.680106630686
21.46 0 0.676533619338
21.47 0 0.675770855961
21.48 0 0.675807410365
21.49 0 0.675807410365
21.5 0 0.676816097787
21.51 0 0.674883199048
21.52 0 0.673583352312
21.53 0 0.671479477022
21.54 0 0.670135051508
21.55 0 0.669541417405
21.56 0 0.669617451724
21.57 0 0.669617451724
21.58 0 0.669617451724
21.59 0 0.671168928874
21.6 0 0.671052824555
21.61 0 0.671020229815
21.62 0 0.671380385093
21.63 0 0.671797727466
21.64 0 0.673916683314
21.65 0 0.674293914507
21.66 0 0.676006349154
21.67 0 0.678410821219
21.68 0 0.679598164043
21.69 0 0.68032667455
21.7 0 0.681421936491
21.71 0 0.681421936491
21.72 0 0.683115499864
21.73 0 0.686134920945
21.74 0 0.688491446416
21.75 0 0.689263340069
21.76 0 0.68974527155
21.77 0 0.689991128407
21.78 0 0.689936739759
21.79 0 0.689728445165
21.8 0 0.689728445165
21.81 0 0.689728445165
21.82 0 0.691367112453
21.83 0 0.690374206234
21.84 0 0.695157672157
21.85 0 0.697771698183
21.86 0 0.698371201739
21.87 0 0.702374961329
21.88 0 0.70244028683
21.89 0 0.702101831252
21.9 0 0.699942116272
21.91 0 0.699352859985
21.92 0 0.698982433622
21.93 0 0.699311206252
21.94 0 0.69862867286
21.95 0 0.698126830387
21.96 0 0.697123541889
21.97 0 0.695549283475
21.98 0 0.693635863077
21.99 0 0.693635863077
22.0 0 0.693635863077
22.01 0 0.694694271093
22.02 0 0.694701808197
22.03 0 0.697312847137
22.04 0 0.702275042895
22.05 0 0.701100711895
22.06 0 0.704387223109
22.07 0 0.706644769529
22.08 0 0.706644769529
22.09 0 0.715768500501
22.1 0 0.717420408987
22.11 0 0.719419286012
22.12 0 0.720113497331
22.13 0 0.719701610858
22.14 0 0.719701610858
22.15 0 0.720106781639
22.16 0 0.720095099869
22.17 0 0.719450656833
22.18 0 0.719450656833
22.19 0 0.719450656833
22.2 0 0.718869366097
22.21 0 0.718869366097
22.22 0 0.718869366097
22.23 0 0.720728137005
22.24 0 0.715865017165
22.25 0 0.714503642412
22.26 0 0.70506362538
22.27 0 0.704661706059
22.28 0 0.704661706059
22.29 0 0.704058521836
22.3 0 0.703473203008
22.31 0 0.702724445864
22.32 0 0.702785027632
22.33 0 0.702713820088
22.34 0 0.702097185194
22.35 0 0.701463634813
22.36 0 0.701463634813
22.37 0 0.701463634813
22.38 0 0.701523901477
22.39 0 0.702180332745
22.4 0 0.702767887925
22.41 0 0.703508562823
22.42 0 0.705164872474
22.43 0 0.707171480079
22.44 0 0.708984759946
22.45 0 0.708984759946
22.46 0 0.71366940138
22.47 0 0.714055473106
22.48 0 0.714432643794
22.49 0 0.714269791557
22.5 0 0.715099469682
22.51 0 0.716464415909
22.52 0 0.718698215448
22.53 0 0.718971190011
22.54 0 0.718695980073
22.55 0 0.718193521855
22.56 0 0.719052066795
22.57 0 0.719052066795
22.58 0 0.718790460405
22.59 0 0.718348378162
22.6 0 0.718439273006
22.61 0 0.719033815473
22.62 0 0.719779605609
22.63 0 0.724521667449
22.64 0 0.724183020618
22.65 0 0.725765637332
22.66 0 0.733010628139
22.67 0 0.732993501518
22.68 0 0.731838174421
22.69 0 0.731228410041
22.7 0 0.731984478201
22.71 0 0.732653244267
22.72 0 0.731931445367
22.73 0 0.731591352219
22.74 0 0.731591352219
22.75 0 0.731591352219
22.76 0 0.730034942603
22.77 0 0.727730168567
22.78 0 0.726506053571
22.79 0 0.724347737186
22.8 0 0.724347737186
22.81 0 0.725238757356
22.82 0 0.731963179453
22.83 0 0.734186471709
22.84 0 0.735023104929
22.85 0 0.739838177068
22.86 0 0.744759219612
22.87 0 0.748417824674
22.88 0 0.748579058685
22.89 0 0.748717821124
22.9 0 0.748589018277
22.91 0 0.748247805591
22.92 0 0.748202739886
22.93 0 0.748792895753
22.94 0 0.749365773533
22.95 0 0.749569212523
22.96 0 0.749479811473
22.97 0 0.749946797732
22.98 0 0.749780049054
22.99 0 0.7499685618
23.0 0 0.7499685618
23.01 0 0.750050487773
23.02 0 0.748257521263
23.03 0 0.747206241632
23.04 0 0.746140108769
23.05 0 0.746415203747
23.06 0 0.746415203747
23.07 0 0.74702952819
23.08 0 0.745232858091
23.09 0 0.743927092773
23.1 0 0.742535764068
23.11 0 0.741842088466
23.12 0 0.741842088466
23.13 0 0.741842088466
23.14 0 0.741147059394
23.15 0 0.740142779015
23.16 0 0.740142779015
23.17 0 0.738667291913
23.18 0 0.738379355896
23.19 0 0.738157468764
23.2 0 0.738336043626
23.21 0 0.738668580409
23.22 0 0.73912393101
23.23 0 0.74007821252
23.24 0 0.741390487159
23.25 0 0.742661058711
23.26 0 0.74409142394
23.27 0 0.74409142394
23.28 0 0.746420720309
23.29 0 0.746634902438
23.3 0 0.748261212357
23.31 0 0.749258415346
23.32 0 0.75252091544
23.33 0 0.753086696961
23.34 0 0.75388666848
23.35 0 0.754985244402
23.36 0 0.755294019314
23.37 0 0.755628730153
23.38 0 0.756362793252
23.39 0 0.75807137319
23.4 0 0.758099023169
23.41 0 0.75875274298
23.42 0 0.760677825767
23.43 0 0.761847730782
23.44 0 0.76295752181
23.45 0 0.768395753421
23.46 0 0.767754479384
23.47 0 0.768457526218
23.48 0 0.767429690445
23.49 0 0.764271503618
23.5 0 0.762379951734
23.51 0 0.76148210313
23.52 0 0.762092342637
23.53 0 0.762092342637
23.54 0 0.761456054275
23.55 0 0.760664735931
23.56 0 0.760328004581
23.57 0 0.760328004581
23.58 0 0.760328004581
23.59 0 0.766657439749
23.6 0 0.767787716721
23.61 0 0.768346927073
23.62 0 0.769754355792
23.63 0 0.771670270507
23.64 0 0.775176581477
23.65 0 0.779386281991
23.66 0 0.779386281991
23.67 0 0.781978218761
23.68 0 0.78180190847
23.69 0 0.781814965661
23.7 0 0.780546400618
23.71 0 0.780301790625
23.72 0 0.779570723808
23.73 0 0.780185506196
23.74 0 0.780185506196
23.75 0 0.780185506196
23.76 0 0.780185506196
23.77 0 0.781854857135
23.78 0 0.781075630873
23.79 0 0.780608750794
23.8 0 0.782290773939
23.81 0 0.782772893509
23.82 0 0.782772893509
23.83 0 0.779406934643
23.84 0 0.779406934643
23.85 0 0.779150448582
23.86 0 0.780793767319
23.87 0 0.780793767319
23.88 0 0.785463588277
23.89 0 0.785894143837
23.9 0 0.785111271618
23.91 0 0.779789605365
23.92 0 0.779287122841
23.93 0 0.776000583333
23.94 0 0.77560016681
23.95 0 0.775588184794
23.96 0 0.775297116076
23.97 0 0.774949264565
23.98 0 0.775725578618
23.99 0 0.776874235919
24.0 0 0.777500763182
24.01 0 0.780566993805
24.02 0 0.782806763665
24.03 0 0.784065983211
24.04 0 0.785644349746
24.05 0 0.788218270997
24.06 0 0.788665536556
24.07 0 0.788522015761
24.08 0 0.788268908043
24.09 0 0.788520125655
24.1 0 0.790146495768
24.11 0 0.789832512857
24.12 0 0.789248786686
24.13 0 0.790219774714
24.14 0 0.79078230613
24.15 0 0.790729777985
24.16 0 0.790729777985
24.17 0 0.791301170422
24.18 0 0.793071375899
24.19 0 0.794290367932
24.2 0 0.794290367932
24.21 0 0.798201231613
24.22 0 0.799086045772
24.23 0 0.804734503226
24.24 0 0.804108947911
24.25 0 0.802895852194
24.26 0 0.802998135586
24.27 0 0.802998135586
24.28 0 0.803137247253
24.29 0 0.803137247253
24.3 0 0.802519139006
24.31 0 0.802735630977
24.32 0 0.800367442101
24.33 0 0.798704574401
24.34 0 0.796381336112
24.35 0 0.793853253273
24.36 0 0.796915750389
24.37 0 0.799090473691
24.38 0 0.802535931561
24.39 0 0.802535931561
24.4 0 0.803449467128
24.41 0 0.805253537318
24.42 0 0.805463802209
24.43 0 0.805463802209
24.44 0 0.811860964156
24.45 0 0.816649022494
24.46 0 0.817024872931
24.47 0 0.817031914663
24.48 0 0.817068386008
24.49 0 0.817482147019
24.5 0 0.818352040257
24.51 0 0.818352040257
24.52 0 0.819839437535
24.53 0 0.819801392257
24.54 0 0.820997783465
24.55 0 0.821410926298
24.56 0 0.821537860146
24.57 0 0.820158430765
24.58 0 0.818633575101
24.59 0 0.81601996946
24.6 0 0.813662743032
24.61 0 0.81305513715
24.62 0 0.81305513715
24.63 0 0.812869790538
24.64 0 0.81416401712
24.65 0 0.814225664355
24.66 0 0.81401653281
24.67 0 0.813902346553
24.68 0 0.8133645609
24.69 0 0.8133645609
24.7 0 0.809605676359
24.71 0 0.808228871125
24.72 0 0.807975012636
24.73 0 0.807639463727
24.74 0 0.80774975862
24.75 0 0.80774975862
24.76 0 0.807819410091
24.77 0 0.80739525988
24.78 0 0.807982441513
24.79 0 0.81138471706
24.8 0 0.813753270398
24.81 0 0.815985633858
24.82 0 0.817451829971
24.83 0 0.818687141661
24.84 0 0.817899528074
24.85 0 0.817947474235
24.86 0 0.818714762305
24.87 0 0.820104890052
24.88 0 0.820104890052
24.89 0 0.820104890052
24.9 0 0.825094175058
24.91 0 0.828004150733
24.92 0 0.828515404796
24.93 0 0.830142278281
24.94 0 0.830025856844
24.95 0 0.829988343047
24.96 0 0.829943337861
24.97 0 0.831276898306
24.98 0 0.83321106578
24.99 0 0.833998879581
25.0 0 0.833998879581
25.01 0 0.83482687693
25.02 0 0.839839362106
25.03 0 0.839876758169
25.04 0 0.839752885773
25.05 0 0.838025878074
25.06 0 0.838025878074
25.07 0 0.837674572424
25.08 0 0.837201362288
25.09 0 0.836524483285
25.1 0 0.83574435838
25.11 0 0.83574435838
25.12 0 0.83574435838
25.13 0 0.833271312773
25.14 0 0.834080987249
25.15 0 0.834080987249
25.16 0 0.831301551154
25.17 0 0.840103986106
25.18 0 0.840103986106
25.19 0 0.842252902115
25.2 0 0.850379642688
25.21 0 0.857660982317
25.22 0 0.859734671861
25.23 0 0.859973588524
25.24 0 0.860082068586
25.25 0 0.860028045347
25.26 0 0.860171613461
25.27 0 0.860093064543
25.28 0 0.860093064543
25.29 0 0.860682690677
25.3 0 0.861679199877
25.31 0 0.862095013919
25.32 0 0.861551051968
25.33 0 0.862430096518
25.34 0 0.863362840143
25.35 0 0.863376935502
25.36 0 0.86396931056
25.37 0 0.863056607966
25.38 0 0.862395019885
25.39 0 0.860347116278
25.4 0 0.860347116278
25.41 0 0.859494833428
25.42 0 0.85985249189
25.43 0 0.860517418818
25.44 0 0.86163061253
25.45 0 0.860910247917
25.46 0 0.860177203175
25.47 0 0.858426447638
25.48 0 0.855942827001
25.49 0 0.852273430561
25.5 0 0.850433423757
25.51 0 0.843897205178
25.52 0 0.8405339916
25.53 0 0.839634379247
25.54 0 0.83877767051
25.55 0 0.839008783778
25.56 0 0.839621715843
25.57 0 0.839793364954
25.58 0 0.840135836576
25.59 0 0.843780588296
25.6 0 0.845973491248
25.61 0 0.847585543365
25.62 0 0.848467984004
25.63 0 0.848467984004
25.64 0 0.8486166271
25.65 0 0.849973891722
25.66 0 0.852898370856
25.67 0 0.853624372904
25.68 0 0.854850024308
25.69 0 0.85701874546
25.7 0 0.857868889792
25.71 0 0.858380780822
25.72 0 0.858095611295
25.73 0 0.858095611295
25.74 0 0.858095611295
25.75 0 0.858678491446
25.76 0 0.858536079192
25.77 0 0.858536079192
25.78 0 0.864271902705
25.79 0 0.863872607953
25.8 0 0.864415819815
25.81 0 0.864288575081
25.82 0 0.863874635764
25.83 0 0.863590562529
25.84 0 0.865242654442
25.85 0 0.865242654442
25.86 0 0.86503578823
25.87 0 0.864998348868
25.88 0 0.864998348868
25.89 0 0.863164684103
25.9 0 0.861459860499
25.91 0 0.860804486559
25.92 0 0.859429624409
25.93 0 0.859429624409
25.94 0 0.859429624409
25.95 0 0.856823687073
25.96 0 0.870136922722
25.97 0 0.870779381153
25.98 0 0.870405185383
25.99 0 0.875872599834
26.0 0 0.880585003799
26.01 0 0.882630114414
26.02 0 0.885813336408
26.03 0 0.886891830148
26.04 0 0.88684682871
26.05 0 0.886427918513
26.06 0 0.886388844811
26.07 0 0.886388844811
26.08 0 0.885793724281
26.09 0 0.885095797445
26.1 0 0.884612052345
26.11 0 0.885005093477
26.12 0 0.885919011726
26.13 0 0.887128387176
26.14 0 0.887491254332
26.15 0 0.887491254332
26.16 0 0.889757892926
26.17 0 0.883313387803
26.18 0 0.882958670014
26.19 0 0.880820770519
26.2 0 0.879794383871
26.21 0 0.878884788193
26.22 0 0.877532427502
26.23 0 0.877532427502
26.24 0 0.874815760892
26.25 0 0.873885519375
26.26 0 0.87312595257
26.27 0 0.87312595257
26.28 0 0.87312595257
26.29 0 0.873530133842
26.3 0 0.873330957707
26.31 0 0.873152182562
26.32 0 0.872781801311
26.33 0 0.872781801311
26.34 0 0.87270933402
26.35 0 0.87274175831
26.36 0 0.874322663914
26.37 0 0.874894040911
26.38 0 0.878013275065
26.39 0 0.879173098631
26.4 0 0.881544432982
26.41 0 0.882784816153
26.42 0 0.882460140969
26.43 0 0.882460140969
26.44 0 0.884091112686
26.45 0 0.884091112686
26.46 0 0.887083368784
26.47 0 0.887593375601
26.48 0 0.889208659821
26.49 0 0.889208659821
26.5 0 0.889208659821
26.51 0 0.890008276897
26.52 0 0.89129611939
26.53 0 0.891319383205
26.54 0 0.891810764404
26.55 0 0.893162965353
26.56 0 0.894286823729
26.57 0 0.895968899221
26.58 0 0.899729071052
26.59 0 0.900083580823
26.6 0 0.901176590954
26.61 0 0.901435699813
26.62 0 0.901316157818
26.63 0 0.901423778155
26.64 0 0.902010644586
26.65 0 0.902010644586
26.66 0 0.90203905808
26.67 0 0.901525947274
26.68 0 0.900846094674
26.69 0 0.900493929723
26.7 0 0.901178578913
26.71 0 0.901178578913
26.72 0 0.901178578913
26.73 0 0.903078940931
26.74 0 0.906355365901
26.75 0 0.902408753376
26.76 0 0.90527888975
26.77 0 0.910686324535
26.78 0 0.916479871367
26.79 0 0.916479871367
26.8 0 0.916479871367
26.81 0 0.920652996908
26.82 0 0.921481497362
26.83 0 0.921600691374
26.84 0 0.921923711538
26.85 0 0.922312335921
26.86 0 0.92211915454
26.87 0 0.921290845643
26.88 0 0.921551043676
26.89 0 0.921341475004
26.9 0 0.921341475004
26.91 0 0.921255951211
26.92 0 0.921620614196
26.93 0 0.92138482553
26.94 0 0.918028144403
26.95 0 0.915322100804
26.96 0 0.914225072542
26.97 0 0.913869628979
26.98 0 0.913869628979
26.99 0 0.915812733626
27.0 0 0.916016417164
27.01 0 0.914514080339
27.02 0 0.913922425755
27.03 0 0.913979167253
27.04 0 0.914519227205
27.05 0 0.914519227205
27.06 0 0.912032317202
27.07 0 0.909601473844
27.08 0 0.90576325044
27.09 0 0.902778576319
27.1 0 0.902778576319
27.11 0 0.898463507056
27.12 0 0.898561467474
27.13 0 0.8986156215
27.14 0 0.899197136645
27.15 0 0.901262718143
27.16 0 0.90281839426
27.17 0 0.904973302516
27.18 0 0.905880274999
27.19 0 0.907321726373
27.2 0 0.907756051651
27.21 0 0.90773585745
27.22 0 0.907737774
27.23 0 0.908439177751
27.24 0 0.90916889285
27.25 0 0.911396239673
27.26 0 0.912900500163
27.27 0 0.912009715865
27.28 0 0.911640841188
27.29 0 0.911640841188
27.3 0 0.911579806898
27.31 0 0.911534722034
27.32 0 0.912674328816
27.33 0 0.917012751083
27.34 0 0.918627887279
27.35 0 0.918627887279
27.36 0 0.921124849713
27.37 0 0.921124849713
27.38 0 0.922804297573
27.39 0 0.934636874244
27.4 0 0.934181447253
27.41 0 0.933427859714
27.42 0 0.930641216983
27.43 0 0.927592119121
27.44 0 0.926747152127
27.45 0 0.926747152127
27.46 0 0.923942630839
27.47 0 0.922693180519
27.48 0 0.922693180519
27.49 0 0.917847308396
27.5 0 0.917675450365
27.51 0 0.916165619303
27.52 0 0.918823169025
27.53 0 0.916992177308
27.54 0 0.921015487388
27.55 0 0.923617431674
27.56 0 0.923617431674
27.57 0 0.923617431674
27.58 0 0.93510833792
27.59 0 0.937376474618
27.6 0 0.939137514442
27.61 0 0.939258639398
27.62 0 0.939377294466
27.63 0 0.939324711012
27.64 0 0.938178025896
27.65 0 0.937690798712
27.66 0 0.937393070688
27.67 0 0.937922435878
27.68 0 0.938045767625
27.69 0 0.938045767625
27.7 0 0.938045767625
27.71 0 0.93911980571
27.72 0 0.940607622508
27.73 0 0.940558587957
27.74 0 0.940558587957
27.75 0 0.93825434422
27.76 0 0.937444579104
27.77 0 0.935852868069
27.78 0 0.936408123893
27.79 0 0.937593000695
27.8 0 0.939398252776
27.81 0 0.939430253487
27.82 0 0.937212461832
27.83 0 0.935978754954
27.84 0 0.934708627775
27.85 0 0.934349704594
27.86 0 0.934349704594
27.87 0 0.932856108459
27.88 0 0.932856108459
27.89 0 0.932856108459
27.9 0 0.931506204437
27.91 0 0.931104826105
27.92 0 0.931327900513
27.93 0 0.932078162872
27.94 0 0.93343141993
27.95 0 0.93343141993
27.96 0 0.935948301351
27.97 0 0.937035951865
27.98 0 0.937035951865
27.99 0 0.938822940487
28.0 0 0.940335673131
28.01 0 0.940928632123
28.02 0 0.940928632123
28.03 0 0.944920679172
28.04 0 0.946595970164
28.05 0 0.946595970164
28.06 0 0.949438333778
28.07 0 0.949203397272
28.08 0 0.949299203887
28.09 0 0.949363563087
28.1 0 0.949383729722
28.11 0 0.949481344031
28.12 0 0.949481344031
28.13 0 0.952554911739
28.14 0 0.952554911739
28.15 0 0.957067110385
28.16 0 0.957561467454
28.17 0 0.957701106451
28.18 0 0.958717849065
28.19 0 0.958617487955
28.2 0 0.958064245588
28.21 0 0.9579061018
28.22 0 0.956322369083
28.23 0 0.954206434285
28.24 0 0.95317935156
28.25 0 0.95332498994
28.26 0 0.948453587009
28.27 0 0.951480871244
28.28 0 0.950593365043
28.29 0 0.950593365043
28.3 0 0.95571429204
28.31 0 0.955076024006
28.32 0 0.957884257072
28.33 0 0.96690215174
28.34 0 0.972038858723
28.35 0 0.974632310822
28.36 0 0.977790503978
28.37 0 0.980035190703
28.38 0 0.980706937326
28.39 0 0.980297625071
28.4 0 0.980860181273
28.41 0 0.98092147091
28.42 0 0.98067206784
28.43 0 0.98067206784
28.44 0 0.977637339914
28.45 0 0.977727929841
28.46 0 0.978186846767
28.47 0 0.97860490702
28.48 0 0.978954808712
28.49 0 0.980074555993
28.5 0 0.98007233675
28.51 0 0.979502207491
28.52 0 0.975557549197
28.53 0 0.975205396299
28.54 0 0.973694408792
28.55 0 0.973195751272
28.56 0 0.973073965097
28.57 0 0.973246279019
28.58 0 0.972771048857
28.59 0 0.972242370792
28.6 0 0.972242370792
28.61 0 0.971075993739
28.62 0 0.968606860269
28.63 0 0.967920066212
28.64 0 0.966076067132
28.65 0 0.963936596591
28.66 0 0.963936596591
28.67 0 0.963529324751
28.68 0 0.963505902946
28.69 0 0.963451723868
28.7 0 0.963463474176
28.71 0 0.963463474176
28.72 0 0.963985672369
28.73 0 0.965245627807
28.74 0 0.966431510469
28.75 0 0.967636180054
28.76 0 0.968516857962
28.77 0 0.969701977722
28.78 0 0.97099349087
28.79 0 0.971655910507
28.8 0 0.973415796488
28.81 0 0.975277449197
28.82 0 0.979169560248
28.83 0 0.979811336831
28.84 0 0.979811336831
28.85 0 0.981016809528
28.86 0 0.98225083684
28.87 0 0.982566036219
28.88 0 0.982924874037
28.89 0 0.98343180058
28.9 0 0.985198314819
28.91 0 0.987231956494
28.92 0 0.990098762811
28.93 0 0.990639924204
28.94 0 0.99067575312
28.95 0 0.989843938374
28.96 0 0.990760818518
28.97 0 0.99130448963
28.98 0 0.99075659276
28.99 0 0.989937754468
29.0 0 0.989661985948
29.01 0 0.987668156284
29.02 0 0.988564989368
29.03 0 0.986142774117
29.04 0 0.985006556794
29.05 0 0.985534941665
29.06 0 0.985103782044
29.07 0 0.987054121354
29.08 0 0.987054121354
29.09 0 0.989888016264
29.1 0 0.999729949431
29.11 0 0.999729949431
29.12 0 1.00738460131
29.13 0 1.01324080491
29.14 0 1.01611817663
29.15 0 1.02133651052
29.16 0 1.02159445342
29.17 0 1.02148406889
29.18 0 1.02309229366
29.19 0 1.02289879565
29.2 0 1.02211995936
29.21 0 1.02136122145
29.22 0 1.02166560328
29.23 0 1.02166560328
29.24 0 1.02208783244
29.25 0 1.02087029369
29.26 0 1.02087029369
29.27 0 1.02003771539
29.28 0 1.01852915369
29.29 0 1.01809083809
29.3 0 1.01656041199
29.31 0 1.01585196467
29.32 0 1.01585196467
29.33 0 1.0133262027
29.34 0 1.01297507082
29.35 0 1.01545616077
29.36 0 1.01596003624
29.37 0 1.01596003624
29.38 0 1.01272575819
29.39 0 1.01113274267
29.4 0 1.00968406542
29.41 0 1.00723386392
29.42 0 1.00572672207
29.43 0 1.00495729991
29.44 0 1.00147504834
29.45 0 1.00139534808
29.46 0 1.00112930937
29.47 0 1.00142976976
29.48 0 1.00120504659
29.49 0 1.00227485548
29.5 0 1.00227485548
29.51 0 1.00227485548
29.52 0 1.00623434571
29.53 0 1.00790596734
29.54 0 1.00906072057
29.55 0 1.00942489683
29.56 0 1.01259028622
29.57 0 1.01393464616
29.58 0 1.01549840434
29.59 0 1.01549840434
29.6 0 1.01894853484
29.61 0 1.01894853484
29.62 0 1.02051602322
29.63 0 1.02196906871
29.64 0 1.02210062901
29.65 0 1.0226466866
29.66 0 1.02203471396
29.67 0 1.02189995251
29.68 0 1.02241375201
29.69 0 1.02427136912
29.7 0 1.02454950624
29.71 0 1.02454950624
29.72 0 1.02774819352
29.73 0 1.02774819352
29.74 0 1.03315097387
29.75 0 1.03259414373
29.76 0 1.0313158337
29.77 0 1.02944168684
29.78 0 1.02811652981
29.79 0 1.02771592373
29.8 0 1.02775490418
29.81 0 1.02833101225
29.82 0 1.031148138
29.83 0 1.03369026043
29.84 0 1.04001359068
29.85 0 1.04011585273
29.86 0 1.04011585273
29.87 0 1.04011585273
29.88 0 1.04011585273
29.89 0 1.04732804721
29.9 0 1.04990177405
29.91 0 1.05182132137
29.92 0 1.05510138428
29.93 0 1.06010518756
29.94 0 1.06214892223
29.95 0 1.06479623387
29.96 0 1.06437742501
29.97 0 1.06370329082
29.98 0 1.06333479235
29.99 0 1.06274961273
30.0 0 1.06274961273
30.01 0 1.06177961378
30.02 0 1.06181355271
30.03 0 1.06240503715
30.04 0 1.0629925534
30.05 0 1.06380343965
30.06 0 1.06415217493
30.07 0 1.06410885031
30.08 0 1.06558841776
30.09 0 1.06558841776
30.1 0 1.06558841776
30.11 0 1.06289754205
30.12 0 1.05930194459
30.13 0 1.0585416414
30.14 0 1.0585416414
30.15 0 1.05793259971
30.16 0 1.05608985167
30.17 0 1.05512859791
30.18 0 1.05485355248
30.19 0 1.05208600907
30.2 0 1.05191138871
30.21 0 1.05171301178
30.22 0 1.05153475396
30.23 0 1.05149648811
30.24 0 1.05184941554
30.25 0 1.0522199741
30.26 0 1.0522199741
30.27 0 1.05281113778
30.28 0 1.05475699154
30.29 0 1.05841644402
30.3 0 1.06253064337
30.31 0 1.06313750552
30.32 0 1.06298636232
30.33 0 1.06293622622
30.34 0 1.06293622622
30.35 0 1.06227391675
30.36 0 1.06256547925
30.37 0 1.06519563304
30.38 0 1.06787020451
30.39 0 1.06952478154
30.4 0 1.07140425551
30.41 0 1.07166694674
30.42 0 1.07166694674
30.43 0 1.07144703304
30.44 0 1.0708307068
30.45 0 1.07065806835
30.46 0 1.07028639777
30.47 0 1.07192547397
30.48 0 1.07436052524
30.49 0 1.07356584488
30.5 0 1.07588581285
30.51 0 1.07550887836
30.52 0 1.07550887836
30.53 0 1.07592354111
30.54 0 1.07578866782
30.55 0 1.07578866782
30.56 0 1.07754877454
30.57 0 1.07775368156
30.58 0 1.07817695896
30.59 0 1.07651254318
30.6 0 1.07475706018
30.61 0 1.07100544575
30.62 0 1.07411925612
30.63 0 1.07351475883
30.64 0 1.07275762096
30.65 0 1.07062521821
30.66 0 1.07062521821
30.67 0 1.08262707827
30.68 0 1.08262707827
30.69 0 1.08262707827
30.7 0 1.08869970639
30.71 0 1.08869970639
30.72 0 1.0928435398
30.73 0 1.09664853843
30.74 0 1.09859367957
30.75 0 1.09850023138
30.76 0 1.09809981537
30.77 0 1.09723929743
30.78 0 1.09692493556
30.79 0 1.09733062682
30.8 0 1.0977937702
30.81 0 1.09744347005
30.82 0 1.09794666119
30.83 0 1.0974087733
30.84 0 1.09866533571
30.85 0 1.09986975719
30.86 0 1.09988379623
30.87 0 1.09838501642
30.88 0 1.09598767918
30.89 0 1.09659023169
30.9 0 1.09822763493
30.91 0 1.09979045517
30.92 0 1.10088822448
30.93 0 1.10146777335
30.94 0 1.10146777335
30.95 0 1.10146777335
30.96 0 1.10149874207
30.97 0 1.10012941715
30.98 0 1.09863163494
30.99 0 1.09446144258
31.0 0 1.09248961165
31.01 0 1.09024739565
31.02 0 1.0901065998
31.03 0 1.0901065998
31.04 0 1.08994485368
31.05 0 1.08967026255
31.06 0 1.09016923042
31.07 0 1.09020035937
31.08 0 1.09020035937
31.09 0 1.09020035937
31.1 0 1.09002474098
31.11 0 1.09174850634
31.12 0 1.09186519602
31.13 0 1.09455391137
31.14 0 1.094403782
31.15 0 1.09620019177
31.16 0 1.09815437023
31.17 0 1.10046902359
31.18 0 1.10258786528
31.19 0 1.10567039314
31.2 0 1.10415016182
31.21 0 1.10428431653
31.22 0 1.10539945036
31.23 0 1.10531409986
31.24 0 1.10547702402
31.25 0 1.10631750289
31.26 0 1.10631750289
31.27 0 1.11123857605
31.28 0 1.11129299725
31.29 0 1.1136318893
31.3 0 1.11362709798
31.31 0 1.11287861102
31.32 0 1.11255039879
31.33 0 1.1133670939
31.34 0 1.11238535639
31.35 0 1.11359197027
31.36 0 1.11457665723
31.37 0 1.11457514794
31.38 0 1.1127566007
31.39 0 1.1127566007
31.4 0 1.11184792908
31.41 0 1.11192698499
31.42 0 1.11139655086
31.43 0 1.11235955465
31.44 0 1.11235955465
31.45 0 1.11665945518
31.46 0 1.11859091219
31.47 0 1.11859091219
31.48 0 1.12748740223
31.49 0 1.13185742192
31.5 0 1.13549730657
31.51 0 1.1359919111
31.52 0 1.13542752631
31.53 0 1.13551126107
31.54 0 1.13483988344
31.55 0 1.1319218854
31.56 0 1.12826608858
31.57 0 1.12710729554
31.58 0 1.12571372423
31.59 0 1.12423544028
31.6 0 1.125568429
31.61 0 1.12352167742
31.62 0 1.12352167742
31.63 0 1.12352167742
31.64 0 1.11831048922
31.65 0 1.11607858958
31.66 0 1.11258857658
31.67 0 1.11322688274
31.68 0 1.11548771201
31.69 0 1.11719363351
31.7 0 1.1196245828
31.71 0 1.12080237405
31.72 0 1.12400837358
31.73 0 1.12496616664
31.74 0 1.12513620168
31.75 0 1.12430942216
31.76 0 1.1230877905
31.77 0 1.12231863649
31.78 0 1.12231863649
31.79 0 1.12174519131
31.8 0 1.12174519131
31.81 0 1.1213071863
31.82 0 1.12127684521
31.83 0 1.12127684521
31.84 0 1.12112565331
31.85 0 1.12159660895
31.86 0 1.12159660895
31.87 0 1.12375829927
31.88 0 1.12375829927
31.89 0 1.12913403404
31.9 0 1.1301670195
31.91 0 1.13065409978
31.92 0 1.13191965344
31.93 0 1.13384470408
31.94 0 1.13392221508
31.95 0 1.13529970496
31.96 0 1.13690968524
31.97 0 1.13831190069
31.98 0 1.14117100498
31.99 0 1.14262998931
32.0 0 1.14356540576
32.01 0 1.14355835259
32.02 0 1.14354649218
32.03 0 1.14427683172
32.04 0 1.14603774702
32.05 0 1.14781111629
32.06 0 1.1485630244
32.07 0 1.1528093338
32.08 0 1.15464681254
32.09 0 1.15454526673
32.1 0 1.15642982742
32.11 0 1.15670737274
32.12 0 1.15615639672
32.13 0 1.1565738618
32.14 0 1.1570872814
32.15 0 1.15679095485
32.16 0 1.15619731771
32.17 0 1.15361625115
32.18 0 1.15186948276
32.19 0 1.14925001163
32.2 0 1.1500963996
32.21 0 1.15047128589
32.22 0 1.15621158394
32.23 0 1.15657162578
32.24 0 1.15753209393
32.25 0 1.16391969366
32.26 0 1.16651679037
32.27 0 1.16651679037
32.28 0 1.17234422105
32.29 0 1.17234422105
32.3 0 1.17234422105
32.31 0 1.17785992168
32.32 0 1.17791060053
32.33 0 1.17783678613
32.34 0 1.17577531965
32.35 0 1.17435623837
32.36 0 1.17422665852
32.37 0 1.17348958409
32.38 0 1.17357303734
32.39 0 1.17394662981
32.4 0 1.17153999945
32.41 0 1.17159591106
32.42 0 1.17159591106
32.43 0 1.16812133305
32.44 0 1.16320243525
32.45 0 1.16246797944
32.46 0 1.16233164339
32.47 0 1.16318207317
32.48 0 1.16544175522
32.49 0 1.1671133389
32.5 0 1.1671133389
32.51 0 1.1663018136
32.52 0 1.1663018136
32.53 0 1.1663018136
32.54 0 1.16404638774
32.55 0 1.16274565435
32.56 0 1.15691959527
32.57 0 1.15573777074
32.58 0 1.15518918042
32.59 0 1.15476410903
32.6 0 1.1545402645
32.61 0 1.15410977054
32.62 0 1.15365812396
32.63 0 1.15488156947
32.64 0 1.15651384422
32.65 0 1.15931571109
32.66 0 1.15931571109
32.67 0 1.16309481859
32.68 0 1.16433249859
32.69 0 1.16457476565
32.7 0 1.1656110048
32.71 0 1.16571456497
32.72 0 1.16554674516
32.73 0 1.16585647081
32.74 0 1.16654531123
32.75 0 1.16654531123
32.76 0 1.16654531123
32.77 0 1.16949779614
32.78 0 1.17070635199
32.79 0 1.17070635199
32.8 0 1.17070635199
32.81 0 1.17070635199
32.82 0 1.1726152524
32.83 0 1.17090622718
32.84 0 1.17046435488
32.85 0 1.17385932372
32.86 0 1.17820352485
32.87 0 1.18041137063
32.88 0 1.18064079293
32.89 0 1.18124114145
32.9 0 1.18058728861
32.91 0 1.18053324029
32.92 0 1.17989227387
32.93 0 1.17893901146
32.94 0 1.17893901146
32.95 0 1.17002647951
32.96 0 1.16729995262
32.97 0 1.16705195884
32.98 0 1.17433850267
32.99 0 1.17433850267
33.0 0 1.181963705
33.01 0 1.18548521181
33.02 0 1.18718435281
33.03 0 1.18829431906
33.04 0 1.18898423273
33.05 0 1.19049530694
33.06 0 1.19083840289
33.07 0 1.19260499769
33.08 0 1.19694796492
33.09 0 1.19858779653
33.1 0 1.20102209472
33.11 0 1.20272268992
33.12 0 1.20373993339
33.13 0 1.2036791436
33.14 0 1.2036791436
33.15 0 1.2048332109
33.16 0 1.20663678562
33.17 0 1.20732752558
33.18 0 1.20739016002
33.19 0 1.20675093248
33.2 0 1.20642938365
33.21 0 1.20642938365
33.22 0 1.20600053601
33.23 0 1.20678929651
33.24 0 1.20678929651
33.25 0 1.20528961307
33.26 0 1.20477483065
33.27 0 1.20477483065
33.28 0 1.20648805827
33.29 0 1.20723357362
33.3 0 1.20744648176
33.31 0 1.2075662938
33.32 0 1.2075662938
33.33 0 1.2072056975
33.34 0 1.20715859295
33.35 0 1.20704544202
33.36 0 1.20628385287
33.37 0 1.2058947315
33.38 0 1.20594695456
33.39 0 1.20625009523
33.4 0 1.20674234892
33.41 0 1.20700394527
33.42 0 1.20705221733
33.43 0 1.20705221733
33.44 0 1.20830880438
33.45 0 1.20957336028
33.46 0 1.21199878756
33.47 0 1.21260700195
33.48 0 1.21314656982
33.49 0 1.21319414545
33.5 0 1.21364067266
33.51 0 1.21496005104
33.52 0 1.21496005104
33.53 0 1.22040128207
33.54 0 1.22040128207
33.55 0 1.2226099958
33.56 0 1.22388803202
33.57 0 1.22464665863
33.58 0 1.22390310031
33.59 0 1.22330425275
33.6 0 1.22342979637
33.61 0 1.22470092846
33.62 0 1.22758934582
33.63 0 1.22925702325
33.64 0 1.23339831192
33.65 0 1.23418360439
33.66 0 1.23418360439
33.67 0 1.24222120853
33.68 0 1.23975170205
33.69 0 1.23728021021
33.7 0 1.23478567793
33.71 0 1.23478567793
33.72 0 1.2305170451
33.73 0 1.22780379006
33.74 0 1.22421017103
33.75 0 1.21929505675
33.76 0 1.22071133136
33.77 0 1.22384337776
33.78 0 1.22555112836
33.79 0 1.22555112836
33.8 0 1.22983975149
33.81 0 1.23144716234
33.82 0 1.23144716234
33.83 0 1.23231189604
33.84 0 1.24010367262
33.85 0 1.24374058607
33.86 0 1.24624896743
33.87 0 1.24612378041
33.88 0 1.2459325991
33.89 0 1.24489784953
33.9 0 1.2443032479
33.91 0 1.24422042722
33.92 0 1.24422042722
33.93 0 1.24342090014
33.94 0 1.24241139505
33.95 0 1.2425044951
33.96 0 1.24254871276
33.97 0 1.24243085774
33.98 0 1.2435259668
33.99 0 1.24342249279
34.0 0 1.24342249279
34.01 0 1.23543696576
34.02 0 1.23543696576
34.03 0 1.23543696576
34.04 0 1.23633484767
34.05 0 1.23912180466
34.06 0 1.24053976187
34.07 0 1.24053976187
34.08 0 1.24034144631
34.09 0 1.24174495451
34.1 0 1.23963598427
34.11 0 1.23306143399
34.12 0 1.2321608181
34.13 0 1.2313869474
34.14 0 1.23101920963
34.15 0 1.23101920963
34.16 0 1.23024056522
34.17 0 1.23008600622
34.18 0 1.23008600622
34.19 0 1.2298158039
34.2 0 1.22960664648
34.21 0 1.22946473763
34.22 0 1.23147281002
34.23 0 1.23361404961
34.24 0 1.2345335226
34.25 0 1.23475646262
34.26 0 1.23574587492
34.27 0 1.23617986365
34.28 0 1.23678688009
34.29 0 1.23927183439
34.3 0 1.23985846393
34.31 0 1.24196746202
34.32 0 1.24245187675
34.33 0 1.24357014387
34.34 0 1.24357014387
34.35 0 1.2439491509
34.36 0 1.24316680634
34.37 0 1.24261626778
34.38 0 1.24261626778
34.39 0 1.24331355521
34.4 0 1.24331355521
34.41 0 1.24606934628
34.42 0 1.24606934628
34.43 0 1.25167802547
34.44 0 1.25108486089
34.45 0 1.25072749886
34.46 0 1.25209150243
34.47 0 1.25194767047
34.48 0 1.25042874849
34.49 0 1.24886760055
34.5 0 1.24735408353
34.51 0 1.2483435592
34.52 0 1.2483435592
34.53 0 1.24679964923
34.54 0 1.24796575871
34.55 0 1.24764917885
34.56 0 1.25186135337
34.57 0 1.25067697877
34.58 0 1.25205397562
34.59 0 1.2547708191
34.6 0 1.2547708191
34.61 0 1.25337948138
34.62 0 1.26036220708
34.63 0 1.26483804443
34.64 0 1.26707907134
34.65 0 1.26707907134
34.66 0 1.27014902876
34.67 0 1.26987052139
34.68 0 1.26882453332
34.69 0 1.26814360629
34.7 0 1.26788023216
34.71 0 1.26799402974
34.72 0 1.26844630499
34.73 0 1.26948821794
34.74 0 1.2700936863
34.75 0 1.27236593606
34.76 0 1.27236593606
34.77 0 1.27236593606
34.78 0 1.27236593606
34.79 0 1.26104412364
34.8 0 1.26104412364
34.81 0 1.26104412364
34.82 0 1.25594907538
34.83 0 1.25555606349
34.84 0 1.25555606349
34.85 0 1.25529972663
34.86 0 1.25539043102
34.87 0 1.2548635879
34.88 0 1.25396857424
34.89 0 1.25356979994
34.9 0 1.25330553371
34.91 0 1.25109147144
34.92 0 1.25050255262
34.93 0 1.2492865681
34.94 0 1.24906413999
34.95 0 1.24900240836
34.96 0 1.24948623856
34.97 0 1.24998371885
34.98 0 1.25107103743
34.99 0 1.25328211314
35.0 0 1.25668400703
35.01 0 1.25777075706
35.02 0 1.25777075706
35.03 0 1.25988740145
35.04 0 1.26159382451
35.05 0 1.26267522388
35.06 0 1.26435092217
35.07 0 1.2655779206
35.08 0 1.2687564418
35.09 0 1.2719738986
35.1 0 1.27440196535
35.11 0 1.2750757428
35.12 0 1.27592439392
35.13 0 1.27692857179
35.14 0 1.27720995975
35.15 0 1.275660554
35.16 0 1.27525185417
35.17 0 1.27523460323
35.18 0 1.27523460323
35.19 0 1.28006158022
35.2 0 1.280183425
35.21 0 1.279891593
35.22 0 1.28110887321
35.23 0 1.28110887321
35.24 0 1.28110887321
35.25 0 1.28227870861
35.26 0 1.2818160449
35.27 0 1.28162708885
35.28 0 1.28235614051
35.29 0 1.28235614051
35.3 0 1.27982837053
35.31 0 1.2795609426
35.32 0 1.27438024212
35.33 0 1.27450931077
35.34 0 1.28129768634
35.35 0 1.28178511093
35.36 0 1.28470631669
35.37 0 1.28470631669
35.38 0 1.28470631669
35.39 0 1.2847035592
35.4 0 1.288560179
35.41 0 1.28789167659
35.42 0 1.29934386673
35.43 0 1.30257412801
35.44 0 1.30486404457
35.45 0 1.30486404457
35.46 0 1.30486404457
35.47 0 1.30486404457
35.48 0 1.30505278802
35.49 0 1.30286808742
35.5 0 1.30165940724
35.51 0 1.30250515416
35.52 0 1.30216141072
35.53 0 1.30216141072
35.54 0 1.30336571491
35.55 0 1.30336571491
35.56 0 1.29858453415
35.57 0 1.29718594701
35.58 0 1.2957708805
35.59 0 1.29332389707
35.6 0 1.29112758691
35.61 0 1.29106225802
35.62 0 1.29106225802
35.63 0 1.29018334852
35.64 0 1.29075070512
35.65 0 1.29075070512
35.66 0 1.29132743521
35.67 0 1.29037980391
35.68 0 1.29037980391
35.69 0 1.28708581172
35.7 0 1.28546263936
35.71 0 1.28522693834
35.72 0 1.28499657233
35.73 0 1.28486958319
35.74 0 1.28455797938
35.75 0 1.28433437631
35.76 0 1.28430165563
35.77 0 1.28454772748
35.78 0 1.28666123119
35.79 0 1.28814154763
35.8 0 1.28999639938
35.81 0 1.29199801565
35.82 0 1.29291264153
35.83 0 1.29294973173
35.84 0 1.29352373541
35.85 0 1.29464151244
35.86 0 1.29682878806
35.87 0 1.29840022801
35.88 0 1.29955025012
35.89 0 1.30111800914
35.9 0 1.30233799848
35.91 0 1.30195489267
35.92 0 1.30217011406
35.93 0 1.30306863948
35.94 0 1.30309032543
35.95 0 1.30309032543
35.96 0 1.30494413461
35.97 0 1.30508386749
35.98 0 1.3058871109
35.99 0 1.30601407901
36.0 0 1.30666798206
36.01 0 1.30691760554
36.02 0 1.30691760554
36.03 0 1.30869948931
36.04 0 1.30943778311
36.05 0 1.30982081492
36.06 0 1.3112887371
36.07 0 1.31128054265
36.08 0 1.3113702881
36.09 0 1.31100717545
36.1 0 1.31100717545
36.11 0 1.3071154172
36.12 0 1.30973069659
36.13 0 1.30994163793
36.14 0 1.30990720412
36.15 0 1.310532096
36.16 0 1.32063887878
36.17 0 1.32381042075
36.18 0 1.32680178671
36.19 0 1.32962479579
36.2 0 1.32962479579
36.21 0 1.33590322432
36.22 0 1.33620133951
36.23 0 1.33676921993
36.24 0 1.33726732193
36.25 0 1.3382812632
36.26 0 1.33815539187
36.27 0 1.33795682
36.28 0 1.33787859205
36.29 0 1.33787859205
36.3 0 1.33596361204
36.31 0 1.33611154547
36.32 0 1.33550016324
36.33 0 1.33575057345
36.34 0 1.33631150116
36.35 0 1.33629702556
36.36 0 1.33629702556
36.37 0 1.33604035255
36.38 0 1.33343881379
36.39 0 1.33198513716
36.4 0 1.32782555205
36.41 0 1.32782555205
36.42 0 1.32755045832
36.43 0 1.32886908427
36.44 0 1.32858068935
36.45 0 1.32781823877
36.46 0 1.3266163488
36.47 0 1.3266163488
36.48 0 1.325327336
36.49 0 1.32478690239
36.5 0 1.32429659338
36.51 0 1.32386575837
36.52 0 1.32380239784
36.53 0 1.32325680894
36.54 0 1.32247341244
36.55 0 1.32218362654
36.56 0 1.32249700494
36.57 0 1.32359412242
36.58 0 1.32720218598
36.59 0 1.32777978888
36.6 0 1.32794837025
36.61 0 1.32873113407
36.62 0 1.32873113407
36.63 0 1.33106253263
36.64 0 1.33224974775
36.65 0 1.33224974775
36.66 0 1.33406057503
36.67 0 1.33701359203
36.68 0 1.33724048609
36.69 0 1.33705716908
36.7 0 1.33766719219
36.71 0 1.33766719219
36.72 0 1.3381123618
36.73 0 1.33802462371
36.74 0 1.33815306868
36.75 0 1.33720800892
36.76 0 1.33809350322
36.77 0 1.33809350322
36.78 0 1.34268593389
36.79 0 1.34488647667
36.8 0 1.34503152385
36.81 0 1.345465378
36.82 0 1.34511501395
36.83 0 1.34686820644
36.84 0 1.34634156495
36.85 0 1.34634156495
36.86 0 1.34373899383
36.87 0 1.340605283
36.88 0 1.33633541103
36.89 0 1.33633541103
36.9 0 1.33633541103
36.91 0 1.34289867344
36.92 0 1.33657220266
36.93 0 1.34394952685
36.94 0 1.3532675039
36.95 0 1.35408426606
36.96 0 1.35408426606
36.97 0 1.35408426606
36.98 0 1.35969645624
36.99 0 1.3628097353
37.0 0 1.36612770676
37.01 0 1.36764748997
37.02 0 1.36850926987
37.03 0 1.36850926987
37.04 0 1.37138708234
37.05 0 1.37103781643
37.06 0 1.36970240262
37.07 0 1.36889923466
37.08 0 1.36747049498
37.09 0 1.36679661791
37.1 0 1.36744223962
37.11 0 1.36744223962
37.12 0 1.36744223962
37.13 0 1.36573530966
37.14 0 1.36198153158
37.15 0 1.36187910115
37.16 0 1.3618611067
37.17 0 1.36244870871
37.18 0 1.36315669156
37.19 0 1.36185506989
37.2 0 1.36037738807
37.21 0 1.36122309191
37.22 0 1.36313848979
37.23 0 1.36299017536
37.24 0 1.36176027264
37.25 0 1.3601609626
37.26 0 1.35855672453
37.27 0 1.35722515142
37.28 0 1.35628975627
37.29 0 1.35611840031
37.3 0 1.35594990306
37.31 0 1.35594990306
37.32 0 1.35545122236
37.33 0 1.35512579858
37.34 0 1.3553951268
37.35 0 1.35605358928
37.36 0 1.35605358928
37.37 0 1.35795106956
37.38 0 1.36084754353
37.39 0 1.36084754353
37.4 0 1.36324921069
37.41 0 1.36352019641
37.42 0 1.36412986222
37.43 0 1.36485298262
37.44 0 1.36574691052
37.45 0 1.36741880044
37.46 0 1.37013184044
37.47 0 1.37326118155
37.48 0 1.37515471767
37.49 0 1.37515471767
37.5 0 1.37657534419
37.51 0 1.37685420975
37.52 0 1.37636705198
37.53 0 1.37527619999
37.54 0 1.37604355482
37.55 0 1.3760383158
37.56 0 1.3760383158
37.57 0 1.37733303857
37.58 0 1.37834391412
37.59 0 1.37874016942
37.6 0 1.37962949664
37.61 0 1.37909252391
37.62 0 1.37909252391
37.63 0 1.37992715476
37.64 0 1.37985484086
37.65 0 1.37959083265
37.66 0 1.37663970998
37.67 0 1.37711528042
37.68 0 1.37455068012
37.69 0 1.36977836609
37.7 0 1.36977836609
37.71 0 1.37711139755
37.72 0 1.38257868759
37.73 0 1.39277462689
37.74 0 1.39485233548
37.75 0 1.39897017056
37.76 0 1.40277269878
37.77 0 1.40277269878
37.78 0 1.40379732419
37.79 0 1.40654978734
37.8 0 1.40654978734
37.81 0 1.41036995744
37.82 0 1.41036995744
37.83 0 1.41069394639
37.84 0 1.4106467262
37.85 0 1.4106467262
37.86 0 1.40886497282
37.87 0 1.40877289894
37.88 0 1.40710316165
37.89 0 1.40710316165
37.9 0 1.40685440591
37.91 0 1.40509537747
37.92 0 1.40430994837
37.93 0 1.40430994837
37.94 0 1.40427271401
37.95 0 1.40307458792
37.96 0 1.40307458792
37.97 0 1.40307458792
37.98 0 1.39965291057
37.99 0 1.39717375845
38.0 0 1.39783408631
38.01 0 1.39642731004
38.02 0 1.39464610438
38.03 0 1.39345051611
38.04 0 1.39328871068
38.05 0 1.39322059356
38.06 0 1.39331352547
38.07 0 1.39317223852
38.08 0 1.3930254728
38.09 0 1.3930254728
38.1 0 1.39258104337
38.11 0 1.39264059184
38.12 0 1.39194399328
38.13 0 1.39231875847
38.14 0 1.39302931556
38.15 0 1.39579946098
38.16 0 1.39941997096
38.17 0 1.40254811678
38.18 0 1.40422081244
38.19 0 1.40455589298
38.2 0 1.40443996083
38.21 0 1.40443996083
38.22 0 1.40443996083
38.23 0 1.40590602476
38.24 0 1.40761079878
38.25 0 1.40997002533
38.26 0 1.41101346006
38.27 0 1.41138819266
38.28 0 1.41138819266
38.29 0 1.41138819266
38.3 0 1.41200454156
38.31 0 1.41261775875
38.32 0 1.41261775875
38.33 0 1.41163470963
38.34 0 1.41336822286
38.35 0 1.41534897049
38.36 0 1.41534897049
38.37 0 1.41755968798
38.38 0 1.41846505005
38.39 0 1.41907716787
38.4 0 1.41915727747
38.41 0 1.41637104777
38.42 0 1.41574261361
38.43 0 1.41535813014
38.44 0 1.41462651706
38.45 0 1.40619012492
38.46 0 1.40658964254
38.47 0 1.41114118111
38.48 0 1.41510363962
38.49 0 1.42109929558
38.5 0 1.42305252792
38.51 0 1.42305252792
38.52 0 1.42973221339
38.53 0 1.43334036153
38.54 0 1.4354045456
38.55 0 1.43597587581
38.56 0 1.43830122032
38.57 0 1.43950656628
38.58 0 1.44259570715
38.59 0 1.44355073972
38.6 0 1.4428506657
38.61 0 1.44281076169
38.62 0 1.44281076169
38.63 0 1.44331519801
38.64 0 1.44367643951
38.65 0 1.4429738103
38.66 0 1.44262283062
38.67 0 1.44297351791
38.68 0 1.44297351791
38.69 0 1.44459435853
38.7 0 1.44481219073
38.71 0 1.44576651139
38.72 0 1.44576651139
38.73 0 1.44482682038
38.74 0 1.44356104661
38.75 0 1.44356104661
38.76 0 1.43865218177
38.77 0 1.43816211697
38.78 0 1.43730555293
38.79 0 1.43772751912
38.8 0 1.43721196146
38.81 0 1.43632999764
38.82 0 1.43615843741
38.83 0 1.43430525932
38.84 0 1.43372878329
38.85 0 1.43272880626
38.86 0 1.4318963295
38.87 0 1.43107112282
38.88 0 1.43030779315
38.89 0 1.42915154808
38.9 0 1.42799475691
38.91 0 1.42840309833
38.92 0 1.43028720598
38.93 0 1.43292786107
38.94 0 1.43382743241
38.95 0 1.43447507668
38.96 0 1.43521340945
38.97 0 1.43569484739
38.98 0 1.43754169187
38.99 0 1.43853658903
39.0 0 1.44042989412
