time index height
0.01 0 0.0
0.02 0 0.0267697816553
0.03 0 0.0274385394101
0.04 0 0.0317981800597
0.05 0 0.034708090242
0.06 0 0.0372477142908
0.07 0 0.0428539398657
0.08 0 0.0466871311404
0.09 0 0.0519141935057
0.1 0 0.0561973518775
0.11 0 0.0591730878641
0.12 0 0.0652550862818
0.13 0 0.0703884865203
0.14 0 0.0732549691021
0.15 0 0.0747755559457
0.16 0 0.0747755559457
0.17 0 0.0833628335071
0.18 0 0.0846754271379
0.19 0 0.0852253135626
0.2 0 0.0856494832837
0.21 0 0.0855983244656
0.22 0 0.0846878596711
0.23 0 0.0833578754649
0.24 0 0.0819615322617
0.25 0 0.0808499695422
0.26 0 0.0768749165903
0.27 0 0.0739716425754
0.28 0 0.0702222957648
0.29 0 0.0618768247408
0.3 0 0.0490501002889
0.31 0 0.0474228037263
0.32 0 0.0391177290565
0.33 0 0.0324427282913
0.34 0 0.0302352266725
0.35 0 0.0300702039543
0.36 0 0.0304562005382
0.37 0 0.0308882401519
0.38 0 0.0315015141081
0.39 0 0.0324241001762
0.4 0 0.0339997215657
0.41 0 0.0352481257367
0.42 0 0.0364433535453
0.43 0 0.0375206719362
0.44 0 0.0381855794983
0.45 0 0.0402364189536
0.46 0 0.0410254522985
0.47 0 0.0415037502228
0.48 0 0.0421733325359
0.49 0 0.042003679728
0.5 0 0.0416817036219
0.51 0 0.0414001686472
0.52 0 0.0410949536083
0.53 0 0.0408592377451
0.54 0 0.040485641762
0.55 0 0.0393891071294
0.56 0 0.0389393155675
0.57 0 0.038785068784
0.58 0 0.0391014772445
0.59 0 0.0393600532439
0.6 0 0.0394271470615
0.61 0 0.0398571978022
0.62 0 0.0400510185087
0.63 0 0.0402901955414
0.64 0 0.0405994396231
0.65 0 0.0406360573012
0.66 0 0.0405710037091
0.67 0 0.0403647583112
0.68 0 0.040342215428
0.69 0 0.0402237648721
0.7 0 0.0401902737698
0.71 0 0.0403124094354
0.72 0 0.0406284694271
0.73 0 0.0408679874652
0.74 0 0.0409218005345
0.75 0 0.0410667395571
0.76 0 0.0412329467522
0.77 0 0.04119826999
0.78 0 0.0411331879703
0.79 0 0.0410739018619
0.8 0 0.0409702928927
0.81 0 0.0407100938602
0.82 0 0.0405388988582
0.83 0 0.0402076841624
0.84 0 0.0398355662831
0.85 0 0.0394539187312
0.86 0 0.0392387857261
0.87 0 0.0390692315624
0.88 0 0.0391502024414
0.89 0 0.0391317405344
0.9 0 0.0392550411593
0.91 0 0.0394302629155
0.92 0 0.0403284679723
0.93 0 0.041892960756
0.94 0 0.0447460946359
0.95 0 0.0468137337705
0.96 0 0.0487502244797
0.97 0 0.0508173981385
0.98 0 0.0527634100053
0.99 0 0.0537268766872
1.0 0 0.0541544193712
1.01 0 0.0549457982383
1.02 0 0.0554185843021
1.03 0 0.0557386275661
1.04 0 0.0562441509295
1.05 0 0.0563730858135
1.06 0 0.056709058328
1.07 0 0.0567252000939
1.08 0 0.0569388205447
1.09 0 0.0569682948548
1.1 0 0.0566848224241
1.11 0 0.0565129967052
1.12 0 0.0563719584222
1.13 0 0.0565057229801
1.14 0 0.0568780748024
1.15 0 0.0569004533552
1.16 0 0.0574215403521
1.17 0 0.0576075698458
1.18 0 0.0578393756342
1.19 0 0.0578417174044
1.2 0 0.0581123055454
1.21 0 0.0582911252132
1.22 0 0.0582304938077
1.23 0 0.0574184727052
1.24 0 0.0569431768792
1.25 0 0.0564003959606
1.26 0 0.0559242788845
1.27 0 0.0549733769645
1.28 0 0.0546973142241
1.29 0 0.0543801136937
1.3 0 0.0540079119647
1.31 0 0.0530412519609
1.32 0 0.0516752131583
1.33 0 0.0513826701366
1.34 0 0.0501828990558
1.35 0 0.0488955616181
1.36 0 0.0474814248624
1.37 0 0.0462751620333
1.38 0 0.0453858857615
1.39 0 0.0448795291521
1.4 0 0.0456914232234
1.41 0 0.0475260049028
1.42 0 0.0485331497691
1.43 0 0.0493223524919
1.44 0 0.0507327324973
1.45 0 0.0511331050822
1.46 0 0.0516191468589
1.47 0 0.0519517064144
1.48 0 0.0520844995075
1.49 0 0.0520192935626
1.5 0 0.0520944793092
1.51 0 0.0523899516165
1.52 0 0.0525284052311
1.53 0 0.0530474167538
1.54 0 0.0534761489822
1.55 0 0.0545258773549
1.56 0 0.0550327927679
1.57 0 0.0556481741267
1.58 0 0.055343626309
1.59 0 0.0566642339123
1.6 0 0.0568680043133
1.61 0 0.0572709576238
1.62 0 0.0572405984448
1.63 0 0.0571300773765
1.64 0 0.0561566635403
1.65 0 0.055888756347
1.66 0 0.0556858564209
1.67 0 0.0547525342295
1.68 0 0.0537347240189
1.69 0 0.053326879045
1.7 0 0.0535066724117
1.71 0 0.0532148171638
1.72 0 0.0528539879805
1.73 0 0.0525894933839
1.74 0 0.0527243809216
1.75 0 0.0537003474549
1.76 0 0.0549049328483
1.77 0 0.0556513377294
1.78 0 0.0583888973098
1.79 0 0.0604509016427
1.8 0 0.0604509016427
1.81 0 0.0642880206774
1.82 0 0.0670965715471
1.83 0 0.068484274246
1.84 0 0.069654624314
1.85 0 0.0702981821504
1.86 0 0.0712168349828
1.87 0 0.0720343863495
1.88 0 0.0720884373364
1.89 0 0.0722813254167
1.9 0 0.0724116946936
1.91 0 0.0730406555913
1.92 0 0.0730328570371
1.93 0 0.0730910120988
1.94 0 0.0734541027272
1.95 0 0.0734967012085
1.96 0 0.0735644524678
1.97 0 0.0738298338246
1.98 0 0.0740699611817
1.99 0 0.074356499818
2.0 0 0.0747009650066
2.01 0 0.0752168766396
2.02 0 0.0753422439026
2.03 0 0.0754680020619
2.04 0 0.0757421939382
2.05 0 0.0751498877927
2.06 0 0.0750724479019
2.07 0 0.0749674605984
2.08 0 0.0742622309323
2.09 0 0.0741578144134
2.1 0 0.0725919654683
2.11 0 0.0721779157347
2.12 0 0.07184148281
2.13 0 0.0712319638528
2.14 0 0.0708597080796
2.15 0 0.070744569231
2.16 0 0.0704452417831
2.17 0 0.0697323665355
2.18 0 0.0690016940643
2.19 0 0.0680093462825
2.2 0 0.0666021674593
2.21 0 0.0662102492469
2.22 0 0.0653422068364
2.23 0 0.0643338581282
2.24 0 0.0642834699428
2.25 0 0.0651905493116
2.26 0 0.0663781536844
2.27 0 0.068816202238
2.28 0 0.0696031255827
2.29 0 0.0713083557948
2.3 0 0.0716491600712
2.31 0 0.0729403025311
2.32 0 0.0747432267115
2.33 0 0.0753565785763
2.34 0 0.0767620047754
2.35 0 0.0763211909377
2.36 0 0.0774877638928
2.37 0 0.0797887771792
2.38 0 0.0810720432855
2.39 0 0.0814250516905
2.4 0 0.0825962059083
2.41 0 0.0853966809802
2.42 0 0.0853966809802
2.43 0 0.0853966809802
2.44 0 0.0876427627143
2.45 0 0.0883530872685
2.46 0 0.0908599038152
2.47 0 0.0909082107519
2.48 0 0.092446879964
2.49 0 0.0924646932518
2.5 0 0.0940689882216
2.51 0 0.0943561607982
2.52 0 0.0952979049742
2.53 0 0.0952082180483
2.54 0 0.0956907629578
2.55 0 0.0960253344917
2.56 0 0.0962907825818
2.57 0 0.0963223149391
2.58 0 0.0963508652888
2.59 0 0.0966676394201
2.6 0 0.0970024172814
2.61 0 0.0975144702117
2.62 0 0.0977915974782
2.63 0 0.0982307499542
2.64 0 0.0983103057675
2.65 0 0.0977001947172
2.66 0 0.096925348191
2.67 0 0.0970423424409
2.68 0 0.0972265440532
2.69 0 0.0971480837034
2.7 0 0.0973509663031
2.71 0 0.0973424193458
2.72 0 0.0972193895209
2.73 0 0.0972479821788
2.74 0 0.0981234563317
2.75 0 0.0984480563785
2.76 0 0.0990432578495
2.77 0 0.0992784052353
2.78 0 0.099434879156
2.79 0 0.0995284032105
2.8 0 0.0997755425176
2.81 0 0.100028442303
2.82 0 0.100340992639
2.83 0 0.0997338976468
2.84 0 0.0987346572026
2.85 0 0.098201304596
2.86 0 0.0980442115946
2.87 0 0.0981288141263
2.88 0 0.0981396638828
2.89 0 0.0980456410376
2.9 0 0.0977693689817
2.91 0 0.0974223870201
2.92 0 0.0974163635272
2.93 0 0.096845729771
2.94 0 0.0959975692898
2.95 0 0.0951205845756
2.96 0 0.0951314614263
2.97 0 0.0946973129484
2.98 0 0.0944860900453
2.99 0 0.0939715209625
3.0 0 0.0938582581959
3.01 0 0.0942711295238
3.02 0 0.0952019415244
3.03 0 0.0966922314373
3.04 0 0.098166378744
3.05 0 0.0990221143248
3.06 0 0.101675722839
3.07 0 0.105045996774
3.08 0 0.107073393031
3.09 0 0.108773573005
3.1 0 0.111242780803
3.11 0 0.113098725017
3.12 0 0.116448801892
3.13 0 0.118729045393
3.14 0 0.121075129977
3.15 0 0.122792043554
3.16 0 0.124898649531
3.17 0 0.125648903738
3.18 0 0.128451401486
3.19 0 0.131079104053
3.2 0 0.132352568715
3.21 0 0.133584773941
3.22 0 0.13401761912
3.23 0 0.133948707052
3.24 0 0.133708167759
3.25 0 0.134167327091
3.26 0 0.133863909466
3.27 0 0.132617724624
3.28 0 0.132221143889
3.29 0 0.131134736399
3.3 0 0.129561454755
3.31 0 0.125854040349
3.32 0 0.123370733861
3.33 0 0.119213839385
3.34 0 0.114255200917
3.35 0 0.1084918031
3.36 0 0.103314522403
3.37 0 0.0989700479087
3.38 0 0.0961948247361
3.39 0 0.0931612798618
3.4 0 0.0857926671006
3.41 0 0.0850794141638
3.42 0 0.0843279998543
3.43 0 0.0828931201381
3.44 0 0.0829293530439
3.45 0 0.0836389426312
3.46 0 0.0846942067628
3.47 0 0.0858387983254
3.48 0 0.0875045061256
3.49 0 0.0900337085871
3.5 0 0.0905542065666
3.51 0 0.0922031816476
3.52 0 0.0939705765559
3.53 0 0.09728463201
3.54 0 0.100448782513
3.55 0 0.102017973365
3.56 0 0.103943634354
3.57 0 0.107729780016
3.58 0 0.110136700845
3.59 0 0.111389417061
3.6 0 0.111929980641
3.61 0 0.114426645265
3.62 0 0.120422143523
3.63 0 0.125794965286
3.64 0 0.128809468426
3.65 0 0.131363760453
3.66 0 0.134479067984
3.67 0 0.135632862482
3.68 0 0.137027441976
3.69 0 0.137898026853
3.7 0 0.138445408308
3.71 0 0.139060251964
3.72 0 0.139166272818
3.73 0 0.139269669614
3.74 0 0.139651734598
3.75 0 0.139797852128
3.76 0 0.1388337008
3.77 0 0.139363516775
3.78 0 0.139680723659
3.79 0 0.139877284815
3.8 0 0.141273953554
3.81 0 0.142841015691
3.82 0 0.142978107917
3.83 0 0.143366946038
3.84 0 0.144660151441
3.85 0 0.147137486076
3.86 0 0.148847933121
3.87 0 0.154750344247
3.88 0 0.159680053878
3.89 0 0.161480422982
3.9 0 0.169323792691
3.91 0 0.173676854852
3.92 0 0.175108930594
3.93 0 0.178755259612
3.94 0 0.181816069863
3.95 0 0.18545806936
3.96 0 0.189879457573
3.97 0 0.191531584566
3.98 0 0.191832168269
3.99 0 0.191365944316
4.0 0 0.193616652791
4.01 0 0.193687788348
4.02 0 0.19522492606
4.03 0 0.197584093421
4.04 0 0.197584093421
4.05 0 0.197584093421
4.06 0 0.197584093421
4.07 0 0.199815845851
4.08 0 0.200168904495
4.09 0 0.199592576649
4.1 0 0.199109967353
4.11 0 0.19931486009
4.12 0 0.198429943921
4.13 0 0.196974755595
4.14 0 0.194311792982
4.15 0 0.193771029458
4.16 0 0.192948587753
4.17 0 0.192873184899
4.18 0 0.193738866889
4.19 0 0.194840397198
4.2 0 0.196073316412
4.21 0 0.197340064508
4.22 0 0.197666116076
4.23 0 0.200080103602
4.24 0 0.200481270567
4.25 0 0.201530047195
4.26 0 0.202610978088
4.27 0 0.203459161167
4.28 0 0.205704689934
4.29 0 0.206276367898
4.3 0 0.20636692519
4.31 0 0.206720901533
4.32 0 0.206867045352
4.33 0 0.206924522354
4.34 0 0.206924522354
4.35 0 0.20635062142
4.36 0 0.205728511705
4.37 0 0.205728511705
4.38 0 0.205728511705
4.39 0 0.202674665524
4.4 0 0.201425197471
4.41 0 0.200041449387
4.42 0 0.197300563651
4.43 0 0.197300563651
4.44 0 0.194096012954
4.45 0 0.190011875757
4.46 0 0.187519266569
4.47 0 0.185917017612
4.48 0 0.185447501044
4.49 0 0.185153866677
4.5 0 0.184202826385
4.51 0 0.183835241356
4.52 0 0.180903171463
4.53 0 0.179976603782
4.54 0 0.17914388964
4.55 0 0.177880425855
4.56 0 0.177880425855
4.57 0 0.177880425855
4.58 0 0.177880425855
4.59 0 0.180549011984
4.6 0 0.180549011984
4.61 0 0.180549011984
4.62 0 0.188676488903
4.63 0 0.19170016225
4.64 0 0.194034839079
4.65 0 0.197872614881
4.66 0 0.198843188208
4.67 0 0.201730640558
4.68 0 0.202189788888
4.69 0 0.204695121864
4.7 0 0.204695121864
4.71 0 0.204695121864
4.72 0 0.205709648737
4.73 0 0.207629567732
4.74 0 0.206572257548
4.75 0 0.208407923336
4.76 0 0.207986868612
4.77 0 0.207949687696
4.78 0 0.207021856024
4.79 0 0.208217204316
4.8 0 0.205604424691
4.81 0 0.206041281422
4.82 0 0.206041281422
4.83 0 0.206041281422
4.84 0 0.201934975471
4.85 0 0.201403609152
4.86 0 0.200072902893
4.87 0 0.199088937381
4.88 0 0.198030835807
4.89 0 0.194756704931
4.9 0 0.194350752823
4.91 0 0.192271512819
4.92 0 0.192160375543
4.93 0 0.190797861966
4.94 0 0.192198222018
4.95 0 0.193150157281
4.96 0 0.193745775461
4.97 0 0.196066184042
4.98 0 0.198069735328
4.99 0 0.199157872542
5.0 0 0.200349181262
5.01 0 0.201283745291
5.02 0 0.203174789805
5.03 0 0.203674614062
5.04 0 0.205657966313
5.05 0 0.207058923623
5.06 0 0.207774146311
5.07 0 0.208989895811
5.08 0 0.209941017091
5.09 0 0.210057918841
5.1 0 0.210546188573
5.11 0 0.210546188573
5.12 0 0.211665003911
5.13 0 0.211391627748
5.14 0 0.211390100679
5.15 0 0.211576872583
5.16 0 0.211576872583
5.17 0 0.211174963905
5.18 0 0.211350868474
5.19 0 0.211562317533
5.2 0 0.211562317533
5.21 0 0.213022602227
5.22 0 0.21245043662
5.23 0 0.210857281869
5.24 0 0.209159856169
5.25 0 0.20819738768
5.26 0 0.206356441379
5.27 0 0.203889556156
5.28 0 0.201538354375
5.29 0 0.201460757261
5.3 0 0.201331500097
5.31 0 0.201320383227
5.32 0 0.200787670517
5.33 0 0.200738858495
5.34 0 0.201498788147
5.35 0 0.201524189443
5.36 0 0.200358167529
5.37 0 0.19946609052
5.38 0 0.201637060412
5.39 0 0.203925789181
5.4 0 0.204100425684
5.41 0 0.204793695484
5.42 0 0.206296336989
5.43 0 0.20702060245
5.44 0 0.207561748077
5.45 0 0.208949304489
5.46 0 0.206395067822
5.47 0 0.207172427488
5.48 0 0.207814384614
5.49 0 0.209062545822
5.5 0 0.210786268671
5.51 0 0.210978227264
5.52 0 0.213407106262
5.53 0 0.212117964398
5.54 0 0.212429325516
5.55 0 0.213274250958
5.56 0 0.213818242546
5.57 0 0.213876085548
5.58 0 0.21356890879
5.59 0 0.21906146099
5.6 0 0.221322478071
5.61 0 0.221130149588
5.62 0 0.22020824614
5.63 0 0.219529127465
5.64 0 0.218299789381
5.65 0 0.211881909153
5.66 0 0.209767059169
5.67 0 0.207864552527
5.68 0 0.203397730565
5.69 0 0.202697826146
5.7 0 0.202697826146
5.71 0 0.194391321606
5.72 0 0.189882495469
5.73 0 0.186517473281
5.74 0 0.177072308251
5.75 0 0.174978131512
5.76 0 0.171021803307
5.77 0 0.168521802982
5.78 0 0.162003932637
5.79 0 0.158784928757
5.8 0 0.154555174374
5.81 0 0.152062915071
5.82 0 0.147109740965
5.83 0 0.138987039723
5.84 0 0.136823266085
5.85 0 0.131920035707
5.86 0 0.127638490721
5.87 0 0.125659464449
5.88 0 0.124015910126
5.89 0 0.122736042828
5.9 0 0.122736042828
5.91 0 0.121007796459
5.92 0 0.120525514301
5.93 0 0.121675056689
5.94 0 0.12194920202
5.95 0 0.122692323634
5.96 0 0.123000169185
5.97 0 0.123000169185
5.98 0 0.123080759839
5.99 0 0.124572818613
6.0 0 0.125616264832
6.01 0 0.126527455848
6.02 0 0.126527455848
6.03 0 0.126577314585
6.04 0 0.130053810376
6.05 0 0.130181997755
6.06 0 0.130019121616
6.07 0 0.130309002429
6.08 0 0.130165423761
6.09 0 0.129970524029
6.1 0 0.129515772573
6.11 0 0.129559871884
6.12 0 0.129509801791
6.13 0 0.129139071215
6.14 0 0.129871638877
6.15 0 0.130308316051
6.16 0 0.129997867064
6.17 0 0.131625657421
6.18 0 0.131625657421
6.19 0 0.131625657421
6.2 0 0.131625657421
6.21 0 0.13625478243
6.22 0 0.139545927719
6.23 0 0.139408785315
6.24 0 0.139408785315
6.25 0 0.139408785315
6.26 0 0.147039509218
6.27 0 0.146900179299
6.28 0 0.147436103191
6.29 0 0.147436103191
6.3 0 0.147436103191
6.31 0 0.148300466605
6.32 0 0.151568860962
6.33 0 0.152274886567
6.34 0 0.153995464833
6.35 0 0.156823294584
6.36 0 0.157759204822
6.37 0 0.157759204822
6.38 0 0.163344730425
6.39 0 0.16571499094
6.4 0 0.16571499094
6.41 0 0.16571499094
6.42 0 0.16629178227
6.43 0 0.165691733265
6.44 0 0.164574165447
6.45 0 0.164692962977
6.46 0 0.163703124289
6.47 0 0.163703124289
6.48 0 0.163703124289
6.49 0 0.163013114033
6.5 0 0.159594026091
6.51 0 0.157992074267
6.52 0 0.153633808451
6.53 0 0.15270698891
6.54 0 0.149958574699
6.55 0 0.147449871307
6.56 0 0.145050662106
6.57 0 0.144490151863
6.58 0 0.142691745815
6.59 0 0.142178677038
6.6 0 0.140637058154
6.61 0 0.140325270839
6.62 0 0.140467906816
6.63 0 0.141905776423
6.64 0 0.143822812623
6.65 0 0.147582504222
6.66 0 0.14977549885
6.67 0 0.150178059042
6.68 0 0.150262465429
6.69 0 0.15037185452
6.7 0 0.14957102324
6.71 0 0.14957102324
6.72 0 0.14957102324
6.73 0 0.14957102324
6.74 0 0.146433368197
6.75 0 0.14610133781
6.76 0 0.146343887381
6.77 0 0.146631450885
6.78 0 0.146692722333
6.79 0 0.146692722333
6.8 0 0.146692722333
6.81 0 0.146721786941
6.82 0 0.146837254726
6.83 0 0.146003380564
6.84 0 0.144468031722
6.85 0 0.143793867299
6.86 0 0.141156684474
6.87 0 0.139772802933
6.88 0 0.139523161755
6.89 0 0.139098735604
6.9 0 0.139098735604
6.91 0 0.138882796068
6.92 0 0.141315694197
6.93 0 0.142529848147
6.94 0 0.142465420156
6.95 0 0.144417378509
6.96 0 0.144169061331
6.97 0 0.144850838164
6.98 0 0.145271635532
6.99 0 0.146585688647
7.0 0 0.146905265875
7.01 0 0.147392745445
7.02 0 0.150252134673
7.03 0 0.152152586998
7.04 0 0.15339000373
7.05 0 0.154492086493
7.06 0 0.154056219054
7.07 0 0.157918110967
7.08 0 0.157918110967
7.09 0 0.161847612687
7.1 0 0.163696361297
7.11 0 0.166163542573
7.12 0 0.166732854327
7.13 0 0.170781454684
7.14 0 0.171323171059
7.15 0 0.173047914461
7.16 0 0.174256627579
7.17 0 0.175301094978
7.18 0 0.175815982496
7.19 0 0.176208700226
7.2 0 0.175504535002
7.21 0 0.173183640133
7.22 0 0.172308056561
7.23 0 0.169917327621
7.24 0 0.168300854418
7.25 0 0.166945559086
7.26 0 0.16608125254
7.27 0 0.165667919616
7.28 0 0.164945901876
7.29 0 0.164146960709
7.3 0 0.162172503901
7.31 0 0.161039796756
7.32 0 0.158820779409
7.33 0 0.158459160316
7.34 0 0.15703958881
7.35 0 0.154705291988
7.36 0 0.152403631188
7.37 0 0.152403631188
7.38 0 0.152403631188
7.39 0 0.149647106192
7.4 0 0.149647106192
7.41 0 0.149647106192
7.42 0 0.152396573629
7.43 0 0.152798369147
7.44 0 0.155919639856
7.45 0 0.159114322159
7.46 0 0.161044357333
7.47 0 0.161705957514
7.48 0 0.161040651971
7.49 0 0.160963033232
7.5 0 0.162022117663
7.51 0 0.166109193334
7.52 0 0.169097843291
7.53 0 0.170169743958
7.54 0 0.170526598952
7.55 0 0.171165712803
7.56 0 0.170506872726
7.57 0 0.169251122173
7.58 0 0.169243449843
7.59 0 0.169243449843
7.6 0 0.168919799432
7.61 0 0.166686454348
7.62 0 0.165665879437
7.63 0 0.165213168182
7.64 0 0.16451717437
7.65 0 0.16485552081
7.66 0 0.16428119208
7.67 0 0.163766169455
7.68 0 0.164258890324
7.69 0 0.164273085068
7.7 0 0.164273085068
7.71 0 0.167465526907
7.72 0 0.169810834151
7.73 0 0.172189689729
7.74 0 0.173020075633
7.75 0 0.173713072828
7.76 0 0.175568172636
7.77 0 0.175636835899
7.78 0 0.176417438144
7.79 0 0.178517378851
7.8 0 0.180161687092
7.81 0 0.17992098583
7.82 0 0.180157383632
7.83 0 0.181385655445
7.84 0 0.182550342565
7.85 0 0.182550342565
7.86 0 0.182871726371
7.87 0 0.182871726371
7.88 0 0.182871726371
7.89 0 0.188023783976
7.9 0 0.193568678633
7.91 0 0.195105019766
7.92 0 0.195324286019
7.93 0 0.195777914313
7.94 0 0.196575213526
7.95 0 0.196584595338
7.96 0 0.196584595338
7.97 0 0.197306759384
7.98 0 0.198696441919
7.99 0 0.200072120913
8.0 0 0.201039618569
8.01 0 0.201135768402
8.02 0 0.202102041731
8.03 0 0.204208718298
8.04 0 0.204152740167
8.05 0 0.203379343092
8.06 0 0.203379343092
8.07 0 0.203379343092
8.08 0 0.203869973767
8.09 0 0.204115738517
8.1 0 0.202135469868
8.11 0 0.201003192863
8.12 0 0.199711843682
8.13 0 0.197632791956
8.14 0 0.197632791956
8.15 0 0.197632791956
8.16 0 0.190346863986
8.17 0 0.189771682097
8.18 0 0.190056557509
8.19 0 0.189845724528
8.2 0 0.189845724528
8.21 0 0.189845724528
8.22 0 0.186944157086
8.23 0 0.185203883135
8.24 0 0.184344883348
8.25 0 0.185049736613
8.26 0 0.185400666545
8.27 0 0.183776015296
8.28 0 0.182858571044
8.29 0 0.182395974404
8.3 0 0.182882573144
8.31 0 0.182882573144
8.32 0 0.181121442935
8.33 0 0.178770296966
8.34 0 0.177669523268
8.35 0 0.176163723659
8.36 0 0.175460452959
8.37 0 0.175275087895
8.38 0 0.175275087895
8.39 0 0.174042092932
8.4 0 0.172952876261
8.41 0 0.171304146201
8.42 0 0.170467382591
8.43 0 0.170467382591
8.44 0 0.171736333621
8.45 0 0.172782074595
8.46 0 0.174045009403
8.47 0 0.175959524908
8.48 0 0.176795769791
8.49 0 0.177932415208
8.5 0 0.178948457154
8.51 0 0.179773673765
8.52 0 0.179773673765
8.53 0 0.183873592817
8.54 0 0.187045623074
8.55 0 0.191139620017
8.56 0 0.192208643465
8.57 0 0.192682285152
8.58 0 0.193183151574
8.59 0 0.194033845089
8.6 0 0.194033845089
8.61 0 0.197515149375
8.62 0 0.196852475773
8.63 0 0.1996070034
8.64 0 0.195240188112
8.65 0 0.205577420254
8.66 0 0.197863190236
8.67 0 0.218802483107
8.68 0 0.220238212445
8.69 0 0.222172533139
8.7 0 0.225956906943
8.71 0 0.22719565144
8.72 0 0.228064830884
8.73 0 0.228884050388
8.74 0 0.229033993801
8.75 0 0.228975351344
8.76 0 0.230207505505
8.77 0 0.229443172458
8.78 0 0.229443172458
8.79 0 0.225996103394
8.8 0 0.224597277257
8.81 0 0.224507612575
8.82 0 0.224544108016
8.83 0 0.225355415495
8.84 0 0.225355415495
8.85 0 0.225504110592
8.86 0 0.225412507398
8.87 0 0.225396800886
8.88 0 0.225355176242
8.89 0 0.225355176242
8.9 0 0.223943541424
8.91 0 0.224218683338
8.92 0 0.223956484118
8.93 0 0.224547015597
8.94 0 0.224643861414
8.95 0 0.224202734187
8.96 0 0.222960008042
8.97 0 0.222183548131
8.98 0 0.219503369809
8.99 0 0.216627925238
9.0 0 0.216627925238
9.01 0 0.215056023237
9.02 0 0.215013888341
9.03 0 0.215575604632
9.04 0 0.218232355643
9.05 0 0.219630588169
9.06 0 0.220982069694
9.07 0 0.221540140174
9.08 0 0.220595686165
9.09 0 0.220177632802
9.1 0 0.21983707295
9.11 0 0.22047313391
9.12 0 0.221452577608
9.13 0 0.221706058438
9.14 0 0.222574863301
9.15 0 0.22301803435
9.16 0 0.223468734044
9.17 0 0.223651381478
9.18 0 0.223629812062
9.19 0 0.224672668509
9.2 0 0.226072638686
9.21 0 0.227152412628
9.22 0 0.227902076472
9.23 0 0.227988334413
9.24 0 0.227988334413
9.25 0 0.231028365481
9.26 0 0.233021373796
9.27 0 0.232316823906
9.28 0 0.232276338206
9.29 0 0.232276338206
9.3 0 0.235941977408
9.31 0 0.236987468839
9.32 0 0.237894810747
9.33 0 0.239866594638
9.34 0 0.240846316803
9.35 0 0.242024977822
9.36 0 0.242406123535
9.37 0 0.242406123535
9.38 0 0.242991551168
9.39 0 0.243725999199
9.4 0 0.243469952863
9.41 0 0.243598103907
9.42 0 0.247158098339
9.43 0 0.247158098339
9.44 0 0.247158098339
9.45 0 0.253121839371
9.46 0 0.255510305508
9.47 0 0.256474029593
9.48 0 0.260387422945
9.49 0 0.261681225649
9.5 0 0.262897721422
9.51 0 0.263439327666
9.52 0 0.263439327666
9.53 0 0.262562646161
9.54 0 0.262318754634
9.55 0 0.260066316934
9.56 0 0.259849196089
9.57 0 0.261159114841
9.58 0 0.260043688355
9.59 0 0.257808067587
9.6 0 0.253480080142
9.61 0 0.25048125932
9.62 0 0.247244691341
9.63 0 0.244346069519
9.64 0 0.241995110669
9.65 0 0.240633580882
9.66 0 0.239767618982
9.67 0 0.239767618982
9.68 0 0.240028510396
9.69 0 0.242646185316
9.7 0 0.244895113658
9.71 0 0.244231779119
9.72 0 0.243837463089
9.73 0 0.24380334952
9.74 0 0.24380334952
9.75 0 0.243599205327
9.76 0 0.241621423252
9.77 0 0.239501667212
9.78 0 0.23896229913
9.79 0 0.237427992626
9.8 0 0.236356346343
9.81 0 0.236133243699
9.82 0 0.236790024836
9.83 0 0.237143153564
9.84 0 0.237713541983
9.85 0 0.238406484128
9.86 0 0.239379343065
9.87 0 0.239724324921
9.88 0 0.2408404372
9.89 0 0.2408404372
9.9 0 0.242798261607
9.91 0 0.244305227108
9.92 0 0.244660358516
9.93 0 0.246494815435
9.94 0 0.246951974878
9.95 0 0.248045271145
9.96 0 0.249131227003
9.97 0 0.250262404499
9.98 0 0.251747269818
9.99 0 0.253116788172
10.0 0 0.25356591711
10.01 0 0.254121181147
10.02 0 0.254540746856
10.03 0 0.254540746856
10.04 0 0.258712221689
10.05 0 0.258712221689
10.06 0 0.258712221689
10.07 0 0.260910461845
10.08 0 0.260910461845
10.09 0 0.264418581892
10.1 0 0.263368087227
10.11 0 0.26373585198
10.12 0 0.263535313266
10.13 0 0.263535313266
10.14 0 0.263535313266
10.15 0 0.263535313266
10.16 0 0.268664104215
10.17 0 0.271472761527
10.18 0 0.272032246057
10.19 0 0.272032246057
10.2 0 0.2800960849
10.21 0 0.2800960849
10.22 0 0.278570965997
10.23 0 0.277245848551
10.24 0 0.276471640742
10.25 0 0.279420551616
10.26 0 0.279420551616
10.27 0 0.280545756075
10.28 0 0.281566501619
10.29 0 0.281698930979
10.3 0 0.281698930979
10.31 0 0.28408639166
10.32 0 0.285376650174
10.33 0 0.285618331568
10.34 0 0.285685874936
10.35 0 0.285186032305
10.36 0 0.284578004635
10.37 0 0.284444098684
10.38 0 0.283067927362
10.39 0 0.282607991997
10.4 0 0.282273366678
10.41 0 0.278241965637
10.42 0 0.275633373025
10.43 0 0.274752041309
10.44 0 0.274376987667
10.45 0 0.274376987667
10.46 0 0.273467629954
10.47 0 0.273467629954
10.48 0 0.27530403788
10.49 0 0.277416357415
10.5 0 0.277416357415
10.51 0 0.277416357415
10.52 0 0.277069428871
10.53 0 0.27391196135
10.54 0 0.273639252726
10.55 0 0.273528549687
10.56 0 0.273770919105
10.57 0 0.274142330784
10.58 0 0.274765100965
10.59 0 0.274929362781
10.6 0 0.274755744695
10.61 0 0.274755744695
10.62 0 0.275357918996
10.63 0 0.275800783138
10.64 0 0.276370198807
10.65 0 0.275994010608
10.66 0 0.275906469038
10.67 0 0.275906469038
10.68 0 0.277525637134
10.69 0 0.277843459978
10.7 0 0.278239199318
10.71 0 0.279457634904
10.72 0 0.279959486623
10.73 0 0.280427676159
10.74 0 0.280585395023
10.75 0 0.281074375883
10.76 0 0.282374049647
10.77 0 0.282763736158
10.78 0 0.283082489374
10.79 0 0.282798096473
10.8 0 0.282798096473
10.81 0 0.283898338754
10.82 0 0.286563298148
10.83 0 0.288367395579
10.84 0 0.290237069019
10.85 0 0.289574193762
10.86 0 0.291513962741
10.87 0 0.295697893145
10.88 0 0.298492962016
10.89 0 0.299362172234
10.9 0 0.299922222051
10.91 0 0.30034654207
10.92 0 0.30034654207
10.93 0 0.30034654207
10.94 0 0.301495872735
10.95 0 0.301495872735
10.96 0 0.30643022763
10.97 0 0.306100659242
10.98 0 0.305839085896
10.99 0 0.308708247583
11.0 0 0.311317642416
11.01 0 0.315149213668
11.02 0 0.317727330103
11.03 0 0.319427690919
11.04 0 0.319175819436
11.05 0 0.319231140604
11.06 0 0.319231140604
11.07 0 0.318885664267
11.08 0 0.319895948562
11.09 0 0.320845038049
11.1 0 0.321121443407
11.11 0 0.321439488948
11.12 0 0.321439488948
11.13 0 0.320764847116
11.14 0 0.320330939404
11.15 0 0.320116282035
11.16 0 0.320126013878
11.17 0 0.319962673887
11.18 0 0.319453955781
11.19 0 0.319072523669
11.2 0 0.319072523669
11.21 0 0.316079460525
11.22 0 0.31338196614
11.23 0 0.311720759031
11.24 0 0.309178134625
11.25 0 0.309178134625
11.26 0 0.309178134625
11.27 0 0.301969184945
11.28 0 0.294762995257
11.29 0 0.294429928596
11.3 0 0.294429928596
11.31 0 0.290835780317
11.32 0 0.289371811635
11.33 0 0.288700298185
11.34 0 0.288710869838
11.35 0 0.288697234228
11.36 0 0.288447220187
11.37 0 0.288866783379
11.38 0 0.289124431717
11.39 0 0.289124431717
11.4 0 0.289626913313
11.41 0 0.289743371783
11.42 0 0.28938334718
11.43 0 0.290535082407
11.44 0 0.291811551098
11.45 0 0.292168450274
11.46 0 0.291945922731
11.47 0 0.291261290105
11.48 0 0.289478673091
11.49 0 0.289465010931
11.5 0 0.289709157985
11.51 0 0.289709157985
11.52 0 0.290702770977
11.53 0 0.291011480729
11.54 0 0.291372879636
11.55 0 0.292214859069
11.56 0 0.292547708407
11.57 0 0.292607458726
11.58 0 0.29281745052
11.59 0 0.294138028772
11.6 0 0.295942666528
11.61 0 0.297437798259
11.62 0 0.298762540466
11.63 0 0.30156797322
11.64 0 0.302821166085
11.65 0 0.302518800904
11.66 0 0.302518800904
11.67 0 0.302518800904
11.68 0 0.3054833936
11.69 0 0.308627839972
11.7 0 0.310015151534
11.71 0 0.310015151534
11.72 0 0.312144872924
11.73 0 0.3131404291
11.74 0 0.3131404291
11.75 0 0.311964116479
11.76 0 0.315611926854
11.77 0 0.316767107758
11.78 0 0.316767107758
11.79 0 0.319498444964
11.8 0 0.326382154654
11.81 0 0.328381630787
11.82 0 0.328545290635
11.83 0 0.328003811733
11.84 0 0.327836004046
11.85 0 0.323366417241
11.86 0 0.323295459651
11.87 0 0.32351544585
11.88 0 0.325469361554
11.89 0 0.327065394096
11.9 0 0.325480185957
11.91 0 0.321194444246
11.92 0 0.321111152501
11.93 0 0.315526369251
11.94 0 0.31686032646
11.95 0 0.315538871156
11.96 0 0.31824544881
11.97 0 0.319255551535
11.98 0 0.319884209692
11.99 0 0.319884209692
12.0 0 0.319884209692
12.01 0 0.320557660329
12.02 0 0.319109566611
12.03 0 0.315795026698
12.04 0 0.315471890803
12.05 0 0.314192758592
12.06 0 0.313000216289
12.07 0 0.309541848423
12.08 0 0.305212420707
12.09 0 0.299890268367
12.1 0 0.296637499109
12.11 0 0.295443552151
12.12 0 0.294678078424
12.13 0 0.294527792038
12.14 0 0.294527792038
12.15 0 0.294051740499
12.16 0 0.295454269556
12.17 0 0.297585715733
12.18 0 0.297859732116
12.19 0 0.297663200489
12.2 0 0.296679513031
12.21 0 0.29458253916
12.22 0 0.294447280746
12.23 0 0.295283611548
12.24 0 0.295917790896
12.25 0 0.296176252766
12.26 0 0.296322433878
12.27 0 0.297331560237
12.28 0 0.296761531211
12.29 0 0.296379799816
12.3 0 0.297152766579
12.31 0 0.297152766579
12.32 0 0.297152766579
12.33 0 0.298925099503
12.34 0 0.299381295936
12.35 0 0.299381295936
12.36 0 0.299381295936
12.37 0 0.301442891454
12.38 0 0.301442891454
12.39 0 0.301442891454
12.4 0 0.304345483451
12.41 0 0.30558196396
12.42 0 0.307136583429
12.43 0 0.310282406947
12.44 0 0.311925559576
12.45 0 0.312850775207
12.46 0 0.31477794251
12.47 0 0.317178063823
12.48 0 0.317178063823
12.49 0 0.317178063823
12.5 0 0.317344895394
12.51 0 0.31559107783
12.52 0 0.316847973059
12.53 0 0.318264405247
12.54 0 0.31742568181
12.55 0 0.315726151011
12.56 0 0.318413846293
12.57 0 0.323410696169
12.58 0 0.324941425359
12.59 0 0.330134633059
12.6 0 0.332236234526
12.61 0 0.332236234526
12.62 0 0.334969849116
12.63 0 0.334654523526
12.64 0 0.333859890441
12.65 0 0.331928723881
12.66 0 0.330265287536
12.67 0 0.330265287536
12.68 0 0.330161110641
12.69 0 0.329070817923
12.7 0 0.327301921932
12.71 0 0.326659060461
12.72 0 0.324271969567
12.73 0 0.325754778379
12.74 0 0.321823592711
12.75 0 0.323712315777
12.76 0 0.323318334772
12.77 0 0.326086698047
12.78 0 0.327266329494
12.79 0 0.328732785523
12.8 0 0.327796214446
12.81 0 0.327796214446
12.82 0 0.327796214446
12.83 0 0.323787005232
12.84 0 0.323787005232
12.85 0 0.322609192222
12.86 0 0.322608542798
12.87 0 0.32106233938
12.88 0 0.320064327552
12.89 0 0.319200498536
12.9 0 0.317361749757
12.91 0 0.317029014412
12.92 0 0.317029014412
12.93 0 0.314670204241
12.94 0 0.314438277584
12.95 0 0.31427026626
12.96 0 0.313127311374
12.97 0 0.312974066219
12.98 0 0.312655245643
12.99 0 0.313125054776
13.0 0 0.31358267505
13.01 0 0.31367375146
13.02 0 0.314149357971
13.03 0 0.313936391447
13.04 0 0.313801428564
13.05 0 0.313915776401
13.06 0 0.313719442326
13.07 0 0.314590086655
13.08 0 0.314100349425
13.09 0 0.314499306784
13.1 0 0.314841696492
13.11 0 0.315453729318
13.12 0 0.315841593552
13.13 0 0.31595289442
13.14 0 0.316314710968
13.15 0 0.317828819308
13.16 0 0.317899304999
13.17 0 0.318822615361
13.18 0 0.323050291472
13.19 0 0.323149016513
13.2 0 0.323149016513
13.21 0 0.323634052019
13.22 0 0.324743624347
13.23 0 0.329497386895
13.24 0 0.331404320664
13.25 0 0.337238759756
13.26 0 0.337770335619
13.27 0 0.3380314199
13.28 0 0.337965079872
13.29 0 0.338621505386
13.3 0 0.337723075976
13.31 0 0.340848780345
13.32 0 0.338619138405
13.33 0 0.340600358454
13.34 0 0.340602120773
13.35 0 0.340602120773
13.36 0 0.343210015269
13.37 0 0.351222908254
13.38 0 0.352958463043
13.39 0 0.352212647624
13.4 0 0.354358573442
13.41 0 0.353306885044
13.42 0 0.353306885044
13.43 0 0.360308038882
13.44 0 0.36252594476
13.45 0 0.363532541199
13.46 0 0.363251196883
13.47 0 0.362403928291
13.48 0 0.36176257379
13.49 0 0.36176257379
13.5 0 0.36176257379
13.51 0 0.360284133894
13.52 0 0.359581232224
13.53 0 0.359350040252
13.54 0 0.359195693791
13.55 0 0.359289593612
13.56 0 0.359230451989
13.57 0 0.359104320083
13.58 0 0.358289339275
13.59 0 0.358289339275
13.6 0 0.359342150592
13.61 0 0.359749921815
13.62 0 0.359651871131
13.63 0 0.359622733262
13.64 0 0.359622733262
13.65 0 0.358787482257
13.66 0 0.358647693316
13.67 0 0.356746590478
13.68 0 0.353941391474
13.69 0 0.351763659239
13.7 0 0.351398286883
13.71 0 0.351438204388
13.72 0 0.351454808744
13.73 0 0.351249381436
13.74 0 0.350348015338
13.75 0 0.349973920085
13.76 0 0.350444895104
13.77 0 0.350245976483
13.78 0 0.350502696443
13.79 0 0.350526926057
13.8 0 0.352170585968
13.81 0 0.35257349315
13.82 0 0.35334182264
13.83 0 0.353735931872
13.84 0 0.353662274934
13.85 0 0.353215409121
13.86 0 0.353243258915
13.87 0 0.354052764645
13.88 0 0.354038667506
13.89 0 0.354299519259
13.9 0 0.355857314753
13.91 0 0.356790098071
13.92 0 0.357731492309
13.93 0 0.357951185639
13.94 0 0.357951185639
13.95 0 0.357951185639
13.96 0 0.361396724342
13.97 0 0.361396724342
13.98 0 0.364689742555
13.99 0 0.36566691107
14.0 0 0.366382549617
14.01 0 0.369959675449
14.02 0 0.370978976427
14.03 0 0.371455731452
14.04 0 0.374686395451
14.05 0 0.376295604852
14.06 0 0.379115347818
14.07 0 0.381528575521
14.08 0 0.380197436607
14.09 0 0.385772835834
14.1 0 0.385772835834
14.11 0 0.385144168126
14.12 0 0.383526662493
14.13 0 0.383613271774
14.14 0 0.384545136662
14.15 0 0.385643550453
14.16 0 0.385643550453
14.17 0 0.387663849198
14.18 0 0.388318974579
14.19 0 0.389485634153
14.2 0 0.392553196374
14.21 0 0.395065732989
14.22 0 0.395065732989
14.23 0 0.395065732989
14.24 0 0.401497209538
14.25 0 0.402519921272
14.26 0 0.40289993016
14.27 0 0.402539519713
14.28 0 0.402539519713
14.29 0 0.402539519713
14.3 0 0.402253534563
14.31 0 0.402207982284
14.32 0 0.402049248678
14.33 0 0.400684683281
14.34 0 0.399982623514
14.35 0 0.399894795599
14.36 0 0.398329751799
14.37 0 0.394257255887
14.38 0 0.3923359975
14.39 0 0.391646796622
14.4 0 0.391384151916
14.41 0 0.390961653528
14.42 0 0.391664839096
14.43 0 0.391454819058
14.44 0 0.391454819058
14.45 0 0.388813481434
14.46 0 0.387146645852
14.47 0 0.383801706901
14.48 0 0.379991116208
14.49 0 0.379561230689
14.5 0 0.379169279422
14.51 0 0.379465868626
14.52 0 0.380750651818
14.53 0 0.381898454023
14.54 0 0.382829798503
14.55 0 0.382761292855
14.56 0 0.380370235774
14.57 0 0.380330118316
14.58 0 0.38126091647
14.59 0 0.38126091647
14.6 0 0.38126091647
14.61 0 0.383244464273
14.62 0 0.384027559907
14.63 0 0.384027559907
14.64 0 0.384027559907
14.65 0 0.388377984647
14.66 0 0.388426736763
14.67 0 0.388516830951
14.68 0 0.390175880864
14.69 0 0.390111726524
14.7 0 0.390550177633
14.71 0 0.390550177633
14.72 0 0.393174108728
14.73 0 0.39403823839
14.74 0 0.394513693455
14.75 0 0.39496541783
14.76 0 0.395061862824
14.77 0 0.398154866477
14.78 0 0.398576817119
14.79 0 0.399979796899
14.8 0 0.400529180694
14.81 0 0.40275950442
14.82 0 0.40275950442
14.83 0 0.40805034613
14.84 0 0.409318389791
14.85 0 0.41050342622
14.86 0 0.415467356079
14.87 0 0.417283280946
14.88 0 0.417283280946
14.89 0 0.417283280946
14.9 0 0.417128224924
14.91 0 0.41719780757
14.92 0 0.418219409375
14.93 0 0.418224563504
14.94 0 0.418224563504
14.95 0 0.416955536565
14.96 0 0.42056605686
14.97 0 0.425885934263
14.98 0 0.428964389648
14.99 0 0.42939027686
15.0 0 0.431177063497
15.01 0 0.434099963003
15.02 0 0.43724309996
15.03 0 0.439149553598
15.04 0 0.439519247357
15.05 0 0.439015415455
15.06 0 0.438270264299
15.07 0 0.438270264299
15.08 0 0.437627817575
15.09 0 0.436660241439
15.1 0 0.43629888341
15.11 0 0.435044006606
15.12 0 0.434164958156
15.13 0 0.433696651454
15.14 0 0.433696651454
15.15 0 0.433696651454
15.16 0 0.433696651454
15.17 0 0.427529990042
15.18 0 0.424677475832
15.19 0 0.424312915871
15.2 0 0.42389426064
15.21 0 0.423074460494
15.22 0 0.420663206646
15.23 0 0.420663206646
15.24 0 0.420223357176
15.25 0 0.416573052485
15.26 0 0.41478271835
15.27 0 0.41478271835
15.28 0 0.411497021756
15.29 0 0.411508557927
15.3 0 0.411508557927
15.31 0 0.412083234369
15.32 0 0.413118289577
15.33 0 0.414845297144
15.34 0 0.415792201302
15.35 0 0.416390185702
15.36 0 0.418050402961
15.37 0 0.418953532734
15.38 0 0.418953532734
15.39 0 0.418953532734
15.4 0 0.418953532734
15.41 0 0.420046992147
15.42 0 0.419966664409
15.43 0 0.420377470449
15.44 0 0.420812206461
15.45 0 0.420812206461
15.46 0 0.420812206461
15.47 0 0.422376106601
15.48 0 0.423601646158
15.49 0 0.423838619651
15.5 0 0.423838619651
15.51 0 0.423838619651
15.52 0 0.427219526628
15.53 0 0.427514572013
15.54 0 0.427651767864
15.55 0 0.430101855792
15.56 0 0.430003672255
15.57 0 0.434384436324
15.58 0 0.434384436324
15.59 0 0.434384436324
15.6 0 0.435712183659
15.61 0 0.439039889119
15.62 0 0.440444169786
15.63 0 0.440444169786
15.64 0 0.440362071292
15.65 0 0.439302351443
15.66 0 0.439682128843
15.67 0 0.44290865821
15.68 0 0.448772078519
15.69 0 0.451546744207
15.7 0 0.451546744207
15.71 0 0.451546744207
15.72 0 0.451546744207
15.73 0 0.453700465341
15.74 0 0.4587600918
15.75 0 0.460207520001
15.76 0 0.462601489308
15.77 0 0.464100266547
15.78 0 0.464474484024
15.79 0 0.464474484024
15.8 0 0.468101810716
15.81 0 0.468472433836
15.82 0 0.469031380161
15.83 0 0.47048433216
15.84 0 0.471413943318
15.85 0 0.47198554594
15.86 0 0.471968749212
15.87 0 0.471810905107
15.88 0 0.472184299316
15.89 0 0.471429210479
15.9 0 0.471128385782
15.91 0 0.47078997954
15.92 0 0.471060736831
15.93 0 0.471060736831
15.94 0 0.46798017964
15.95 0 0.467131995978
15.96 0 0.467131995978
15.97 0 0.464792966485
15.98 0 0.46433654987
15.99 0 0.462579388057
16.0 0 0.462579388057
16.01 0 0.462579388057
16.02 0 0.457612941714
16.03 0 0.457449153149
16.04 0 0.45630233759
16.05 0 0.45630233759
16.06 0 0.445709608993
16.07 0 0.443807260606
16.08 0 0.44347606015
16.09 0 0.441828098826
16.1 0 0.440611034128
16.11 0 0.441017599853
16.12 0 0.443638166305
16.13 0 0.44490410415
16.14 0 0.446523278333
16.15 0 0.446730797106
16.16 0 0.447698870215
16.17 0 0.448696636625
16.18 0 0.448955674912
16.19 0 0.449408923312
16.2 0 0.450064925821
16.21 0 0.451260017539
16.22 0 0.451803570722
16.23 0 0.451899632391
16.24 0 0.453278666708
16.25 0 0.453331085708
16.26 0 0.453331085708
16.27 0 0.453331085708
16.28 0 0.454291375442
16.29 0 0.454904096743
16.3 0 0.454913479554
16.31 0 0.455533025788
16.32 0 0.457650739576
16.33 0 0.459461088176
16.34 0 0.459461088176
16.35 0 0.459461088176
16.36 0 0.467467798578
16.37 0 0.467467798578
16.38 0 0.467467798578
16.39 0 0.469950959936
16.4 0 0.473182414609
16.41 0 0.469303614333
16.42 0 0.468850476771
16.43 0 0.468850476771
16.44 0 0.467152803185
16.45 0 0.470212064005
16.46 0 0.466020852568
16.47 0 0.460537184571
16.48 0 0.459869192977
16.49 0 0.462807923825
16.5 0 0.463918940525
16.51 0 0.463918940525
16.52 0 0.471440075816
16.53 0 0.476537385513
16.54 0 0.484633265289
16.55 0 0.484633265289
16.56 0 0.492748879327
16.57 0 0.494263963694
16.58 0 0.494747220323
16.59 0 0.493333059027
16.6 0 0.492877916771
16.61 0 0.493810802976
16.62 0 0.493810802976
16.63 0 0.493810802976
16.64 0 0.494349896177
16.65 0 0.49461677559
16.66 0 0.496085337928
16.67 0 0.496338572718
16.68 0 0.496338572718
16.69 0 0.496192307906
16.7 0 0.495622124582
16.71 0 0.495730529664
16.72 0 0.495346695238
16.73 0 0.494513184933
16.74 0 0.492934233256
16.75 0 0.491616218907
16.76 0 0.491616218907
16.77 0 0.490125224615
16.78 0 0.49011761146
16.79 0 0.48893983121
16.8 0 0.489062516988
16.81 0 0.489062516988
16.82 0 0.487155014197
16.83 0 0.486587301817
16.84 0 0.486237818844
16.85 0 0.485301075692
16.86 0 0.486267924938
16.87 0 0.486267924938
16.88 0 0.487457499311
16.89 0 0.487457499311
16.9 0 0.487457499311
16.91 0 0.48922813526
16.92 0 0.489060765039
16.93 0 0.49133783348
16.94 0 0.4915528505
16.95 0 0.495043786523
16.96 0 0.496890630947
16.97 0 0.496890630947
16.98 0 0.496890630947
16.99 0 0.496890630947
17.0 0 0.497268225819
17.01 0 0.49704239989
17.02 0 0.496540139862
17.03 0 0.496540139862
17.04 0 0.496328906754
17.05 0 0.497228715864
17.06 0 0.497479939696
17.07 0 0.498162927169
17.08 0 0.498162927169
17.09 0 0.498162927169
17.1 0 0.501846926756
17.11 0 0.50306402761
17.12 0 0.505914472112
17.13 0 0.506181241116
17.14 0 0.506181241116
17.15 0 0.510703182174
17.16 0 0.511144810699
17.17 0 0.51215684766
17.18 0 0.516020211804
17.19 0 0.516535094824
17.2 0 0.517858803299
17.21 0 0.517904231304
17.22 0 0.519188833907
17.23 0 0.518866801723
17.24 0 0.52073849126
17.25 0 0.520851340152
17.26 0 0.522615120728
17.27 0 0.522615120728
17.28 0 0.529571621708
17.29 0 0.531785668294
17.3 0 0.531532244669
17.31 0 0.531723328297
17.32 0 0.530900735354
17.33 0 0.530963634799
17.34 0 0.532942638443
17.35 0 0.537131427711
17.36 0 0.538512654446
17.37 0 0.540045415573
17.38 0 0.539743641758
17.39 0 0.539566524424
17.4 0 0.53909187745
17.41 0 0.5385478779
17.42 0 0.538927423084
17.43 0 0.539351209756
17.44 0 0.539660784195
17.45 0 0.539746368773
17.46 0 0.53952939035
17.47 0 0.53852501362
17.48 0 0.537579879849
17.49 0 0.537292697149
17.5 0 0.536689793078
17.51 0 0.536985728578
17.52 0 0.536985728578
17.53 0 0.535197028524
17.54 0 0.536176070121
17.55 0 0.536683152698
17.56 0 0.537081519601
17.57 0 0.537010083374
17.58 0 0.533475826793
17.59 0 0.532912783459
17.6 0 0.532744413145
17.61 0 0.531905998639
17.62 0 0.528493361009
17.63 0 0.528493361009
17.64 0 0.524382268637
17.65 0 0.519469877221
17.66 0 0.518369869062
17.67 0 0.518086195855
17.68 0 0.518086195855
17.69 0 0.51759745226
17.7 0 0.52061875941
17.71 0 0.522295888994
17.72 0 0.524915964828
17.73 0 0.526408102443
17.74 0 0.526408102443
17.75 0 0.531229268172
17.76 0 0.532410656666
17.77 0 0.532961948317
17.78 0 0.535163253988
17.79 0 0.537052217146
17.8 0 0.539029565332
17.81 0 0.540036998414
17.82 0 0.540036998414
17.83 0 0.540036998414
17.84 0 0.540614026207
17.85 0 0.541595630805
17.86 0 0.543407682681
17.87 0 0.543765896031
17.88 0 0.545519373313
17.89 0 0.546543124735
17.9 0 0.54563075174
17.91 0 0.545992658463
17.92 0 0.54532127889
17.93 0 0.545327910533
17.94 0 0.548304714952
17.95 0 0.550388559133
17.96 0 0.554224617428
17.97 0 0.553905125509
17.98 0 0.553841474316
17.99 0 0.555036159899
18.0 0 0.554956212016
18.01 0 0.554464213587
18.02 0 0.553228414924
18.03 0 0.552872191551
18.04 0 0.552119834879
18.05 0 0.55147721405
18.06 0 0.551957644859
18.07 0 0.550006738121
18.08 0 0.547892603639
18.09 0 0.547892603639
18.1 0 0.547892603639
18.11 0 0.556824601562
18.12 0 0.556824601562
18.13 0 0.556824601562
18.14 0 0.556824601562
18.15 0 0.574669853613
18.16 0 0.575903496852
18.17 0 0.575798124808
18.18 0 0.575798124808
18.19 0 0.576013864881
18.2 0 0.576600616787
18.21 0 0.577444038613
18.22 0 0.577346843267
18.23 0 0.577253096979
18.24 0 0.576927871983
18.25 0 0.577171930301
18.26 0 0.57703923039
18.27 0 0.575772178233
18.28 0 0.574169872327
18.29 0 0.571016676849
18.3 0 0.570145925011
18.31 0 0.570145925011
18.32 0 0.565921397739
18.33 0 0.565314876108
18.34 0 0.565227845728
18.35 0 0.565777001407
18.36 0 0.564539452704
18.37 0 0.562885798385
18.38 0 0.560546265572
18.39 0 0.560546265572
18.4 0 0.556529522312
18.41 0 0.555687572564
18.42 0 0.555268967588
18.43 0 0.552969140126
18.44 0 0.552844379633
18.45 0 0.552844379633
18.46 0 0.552844379633
18.47 0 0.553860464378
18.48 0 0.554375475223
18.49 0 0.555256649262
18.5 0 0.555875618353
18.51 0 0.556222548657
18.52 0 0.557220891725
18.53 0 0.557717377581
18.54 0 0.558327231427
18.55 0 0.559666617495
18.56 0 0.56037968841
18.57 0 0.56119958145
18.58 0 0.561456905382
18.59 0 0.562859712446
18.6 0 0.563617402037
18.61 0 0.565351287449
18.62 0 0.565797193774
18.63 0 0.565797193774
18.64 0 0.568255025253
18.65 0 0.568838069272
18.66 0 0.56915618102
18.67 0 0.569433250255
18.68 0 0.572498880458
18.69 0 0.573958190294
18.7 0 0.575416090604
18.71 0 0.577513128286
18.72 0 0.578152018947
18.73 0 0.579456282379
18.74 0 0.579456282379
18.75 0 0.584234106567
18.76 0 0.584952270669
18.77 0 0.586123266958
18.78 0 0.585737393276
18.79 0 0.585737393276
18.8 0 0.585737393276
18.81 0 0.586078762002
18.82 0 0.583733564214
18.83 0 0.582661518366
18.84 0 0.582756315714
18.85 0 0.582486085646
18.86 0 0.59110589076
18.87 0 0.591445884932
18.88 0 0.591550248572
18.89 0 0.591550248572
18.9 0 0.593485805965
18.91 0 0.598382414902
18.92 0 0.599550399013
18.93 0 0.599550399013
18.94 0 0.607497032919
18.95 0 0.607447665903
18.96 0 0.607447665903
18.97 0 0.607447665903
18.98 0 0.608925880974
18.99 0 0.610152715275
19.0 0 0.610833829327
19.01 0 0.610833829327
19.02 0 0.610833829327
19.03 0 0.613411340106
19.04 0 0.613410416274
19.05 0 0.612879185359
19.06 0 0.612905406158
19.07 0 0.610971466764
19.08 0 0.610592924934
19.09 0 0.610194011996
19.1 0 0.609109447286
19.11 0 0.609582840341
19.12 0 0.61049108962
19.13 0 0.609946427997
19.14 0 0.607493428556
19.15 0 0.606550554844
19.16 0 0.606550554844
19.17 0 0.604053344747
19.18 0 0.602597088892
19.19 0 0.601284581895
19.2 0 0.600414139663
19.21 0 0.598845416567
19.22 0 0.598012504879
19.23 0 0.596049899277
19.24 0 0.59486538221
19.25 0 0.595633360969
19.26 0 0.595722152017
19.27 0 0.596590606939
19.28 0 0.59708525569
19.29 0 0.598198205299
19.3 0 0.599430940705
19.31 0 0.601040964552
19.32 0 0.602560350644
19.33 0 0.603990085253
19.34 0 0.605121125258
19.35 0 0.605121125258
19.36 0 0.607395797048
19.37 0 0.609779747673
19.38 0 0.610173820329
19.39 0 0.612640667775
19.4 0 0.613683233303
19.41 0 0.613837450704
19.42 0 0.613328162597
19.43 0 0.61330597735
19.44 0 0.613666377924
19.45 0 0.614556557206
19.46 0 0.616287984178
19.47 0 0.617035595941
19.48 0 0.617508763465
19.49 0 0.620418684562
19.5 0 0.620741332202
19.51 0 0.624560748505
19.52 0 0.626147954744
19.53 0 0.626147954744
19.54 0 0.630120931966
19.55 0 0.630939499663
19.56 0 0.630435318857
19.57 0 0.628794447642
19.58 0 0.629890623776
19.59 0 0.628475982694
19.6 0 0.627843725791
19.61 0 0.627843725791
19.62 0 0.627742528995
19.63 0 0.627742528995
19.64 0 0.629018945715
19.65 0 0.627579658355
19.66 0 0.626103510178
19.67 0 0.631913402725
19.68 0 0.633124046678
19.69 0 0.633124046678
19.7 0 0.633124046678
19.71 0 0.641555412662
19.72 0 0.644973520027
19.73 0 0.647504396768
19.74 0 0.648601154421
19.75 0 0.648601154421
19.76 0 0.650939424644
19.77 0 0.651294241026
19.78 0 0.650829116674
19.79 0 0.651028107402
19.8 0 0.651489218735
19.81 0 0.652065801652
19.82 0 0.652110480793
19.83 0 0.651817396418
19.84 0 0.651608456781
19.85 0 0.651608456781
19.86 0 0.651608456781
19.87 0 0.644622655784
19.88 0 0.644622655784
19.89 0 0.640484718802
19.9 0 0.640472312646
19.91 0 0.639927355541
19.92 0 0.638806939733
19.93 0 0.638587980855
19.94 0 0.638308374203
19.95 0 0.637627397665
19.96 0 0.637257599519
19.97 0 0.637257599519
19.98 0 0.634663035501
19.99 0 0.633056971231
20.0 0 0.630888926322
20.01 0 0.628974800389
20.02 0 0.628523696328
20.03 0 0.628058047482
20.04 0 0.62832940031
20.05 0 0.629597221836
20.06 0 0.631219928083
20.07 0 0.631727539435
20.08 0 0.632910340049
20.09 0 0.633017999274
20.1 0 0.633622955235
20.11 0 0.634297903504
20.12 0 0.63483276958
20.13 0 0.63483276958
20.14 0 0.635997114217
20.15 0 0.637251994102
20.16 0 0.638493436524
20.17 0 0.640571252351
20.18 0 0.641645114236
20.19 0 0.642125239364
20.2 0 0.642411915316
20.21 0 0.642411915316
20.22 0 0.643172071795
20.23 0 0.64272743607
20.24 0 0.643182761525
20.25 0 0.64416760375
20.26 0 0.64416760375
20.27 0 0.647032004693
20.28 0 0.652409765132
20.29 0 0.652765735055
20.3 0 0.653602140932
20.31 0 0.654057289021
20.32 0 0.654166171339
20.33 0 0.654380495344
20.34 0 0.654470262251
20.35 0 0.656114141232
20.36 0 0.656681414917
20.37 0 0.656444975659
20.38 0 0.655591834818
20.39 0 0.654175777156
20.4 0 0.654009476984
20.41 0 0.65416237512
20.42 0 0.654372256236
20.43 0 0.649600419711
20.44 0 0.659157803995
20.45 0 0.662235478159
20.46 0 0.665087832799
20.47 0 0.662765838972
20.48 0 0.663913162661
20.49 0 0.666511918796
20.5 0 0.670944275444
20.51 0 0.675748915295
20.52 0 0.677636719023
20.53 0 0.678413464026
20.54 0 0.678407629548
20.55 0 0.679271705384
20.56 0 0.679314481075
20.57 0 0.681551039694
20.58 0 0.681551039694
20.59 0 0.682272306385
20.6 0 0.683012135647
20.61 0 0.681617685751
20.62 0 0.682590089168
20.63 0 0.681779482174
20.64 0 0.680659085579
20.65 0 0.679881178243
20.66 0 0.679527734639
20.67 0 0.678672660317
20.68 0 0.679069096967
20.69 0 0.67606345972
20.7 0 0.676088910133
20.71 0 0.676088910133
20.72 0 0.676818578645
20.73 0 0.675982970198
20.74 0 0.676093491238
20.75 0 0.67483684597
20.76 0 0.672527063707
20.77 0 0.672438097872
20.78 0 0.671121426474
20.79 0 0.668725114059
20.8 0 0.668725114059
20.81 0 0.666096656964
20.82 0 0.664732144349
20.83 0 0.66194913404
20.84 0 0.661820981319
20.85 0 0.662380798588
20.86 0 0.662380798588
20.87 0 0.661330745754
20.88 0 0.663554525509
20.89 0 0.665444683335
20.9 0 0.666086889382
20.91 0 0.666749172139
20.92 0 0.669362697059
20.93 0 0.669546892077
20.94 0 0.671594927152
20.95 0 0.674273844057
20.96 0 0.677838091302
20.97 0 0.678988212854
20.98 0 0.679217063188
20.99 0 0.679217063188
21.0 0 0.679898134893
21.01 0 0.679432184638
21.02 0 0.679324880514
21.03 0 0.680384140978
21.04 0 0.680482634855
21.05 0 0.683180140465
21.06 0 0.68460430193
21.07 0 0.685980848282
21.08 0 0.687577687666
21.09 0 0.687577687666
21.1 0 0.691226612397
21.11 0 0.691526371631
21.12 0 0.691519201183
21.13 0 0.694051130505
21.14 0 0.694051130505
21.15 0 0.694051130505
21.16 0 0.692978920987
21.17 0 0.690355212704
21.18 0 0.689813226254
21.19 0 0.689548774668
21.2 0 0.689204160765
21.21 0 0.68904531022
21.22 0 0.691131264598
21.23 0 0.687215182134
21.24 0 0.692721809153
21.25 0 0.693057862385
21.26 0 0.701966298341
21.27 0 0.702650318185
21.28 0 0.709318722692
21.29 0 0.712276438002
21.3 0 0.714504525462
21.31 0 0.714833351985
21.32 0 0.715023733232
21.33 0 0.715167223277
21.34 0 0.715167223277
21.35 0 0.713243634443
21.36 0 0.712535830315
21.37 0 0.712860743709
21.38 0 0.712751397472
21.39 0 0.712751397472
21.4 0 0.712731742377
21.41 0 0.711508833505
21.42 0 0.711508833505
21.43 0 0.7100594616
21.44 0 0.709834337824
21.45 0 0.709821539605
21.46 0 0.709821539605
21.47 0 0.707076274597
21.48 0 0.707684728341
21.49 0 0.707806990207
21.5 0 0.708131982111
21.51 0 0.708788624123
21.52 0 0.708265233993
21.53 0 0.708265233993
21.54 0 0.706244289552
21.55 0 0.70318474907
21.56 0 0.701759221107
21.57 0 0.699715270858
21.58 0 0.699583183357
21.59 0 0.699583183357
21.6 0 0.699583183357
21.61 0 0.699722658044
21.62 0 0.699658090909
21.63 0 0.70078267017
21.64 0 0.702128489366
21.65 0 0.702849120781
21.66 0 0.70548109743
21.67 0 0.710010573908
21.68 0 0.711409233438
21.69 0 0.712425806388
21.7 0 0.71255209796
21.71 0 0.712499108598
21.72 0 0.71448810627
21.73 0 0.716147222081
21.74 0 0.716147222081
21.75 0 0.721320757922
21.76 0 0.720958083851
21.77 0 0.721293567418
21.78 0 0.721552642854
21.79 0 0.72203682739
21.8 0 0.721933921125
21.81 0 0.721625071442
21.82 0 0.722594124613
21.83 0 0.725142162877
21.84 0 0.72699683428
21.85 0 0.726949955668
21.86 0 0.730588972786
21.87 0 0.729795957947
21.88 0 0.729795957947
21.89 0 0.729795957947
21.9 0 0.734583309345
21.91 0 0.734394535909
21.92 0 0.732294641398
21.93 0 0.735451583871
21.94 0 0.73536612986
21.95 0 0.734630777581
21.96 0 0.733213580916
21.97 0 0.732089829356
21.98 0 0.729590510579
21.99 0 0.73213592646
22.0 0 0.729042795121
22.01 0 0.729042795121
22.02 0 0.728637024618
22.03 0 0.735044082681
22.04 0 0.73388704085
22.05 0 0.73388704085
22.06 0 0.73388704085
22.07 0 0.73388704085
22.08 0 0.74730764382
22.09 0 0.75139371973
22.1 0 0.751764815195
22.11 0 0.751493660989
22.12 0 0.751832578258
22.13 0 0.7515670273
22.14 0 0.7515670273
22.15 0 0.7515670273
22.16 0 0.749527048897
22.17 0 0.7496440699
22.18 0 0.7496440699
22.19 0 0.748673696189
22.2 0 0.748751209713
22.21 0 0.748520563753
22.22 0 0.748799145076
22.23 0 0.748165526811
22.24 0 0.747320998795
22.25 0 0.747320998795
22.26 0 0.747320998795
22.27 0 0.744776492802
22.28 0 0.744838008671
22.29 0 0.742885388023
22.3 0 0.742276352073
22.31 0 0.74140441854
22.32 0 0.74140441854
22.33 0 0.74140441854
22.34 0 0.744983915261
22.35 0 0.744983915261
22.36 0 0.742364645751
22.37 0 0.742364645751
22.38 0 0.742364645751
22.39 0 0.742364645751
22.4 0 0.740516971001
22.41 0 0.740637645396
22.42 0 0.740625109327
22.43 0 0.741068497349
22.44 0 0.741068497349
22.45 0 0.741068497349
22.46 0 0.741908924361
22.47 0 0.741908924361
22.48 0 0.744702455964
22.49 0 0.745977399141
22.5 0 0.747830702529
22.51 0 0.748142271041
22.52 0 0.749068287178
22.53 0 0.749068287178
22.54 0 0.749068287178
22.55 0 0.752326148841
22.56 0 0.752326148841
22.57 0 0.756084548437
22.58 0 0.75599776143
22.59 0 0.756218670607
22.6 0 0.756218670607
22.61 0 0.756867903134
22.62 0 0.758547940085
22.63 0 0.759873975071
22.64 0 0.762350124187
22.65 0 0.762723993693
22.66 0 0.763845625067
22.67 0 0.766453720964
22.68 0 0.766161417437
22.69 0 0.766188009519
22.7 0 0.766079482651
22.71 0 0.76586765858
22.72 0 0.765759920667
22.73 0 0.765729464697
22.74 0 0.762361819182
22.75 0 0.761202709105
22.76 0 0.758818663473
22.77 0 0.756257758231
22.78 0 0.756257758231
22.79 0 0.759992265102
22.8 0 0.761233279264
22.81 0 0.765446912468
22.82 0 0.76543425875
22.83 0 0.76543425875
22.84 0 0.764612174064
22.85 0 0.768871576292
22.86 0 0.769562311881
22.87 0 0.773867710419
22.88 0 0.77710764053
22.89 0 0.77801998422
22.9 0 0.778105655679
22.91 0 0.778078419857
22.92 0 0.778791894511
22.93 0 0.779101913097
22.94 0 0.780465669987
22.95 0 0.782230121141
22.96 0 0.782284517236
22.97 0 0.783355082826
22.98 0 0.783930854933
22.99 0 0.78383981683
23.0 0 0.782509464376
23.01 0 0.780198716867
23.02 0 0.780198716867
23.03 0 0.777221693344
23.04 0 0.776430990782
23.05 0 0.77618780252
23.06 0 0.77618780252
23.07 0 0.776208964971
23.08 0 0.77715991102
23.09 0 0.778400386413
23.1 0 0.778866863905
23.11 0 0.778389736703
23.12 0 0.778389736703
23.13 0 0.777397941654
23.14 0 0.777922498376
23.15 0 0.778405919516
23.16 0 0.778391521379
23.17 0 0.778354586258
23.18 0 0.778241416673
23.19 0 0.777316846685
23.2 0 0.777233787622
23.21 0 0.777050692403
23.22 0 0.777745621547
23.23 0 0.77917891648
23.24 0 0.780677658867
23.25 0 0.781527004933
23.26 0 0.782016782336
23.27 0 0.782222272955
23.28 0 0.782451769422
23.29 0 0.782451769422
23.3 0 0.784599712439
23.31 0 0.786292500894
23.32 0 0.785839264867
23.33 0 0.785654428309
23.34 0 0.784604549423
23.35 0 0.784336566003
23.36 0 0.784019321867
23.37 0 0.784075846981
23.38 0 0.783925741934
23.39 0 0.783972663113
23.4 0 0.785358323177
23.41 0 0.785358323177
23.42 0 0.787835811849
23.43 0 0.795060443568
23.44 0 0.795687605124
23.45 0 0.795478261722
23.46 0 0.795328409177
23.47 0 0.795360918262
23.48 0 0.79489325436
23.49 0 0.79489325436
23.5 0 0.795796139574
23.51 0 0.795625766409
23.52 0 0.793969731732
23.53 0 0.791682894244
23.54 0 0.790256763421
23.55 0 0.790463961891
23.56 0 0.790463961891
23.57 0 0.788176641012
23.58 0 0.782423899009
23.59 0 0.790515686612
23.6 0 0.795490525608
23.61 0 0.796257103561
23.62 0 0.799894515327
23.63 0 0.801813753962
23.64 0 0.808990496942
23.65 0 0.808990496942
23.66 0 0.811252831042
23.67 0 0.810971758806
23.68 0 0.810753559068
23.69 0 0.810163952915
23.7 0 0.809908553156
23.71 0 0.809998457927
23.72 0 0.810530231758
23.73 0 0.811186788946
23.74 0 0.811186788946
23.75 0 0.811186788946
23.76 0 0.81060841683
23.77 0 0.81060841683
23.78 0 0.810367921172
23.79 0 0.810461192345
23.8 0 0.809559549894
23.81 0 0.807764772887
23.82 0 0.806469339908
23.83 0 0.805978318048
23.84 0 0.806096399648
23.85 0 0.807855081234
23.86 0 0.809365577038
23.87 0 0.810212191861
23.88 0 0.809803728262
23.89 0 0.809686479783
23.9 0 0.809686479783
23.91 0 0.807432832044
23.92 0 0.806226302105
23.93 0 0.805825988697
23.94 0 0.8055343171
23.95 0 0.80529909484
23.96 0 0.80529909484
23.97 0 0.805160716879
23.98 0 0.80515279045
23.99 0 0.805228192587
24.0 0 0.805285727926
24.01 0 0.805285727926
24.02 0 0.811367128167
24.03 0 0.812967285161
24.04 0 0.813797357574
24.05 0 0.814476526251
24.06 0 0.81467627181
24.07 0 0.81467627181
24.08 0 0.81467627181
24.09 0 0.816348463169
24.1 0 0.81743626344
24.11 0 0.819462259986
24.12 0 0.819462259986
24.13 0 0.819462259986
24.14 0 0.820559381368
24.15 0 0.819993884814
24.16 0 0.819993884814
24.17 0 0.819664829976
24.18 0 0.820291336013
24.19 0 0.822511793146
24.2 0 0.822511793146
24.21 0 0.825929128409
24.22 0 0.82818840841
24.23 0 0.82837232345
24.24 0 0.82837232345
24.25 0 0.827780810645
24.26 0 0.826541094142
24.27 0 0.825365269811
24.28 0 0.825365269811
24.29 0 0.825528330129
24.3 0 0.8250254858
24.31 0 0.8237183867
24.32 0 0.821726416079
24.33 0 0.821370153703
24.34 0 0.819417914528
24.35 0 0.820561874837
24.36 0 0.823562230688
24.37 0 0.82664539121
24.38 0 0.82664539121
24.39 0 0.826035578979
24.4 0 0.831819310784
24.41 0 0.83804716625
24.42 0 0.842581901027
24.43 0 0.846383418068
24.44 0 0.851074050984
24.45 0 0.852374922718
24.46 0 0.854327343135
24.47 0 0.854327343135
24.48 0 0.853878358096
24.49 0 0.852640713209
24.5 0 0.851462834792
24.51 0 0.851064843892
24.52 0 0.850716312062
24.53 0 0.851165476066
24.54 0 0.851954419792
24.55 0 0.853273558938
24.56 0 0.85439452272
24.57 0 0.854749702792
24.58 0 0.855640004473
24.59 0 0.855468126173
24.6 0 0.854772099544
24.61 0 0.852777913633
24.62 0 0.851902741649
24.63 0 0.850917125866
24.64 0 0.851459733708
24.65 0 0.85101842884
24.66 0 0.850480013042
24.67 0 0.847566100036
24.68 0 0.846455842792
24.69 0 0.844099066487
24.7 0 0.840180783861
24.71 0 0.835047280784
24.72 0 0.83452239201
24.73 0 0.834178945367
24.74 0 0.833478737565
24.75 0 0.833393492466
24.76 0 0.833409157384
24.77 0 0.832514144999
24.78 0 0.833396496008
24.79 0 0.83459912804
24.8 0 0.83518813919
24.81 0 0.836742758485
24.82 0 0.837981201334
24.83 0 0.838997658181
24.84 0 0.840082384291
24.85 0 0.841668278979
24.86 0 0.840883120793
24.87 0 0.841529425162
24.88 0 0.841529425162
24.89 0 0.841529425162
24.9 0 0.846930609959
24.91 0 0.847713983425
24.92 0 0.847713983425
24.93 0 0.847713983425
24.94 0 0.850064510413
24.95 0 0.850064510413
24.96 0 0.854162410248
24.97 0 0.853806875904
24.98 0 0.854151882726
24.99 0 0.853447783632
25.0 0 0.857397128879
25.01 0 0.857416737712
25.02 0 0.862938913713
25.03 0 0.863210439134
25.04 0 0.863321391094
25.05 0 0.863321391094
25.06 0 0.857084112859
25.07 0 0.854509624582
25.08 0 0.854509624582
25.09 0 0.854509624582
25.1 0 0.854509624582
25.11 0 0.85592136302
25.12 0 0.860172268262
25.13 0 0.857949626639
25.14 0 0.85691011347
25.15 0 0.866202649901
25.16 0 0.866765113733
25.17 0 0.865700862007
25.18 0 0.865392358421
25.19 0 0.866352264394
25.2 0 0.867164694839
25.21 0 0.873929556548
25.22 0 0.878098606001
25.23 0 0.877574557371
25.24 0 0.878988781147
25.25 0 0.880782679515
25.26 0 0.881118268827
25.27 0 0.881118268827
25.28 0 0.882019640847
25.29 0 0.883646609962
25.3 0 0.884338240087
25.31 0 0.88414179627
25.32 0 0.882809171338
25.33 0 0.882827184073
25.34 0 0.88029744273
25.35 0 0.878628395431
25.36 0 0.876324881503
25.37 0 0.875953190132
25.38 0 0.875895649028
25.39 0 0.874942445725
25.4 0 0.874161525017
25.41 0 0.874155430612
25.42 0 0.874458204904
25.43 0 0.875379964191
25.44 0 0.875379964191
25.45 0 0.875446261248
25.46 0 0.875036168575
25.47 0 0.872383367437
25.48 0 0.871272697067
25.49 0 0.870390737315
25.5 0 0.869875315871
25.51 0 0.869755373191
25.52 0 0.869114826458
25.53 0 0.868339263868
25.54 0 0.867538118528
25.55 0 0.866345860239
25.56 0 0.866161455445
25.57 0 0.8664314366
25.58 0 0.868600423833
25.59 0 0.871190740646
25.6 0 0.873379014943
25.61 0 0.873666152172
25.62 0 0.873666152172
25.63 0 0.874742225235
25.64 0 0.874742225235
25.65 0 0.877974686195
25.66 0 0.879145759774
25.67 0 0.878344280288
25.68 0 0.878996307454
25.69 0 0.878996307454
25.7 0 0.882017541971
25.71 0 0.882353454309
25.72 0 0.882353454309
25.73 0 0.88431471469
25.74 0 0.884262559786
25.75 0 0.883635657422
25.76 0 0.886246527273
25.77 0 0.887758927712
25.78 0 0.88927679154
25.79 0 0.889531413987
25.8 0 0.889531413987
25.81 0 0.889531413987
25.82 0 0.889531413987
25.83 0 0.89094117434
25.84 0 0.89045226748
25.85 0 0.88948114481
25.86 0 0.890411320306
25.87 0 0.889355053428
25.88 0 0.88937133848
25.89 0 0.886156860164
25.9 0 0.883922791862
25.91 0 0.882463001329
25.92 0 0.884549907209
25.93 0 0.886435688493
25.94 0 0.886435688493
25.95 0 0.88730782103
25.96 0 0.890590384047
25.97 0 0.88895986389
25.98 0 0.904868283735
25.99 0 0.90582324908
26.0 0 0.908515885321
26.01 0 0.909262266774
26.02 0 0.909262266774
26.03 0 0.909262266774
26.04 0 0.909503129737
26.05 0 0.909503129737
26.06 0 0.909503129737
26.07 0 0.910085493909
26.08 0 0.909629204702
26.09 0 0.912310617316
26.1 0 0.911865645478
26.11 0 0.911072900105
26.12 0 0.910583628516
26.13 0 0.910151850345
26.14 0 0.911697517509
26.15 0 0.913627501174
26.16 0 0.913864524501
26.17 0 0.913864524501
26.18 0 0.908607353871
26.19 0 0.907924624853
26.2 0 0.908066686893
26.21 0 0.906069553211
26.22 0 0.904804878165
26.23 0 0.900789365667
26.24 0 0.899397124967
26.25 0 0.895717631459
26.26 0 0.895025095798
26.27 0 0.893252885554
26.28 0 0.892493590561
26.29 0 0.891911073702
26.3 0 0.891345940842
26.31 0 0.891159560322
26.32 0 0.89088338337
26.33 0 0.890747519508
26.34 0 0.890959696103
26.35 0 0.890954172759
26.36 0 0.892374444715
26.37 0 0.893272157101
26.38 0 0.895295253966
26.39 0 0.897159234012
26.4 0 0.897984246703
26.41 0 0.898654118618
26.42 0 0.900249777358
26.43 0 0.901330573816
26.44 0 0.904276820097
26.45 0 0.904603996727
26.46 0 0.906287227211
26.47 0 0.908605236819
26.48 0 0.908696677817
26.49 0 0.909664498262
26.5 0 0.909934164749
26.51 0 0.910535120014
26.52 0 0.910924848238
26.53 0 0.911895862618
26.54 0 0.911384843224
26.55 0 0.913354925344
26.56 0 0.914259023415
26.57 0 0.914862454234
26.58 0 0.914862454234
26.59 0 0.916365602658
26.6 0 0.915839066685
26.61 0 0.915566834178
26.62 0 0.915566834178
26.63 0 0.915965402867
26.64 0 0.916949059589
26.65 0 0.917889262598
26.66 0 0.918356278965
26.67 0 0.918356278965
26.68 0 0.9165909256
26.69 0 0.915294069498
26.7 0 0.914680696031
26.71 0 0.916345154181
26.72 0 0.922253792491
26.73 0 0.923115850917
26.74 0 0.927692510873
26.75 0 0.928727108003
26.76 0 0.932170594837
26.77 0 0.93273559007
26.78 0 0.933860156648
26.79 0 0.9346710729
26.8 0 0.935114589519
26.81 0 0.935988081632
26.82 0 0.935863932448
26.83 0 0.936141109947
26.84 0 0.935245271192
26.85 0 0.935770416653
26.86 0 0.935770416653
26.87 0 0.935770416653
26.88 0 0.936146031138
26.89 0 0.934977615933
26.9 0 0.93494736206
26.91 0 0.936008960625
26.92 0 0.937488321444
26.93 0 0.940342748578
26.94 0 0.93948287436
26.95 0 0.939652273788
26.96 0 0.937090262988
26.97 0 0.937090262988
26.98 0 0.933426860953
26.99 0 0.933795738788
27.0 0 0.93691150295
27.01 0 0.93691150295
27.02 0 0.940799391816
27.03 0 0.939801227995
27.04 0 0.936330693121
27.05 0 0.934127320481
27.06 0 0.933528575181
27.07 0 0.932876645198
27.08 0 0.932740839763
27.09 0 0.932518587482
27.1 0 0.932528285502
27.11 0 0.932423457134
27.12 0 0.932582747241
27.13 0 0.933198939417
27.14 0 0.934265566404
27.15 0 0.934352064162
27.16 0 0.938139724727
27.17 0 0.940604651266
27.18 0 0.941723439107
27.19 0 0.942969078824
27.2 0 0.942963767579
27.21 0 0.942436649589
27.22 0 0.942618027509
27.23 0 0.942762770564
27.24 0 0.942763438972
27.25 0 0.942834697801
27.26 0 0.942593134364
27.27 0 0.941787581158
27.28 0 0.941787581158
27.29 0 0.941230004559
27.3 0 0.941230004559
27.31 0 0.942134388015
27.32 0 0.942909292145
27.33 0 0.942995182307
27.34 0 0.942995182307
27.35 0 0.94743778419
27.36 0 0.950280890567
27.37 0 0.950280890567
27.38 0 0.951200327863
27.39 0 0.951200327863
27.4 0 0.951519650274
27.41 0 0.948167478018
27.42 0 0.947112798168
27.43 0 0.946178976222
27.44 0 0.943514265115
27.45 0 0.943514265115
27.46 0 0.943514265115
27.47 0 0.944856015591
27.48 0 0.949261784894
27.49 0 0.947139845139
27.5 0 0.94839398675
27.51 0 0.94839398675
27.52 0 0.945155074476
27.53 0 0.947742595309
27.54 0 0.954265311105
27.55 0 0.956599494599
27.56 0 0.959802645976
27.57 0 0.964528179807
27.58 0 0.964528179807
27.59 0 0.971526047554
27.6 0 0.971577508152
27.61 0 0.971360425414
27.62 0 0.971989191162
27.63 0 0.971605212306
27.64 0 0.970570754918
27.65 0 0.970434784644
27.66 0 0.970429629491
27.67 0 0.970235073215
27.68 0 0.970389534081
27.69 0 0.970389534081
27.7 0 0.970450521738
27.71 0 0.969887917877
27.72 0 0.966432588616
27.73 0 0.965677784768
27.74 0 0.965677784768
27.75 0 0.96278456707
27.76 0 0.96278456707
27.77 0 0.963160593983
27.78 0 0.963160593983
27.79 0 0.963482233193
27.8 0 0.963852018553
27.81 0 0.963002015891
27.82 0 0.961341451162
27.83 0 0.961341451162
27.84 0 0.956117980885
27.85 0 0.95488607035
27.86 0 0.953988965821
27.87 0 0.950106178872
27.88 0 0.950106178872
27.89 0 0.950106178872
27.9 0 0.950106178872
27.91 0 0.946549856166
27.92 0 0.944961570114
27.93 0 0.945766228426
27.94 0 0.94934184806
27.95 0 0.949939313045
27.96 0 0.951740653468
27.97 0 0.951584868495
27.98 0 0.952215152238
27.99 0 0.95360814862
28.0 0 0.954689706623
28.01 0 0.955615038776
28.02 0 0.961237669961
28.03 0 0.963471318021
28.04 0 0.963774863666
28.05 0 0.965278973558
28.06 0 0.965853701189
28.07 0 0.965900637693
28.08 0 0.965900637693
28.09 0 0.968664030547
28.1 0 0.968984545963
28.11 0 0.970103715486
28.12 0 0.970103715486
28.13 0 0.970156467902
28.14 0 0.972313418045
28.15 0 0.974220466233
28.16 0 0.97372743745
28.17 0 0.97360567073
28.18 0 0.973316769112
28.19 0 0.974496132455
28.2 0 0.973125839023
28.21 0 0.972031037146
28.22 0 0.971566342614
28.23 0 0.971173797864
28.24 0 0.971798834031
28.25 0 0.968770657249
28.26 0 0.968070067943
28.27 0 0.970670003615
28.28 0 0.970709726784
28.29 0 0.970565613394
28.3 0 0.972083827345
28.31 0 0.974850934021
28.32 0 0.984643109323
28.33 0 0.985766078724
28.34 0 0.988195645835
28.35 0 0.990712462743
28.36 0 0.991820264032
28.37 0 0.991820264032
28.38 0 0.993470055064
28.39 0 0.994230006164
28.4 0 0.994230006164
28.41 0 0.995148057188
28.42 0 0.996600925063
28.43 0 0.996600925063
28.44 0 0.996763254114
28.45 0 0.996983150872
28.46 0 0.996093531588
28.47 0 0.996093531588
28.48 0 0.996093531588
28.49 0 0.996612779579
28.5 0 0.995575696518
28.51 0 0.994395656209
28.52 0 0.992603617268
28.53 0 0.992603617268
28.54 0 0.988357511229
28.55 0 0.987402255579
28.56 0 0.987351742063
28.57 0 0.987429899243
28.58 0 0.987756828809
28.59 0 0.986562544746
28.6 0 0.986163033099
28.61 0 0.985584268062
28.62 0 0.984858603205
28.63 0 0.983755190802
28.64 0 0.983755190802
28.65 0 0.980106245932
28.66 0 0.979178337003
28.67 0 0.979250842507
28.68 0 0.979250842507
28.69 0 0.976830878891
28.7 0 0.977344583313
28.71 0 0.98076570406
28.72 0 0.985012465524
28.73 0 0.98626002444
28.74 0 0.98626002444
28.75 0 0.988618279367
28.76 0 0.988618279367
28.77 0 0.991698058596
28.78 0 0.994998190309
28.79 0 0.998756608658
28.8 0 1.00065621164
28.81 0 1.0028410713
28.82 0 1.00368925107
28.83 0 1.00447994414
28.84 0 1.0053111631
28.85 0 1.00640984019
28.86 0 1.00703793206
28.87 0 1.00780664271
28.88 0 1.0074511253
28.89 0 1.00719404527
28.9 0 1.00610039273
28.91 0 1.00677538438
28.92 0 1.00857359727
28.93 0 1.00997401085
28.94 0 1.01028904135
28.95 0 1.01028904135
28.96 0 1.01133050295
28.97 0 1.01106084278
28.98 0 1.00980109048
28.99 0 1.0080854232
29.0 0 1.00856139126
29.01 0 1.00534478159
29.02 0 1.00915089587
29.03 0 1.00904350392
29.04 0 1.00904350392
29.05 0 1.00904350392
29.06 0 1.01767426699
29.07 0 1.01576205374
29.08 0 1.01982010451
29.09 0 1.02453595769
29.1 0 1.02568468647
29.11 0 1.02533410779
29.12 0 1.02630342879
29.13 0 1.02901867749
29.14 0 1.02901867749
29.15 0 1.02901867749
29.16 0 1.03704014979
29.17 0 1.03848745626
29.18 0 1.04141285169
29.19 0 1.04141285169
29.2 0 1.0407633946
29.21 0 1.04035171619
29.22 0 1.03852627619
29.23 0 1.03704350998
29.24 0 1.03770304832
29.25 0 1.03750417752
29.26 0 1.03874310729
29.27 0 1.03874310729
29.28 0 1.03874310729
29.29 0 1.03224546382
29.3 0 1.03224546382
29.31 0 1.03224546382
29.32 0 1.03471923852
29.33 0 1.03374817426
29.34 0 1.03251248756
29.35 0 1.03264708817
29.36 0 1.03264708817
29.37 0 1.03264708817
29.38 0 1.03423348344
29.39 0 1.03148641535
29.4 0 1.03071851678
29.41 0 1.02688939802
29.42 0 1.02565414436
29.43 0 1.02409666258
29.44 0 1.023766581
29.45 0 1.023766581
29.46 0 1.02208553625
29.47 0 1.02207976529
29.48 0 1.02180705238
29.49 0 1.02390016099
29.5 0 1.02457192192
29.51 0 1.02532751693
29.52 0 1.02532751693
29.53 0 1.02726615511
29.54 0 1.02829757641
29.55 0 1.02829757641
29.56 0 1.02829757641
29.57 0 1.02975596129
29.58 0 1.03147875719
29.59 0 1.03404878562
29.6 0 1.03502749421
29.61 0 1.03502749421
29.62 0 1.0391610726
29.63 0 1.03943027201
29.64 0 1.03913254225
29.65 0 1.03914788528
29.66 0 1.03992762352
29.67 0 1.04086816701
29.68 0 1.04086816701
29.69 0 1.04086816701
29.7 0 1.0409325378
29.71 0 1.04114971315
29.72 0 1.04312088557
29.73 0 1.04504661034
29.74 0 1.04617804478
29.75 0 1.04549298212
29.76 0 1.04510271299
29.77 0 1.04510271299
29.78 0 1.04432245865
29.79 0 1.04233201567
29.8 0 1.04015374777
29.81 0 1.03657370503
29.82 0 1.0415017097
29.83 0 1.04265537142
29.84 0 1.04512610057
29.85 0 1.05176201314
29.86 0 1.05176201314
29.87 0 1.05176201314
29.88 0 1.05176201314
29.89 0 1.06348046574
29.9 0 1.06623871785
29.91 0 1.06808130115
29.92 0 1.06918473415
29.93 0 1.07057748404
29.94 0 1.07139738382
29.95 0 1.07251118578
29.96 0 1.07251118578
29.97 0 1.07251118578
29.98 0 1.07251118578
29.99 0 1.07299798863
30.0 0 1.07165603516
30.01 0 1.07116256801
30.02 0 1.07033101066
30.03 0 1.07048456415
30.04 0 1.07079213657
30.05 0 1.07079213657
30.06 0 1.07079213657
30.07 0 1.07079213657
30.08 0 1.06764859236
30.09 0 1.0631218713
30.1 0 1.0631218713
30.11 0 1.05843600812
30.12 0 1.05685906485
30.13 0 1.05540771235
30.14 0 1.05464111427
30.15 0 1.0531426095
30.16 0 1.05233016155
30.17 0 1.05091497841
30.18 0 1.05031595865
30.19 0 1.04940320369
30.2 0 1.04919005449
30.21 0 1.0482521275
30.22 0 1.04619202573
30.23 0 1.04573097761
30.24 0 1.04547030773
30.25 0 1.04513314633
30.26 0 1.04516297085
30.27 0 1.04485257905
30.28 0 1.04487159404
30.29 0 1.04498894223
30.3 0 1.04693613993
30.31 0 1.04693613993
30.32 0 1.0491560901
30.33 0 1.05066493829
30.34 0 1.05134121797
30.35 0 1.05180042715
30.36 0 1.05180042715
30.37 0 1.05180042715
30.38 0 1.05180042715
30.39 0 1.05487435388
30.4 0 1.05487435388
30.41 0 1.05782525166
30.42 0 1.06010594204
30.43 0 1.06010594204
30.44 0 1.0624145852
30.45 0 1.06389015051
30.46 0 1.06376035054
30.47 0 1.06450033574
30.48 0 1.06383347388
30.49 0 1.06383347388
30.5 0 1.06831478251
30.51 0 1.06858025659
30.52 0 1.07211344057
30.53 0 1.07032602433
30.54 0 1.06983261856
30.55 0 1.06942302246
30.56 0 1.06912933144
30.57 0 1.06938211995
30.58 0 1.06938477019
30.59 0 1.06967729046
30.6 0 1.06956513408
30.61 0 1.07133996782
30.62 0 1.07133996782
30.63 0 1.07314126493
30.64 0 1.07552802191
30.65 0 1.07552802191
30.66 0 1.0782932835
30.67 0 1.08046213973
30.68 0 1.08176801603
30.69 0 1.08205582473
30.7 0 1.08205582473
30.71 0 1.08432127914
30.72 0 1.0900608202
30.73 0 1.0900608202
30.74 0 1.0925947214
30.75 0 1.0925947214
30.76 0 1.0925947214
30.77 0 1.09435875044
30.78 0 1.09420296756
30.79 0 1.09394760436
30.8 0 1.0951374365
30.81 0 1.09536629244
30.82 0 1.09512517698
30.83 0 1.09493088363
30.84 0 1.09528318361
30.85 0 1.09550108164
30.86 0 1.0952212592
30.87 0 1.0952212592
30.88 0 1.09526082168
30.89 0 1.09489382383
30.9 0 1.0944424899
30.91 0 1.09398281969
30.92 0 1.09340511037
30.93 0 1.09286012307
30.94 0 1.09211950404
30.95 0 1.08927361771
30.96 0 1.08775385256
30.97 0 1.08722760917
30.98 0 1.08346063281
30.99 0 1.08095320999
31.0 0 1.07976416962
31.01 0 1.07863477038
31.02 0 1.07602205663
31.03 0 1.07467388412
31.04 0 1.07328604056
31.05 0 1.07276912047
31.06 0 1.07450368388
31.07 0 1.07607564984
31.08 0 1.07635528442
31.09 0 1.07764077421
31.1 0 1.07976457546
31.11 0 1.07976457546
31.12 0 1.07976457546
31.13 0 1.08321408308
31.14 0 1.08311189375
31.15 0 1.08278754002
31.16 0 1.08278754002
31.17 0 1.08761938603
31.18 0 1.08941397543
31.19 0 1.09210098144
31.2 0 1.09244353768
31.21 0 1.09244353768
31.22 0 1.09244353768
31.23 0 1.09384462375
31.24 0 1.09462835643
31.25 0 1.09467289122
31.26 0 1.09396141507
31.27 0 1.09396141507
31.28 0 1.09396141507
31.29 0 1.09396141507
31.3 0 1.10165158471
31.31 0 1.10291379976
31.32 0 1.10390685015
31.33 0 1.10231067606
31.34 0 1.10231067606
31.35 0 1.10231067606
31.36 0 1.10231067606
31.37 0 1.09845807158
31.38 0 1.09687653619
31.39 0 1.09695606614
31.4 0 1.10378703253
31.41 0 1.10813093653
31.42 0 1.10813093653
31.43 0 1.1049579471
31.44 0 1.10625940053
31.45 0 1.10625940053
31.46 0 1.11308153846
31.47 0 1.1155942348
31.48 0 1.11670367188
31.49 0 1.11873337594
31.5 0 1.12445508093
31.51 0 1.12759191081
31.52 0 1.12822538695
31.53 0 1.12628561442
31.54 0 1.12643941657
31.55 0 1.12576747666
31.56 0 1.12409715766
31.57 0 1.12357017197
31.58 0 1.12311773576
31.59 0 1.12311773576
31.6 0 1.12435551138
31.61 0 1.12460873697
31.62 0 1.12326866477
31.63 0 1.12259707433
31.64 0 1.12119891166
31.65 0 1.12035888491
31.66 0 1.12018378056
31.67 0 1.1202343118
31.68 0 1.11965145314
31.69 0 1.11965145314
31.7 0 1.11534480613
31.71 0 1.11374140221
31.72 0 1.11441942053
31.73 0 1.11440811511
31.74 0 1.11377051128
31.75 0 1.11280090441
31.76 0 1.11133774082
31.77 0 1.11058105184
31.78 0 1.11058105184
31.79 0 1.108857825
31.8 0 1.10830524962
31.81 0 1.10810163436
31.82 0 1.10770987335
31.83 0 1.10654491216
31.84 0 1.10641094797
31.85 0 1.10467451559
31.86 0 1.10508154277
31.87 0 1.10687620565
31.88 0 1.1075829891
31.89 0 1.1075829891
31.9 0 1.11011497726
31.91 0 1.11112322161
31.92 0 1.11115439056
31.93 0 1.11115439056
31.94 0 1.11115439056
31.95 0 1.11194084743
31.96 0 1.11194084743
31.97 0 1.11194084743
31.98 0 1.11410474957
31.99 0 1.11410474957
32.0 0 1.11410474957
32.01 0 1.11589452167
32.02 0 1.11721094549
32.03 0 1.1184917951
32.04 0 1.12005982129
32.05 0 1.11978425797
32.06 0 1.1195439536
32.07 0 1.1195439536
32.08 0 1.12684797336
32.09 0 1.12805574639
32.1 0 1.13299836612
32.11 0 1.13165001702
32.12 0 1.13384176769
32.13 0 1.13384176769
32.14 0 1.13384176769
32.15 0 1.13563573103
32.16 0 1.13519041694
32.17 0 1.13732430168
32.18 0 1.13721307126
32.19 0 1.13794082843
32.2 0 1.13960136041
32.21 0 1.14611267986
32.22 0 1.1468928459
32.23 0 1.14822661999
32.24 0 1.14911551332
32.25 0 1.14942056645
32.26 0 1.1496623881
32.27 0 1.14958748675
32.28 0 1.15231270444
32.29 0 1.15382467086
32.3 0 1.15382467086
32.31 0 1.15382467086
32.32 0 1.15382467086
32.33 0 1.15726442914
32.34 0 1.15776936608
32.35 0 1.15739767698
32.36 0 1.15654153029
32.37 0 1.154398703
32.38 0 1.15309559235
32.39 0 1.15257011926
32.4 0 1.15222625613
32.41 0 1.15222625613
32.42 0 1.15222625613
32.43 0 1.15374236891
32.44 0 1.15375089497
32.45 0 1.14902601542
32.46 0 1.14696405743
32.47 0 1.14578912013
32.48 0 1.14454538131
32.49 0 1.14349494525
32.5 0 1.14117486714
32.51 0 1.14112277948
32.52 0 1.13852456242
32.53 0 1.1379829167
32.54 0 1.13738022706
32.55 0 1.13709713973
32.56 0 1.13590976831
32.57 0 1.13409932527
32.58 0 1.13274203754
32.59 0 1.13102102543
32.6 0 1.13102102543
32.61 0 1.12935199896
32.62 0 1.12863666042
32.63 0 1.12949443196
32.64 0 1.13009378888
32.65 0 1.13503633731
32.66 0 1.13523580426
32.67 0 1.13579647366
32.68 0 1.1362323322
32.69 0 1.13649088645
32.7 0 1.13652634533
32.71 0 1.13779863347
32.72 0 1.13874225813
32.73 0 1.14137134756
32.74 0 1.14261825578
32.75 0 1.14426526841
32.76 0 1.14450042898
32.77 0 1.1445872262
32.78 0 1.14646198634
32.79 0 1.14681109461
32.8 0 1.14768170994
32.81 0 1.14737175186
32.82 0 1.14720736808
32.83 0 1.14720736808
32.84 0 1.14708156112
32.85 0 1.15109658245
32.86 0 1.15164621058
32.87 0 1.15329442453
32.88 0 1.15329442453
32.89 0 1.15329442453
32.9 0 1.15329442453
32.91 0 1.15656052224
32.92 0 1.15876394398
32.93 0 1.15901110163
32.94 0 1.15774898596
32.95 0 1.15774898596
32.96 0 1.16945991534
32.97 0 1.17321589999
32.98 0 1.17375872392
32.99 0 1.17630457154
33.0 0 1.17766462661
33.01 0 1.17963427553
33.02 0 1.18128951223
33.03 0 1.18195860101
33.04 0 1.18220599463
33.05 0 1.18236678664
33.06 0 1.18236678664
33.07 0 1.18611334276
33.08 0 1.1869607449
33.09 0 1.18849977967
33.1 0 1.18849977967
33.11 0 1.18947443406
33.12 0 1.19144344772
33.13 0 1.19271862497
33.14 0 1.19191381139
33.15 0 1.19121139787
33.16 0 1.19121139787
33.17 0 1.19227815142
33.18 0 1.19241102172
33.19 0 1.19256760321
33.2 0 1.19303699373
33.21 0 1.19339948225
33.22 0 1.19339948225
33.23 0 1.19339948225
33.24 0 1.19365444239
33.25 0 1.19365444239
33.26 0 1.19365444239
33.27 0 1.18818100354
33.28 0 1.18718960046
33.29 0 1.18718960046
33.3 0 1.18718960046
33.31 0 1.1852075937
33.32 0 1.18278855143
33.33 0 1.18225074205
33.34 0 1.17901981436
33.35 0 1.17680193598
33.36 0 1.17662064041
33.37 0 1.17629382245
33.38 0 1.17633628162
33.39 0 1.17636925221
33.4 0 1.17630228442
33.41 0 1.17630228442
33.42 0 1.17604071561
33.43 0 1.17653014825
33.44 0 1.17677465351
33.45 0 1.17677465351
33.46 0 1.17939902712
33.47 0 1.18004603574
33.48 0 1.18131447602
33.49 0 1.18315023536
33.5 0 1.18371800063
33.51 0 1.18394600337
33.52 0 1.18479150893
33.53 0 1.18850958888
33.54 0 1.18871426848
33.55 0 1.19051994153
33.56 0 1.19051994153
33.57 0 1.19051994153
33.58 0 1.191488189
33.59 0 1.19101376462
33.6 0 1.19188649822
33.61 0 1.19188649822
33.62 0 1.19549766814
33.63 0 1.19961008448
33.64 0 1.20006688321
33.65 0 1.20014733107
33.66 0 1.20068150998
33.67 0 1.20029994113
33.68 0 1.20061802444
33.69 0 1.20022644586
33.7 0 1.20136208456
33.71 0 1.20213974241
33.72 0 1.20245814368
33.73 0 1.20182080991
33.74 0 1.20182080991
33.75 0 1.20022201674
33.76 0 1.20315211103
33.77 0 1.202272963
33.78 0 1.20291490444
33.79 0 1.20344202629
33.8 0 1.20476450915
33.81 0 1.20476450915
33.82 0 1.20476450915
33.83 0 1.20433879868
33.84 0 1.20470986174
33.85 0 1.22224109242
33.86 0 1.22477213198
33.87 0 1.2262698044
33.88 0 1.22693865478
33.89 0 1.22736009698
33.9 0 1.22715200661
33.91 0 1.2254859136
33.92 0 1.22425869823
33.93 0 1.2228206928
33.94 0 1.22170699182
33.95 0 1.22135269837
33.96 0 1.22135269837
33.97 0 1.22135269837
33.98 0 1.22149409515
33.99 0 1.21724093441
34.0 0 1.21646785947
34.01 0 1.21482383945
34.02 0 1.21469364477
34.03 0 1.21495244346
34.04 0 1.21499031082
34.05 0 1.21429185429
34.06 0 1.21381352544
34.07 0 1.21407437706
34.08 0 1.21274617476
34.09 0 1.21195798807
34.1 0 1.21164099391
34.11 0 1.21021639894
34.12 0 1.21021639894
34.13 0 1.2070422256
34.14 0 1.20686473209
34.15 0 1.20692662698
34.16 0 1.20692662698
34.17 0 1.20701550159
34.18 0 1.20682866303
34.19 0 1.20677204078
34.2 0 1.20666272084
34.21 0 1.20666272084
34.22 0 1.20666272084
34.23 0 1.20726509107
34.24 0 1.20968058349
34.25 0 1.21306795617
34.26 0 1.21347212207
34.27 0 1.2163383266
34.28 0 1.21722322252
34.29 0 1.21722322252
34.3 0 1.22222895561
34.31 0 1.22354533733
34.32 0 1.22436324395
34.33 0 1.22518909864
34.34 0 1.22518909864
34.35 0 1.2251456671
34.36 0 1.22495027067
34.37 0 1.22517835351
34.38 0 1.22495226329
34.39 0 1.22762115883
34.4 0 1.22756654552
34.41 0 1.23167396122
34.42 0 1.23460016308
34.43 0 1.23554328843
34.44 0 1.23575626966
34.45 0 1.23575626966
34.46 0 1.23496499254
34.47 0 1.23414037363
34.48 0 1.23350411242
34.49 0 1.23322323797
34.5 0 1.23320892091
34.51 0 1.23320892091
34.52 0 1.23207358798
34.53 0 1.23277441057
34.54 0 1.22846397795
34.55 0 1.24058564583
34.56 0 1.24058564583
34.57 0 1.25040028567
34.58 0 1.25131760975
34.59 0 1.25131760975
34.6 0 1.25131760975
34.61 0 1.25564331394
34.62 0 1.25564331394
34.63 0 1.25949661788
34.64 0 1.2604924078
34.65 0 1.2604924078
34.66 0 1.26313161665
34.67 0 1.26503352143
34.68 0 1.266191899
34.69 0 1.26617957584
34.7 0 1.26613477465
34.71 0 1.26582542568
34.72 0 1.26456349595
34.73 0 1.2637078184
34.74 0 1.26361822014
34.75 0 1.26318626068
34.76 0 1.26246015291
34.77 0 1.26148892036
34.78 0 1.26015850024
34.79 0 1.26015276371
34.8 0 1.26015276371
34.81 0 1.25839305895
34.82 0 1.25790601507
34.83 0 1.25790601507
34.84 0 1.25596557832
34.85 0 1.25596581822
34.86 0 1.25596638079
34.87 0 1.25473349386
34.88 0 1.25473349386
34.89 0 1.25222256175
34.9 0 1.25190976099
34.91 0 1.25190976099
34.92 0 1.25190976099
34.93 0 1.24976005245
34.94 0 1.24908318131
34.95 0 1.24908318131
34.96 0 1.24717247334
34.97 0 1.24684074079
34.98 0 1.24684074079
34.99 0 1.24684074079
35.0 0 1.24784247212
35.01 0 1.24899890273
35.02 0 1.25091451988
35.03 0 1.25157710435
35.04 0 1.25261031722
35.05 0 1.2535571504
35.06 0 1.25440024599
35.07 0 1.25767730438
35.08 0 1.25880659462
35.09 0 1.26167829284
35.1 0 1.26338101681
35.11 0 1.2627225414
35.12 0 1.26308589826
35.13 0 1.26344380478
35.14 0 1.2638986686
35.15 0 1.26513312678
35.16 0 1.264872802
35.17 0 1.26486294409
35.18 0 1.26486195536
35.19 0 1.27039156435
35.2 0 1.27201967437
35.21 0 1.27201967437
35.22 0 1.27239245696
35.23 0 1.27179367759
35.24 0 1.27325092124
35.25 0 1.27256953919
35.26 0 1.27172874703
35.27 0 1.27124294024
35.28 0 1.27100265665
35.29 0 1.27100265665
35.3 0 1.26964710876
35.31 0 1.26753502663
35.32 0 1.26645470696
35.33 0 1.26943649458
35.34 0 1.26844787608
35.35 0 1.27237525045
35.36 0 1.27498872105
35.37 0 1.27689839658
35.38 0 1.27676592577
35.39 0 1.27771734026
35.4 0 1.27771734026
35.41 0 1.27771734026
35.42 0 1.28028434229
35.43 0 1.28679943673
35.44 0 1.28705584208
35.45 0 1.28705584208
35.46 0 1.2871335062
35.47 0 1.28710370842
35.48 0 1.28688835881
35.49 0 1.28646929259
35.5 0 1.28699261845
35.51 0 1.28675580604
35.52 0 1.28838891501
35.53 0 1.28987064609
35.54 0 1.29010804986
35.55 0 1.29055918909
35.56 0 1.29155225348
35.57 0 1.29428615961
35.58 0 1.29538003959
35.59 0 1.30254720487
35.6 0 1.30241419915
35.61 0 1.30245403745
35.62 0 1.30269941841
35.63 0 1.30142094765
35.64 0 1.29954716203
35.65 0 1.29743499705
35.66 0 1.2959811996
35.67 0 1.29108488008
35.68 0 1.29108488008
35.69 0 1.28847649207
35.7 0 1.28720453343
35.71 0 1.28666953325
35.72 0 1.2852456221
35.73 0 1.28485755266
35.74 0 1.28485755266
35.75 0 1.28355245259
35.76 0 1.28355245259
35.77 0 1.28151779534
35.78 0 1.28125253408
35.79 0 1.28136097584
35.8 0 1.28136097584
35.81 0 1.28513866417
35.82 0 1.28698981325
35.83 0 1.28914544682
35.84 0 1.29066797105
35.85 0 1.29214398209
35.86 0 1.29214398209
35.87 0 1.29304715251
35.88 0 1.29267709004
35.89 0 1.29145430675
35.9 0 1.29145430675
35.91 0 1.29322363684
35.92 0 1.29256673944
35.93 0 1.29046714996
35.94 0 1.29052486401
35.95 0 1.29157511359
35.96 0 1.29453695979
35.97 0 1.29558774929
35.98 0 1.29861611659
35.99 0 1.30981595352
36.0 0 1.31706980852
36.01 0 1.31728401083
36.02 0 1.31746596684
36.03 0 1.31722165684
36.04 0 1.31402814496
36.05 0 1.31230341385
36.06 0 1.31168534109
36.07 0 1.31061233023
36.08 0 1.31169463223
36.09 0 1.31319106653
36.1 0 1.31345686402
36.11 0 1.31179237057
36.12 0 1.30964163944
36.13 0 1.30243763238
36.14 0 1.30366115898
36.15 0 1.30337222318
36.16 0 1.30337222318
36.17 0 1.30337222318
36.18 0 1.31367848569
36.19 0 1.31464149337
36.2 0 1.31559527672
36.21 0 1.31615494671
36.22 0 1.3168591663
36.23 0 1.31694881495
36.24 0 1.31651043877
36.25 0 1.32076937953
36.26 0 1.32153863739
36.27 0 1.32202955359
36.28 0 1.32036017645
36.29 0 1.31910214502
36.3 0 1.31841329895
36.31 0 1.32044923588
36.32 0 1.31921790999
36.33 0 1.31803997142
36.34 0 1.31682558908
36.35 0 1.31682558908
36.36 0 1.31682558908
36.37 0 1.30633360978
36.38 0 1.30437904219
36.39 0 1.30301000029
36.4 0 1.30255895178
36.41 0 1.3041402068
36.42 0 1.30581320844
36.43 0 1.30663683641
36.44 0 1.30887858359
36.45 0 1.30900432862
36.46 0 1.30852894553
36.47 0 1.30837584936
36.48 0 1.30837584936
36.49 0 1.30641899315
36.5 0 1.30365504648
36.51 0 1.30244004713
36.52 0 1.30214270279
36.53 0 1.30204738226
36.54 0 1.30100714312
36.55 0 1.30231708867
36.56 0 1.30306156313
36.57 0 1.30311132064
36.58 0 1.30593420737
36.59 0 1.30713049776
36.6 0 1.30848486971
36.61 0 1.30899297613
36.62 0 1.30993589395
36.63 0 1.31010873079
36.64 0 1.31074984414
36.65 0 1.31556900387
36.66 0 1.31764412733
36.67 0 1.3194788782
36.68 0 1.32166817457
36.69 0 1.32153795202
36.7 0 1.32353785158
36.71 0 1.32392170988
36.72 0 1.32410046
36.73 0 1.32379993941
36.74 0 1.32379993941
36.75 0 1.32366038788
36.76 0 1.3261037329
36.77 0 1.3261037329
36.78 0 1.3261037329
36.79 0 1.33109845302
36.8 0 1.33109845302
36.81 0 1.33585981885
36.82 0 1.33585981885
36.83 0 1.33585981885
36.84 0 1.33363079119
36.85 0 1.33229740936
36.86 0 1.32949360078
36.87 0 1.33115441383
36.88 0 1.33115441383
36.89 0 1.33153881553
36.9 0 1.3338868719
36.91 0 1.33797679105
36.92 0 1.33653617944
36.93 0 1.33669953473
36.94 0 1.33460425608
36.95 0 1.33837179785
36.96 0 1.33948453353
36.97 0 1.34164234952
36.98 0 1.34343414785
36.99 0 1.35064406537
37.0 0 1.35488046174
37.01 0 1.35773722347
37.02 0 1.35773722347
37.03 0 1.35962587338
37.04 0 1.35968970456
37.05 0 1.35898561305
37.06 0 1.35685880044
37.07 0 1.3536738718
37.08 0 1.3536738718
37.09 0 1.3536738718
37.1 0 1.35093348984
37.11 0 1.34881542713
37.12 0 1.34889653179
37.13 0 1.3511467913
37.14 0 1.35171989872
37.15 0 1.35171989872
37.16 0 1.35344679598
37.17 0 1.35464742906
37.18 0 1.35353716319
37.19 0 1.35183356304
37.2 0 1.35206951498
37.21 0 1.35130451704
37.22 0 1.35130451704
37.23 0 1.34875969011
37.24 0 1.34704517672
37.25 0 1.34633408137
37.26 0 1.34515291559
37.27 0 1.34515291559
37.28 0 1.34515291559
37.29 0 1.34380320942
37.3 0 1.34380320942
37.31 0 1.34380320942
37.32 0 1.3409490324
37.33 0 1.33817661427
37.34 0 1.33552696668
37.35 0 1.33523237414
37.36 0 1.33523237414
37.37 0 1.33590016164
37.38 0 1.3373585404
37.39 0 1.33744224143
37.4 0 1.33734145441
37.41 0 1.3374176622
37.42 0 1.33757027355
37.43 0 1.33747103138
37.44 0 1.3378250074
37.45 0 1.3378250074
37.46 0 1.34030524097
37.47 0 1.34043514512
37.48 0 1.3410159816
37.49 0 1.3413495412
37.5 0 1.34188075774
37.51 0 1.34185121588
37.52 0 1.34306631127
37.53 0 1.3437127714
37.54 0 1.3437127714
37.55 0 1.34916913091
37.56 0 1.35158637784
37.57 0 1.35391530033
37.58 0 1.35433470226
37.59 0 1.35459026108
37.6 0 1.35513144664
37.61 0 1.35513610738
37.62 0 1.35530219449
37.63 0 1.35380472865
37.64 0 1.34998764912
37.65 0 1.34877627159
37.66 0 1.34573221685
37.67 0 1.3403513716
37.68 0 1.34088764415
37.69 0 1.3424293468
37.7 0 1.34515572418
37.71 0 1.34690069243
37.72 0 1.3554909638
37.73 0 1.35945437274
37.74 0 1.36145545608
37.75 0 1.36375327008
37.76 0 1.36659512598
37.77 0 1.36714204154
37.78 0 1.36818042833
37.79 0 1.37016723375
37.8 0 1.37431417151
37.81 0 1.3747073408
37.82 0 1.37512781251
37.83 0 1.37598076348
37.84 0 1.37591434038
37.85 0 1.3759497117
37.86 0 1.37569568679
37.87 0 1.3756976895
37.88 0 1.37550755043
37.89 0 1.37574645529
37.9 0 1.37574645529
37.91 0 1.37574645529
37.92 0 1.37574645529
37.93 0 1.37880296511
37.94 0 1.37880296511
37.95 0 1.37880296511
37.96 0 1.37880296511
37.97 0 1.37664604433
37.98 0 1.37241752946
37.99 0 1.37164760646
38.0 0 1.36935586187
38.01 0 1.36865963494
38.02 0 1.36828318692
38.03 0 1.36789273742
38.04 0 1.36697985275
38.05 0 1.36657952351
38.06 0 1.36594768325
38.07 0 1.3651331895
38.08 0 1.36290768569
38.09 0 1.3625578918
38.1 0 1.36180700931
38.11 0 1.36127875261
38.12 0 1.36043513599
38.13 0 1.36065653892
38.14 0 1.36289358839
38.15 0 1.3638663915
38.16 0 1.36535989459
38.17 0 1.36535989459
38.18 0 1.36742209032
38.19 0 1.36762711758
38.2 0 1.36763230658
38.21 0 1.36762972949
38.22 0 1.36766667143
38.23 0 1.36893771436
38.24 0 1.37063242929
38.25 0 1.37151147442
38.26 0 1.3718936359
38.27 0 1.37206683434
38.28 0 1.37197671117
38.29 0 1.37192583017
38.3 0 1.37215696275
38.31 0 1.37215696275
38.32 0 1.37342846579
38.33 0 1.3763240861
38.34 0 1.37612518737
38.35 0 1.37612518737
38.36 0 1.38136955823
38.37 0 1.38136955823
38.38 0 1.3866742413
38.39 0 1.3865596496
38.4 0 1.3864049932
38.41 0 1.38529295674
38.42 0 1.38126404698
38.43 0 1.37900303219
38.44 0 1.37738224268
38.45 0 1.37917513931
38.46 0 1.3757082054
38.47 0 1.3757082054
38.48 0 1.38421246063
38.49 0 1.39313930815
38.5 0 1.39609019484
38.51 0 1.39688834444
38.52 0 1.39822546263
38.53 0 1.39735606579
38.54 0 1.39626442534
38.55 0 1.39626442534
38.56 0 1.39842606385
38.57 0 1.40255982555
38.58 0 1.40653165685
38.59 0 1.40895758229
38.6 0 1.40980260849
38.61 0 1.40911980934
38.62 0 1.40911980934
38.63 0 1.40911980934
38.64 0 1.40921604782
38.65 0 1.4087108392
38.66 0 1.40811144291
38.67 0 1.41113683416
38.68 0 1.41215491284
38.69 0 1.41215491284
38.7 0 1.41215491284
38.71 0 1.41335211272
38.72 0 1.41176393454
38.73 0 1.41011357968
38.74 0 1.40836534274
38.75 0 1.40778281336
38.76 0 1.40673344693
38.77 0 1.40597904309
38.78 0 1.40736022034
38.79 0 1.40745111629
38.8 0 1.40745111629
38.81 0 1.40745111629
38.82 0 1.40556105171
38.83 0 1.40274412784
38.84 0 1.40158079176
38.85 0 1.40123327779
38.86 0 1.4003547042
38.87 0 1.40010865458
38.88 0 1.39962897608
38.89 0 1.39938376762
38.9 0 1.39883400804
38.91 0 1.39865194759
38.92 0 1.39886966979
38.93 0 1.3997418135
38.94 0 1.40036477052
38.95 0 1.40279151098
38.96 0 1.40422747603
38.97 0 1.4042529937
38.98 0 1.40483115405
38.99 0 1.40483115405
39.0 0 1.40483115405
