time index height
0.01 0 0.0
0.02 0 0.026016089231
0.03 0 0.0295370004284
0.04 0 0.0338730466367
0.05 0 0.0382923778825
0.06 0 0.0411573405306
0.07 0 0.045768572052
0.08 0 0.0484090200138
0.09 0 0.0532199979974
0.1 0 0.0591691159228
0.11 0 0.0620641561876
0.12 0 0.0687491927411
0.13 0 0.0721732415373
0.14 0 0.075281164108
0.15 0 0.0787106781697
0.16 0 0.0809784692024
0.17 0 0.0844722542096
0.18 0 0.0870027798573
0.19 0 0.087889237078
0.2 0 0.088667848577
0.21 0 0.0892886986626
0.22 0 0.0890780615172
0.23 0 0.0881478871499
0.24 0 0.0874787664761
0.25 0 0.0865498210524
0.26 0 0.0849951097271
0.27 0 0.0841897686689
0.28 0 0.0833855395902
0.29 0 0.0820740897146
0.3 0 0.0809813269182
0.31 0 0.0806714921788
0.32 0 0.0789711669336
0.33 0 0.0776645367708
0.34 0 0.0757908247562
0.35 0 0.0739092399611
0.36 0 0.072898056707
0.37 0 0.0711703604652
0.38 0 0.069395300156
0.39 0 0.0675814570394
0.4 0 0.0656790974245
0.41 0 0.0635178332579
0.42 0 0.0614116762477
0.43 0 0.0606380499826
0.44 0 0.0598732894863
0.45 0 0.0592404799337
0.46 0 0.0587167319958
0.47 0 0.0581334271585
0.48 0 0.0578280635346
0.49 0 0.0568361169073
0.5 0 0.0560050453073
0.51 0 0.0554242643051
0.52 0 0.0546659820081
0.53 0 0.0537225496776
0.54 0 0.0521607040537
0.55 0 0.0509621242547
0.56 0 0.0502338333486
0.57 0 0.0478597683677
0.58 0 0.0449950704264
0.59 0 0.043237067495
0.6 0 0.0429790872806
0.61 0 0.0429790677888
0.62 0 0.0430283483343
0.63 0 0.0432941558443
0.64 0 0.0430190214716
0.65 0 0.0431041683308
0.66 0 0.04295382553
0.67 0 0.0428289058993
0.68 0 0.0424233468508
0.69 0 0.0422441008716
0.7 0 0.0422217843958
0.71 0 0.0420076463116
0.72 0 0.0424582835924
0.73 0 0.0425996735299
0.74 0 0.0426978803578
0.75 0 0.0428752386016
0.76 0 0.0428673961509
0.77 0 0.0429153063002
0.78 0 0.0426858333273
0.79 0 0.0423472794566
0.8 0 0.0418027588965
0.81 0 0.0408565531975
0.82 0 0.0405955425586
0.83 0 0.0403707952826
0.84 0 0.0395441079748
0.85 0 0.0379196112061
0.86 0 0.0379196112061
0.87 0 0.0364471262848
0.88 0 0.0364362280736
0.89 0 0.036509729021
0.9 0 0.0371999263569
0.91 0 0.0388923153644
0.92 0 0.0400739605942
0.93 0 0.0414768688453
0.94 0 0.0451626472151
0.95 0 0.0466335199625
0.96 0 0.0479809324924
0.97 0 0.0495084880243
0.98 0 0.0505910379692
0.99 0 0.0520101785193
1.0 0 0.052518463205
1.01 0 0.0532048231471
1.02 0 0.0532048231471
1.03 0 0.0536176899685
1.04 0 0.0540902611753
1.05 0 0.0547565238732
1.06 0 0.055004996406
1.07 0 0.055004996406
1.08 0 0.0553388668583
1.09 0 0.0560083736935
1.1 0 0.0564523860373
1.11 0 0.0564359994054
1.12 0 0.0569469389104
1.13 0 0.0570944064472
1.14 0 0.057216351719
1.15 0 0.0572912103009
1.16 0 0.0572899098384
1.17 0 0.0570772908796
1.18 0 0.0569681627663
1.19 0 0.0567742506181
1.2 0 0.0565750402524
1.21 0 0.0556527061487
1.22 0 0.0535880266805
1.23 0 0.052499924708
1.24 0 0.0516555154338
1.25 0 0.0513021931193
1.26 0 0.0494985302741
1.27 0 0.0491751305311
1.28 0 0.0492117113835
1.29 0 0.049148668477
1.3 0 0.0485811359439
1.31 0 0.0476847318041
1.32 0 0.0474152256569
1.33 0 0.0468949921451
1.34 0 0.0462023318497
1.35 0 0.0453927296808
1.36 0 0.0448006371838
1.37 0 0.0441877619983
1.38 0 0.0445920061365
1.39 0 0.0457013860782
1.4 0 0.0457013860782
1.41 0 0.0476379012804
1.42 0 0.0485493197912
1.43 0 0.0499440349885
1.44 0 0.0499440349885
1.45 0 0.0499440349885
1.46 0 0.0499440349885
1.47 0 0.0513266838708
1.48 0 0.0513266838708
1.49 0 0.0513266838708
1.5 0 0.0519214402182
1.51 0 0.0518300770329
1.52 0 0.0521354130983
1.53 0 0.0522181413174
1.54 0 0.0527415371902
1.55 0 0.0534033216402
1.56 0 0.0533916414633
1.57 0 0.0539983928295
1.58 0 0.0544478049249
1.59 0 0.0551800913521
1.6 0 0.0564819766788
1.61 0 0.0575488000179
1.62 0 0.0575488000179
1.63 0 0.0575488000179
1.64 0 0.0569435601965
1.65 0 0.055914228653
1.66 0 0.0548520347391
1.67 0 0.0548604815247
1.68 0 0.0537372789962
1.69 0 0.053815142844
1.7 0 0.0528453002463
1.71 0 0.0530021594025
1.72 0 0.0526915357623
1.73 0 0.0537608046811
1.74 0 0.0549692768819
1.75 0 0.0561805702823
1.76 0 0.0571111800803
1.77 0 0.0578508074843
1.78 0 0.058572531377
1.79 0 0.0623631045302
1.8 0 0.0635485154095
1.81 0 0.066248647844
1.82 0 0.0674727036587
1.83 0 0.0685431909854
1.84 0 0.0694970289487
1.85 0 0.0703616574386
1.86 0 0.071295000118
1.87 0 0.0714256950624
1.88 0 0.0718512840531
1.89 0 0.0728003395657
1.9 0 0.0735386823231
1.91 0 0.0736983600909
1.92 0 0.0737701977835
1.93 0 0.0733930297529
1.94 0 0.0731251796409
1.95 0 0.072974622359
1.96 0 0.0731568607745
1.97 0 0.07356947245
1.98 0 0.0748017797197
1.99 0 0.0752652506758
2.0 0 0.0754142443726
2.01 0 0.0758643905305
2.02 0 0.0763224625417
2.03 0 0.0761033396661
2.04 0 0.0756127534585
2.05 0 0.0748130478189
2.06 0 0.0743453440427
2.07 0 0.0738327301424
2.08 0 0.0738327301424
2.09 0 0.0725691245144
2.1 0 0.0697664134563
2.11 0 0.068744545308
2.12 0 0.067846535622
2.13 0 0.0667641072993
2.14 0 0.0663076675972
2.15 0 0.066006425707
2.16 0 0.0659279536303
2.17 0 0.0658929645448
2.18 0 0.0656106973618
2.19 0 0.0656541348528
2.2 0 0.0658674041829
2.21 0 0.0663281391972
2.22 0 0.0673109249235
2.23 0 0.0685582497311
2.24 0 0.0690024072304
2.25 0 0.0704922841245
2.26 0 0.0724238743566
2.27 0 0.073712409877
2.28 0 0.0746346026964
2.29 0 0.0765647682709
2.3 0 0.0794655009158
2.31 0 0.081300822602
2.32 0 0.0824708256645
2.33 0 0.084408848165
2.34 0 0.085583149144
2.35 0 0.085583149144
2.36 0 0.085583149144
2.37 0 0.085583149144
2.38 0 0.0908397796926
2.39 0 0.0926043592962
2.4 0 0.0925486103016
2.41 0 0.0932136675374
2.42 0 0.0943836273539
2.43 0 0.0954539281502
2.44 0 0.0952787929612
2.45 0 0.0960806360421
2.46 0 0.0961269016825
2.47 0 0.0965108117868
2.48 0 0.0980673767525
2.49 0 0.0988821793993
2.5 0 0.0995805000224
2.51 0 0.0995252293934
2.52 0 0.0995252293934
2.53 0 0.101307892954
2.54 0 0.101815745087
2.55 0 0.102381333137
2.56 0 0.101773202264
2.57 0 0.101510990656
2.58 0 0.100989698021
2.59 0 0.100054180575
2.6 0 0.0994774602161
2.61 0 0.0987546013375
2.62 0 0.0984600967049
2.63 0 0.0973927867547
2.64 0 0.0970745318409
2.65 0 0.0966526533669
2.66 0 0.0964433330434
2.67 0 0.0964368233349
2.68 0 0.0964100663457
2.69 0 0.09647994951
2.7 0 0.09647994951
2.71 0 0.0967284911293
2.72 0 0.0977867346787
2.73 0 0.0982525789733
2.74 0 0.0984835821447
2.75 0 0.0992771028425
2.76 0 0.0995534616501
2.77 0 0.0998509038381
2.78 0 0.100128752289
2.79 0 0.100947255553
2.8 0 0.100945645032
2.81 0 0.100384770743
2.82 0 0.100380119726
2.83 0 0.100082019925
2.84 0 0.100222746543
2.85 0 0.100605162485
2.86 0 0.100727829362
2.87 0 0.101031264265
2.88 0 0.102075663396
2.89 0 0.102352235199
2.9 0 0.102352235199
2.91 0 0.102352235199
2.92 0 0.102764044489
2.93 0 0.102143055568
2.94 0 0.101856502003
2.95 0 0.101509110471
2.96 0 0.101318821227
2.97 0 0.100789537006
2.98 0 0.10077625405
2.99 0 0.100477848387
3.0 0 0.100477848387
3.01 0 0.100477848387
3.02 0 0.0997358524635
3.03 0 0.0997358524635
3.04 0 0.101315450489
3.05 0 0.102732288469
3.06 0 0.104048367203
3.07 0 0.106563106697
3.08 0 0.109755240821
3.09 0 0.111722962937
3.1 0 0.112595618972
3.11 0 0.113879221457
3.12 0 0.118669515249
3.13 0 0.120752508473
3.14 0 0.123332028472
3.15 0 0.123720508633
3.16 0 0.125950786653
3.17 0 0.126208451278
3.18 0 0.126794655985
3.19 0 0.126794655985
3.2 0 0.126412084051
3.21 0 0.126557183017
3.22 0 0.126590626538
3.23 0 0.123079180269
3.24 0 0.121944470172
3.25 0 0.122129540337
3.26 0 0.119672881381
3.27 0 0.112000878981
3.28 0 0.111365967101
3.29 0 0.108032734517
3.3 0 0.106640516829
3.31 0 0.102603397034
3.32 0 0.0997597389028
3.33 0 0.0967981670336
3.34 0 0.0925740578376
3.35 0 0.0897228236923
3.36 0 0.0896948958171
3.37 0 0.0896948958171
3.38 0 0.0837846705344
3.39 0 0.0780674095067
3.4 0 0.0766816151668
3.41 0 0.0772571271587
3.42 0 0.0798096261518
3.43 0 0.084520338652
3.44 0 0.084520338652
3.45 0 0.084520338652
3.46 0 0.084520338652
3.47 0 0.084520338652
3.48 0 0.0954267291196
3.49 0 0.0963542362764
3.5 0 0.0978193815532
3.51 0 0.0992762079952
3.52 0 0.101920885453
3.53 0 0.1038177753
3.54 0 0.105126283334
3.55 0 0.10801165325
3.56 0 0.112364954439
3.57 0 0.115079415995
3.58 0 0.116950257799
3.59 0 0.119750615846
3.6 0 0.125601448115
3.61 0 0.12799132008
3.62 0 0.131088391308
3.63 0 0.132559372968
3.64 0 0.136902636872
3.65 0 0.136902636872
3.66 0 0.136902636872
3.67 0 0.136902636872
3.68 0 0.142099950235
3.69 0 0.142468118747
3.7 0 0.143084404208
3.71 0 0.143504483496
3.72 0 0.143385829947
3.73 0 0.142938729568
3.74 0 0.142562381862
3.75 0 0.142703732729
3.76 0 0.143103728224
3.77 0 0.144131082328
3.78 0 0.145750906654
3.79 0 0.147410355163
3.8 0 0.149115644326
3.81 0 0.151064061893
3.82 0 0.153078804664
3.83 0 0.153078804664
3.84 0 0.153078804664
3.85 0 0.160073342097
3.86 0 0.163305680071
3.87 0 0.169002287977
3.88 0 0.170152738334
3.89 0 0.173653298245
3.9 0 0.179838235117
3.91 0 0.181711959818
3.92 0 0.181711959818
3.93 0 0.189488462134
3.94 0 0.192683111473
3.95 0 0.197245404838
3.96 0 0.197245404838
3.97 0 0.197245404838
3.98 0 0.202088217865
3.99 0 0.203773335128
4.0 0 0.203940568592
4.01 0 0.204262293559
4.02 0 0.204349247814
4.03 0 0.203936390323
4.04 0 0.20428112948
4.05 0 0.204930764321
4.06 0 0.205227441656
4.07 0 0.205445569293
4.08 0 0.205327167538
4.09 0 0.205723734685
4.1 0 0.206066981022
4.11 0 0.207166452908
4.12 0 0.207507948439
4.13 0 0.20781939541
4.14 0 0.208431266308
4.15 0 0.208175893409
4.16 0 0.208461964604
4.17 0 0.208980586347
4.18 0 0.209876773046
4.19 0 0.210788076441
4.2 0 0.211912217653
4.21 0 0.212071556608
4.22 0 0.213579069879
4.23 0 0.214319067166
4.24 0 0.216007601508
4.25 0 0.21703595522
4.26 0 0.218256156377
4.27 0 0.218876545681
4.28 0 0.220530695443
4.29 0 0.221811690389
4.3 0 0.22239229742
4.31 0 0.223500820326
4.32 0 0.224155521273
4.33 0 0.225568870771
4.34 0 0.226217697742
4.35 0 0.227259927222
4.36 0 0.228532945344
4.37 0 0.229859717176
4.38 0 0.230279871059
4.39 0 0.23088212065
4.4 0 0.231555917769
4.41 0 0.231555917769
4.42 0 0.231555917769
4.43 0 0.231429843589
4.44 0 0.23175738825
4.45 0 0.23188925275
4.46 0 0.232383036915
4.47 0 0.232536398658
4.48 0 0.233256049064
4.49 0 0.233492645308
4.5 0 0.234306100395
4.51 0 0.234970689936
4.52 0 0.234908122001
4.53 0 0.235358748762
4.54 0 0.23637363146
4.55 0 0.23637363146
4.56 0 0.237202707641
4.57 0 0.237202707641
4.58 0 0.236817347193
4.59 0 0.234665636448
4.6 0 0.234687957919
4.61 0 0.234687957919
4.62 0 0.234687957919
4.63 0 0.230210285443
4.64 0 0.229389204076
4.65 0 0.227816716893
4.66 0 0.228051845479
4.67 0 0.228989648754
4.68 0 0.228294029578
4.69 0 0.228294029578
4.7 0 0.231736416778
4.71 0 0.231689052421
4.72 0 0.232864927134
4.73 0 0.233611859158
4.74 0 0.236515327819
4.75 0 0.236987040284
4.76 0 0.236987040284
4.77 0 0.240578613623
4.78 0 0.241785522558
4.79 0 0.243807892926
4.8 0 0.245222685674
4.81 0 0.245524085544
4.82 0 0.245748296778
4.83 0 0.244801933007
4.84 0 0.244614472424
4.85 0 0.242831181636
4.86 0 0.241817350048
4.87 0 0.239468552141
4.88 0 0.235506405763
4.89 0 0.231236124314
4.9 0 0.231236124314
4.91 0 0.225276171221
4.92 0 0.21606736011
4.93 0 0.21570301756
4.94 0 0.216111970822
4.95 0 0.216414736457
4.96 0 0.216942902471
4.97 0 0.217439935287
4.98 0 0.217439935287
4.99 0 0.217439935287
5.0 0 0.218346933648
5.01 0 0.218665401268
5.02 0 0.218665401268
5.03 0 0.21975041548
5.04 0 0.22100027131
5.05 0 0.222353309718
5.06 0 0.222936015124
5.07 0 0.222936015124
5.08 0 0.222936015124
5.09 0 0.222936015124
5.1 0 0.226544920213
5.11 0 0.227274217749
5.12 0 0.227484513363
5.13 0 0.229173671234
5.14 0 0.230531504097
5.15 0 0.230531504097
5.16 0 0.230531504097
5.17 0 0.232701026405
5.18 0 0.23301456243
5.19 0 0.234066639716
5.2 0 0.235281653998
5.21 0 0.235942740379
5.22 0 0.235942740379
5.23 0 0.235795642817
5.24 0 0.235573896084
5.25 0 0.235666869267
5.26 0 0.234949352978
5.27 0 0.233910394887
5.28 0 0.232661007379
5.29 0 0.231599331395
5.3 0 0.230535693922
5.31 0 0.228715604138
5.32 0 0.227492482045
5.33 0 0.227492482045
5.34 0 0.216443295334
5.35 0 0.212164621195
5.36 0 0.207877094377
5.37 0 0.207877094377
5.38 0 0.203320612186
5.39 0 0.201592727525
5.4 0 0.198143614256
5.41 0 0.198616429804
5.42 0 0.19872318953
5.43 0 0.200327024775
5.44 0 0.200472790967
5.45 0 0.200189963326
5.46 0 0.19928995369
5.47 0 0.198807928239
5.48 0 0.194857959023
5.49 0 0.192869491586
5.5 0 0.190100652818
5.51 0 0.186442831244
5.52 0 0.182351415672
5.53 0 0.180147158537
5.54 0 0.178803523828
5.55 0 0.178549734634
5.56 0 0.178549734634
5.57 0 0.178549734634
5.58 0 0.178549734634
5.59 0 0.177622370873
5.6 0 0.177622370873
5.61 0 0.176798408506
5.62 0 0.175330004941
5.63 0 0.174544639054
5.64 0 0.173727878325
5.65 0 0.174500864704
5.66 0 0.174376491254
5.67 0 0.173647552031
5.68 0 0.17034398153
5.69 0 0.167754058786
5.7 0 0.164894336134
5.71 0 0.161224537307
5.72 0 0.157521610156
5.73 0 0.154098693957
5.74 0 0.152652470745
5.75 0 0.152201880802
5.76 0 0.152201880802
5.77 0 0.152201880802
5.78 0 0.146494139137
5.79 0 0.145067443745
5.8 0 0.143202969241
5.81 0 0.142303700817
5.82 0 0.141072359581
5.83 0 0.139452647334
5.84 0 0.138398102383
5.85 0 0.13968157865
5.86 0 0.141143347561
5.87 0 0.143172948149
5.88 0 0.145056178011
5.89 0 0.145984551577
5.9 0 0.146652477362
5.91 0 0.147946779809
5.92 0 0.148166658489
5.93 0 0.148410943413
5.94 0 0.148653070703
5.95 0 0.148838048527
5.96 0 0.148843250226
5.97 0 0.149019719149
5.98 0 0.14944354993
5.99 0 0.149935441977
6.0 0 0.149216736293
6.01 0 0.149901402859
6.02 0 0.150462035857
6.03 0 0.152003691659
6.04 0 0.153695938011
6.05 0 0.153695938011
6.06 0 0.153695938011
6.07 0 0.155890428821
6.08 0 0.155890428821
6.09 0 0.157463702644
6.1 0 0.157463702644
6.11 0 0.157463702644
6.12 0 0.159844172908
6.13 0 0.159844172908
6.14 0 0.161267201011
6.15 0 0.160766185243
6.16 0 0.162890601002
6.17 0 0.162187303612
6.18 0 0.162056865781
6.19 0 0.162056865781
6.2 0 0.161341480596
6.21 0 0.161668449591
6.22 0 0.16176068242
6.23 0 0.16176068242
6.24 0 0.16176068242
6.25 0 0.160937759712
6.26 0 0.160729627824
6.27 0 0.160729627824
6.28 0 0.164330792394
6.29 0 0.164522780419
6.3 0 0.164522780419
6.31 0 0.165629130581
6.32 0 0.169205648991
6.33 0 0.1699104295
6.34 0 0.1699104295
6.35 0 0.1699104295
6.36 0 0.176281575566
6.37 0 0.177955129097
6.38 0 0.179860668278
6.39 0 0.17956534043
6.4 0 0.176364269906
6.41 0 0.176258149949
6.42 0 0.177655928732
6.43 0 0.17662467956
6.44 0 0.173195261915
6.45 0 0.170800371724
6.46 0 0.170010000875
6.47 0 0.166166671171
6.48 0 0.164253376011
6.49 0 0.162936220099
6.5 0 0.160192448648
6.51 0 0.160192448648
6.52 0 0.157293188141
6.53 0 0.155585535396
6.54 0 0.156394217632
6.55 0 0.155867473401
6.56 0 0.156310590123
6.57 0 0.155690430427
6.58 0 0.155690430427
6.59 0 0.15522447417
6.6 0 0.155259509029
6.61 0 0.154866922207
6.62 0 0.155490788703
6.63 0 0.155518014854
6.64 0 0.155379491574
6.65 0 0.157096228362
6.66 0 0.156956190306
6.67 0 0.160668238103
6.68 0 0.16156748406
6.69 0 0.164337951296
6.7 0 0.167740050024
6.71 0 0.168802262244
6.72 0 0.17046461421
6.73 0 0.172316127969
6.74 0 0.173017831448
6.75 0 0.173509796056
6.76 0 0.175848853893
6.77 0 0.177209002737
6.78 0 0.17747780116
6.79 0 0.178152164505
6.8 0 0.177933175711
6.81 0 0.177024064822
6.82 0 0.176688363973
6.83 0 0.176159955303
6.84 0 0.175395581082
6.85 0 0.173440490438
6.86 0 0.171690033144
6.87 0 0.169749646748
6.88 0 0.166265989581
6.89 0 0.164226026698
6.9 0 0.161483696777
6.91 0 0.160084945009
6.92 0 0.160084504903
6.93 0 0.159297725908
6.94 0 0.157131295551
6.95 0 0.15662308643
6.96 0 0.156058745494
6.97 0 0.154790111344
6.98 0 0.154790111344
6.99 0 0.154790111344
7.0 0 0.154560238649
7.01 0 0.155449681737
7.02 0 0.152401610802
7.03 0 0.152401610802
7.04 0 0.152401610802
7.05 0 0.160250474178
7.06 0 0.161283633505
7.07 0 0.162081135559
7.08 0 0.1628093739
7.09 0 0.1628093739
7.1 0 0.16634903428
7.11 0 0.167443038688
7.12 0 0.167693540368
7.13 0 0.167693540368
7.14 0 0.16954097506
7.15 0 0.171072740514
7.16 0 0.170128573924
7.17 0 0.171460002015
7.18 0 0.173854807054
7.19 0 0.175335440587
7.2 0 0.175837018198
7.21 0 0.175904187398
7.22 0 0.175904187398
7.23 0 0.175363090447
7.24 0 0.174501189137
7.25 0 0.173524474674
7.26 0 0.173142677604
7.27 0 0.173142677604
7.28 0 0.170404954819
7.29 0 0.169016784635
7.3 0 0.168201009607
7.31 0 0.168201009607
7.32 0 0.166367345364
7.33 0 0.165429978612
7.34 0 0.164727173272
7.35 0 0.162597182887
7.36 0 0.161668805378
7.37 0 0.161381676659
7.38 0 0.160492466544
7.39 0 0.160264801832
7.4 0 0.15983673279
7.41 0 0.160883208683
7.42 0 0.162146589848
7.43 0 0.162848291976
7.44 0 0.163726755367
7.45 0 0.165067894232
7.46 0 0.165428063026
7.47 0 0.165788081257
7.48 0 0.169276700197
7.49 0 0.169380981091
7.5 0 0.169811526124
7.51 0 0.169733826179
7.52 0 0.170646251313
7.53 0 0.171943987113
7.54 0 0.172123957825
7.55 0 0.171337179566
7.56 0 0.170370421433
7.57 0 0.168046102012
7.58 0 0.166369269157
7.59 0 0.166378087697
7.6 0 0.165793035604
7.61 0 0.165824739476
7.62 0 0.165267487133
7.63 0 0.163786825068
7.64 0 0.162528842119
7.65 0 0.160585607878
7.66 0 0.160585607878
7.67 0 0.160585607878
7.68 0 0.157443949361
7.69 0 0.157475092613
7.7 0 0.15770071101
7.71 0 0.158236549256
7.72 0 0.158582081272
7.73 0 0.159147468752
7.74 0 0.159352062626
7.75 0 0.157741589995
7.76 0 0.158503741333
7.77 0 0.158503741333
7.78 0 0.158503741333
7.79 0 0.160940490568
7.8 0 0.164097747368
7.81 0 0.16336049279
7.82 0 0.163790138722
7.83 0 0.166904120033
7.84 0 0.168237285758
7.85 0 0.169834619296
7.86 0 0.169834619296
7.87 0 0.169834619296
7.88 0 0.169347417705
7.89 0 0.173513990487
7.9 0 0.173513990487
7.91 0 0.173513990487
7.92 0 0.175221136774
7.93 0 0.175580998823
7.94 0 0.175580998823
7.95 0 0.177402640761
7.96 0 0.178459829797
7.97 0 0.182084882732
7.98 0 0.182180224881
7.99 0 0.182180224881
8.0 0 0.182700318422
8.01 0 0.183627254124
8.02 0 0.183994909954
8.03 0 0.183864213903
8.04 0 0.18298226872
8.05 0 0.180620787822
8.06 0 0.179846538914
8.07 0 0.179846538914
8.08 0 0.177083019303
8.09 0 0.174316760008
8.1 0 0.173612524309
8.11 0 0.172210947168
8.12 0 0.170099623156
8.13 0 0.169016173423
8.14 0 0.168092912103
8.15 0 0.168092912103
8.16 0 0.168092912103
8.17 0 0.165316793528
8.18 0 0.16178732218
8.19 0 0.161819443838
8.2 0 0.162308589376
8.21 0 0.164147737376
8.22 0 0.165989656837
8.23 0 0.166255039707
8.24 0 0.166740317335
8.25 0 0.167483291996
8.26 0 0.167843874793
8.27 0 0.168074083902
8.28 0 0.167966336028
8.29 0 0.167742710548
8.3 0 0.167742710548
8.31 0 0.167742710548
8.32 0 0.168292389689
8.33 0 0.168292389689
8.34 0 0.168292389689
8.35 0 0.169258599044
8.36 0 0.169277844968
8.37 0 0.169702740771
8.38 0 0.169807903913
8.39 0 0.170093215229
8.4 0 0.171111573259
8.41 0 0.172189858566
8.42 0 0.172451237393
8.43 0 0.172331009138
8.44 0 0.17204861281
8.45 0 0.171742990197
8.46 0 0.172148616387
8.47 0 0.172148616387
8.48 0 0.172925040442
8.49 0 0.174582550873
8.5 0 0.17575226707
8.51 0 0.177600016288
8.52 0 0.179730699369
8.53 0 0.18025909358
8.54 0 0.183086599155
8.55 0 0.183521941863
8.56 0 0.183521941863
8.57 0 0.186387335067
8.58 0 0.189259148437
8.59 0 0.189830735638
8.6 0 0.189830735638
8.61 0 0.187856923292
8.62 0 0.189064742551
8.63 0 0.192686740209
8.64 0 0.196716620546
8.65 0 0.200258376324
8.66 0 0.200266880193
8.67 0 0.208140653411
8.68 0 0.208481642696
8.69 0 0.21025802089
8.7 0 0.21160899915
8.71 0 0.213028208729
8.72 0 0.212913621236
8.73 0 0.21263697748
8.74 0 0.208653672049
8.75 0 0.205345244253
8.76 0 0.204179898452
8.77 0 0.204179898452
8.78 0 0.206890890059
8.79 0 0.206894487771
8.8 0 0.207662923474
8.81 0 0.208475901173
8.82 0 0.209016697092
8.83 0 0.209188437422
8.84 0 0.209188437422
8.85 0 0.208516130691
8.86 0 0.208182860024
8.87 0 0.208278012463
8.88 0 0.208445101435
8.89 0 0.208385405516
8.9 0 0.208146710852
8.91 0 0.207576380453
8.92 0 0.207436776865
8.93 0 0.207436776865
8.94 0 0.204400802554
8.95 0 0.204036324976
8.96 0 0.204297673535
8.97 0 0.204216421542
8.98 0 0.203120074711
8.99 0 0.2030300729
9.0 0 0.2030300729
9.01 0 0.202699599598
9.02 0 0.203777557589
9.03 0 0.204538897882
9.04 0 0.204538897882
9.05 0 0.206580874928
9.06 0 0.206926602038
9.07 0 0.206316405145
9.08 0 0.206848098724
9.09 0 0.208137625809
9.1 0 0.208137625809
9.11 0 0.208137625809
9.12 0 0.208014144066
9.13 0 0.206245386638
9.14 0 0.206751145713
9.15 0 0.206535138642
9.16 0 0.206540639982
9.17 0 0.206834064499
9.18 0 0.206578435455
9.19 0 0.207413012305
9.2 0 0.209952250135
9.21 0 0.212046828753
9.22 0 0.21241591959
9.23 0 0.213880937734
9.24 0 0.215220184708
9.25 0 0.215418353912
9.26 0 0.217847339897
9.27 0 0.219843426408
9.28 0 0.220121147417
9.29 0 0.220121147417
9.3 0 0.227650617413
9.31 0 0.229530008594
9.32 0 0.232207410308
9.33 0 0.232396967972
9.34 0 0.234347140686
9.35 0 0.234720528265
9.36 0 0.23440156752
9.37 0 0.234833985188
9.38 0 0.233457377716
9.39 0 0.233457377716
9.4 0 0.233457377716
9.41 0 0.232220635572
9.42 0 0.230285267532
9.43 0 0.225407112586
9.44 0 0.221671059671
9.45 0 0.231549153177
9.46 0 0.231549153177
9.47 0 0.232464026965
9.48 0 0.239972095748
9.49 0 0.24408143964
9.5 0 0.245004812664
9.51 0 0.248175640039
9.52 0 0.251491710582
9.53 0 0.253656226942
9.54 0 0.256544186697
9.55 0 0.258679546594
9.56 0 0.259901045723
9.57 0 0.259674912808
9.58 0 0.258987895709
9.59 0 0.259027086252
9.6 0 0.259304639421
9.61 0 0.259592050072
9.62 0 0.259222874916
9.63 0 0.259139499546
9.64 0 0.259139499546
9.65 0 0.254931935895
9.66 0 0.252614540392
9.67 0 0.252614540392
9.68 0 0.252614540392
9.69 0 0.252433559821
9.7 0 0.247422144519
9.71 0 0.247422144519
9.72 0 0.247582773792
9.73 0 0.248016910234
9.74 0 0.248016910234
9.75 0 0.245928601458
9.76 0 0.24581205613
9.77 0 0.24581205613
9.78 0 0.244767045689
9.79 0 0.239733870158
9.8 0 0.238514358094
9.81 0 0.235043216333
9.82 0 0.233327122887
9.83 0 0.22663782749
9.84 0 0.225141439025
9.85 0 0.223244720768
9.86 0 0.221397041207
9.87 0 0.22089469648
9.88 0 0.219653228507
9.89 0 0.218105748969
9.9 0 0.217941186353
9.91 0 0.217941186353
9.92 0 0.21738245704
9.93 0 0.217519642935
9.94 0 0.217703156952
9.95 0 0.217699559621
9.96 0 0.218492704175
9.97 0 0.219033998709
9.98 0 0.219560971303
9.99 0 0.21988758197
10.0 0 0.220509253088
10.01 0 0.220509253088
10.02 0 0.220658135275
10.03 0 0.220970242741
10.04 0 0.22256703222
10.05 0 0.222924974585
10.06 0 0.222916632008
10.07 0 0.22339877973
10.08 0 0.224500548948
10.09 0 0.228630626676
10.1 0 0.229592991103
10.11 0 0.233812957357
10.12 0 0.235393057487
10.13 0 0.238771628443
10.14 0 0.239778715664
10.15 0 0.24391793321
10.16 0 0.244616130413
10.17 0 0.244992202213
10.18 0 0.244834326889
10.19 0 0.244468991231
10.2 0 0.242869282327
10.21 0 0.242869282327
10.22 0 0.246325144832
10.23 0 0.245597515666
10.24 0 0.247520358681
10.25 0 0.249959287835
10.26 0 0.25474041332
10.27 0 0.256423841825
10.28 0 0.256959261774
10.29 0 0.25672224646
10.3 0 0.25672224646
10.31 0 0.25672224646
10.32 0 0.260534249002
10.33 0 0.261176181799
10.34 0 0.258723860333
10.35 0 0.258723860333
10.36 0 0.258825916821
10.37 0 0.25981836302
10.38 0 0.261696442417
10.39 0 0.261797808721
10.4 0 0.261469545837
10.41 0 0.260472045172
10.42 0 0.260048544362
10.43 0 0.259814308765
10.44 0 0.259826784661
10.45 0 0.25927479798
10.46 0 0.258556159906
10.47 0 0.258556159906
10.48 0 0.251108014705
10.49 0 0.249179855146
10.5 0 0.243735603431
10.51 0 0.243735603431
10.52 0 0.237613655284
10.53 0 0.237613655284
10.54 0 0.2369444426
10.55 0 0.237872160469
10.56 0 0.237872160469
10.57 0 0.237872160469
10.58 0 0.236837596349
10.59 0 0.23460813759
10.6 0 0.23460813759
10.61 0 0.228716837911
10.62 0 0.225862544954
10.63 0 0.225862544954
10.64 0 0.224298909875
10.65 0 0.224424785057
10.66 0 0.224674152678
10.67 0 0.225576837615
10.68 0 0.227086746126
10.69 0 0.226969730371
10.7 0 0.227404504299
10.71 0 0.227283821824
10.72 0 0.227283821824
10.73 0 0.227283821824
10.74 0 0.227629959841
10.75 0 0.228442876183
10.76 0 0.228442876183
10.77 0 0.227680888927
10.78 0 0.229554505293
10.79 0 0.232038523361
10.8 0 0.232249215012
10.81 0 0.232909444421
10.82 0 0.234663903453
10.83 0 0.235725867684
10.84 0 0.237376197591
10.85 0 0.238230786583
10.86 0 0.241790907539
10.87 0 0.243854357038
10.88 0 0.247343194606
10.89 0 0.24841421826
10.9 0 0.251307829818
10.91 0 0.252336889194
10.92 0 0.25352467899
10.93 0 0.25574885583
10.94 0 0.255934977445
10.95 0 0.260424917218
10.96 0 0.262838402652
10.97 0 0.262838402652
10.98 0 0.262838402652
10.99 0 0.263820993395
11.0 0 0.259608425935
11.01 0 0.259573790847
11.02 0 0.254971613249
11.03 0 0.254971613249
11.04 0 0.26059032933
11.05 0 0.264120614427
11.06 0 0.271307235355
11.07 0 0.274443342647
11.08 0 0.276583274222
11.09 0 0.277141675766
11.1 0 0.277038213213
11.11 0 0.276664509726
11.12 0 0.276664509726
11.13 0 0.275361743415
11.14 0 0.274654782841
11.15 0 0.274654782841
11.16 0 0.272423864687
11.17 0 0.2718959929
11.18 0 0.2718959929
11.19 0 0.268694602452
11.2 0 0.26601263649
11.21 0 0.264153182702
11.22 0 0.262095539958
11.23 0 0.262095539958
11.24 0 0.257685035335
11.25 0 0.255692617504
11.26 0 0.25508767997
11.27 0 0.253459170065
11.28 0 0.251976252548
11.29 0 0.245374311436
11.3 0 0.243997037675
11.31 0 0.243123570001
11.32 0 0.243020702896
11.33 0 0.24328404293
11.34 0 0.243460896946
11.35 0 0.242859570774
11.36 0 0.243505456651
11.37 0 0.243586088408
11.38 0 0.242949312019
11.39 0 0.242949312019
11.4 0 0.240224655239
11.41 0 0.240224655239
11.42 0 0.240224655239
11.43 0 0.240876887813
11.44 0 0.241222357962
11.45 0 0.241379110912
11.46 0 0.242281036586
11.47 0 0.242796022694
11.48 0 0.243578107746
11.49 0 0.243533374492
11.5 0 0.243415062664
11.51 0 0.243916105431
11.52 0 0.244047318004
11.53 0 0.243902291481
11.54 0 0.244937258713
11.55 0 0.24662544151
11.56 0 0.24738578274
11.57 0 0.24738578274
11.58 0 0.249148903801
11.59 0 0.25078327219
11.6 0 0.250988099017
11.61 0 0.253390697183
11.62 0 0.25637411919
11.63 0 0.256711445291
11.64 0 0.260154974756
11.65 0 0.26143872988
11.66 0 0.260900832373
11.67 0 0.265795564819
11.68 0 0.267212750202
11.69 0 0.267506646465
11.7 0 0.26701875806
11.71 0 0.26701875806
11.72 0 0.269794535934
11.73 0 0.271813065593
11.74 0 0.272982253796
11.75 0 0.275907293347
11.76 0 0.27699315585
11.77 0 0.278181791206
11.78 0 0.27880557656
11.79 0 0.279378207368
11.8 0 0.283012873583
11.81 0 0.283252753186
11.82 0 0.286075559696
11.83 0 0.28761435892
11.84 0 0.289602316042
11.85 0 0.290685215417
11.86 0 0.29210293888
11.87 0 0.293250922588
11.88 0 0.294142186297
11.89 0 0.296974200418
11.9 0 0.297229803726
11.91 0 0.297038689699
11.92 0 0.297038689699
11.93 0 0.297038689699
11.94 0 0.297038689699
11.95 0 0.293563043477
11.96 0 0.286637886259
11.97 0 0.27966513611
11.98 0 0.277058550302
11.99 0 0.277058550302
12.0 0 0.268055071472
12.01 0 0.26134846434
12.02 0 0.26055334118
12.03 0 0.259889480657
12.04 0 0.25982372553
12.05 0 0.261340634024
12.06 0 0.261332005941
12.07 0 0.258565838361
12.08 0 0.25791771135
12.09 0 0.257067548156
12.1 0 0.256770058876
12.11 0 0.256770058876
12.12 0 0.257055045474
12.13 0 0.257947713866
12.14 0 0.258614983075
12.15 0 0.25904156348
12.16 0 0.260597703978
12.17 0 0.261284400971
12.18 0 0.261324595045
12.19 0 0.262251092743
12.2 0 0.26204137639
12.21 0 0.26189608734
12.22 0 0.26189608734
12.23 0 0.262898706002
12.24 0 0.262606884284
12.25 0 0.26277134803
12.26 0 0.263943784768
12.27 0 0.264652091223
12.28 0 0.264504629566
12.29 0 0.264504629566
12.3 0 0.266281928366
12.31 0 0.266278010763
12.32 0 0.266380186958
12.33 0 0.266436692057
12.34 0 0.267433311134
12.35 0 0.269663207321
12.36 0 0.269761417179
12.37 0 0.270340600029
12.38 0 0.271851822038
12.39 0 0.273515240322
12.4 0 0.274141855349
12.41 0 0.274141855349
12.42 0 0.274141855349
12.43 0 0.278102482204
12.44 0 0.282789251471
12.45 0 0.283529348006
12.46 0 0.283529348006
12.47 0 0.286436832382
12.48 0 0.285807430163
12.49 0 0.285807430163
12.5 0 0.287753282622
12.51 0 0.288722471171
12.52 0 0.291124645267
12.53 0 0.289431446539
12.54 0 0.293775473315
12.55 0 0.294852304396
12.56 0 0.296406345387
12.57 0 0.294345296332
12.58 0 0.300297209368
12.59 0 0.305551997006
12.6 0 0.311029111407
12.61 0 0.311029111407
12.62 0 0.316352849283
12.63 0 0.322803008788
12.64 0 0.323140324552
12.65 0 0.322739560499
12.66 0 0.322148167471
12.67 0 0.321472122921
12.68 0 0.321539951139
12.69 0 0.321539951139
12.7 0 0.321363087527
12.71 0 0.321607294469
12.72 0 0.321697743039
12.73 0 0.32135798199
12.74 0 0.32135798199
12.75 0 0.321239481085
12.76 0 0.319647578769
12.77 0 0.318282935521
12.78 0 0.317908568906
12.79 0 0.311466150685
12.8 0 0.305213426466
12.81 0 0.297411879314
12.82 0 0.294779085166
12.83 0 0.29301075532
12.84 0 0.288700900494
12.85 0 0.285380998925
12.86 0 0.284526116274
12.87 0 0.28384251155
12.88 0 0.282253963891
12.89 0 0.280215887864
12.9 0 0.277750037436
12.91 0 0.27584888153
12.92 0 0.275910992643
12.93 0 0.276195806155
12.94 0 0.27642080825
12.95 0 0.277300608689
12.96 0 0.277300608689
12.97 0 0.277300608689
12.98 0 0.277837283418
12.99 0 0.277687119392
13.0 0 0.277114994941
13.01 0 0.277523375884
13.02 0 0.277520961347
13.03 0 0.277647909309
13.04 0 0.278501302341
13.05 0 0.278501302341
13.06 0 0.278501302341
13.07 0 0.279904912239
13.08 0 0.280430675409
13.09 0 0.280834462757
13.1 0 0.281219978765
13.11 0 0.281338599453
13.12 0 0.281338599453
13.13 0 0.281421030345
13.14 0 0.281844005823
13.15 0 0.281773691211
13.16 0 0.282880074588
13.17 0 0.282880074588
13.18 0 0.285268730573
13.19 0 0.286989247723
13.2 0 0.287519819993
13.21 0 0.287519819993
13.22 0 0.292329872877
13.23 0 0.297034367959
13.24 0 0.29741482272
13.25 0 0.297521906749
13.26 0 0.297973812331
13.27 0 0.297973812331
13.28 0 0.300615713485
13.29 0 0.301070255777
13.3 0 0.301797601702
13.31 0 0.302269713361
13.32 0 0.305157926892
13.33 0 0.304116695103
13.34 0 0.309233887476
13.35 0 0.309233887476
13.36 0 0.309233887476
13.37 0 0.314921046776
13.38 0 0.317967813554
13.39 0 0.324786667991
13.4 0 0.328886036252
13.41 0 0.328886036252
13.42 0 0.328790048052
13.43 0 0.328188678362
13.44 0 0.328188678362
13.45 0 0.328060373613
13.46 0 0.328060373613
13.47 0 0.327957050637
13.48 0 0.327770998986
13.49 0 0.327082150436
13.5 0 0.326703140289
13.51 0 0.326881869996
13.52 0 0.326220444105
13.53 0 0.326002465391
13.54 0 0.325875944795
13.55 0 0.325780911218
13.56 0 0.325780911218
13.57 0 0.324050941397
13.58 0 0.32152527018
13.59 0 0.319085634061
13.6 0 0.317820004737
13.61 0 0.317041452574
13.62 0 0.316135613574
13.63 0 0.314954120608
13.64 0 0.312056792836
13.65 0 0.311727493173
13.66 0 0.309055030306
13.67 0 0.308021201754
13.68 0 0.307774242656
13.69 0 0.306115532513
13.7 0 0.305265910387
13.71 0 0.305042312129
13.72 0 0.304736192059
13.73 0 0.304585236051
13.74 0 0.304763659558
13.75 0 0.304763659558
13.76 0 0.30532533761
13.77 0 0.305649744281
13.78 0 0.305183968809
13.79 0 0.305777440532
13.8 0 0.305777440532
13.81 0 0.305777440532
13.82 0 0.306313248884
13.83 0 0.306313248884
13.84 0 0.306964193668
13.85 0 0.306964193668
13.86 0 0.306086067367
13.87 0 0.304843661626
13.88 0 0.305162293053
13.89 0 0.30635744311
13.9 0 0.306842258217
13.91 0 0.306993684022
13.92 0 0.307847735156
13.93 0 0.308002784061
13.94 0 0.309457215222
13.95 0 0.309622930146
13.96 0 0.310790760524
13.97 0 0.310535291507
13.98 0 0.310302059144
13.99 0 0.310302059144
14.0 0 0.310302059144
14.01 0 0.313994770106
14.02 0 0.317168911575
14.03 0 0.321807017595
14.04 0 0.321807017595
14.05 0 0.321807017595
14.06 0 0.32419048921
14.07 0 0.322815148549
14.08 0 0.323251869903
14.09 0 0.32183439222
14.1 0 0.322823616036
14.11 0 0.323669014404
14.12 0 0.324023626657
14.13 0 0.327209520695
14.14 0 0.334735435748
14.15 0 0.333959974811
14.16 0 0.334947640434
14.17 0 0.334947640434
14.18 0 0.346499730153
14.19 0 0.350429511392
14.2 0 0.350429511392
14.21 0 0.350429511392
14.22 0 0.353253762733
14.23 0 0.353297142279
14.24 0 0.353481713263
14.25 0 0.353477411756
14.26 0 0.353013483086
14.27 0 0.353013483086
14.28 0 0.352252156611
14.29 0 0.352044045545
14.3 0 0.350991154538
14.31 0 0.349229707989
14.32 0 0.349139289582
14.33 0 0.348488570029
14.34 0 0.348217890888
14.35 0 0.347521631086
14.36 0 0.347521631086
14.37 0 0.347521631086
14.38 0 0.346094736597
14.39 0 0.345330721676
14.4 0 0.34322317796
14.41 0 0.341741128739
14.42 0 0.340193924567
14.43 0 0.337124699505
14.44 0 0.332634839236
14.45 0 0.328668738644
14.46 0 0.32766581892
14.47 0 0.325673557561
14.48 0 0.32416679189
14.49 0 0.323790242031
14.5 0 0.323790242031
14.51 0 0.322045234244
14.52 0 0.320927374929
14.53 0 0.317227081911
14.54 0 0.315173616052
14.55 0 0.314709396923
14.56 0 0.314127177112
14.57 0 0.314302140532
14.58 0 0.313892215469
14.59 0 0.314630826416
14.6 0 0.314216255174
14.61 0 0.314172535404
14.62 0 0.314436154151
14.63 0 0.315201534818
14.64 0 0.315271092538
14.65 0 0.314692943809
14.66 0 0.314829455361
14.67 0 0.315559010042
14.68 0 0.316131825306
14.69 0 0.316542754607
14.7 0 0.316693140027
14.71 0 0.31696326133
14.72 0 0.31768381565
14.73 0 0.318233315422
14.74 0 0.318233315422
14.75 0 0.319001929189
14.76 0 0.32110202921
14.77 0 0.322850110898
14.78 0 0.3257420455
14.79 0 0.327042831099
14.8 0 0.328039755695
14.81 0 0.329830771945
14.82 0 0.330027864193
14.83 0 0.329172673771
14.84 0 0.328095751115
14.85 0 0.328095751115
14.86 0 0.32747763968
14.87 0 0.327259039258
14.88 0 0.331270093725
14.89 0 0.330605968213
14.9 0 0.329392913758
14.91 0 0.329392913758
14.92 0 0.328867374592
14.93 0 0.333345713673
14.94 0 0.340249994785
14.95 0 0.344621162955
14.96 0 0.348305226394
14.97 0 0.355275107906
14.98 0 0.358784519042
14.99 0 0.359055058069
15.0 0 0.360725938277
15.01 0 0.360725938277
15.02 0 0.361811655658
15.03 0 0.361899700291
15.04 0 0.361606157728
15.05 0 0.361146154193
15.06 0 0.361146154193
15.07 0 0.360760625746
15.08 0 0.360035960826
15.09 0 0.360129761029
15.1 0 0.360384425535
15.11 0 0.36070419168
15.12 0 0.360674985332
15.13 0 0.360674985332
15.14 0 0.35897088111
15.15 0 0.357658635246
15.16 0 0.355087874996
15.17 0 0.355087874996
15.18 0 0.353622874929
15.19 0 0.354613205067
15.2 0 0.356284628384
15.21 0 0.358900176234
15.22 0 0.359251036927
15.23 0 0.358304969283
15.24 0 0.357528939622
15.25 0 0.354691531676
15.26 0 0.354126966301
15.27 0 0.354138121713
15.28 0 0.353987854098
15.29 0 0.353486636531
15.3 0 0.354411267099
15.31 0 0.354653357204
15.32 0 0.354837640384
15.33 0 0.354837640384
15.34 0 0.353535583242
15.35 0 0.353578637022
15.36 0 0.353916489157
15.37 0 0.35879186916
15.38 0 0.361634076483
15.39 0 0.362175960638
15.4 0 0.36248768889
15.41 0 0.363043874927
15.42 0 0.362974693037
15.43 0 0.362974693037
15.44 0 0.362974693037
15.45 0 0.363026737882
15.46 0 0.363026737882
15.47 0 0.363349010798
15.48 0 0.363863037517
15.49 0 0.363752705108
15.5 0 0.363877592967
15.51 0 0.36445393907
15.52 0 0.366162021913
15.53 0 0.366899063817
15.54 0 0.367559229632
15.55 0 0.369455270788
15.56 0 0.370048784713
15.57 0 0.370548476315
15.58 0 0.370548476315
15.59 0 0.370389952493
15.6 0 0.368528093337
15.61 0 0.368733750657
15.62 0 0.37086778671
15.63 0 0.37086778671
15.64 0 0.372046332325
15.65 0 0.370669344861
15.66 0 0.373814540369
15.67 0 0.37536873725
15.68 0 0.375081800278
15.69 0 0.380518187111
15.7 0 0.381332182968
15.71 0 0.384274881517
15.72 0 0.384274881517
15.73 0 0.38838643734
15.74 0 0.38838643734
15.75 0 0.391737814318
15.76 0 0.39196191154
15.77 0 0.390595502078
15.78 0 0.389997254848
15.79 0 0.388809494682
15.8 0 0.386072770903
15.81 0 0.384667245727
15.82 0 0.384667245727
15.83 0 0.384667245727
15.84 0 0.390740222628
15.85 0 0.39192731775
15.86 0 0.393330429483
15.87 0 0.394029252808
15.88 0 0.396006283403
15.89 0 0.397629653325
15.9 0 0.398362572273
15.91 0 0.399155610711
15.92 0 0.399495759084
15.93 0 0.399987035634
15.94 0 0.399638228952
15.95 0 0.399545601537
15.96 0 0.398162997285
15.97 0 0.398017490324
15.98 0 0.397977205696
15.99 0 0.39759525664
16.0 0 0.397574057476
16.01 0 0.396810446506
16.02 0 0.395646808416
16.03 0 0.393703792319
16.04 0 0.392035897763
16.05 0 0.392035897763
16.06 0 0.390089915413
16.07 0 0.389910910519
16.08 0 0.389910910519
16.09 0 0.391425792803
16.1 0 0.393234784268
16.11 0 0.394043954421
16.12 0 0.394537477516
16.13 0 0.39693576928
16.14 0 0.397091847336
16.15 0 0.397463404879
16.16 0 0.398685498786
16.17 0 0.399998508268
16.18 0 0.399998508268
16.19 0 0.401959516315
16.2 0 0.402204457042
16.21 0 0.402400240909
16.22 0 0.40383440808
16.23 0 0.40488898372
16.24 0 0.404923094552
16.25 0 0.404915602846
16.26 0 0.404915602846
16.27 0 0.406637813586
16.28 0 0.406997915727
16.29 0 0.408274741165
16.3 0 0.408839259632
16.31 0 0.408204732938
16.32 0 0.408940569111
16.33 0 0.40994759874
16.34 0 0.40994759874
16.35 0 0.41292813291
16.36 0 0.416901481405
16.37 0 0.416930560739
16.38 0 0.418044217551
16.39 0 0.421741751697
16.4 0 0.418166989927
16.41 0 0.418166989927
16.42 0 0.418166989927
16.43 0 0.418166989927
16.44 0 0.423954572746
16.45 0 0.425471971851
16.46 0 0.431248688162
16.47 0 0.432201648304
16.48 0 0.434286266045
16.49 0 0.435859040581
16.5 0 0.435859040581
16.51 0 0.435859040581
16.52 0 0.438418833498
16.53 0 0.444320209955
16.54 0 0.443821564577
16.55 0 0.444207100397
16.56 0 0.443826069837
16.57 0 0.444508052048
16.58 0 0.444221486928
16.59 0 0.446107476812
16.6 0 0.447884140623
16.61 0 0.450110093315
16.62 0 0.450910790398
16.63 0 0.451664562061
16.64 0 0.451985159325
16.65 0 0.451906045533
16.66 0 0.451987964097
16.67 0 0.451381732834
16.68 0 0.451538754767
16.69 0 0.451538754767
16.7 0 0.451266515402
16.71 0 0.451266515402
16.72 0 0.451266515402
16.73 0 0.450477035572
16.74 0 0.447725173958
16.75 0 0.446090157452
16.76 0 0.444967245787
16.77 0 0.444129724822
16.78 0 0.44356462202
16.79 0 0.442977775456
16.8 0 0.441350014255
16.81 0 0.440435750712
16.82 0 0.440435750712
16.83 0 0.435940952932
16.84 0 0.433654551743
16.85 0 0.431281061805
16.86 0 0.430316391379
16.87 0 0.427946286772
16.88 0 0.427946286772
16.89 0 0.425338281037
16.9 0 0.4252198104
16.91 0 0.4252198104
16.92 0 0.426467781587
16.93 0 0.425952365435
16.94 0 0.426249678275
16.95 0 0.426458257855
16.96 0 0.427051723645
16.97 0 0.427028980959
16.98 0 0.428199451778
16.99 0 0.428199451778
17.0 0 0.429706532888
17.01 0 0.430408456579
17.02 0 0.430408456579
17.03 0 0.430959946687
17.04 0 0.430915474534
17.05 0 0.431218059671
17.06 0 0.432147424468
17.07 0 0.432147424468
17.08 0 0.432147424468
17.09 0 0.434774572302
17.1 0 0.43459193421
17.11 0 0.434970113037
17.12 0 0.436137166246
17.13 0 0.436137166246
17.14 0 0.441457066084
17.15 0 0.441457066084
17.16 0 0.447182026447
17.17 0 0.450926860753
17.18 0 0.450926860753
17.19 0 0.450624815932
17.2 0 0.448727847012
17.21 0 0.448303856528
17.22 0 0.446104229607
17.23 0 0.446104229607
17.24 0 0.442796020966
17.25 0 0.443746880574
17.26 0 0.449363218476
17.27 0 0.449904756205
17.28 0 0.453606550141
17.29 0 0.458673934266
17.3 0 0.463228437444
17.31 0 0.465913158195
17.32 0 0.465913158195
17.33 0 0.473211598389
17.34 0 0.475366188036
17.35 0 0.476350820673
17.36 0 0.476510294651
17.37 0 0.476430323106
17.38 0 0.476394970231
17.39 0 0.47645154983
17.4 0 0.47630814699
17.41 0 0.478001204653
17.42 0 0.479038198984
17.43 0 0.479261185501
17.44 0 0.479951310294
17.45 0 0.480030249753
17.46 0 0.480616156003
17.47 0 0.481486490553
17.48 0 0.481777279818
17.49 0 0.481777279818
17.5 0 0.483420272914
17.51 0 0.483420272914
17.52 0 0.484495034691
17.53 0 0.480314893576
17.54 0 0.479381268001
17.55 0 0.477329580578
17.56 0 0.476074099258
17.57 0 0.47543200666
17.58 0 0.472172163526
17.59 0 0.471973990903
17.6 0 0.469297172311
17.61 0 0.468081401447
17.62 0 0.468081401447
17.63 0 0.466703356955
17.64 0 0.462711572715
17.65 0 0.46283068961
17.66 0 0.46225004829
17.67 0 0.462410110237
17.68 0 0.464462998364
17.69 0 0.465185239289
17.7 0 0.465492031191
17.71 0 0.465492031191
17.72 0 0.46841708368
17.73 0 0.468921664514
17.74 0 0.469258343661
17.75 0 0.469308396449
17.76 0 0.469367703018
17.77 0 0.469235375297
17.78 0 0.469992190203
17.79 0 0.470393219903
17.8 0 0.469974075967
17.81 0 0.469640083589
17.82 0 0.470341303422
17.83 0 0.470581875001
17.84 0 0.471370983305
17.85 0 0.4720406506
17.86 0 0.4720406506
17.87 0 0.473739329132
17.88 0 0.47415074378
17.89 0 0.47665925855
17.9 0 0.47665925855
17.91 0 0.47665925855
17.92 0 0.482442762435
17.93 0 0.486141272149
17.94 0 0.489816366112
17.95 0 0.489816366112
17.96 0 0.493745696062
17.97 0 0.496023920075
17.98 0 0.496023920075
17.99 0 0.493192713661
18.0 0 0.491322919746
18.01 0 0.49120866345
18.02 0 0.492804844096
18.03 0 0.488012370305
18.04 0 0.483901766704
18.05 0 0.485592205877
18.06 0 0.491346550459
18.07 0 0.491631431591
18.08 0 0.491935559266
18.09 0 0.49289398579
18.1 0 0.504306139892
18.11 0 0.505826455226
18.12 0 0.505826455226
18.13 0 0.510650833291
18.14 0 0.510650833291
18.15 0 0.510650833291
18.16 0 0.514279208276
18.17 0 0.516484722579
18.18 0 0.518945158171
18.19 0 0.519203415436
18.2 0 0.519482235157
18.21 0 0.521351909068
18.22 0 0.521793463345
18.23 0 0.521724666737
18.24 0 0.520617284486
18.25 0 0.5191221379
18.26 0 0.518723490461
18.27 0 0.518723490461
18.28 0 0.515027855857
18.29 0 0.513473255441
18.3 0 0.513473255441
18.31 0 0.509010245353
18.32 0 0.508519092993
18.33 0 0.508742178162
18.34 0 0.509605463266
18.35 0 0.510090088533
18.36 0 0.510841460365
18.37 0 0.511348786423
18.38 0 0.510427713342
18.39 0 0.509292987608
18.4 0 0.507085950364
18.41 0 0.507085950364
18.42 0 0.503784107882
18.43 0 0.503784107882
18.44 0 0.500087924292
18.45 0 0.500087924292
18.46 0 0.500087924292
18.47 0 0.499184919923
18.48 0 0.500389859718
18.49 0 0.501911202553
18.5 0 0.504402023088
18.51 0 0.506702641061
18.52 0 0.508368378635
18.53 0 0.5094047934
18.54 0 0.509487973139
18.55 0 0.509487973139
18.56 0 0.51008302006
18.57 0 0.510046393362
18.58 0 0.510804663229
18.59 0 0.510804663229
18.6 0 0.512472558384
18.61 0 0.51363310461
18.62 0 0.51363310461
18.63 0 0.514662940288
18.64 0 0.514713333413
18.65 0 0.515303282973
18.66 0 0.515993540574
18.67 0 0.517849376979
18.68 0 0.522399390866
18.69 0 0.522399390866
18.7 0 0.523808296098
18.71 0 0.527506659347
18.72 0 0.527726346341
18.73 0 0.528726815478
18.74 0 0.528918069661
18.75 0 0.531260281997
18.76 0 0.532725109755
18.77 0 0.533386699562
18.78 0 0.535075246472
18.79 0 0.535075246472
18.8 0 0.533525203843
18.81 0 0.530972054505
18.82 0 0.530480328704
18.83 0 0.530480328704
18.84 0 0.53155247067
18.85 0 0.536046896205
18.86 0 0.534343436397
18.87 0 0.534343436397
18.88 0 0.534918359882
18.89 0 0.544074297298
18.9 0 0.549745290166
18.91 0 0.55220277171
18.92 0 0.553762559556
18.93 0 0.557247631993
18.94 0 0.55844341992
18.95 0 0.557962870917
18.96 0 0.559075123885
18.97 0 0.559615904543
18.98 0 0.559615904543
18.99 0 0.560821170276
19.0 0 0.560165023618
19.01 0 0.558454592178
19.02 0 0.557979380265
19.03 0 0.558033370021
19.04 0 0.557356793487
19.05 0 0.55473580739
19.06 0 0.552742033442
19.07 0 0.552742033442
19.08 0 0.551514974361
19.09 0 0.550588425347
19.1 0 0.552531321912
19.11 0 0.554556054727
19.12 0 0.554556054727
19.13 0 0.554556054727
19.14 0 0.554241123857
19.15 0 0.551999712518
19.16 0 0.550220841906
19.17 0 0.546006672196
19.18 0 0.545380956499
19.19 0 0.545392133204
19.2 0 0.545078848166
19.21 0 0.545078848166
19.22 0 0.545567295937
19.23 0 0.545689024315
19.24 0 0.545923401801
19.25 0 0.544543556349
19.26 0 0.546481411324
19.27 0 0.547675502129
19.28 0 0.551605965712
19.29 0 0.552350312089
19.3 0 0.553268775543
19.31 0 0.553268775543
19.32 0 0.554397254266
19.33 0 0.554578262149
19.34 0 0.555305472892
19.35 0 0.556051356825
19.36 0 0.556051356825
19.37 0 0.557426807808
19.38 0 0.560223415633
19.39 0 0.560618369796
19.4 0 0.560618369796
19.41 0 0.560618369796
19.42 0 0.562087048119
19.43 0 0.561853122565
19.44 0 0.561978686397
19.45 0 0.562799722146
19.46 0 0.565250309695
19.47 0 0.568425078824
19.48 0 0.571761736006
19.49 0 0.571761736006
19.5 0 0.573781254684
19.51 0 0.575236356535
19.52 0 0.579232537789
19.53 0 0.578665287201
19.54 0 0.577922343313
19.55 0 0.576885821316
19.56 0 0.579428685258
19.57 0 0.579428685258
19.58 0 0.578801704709
19.59 0 0.578870987557
19.6 0 0.576260211445
19.61 0 0.575705688794
19.62 0 0.576304241452
19.63 0 0.578859064086
19.64 0 0.578859064086
19.65 0 0.578355605996
19.66 0 0.580487372505
19.67 0 0.583222031659
19.68 0 0.586496037941
19.69 0 0.587707744345
19.7 0 0.592128383226
19.71 0 0.596513571859
19.72 0 0.598601921349
19.73 0 0.600695873595
19.74 0 0.603130521798
19.75 0 0.603130521798
19.76 0 0.603130521798
19.77 0 0.605700354359
19.78 0 0.606575629936
19.79 0 0.605251482732
19.8 0 0.604504359656
19.81 0 0.604409812778
19.82 0 0.604254422327
19.83 0 0.603824049361
19.84 0 0.602914207067
19.85 0 0.602914207067
19.86 0 0.600679997334
19.87 0 0.596006257824
19.88 0 0.590489122901
19.89 0 0.590141785994
19.9 0 0.591628668405
19.91 0 0.592124996697
19.92 0 0.591667954196
19.93 0 0.591825604668
19.94 0 0.590870573814
19.95 0 0.589210519793
19.96 0 0.587355969052
19.97 0 0.586155988673
19.98 0 0.584516162044
19.99 0 0.583116424843
20.0 0 0.583116424843
20.01 0 0.583116424843
20.02 0 0.582345181196
20.03 0 0.581435657199
20.04 0 0.582422914735
20.05 0 0.585717905291
20.06 0 0.587682475059
20.07 0 0.589458871798
20.08 0 0.591987127858
20.09 0 0.592484302202
20.1 0 0.592484302202
20.11 0 0.593862433961
20.12 0 0.593881892816
20.13 0 0.593881892816
20.14 0 0.593881892816
20.15 0 0.598635408669
20.16 0 0.600142566192
20.17 0 0.600142566192
20.18 0 0.604019378864
20.19 0 0.604207801313
20.2 0 0.604236014332
20.21 0 0.604636942316
20.22 0 0.604636942316
20.23 0 0.604762358139
20.24 0 0.60448416955
20.25 0 0.606715103227
20.26 0 0.608608138582
20.27 0 0.610393331841
20.28 0 0.611691276928
20.29 0 0.612773656173
20.3 0 0.619770740717
20.31 0 0.620921747224
20.32 0 0.620814293823
20.33 0 0.621163031008
20.34 0 0.621428675354
20.35 0 0.6214693486
20.36 0 0.620959266506
20.37 0 0.621509255813
20.38 0 0.619691429118
20.39 0 0.619691429118
20.4 0 0.617228698527
20.41 0 0.618540190112
20.42 0 0.618540190112
20.43 0 0.618540190112
20.44 0 0.616255624127
20.45 0 0.617431712878
20.46 0 0.619172025025
20.47 0 0.624593470451
20.48 0 0.625366248131
20.49 0 0.625366248131
20.5 0 0.637881758038
20.51 0 0.641986960365
20.52 0 0.641986960365
20.53 0 0.643543534674
20.54 0 0.643340874509
20.55 0 0.643081676745
20.56 0 0.643081676745
20.57 0 0.641780413387
20.58 0 0.642562696564
20.59 0 0.642959761118
20.6 0 0.642959761118
20.61 0 0.645593159163
20.62 0 0.645586065596
20.63 0 0.641076064234
20.64 0 0.641076064234
20.65 0 0.637173898864
20.66 0 0.633838928075
20.67 0 0.629561131929
20.68 0 0.629143278637
20.69 0 0.629216450271
20.7 0 0.629264528462
20.71 0 0.629264528462
20.72 0 0.629264528462
20.73 0 0.629677812366
20.74 0 0.629731168391
20.75 0 0.630473025857
20.76 0 0.62882387306
20.77 0 0.6273251863
20.78 0 0.625935140214
20.79 0 0.625230322306
20.8 0 0.625349237556
20.81 0 0.625408190602
20.82 0 0.625722584608
20.83 0 0.626069880476
20.84 0 0.62741591506
20.85 0 0.629036203228
20.86 0 0.631191708164
20.87 0 0.634817445688
20.88 0 0.636219900431
20.89 0 0.636511540468
20.9 0 0.640359232173
20.91 0 0.641421743307
20.92 0 0.642964608826
20.93 0 0.6437417444
20.94 0 0.643981644731
20.95 0 0.643981644731
20.96 0 0.6490956075
20.97 0 0.6490956075
20.98 0 0.6490956075
20.99 0 0.650946304646
21.0 0 0.651437720498
21.01 0 0.651437720498
21.02 0 0.65284531393
21.03 0 0.65320742847
21.04 0 0.654356159406
21.05 0 0.655444140544
21.06 0 0.656064954131
21.07 0 0.655475112087
21.08 0 0.655475112087
21.09 0 0.664554715119
21.1 0 0.663944770732
21.11 0 0.663489462677
21.12 0 0.662980346692
21.13 0 0.662980346692
21.14 0 0.663506538924
21.15 0 0.662924238858
21.16 0 0.662537401841
21.17 0 0.663324355108
21.18 0 0.66312298324
21.19 0 0.662070928047
21.2 0 0.664015030475
21.21 0 0.663989896054
21.22 0 0.661915949102
21.23 0 0.663571406624
21.24 0 0.664218347207
21.25 0 0.664218347207
21.26 0 0.664218347207
21.27 0 0.673695083102
21.28 0 0.674145889355
21.29 0 0.674145889355
21.3 0 0.683662109769
21.31 0 0.68593167571
21.32 0 0.688136604328
21.33 0 0.687556998359
21.34 0 0.686218669829
21.35 0 0.685078428846
21.36 0 0.684926884971
21.37 0 0.685785710882
21.38 0 0.685785710882
21.39 0 0.686308984591
21.4 0 0.687856935724
21.41 0 0.686943275507
21.42 0 0.685243755408
21.43 0 0.684456135438
21.44 0 0.684456135438
21.45 0 0.683486450214
21.46 0 0.679432578276
21.47 0 0.67835776849
21.48 0 0.677549596494
21.49 0 0.677549596494
21.5 0 0.677549596494
21.51 0 0.676665938913
21.52 0 0.674358311654
21.53 0 0.673941010143
21.54 0 0.674071886221
21.55 0 0.674071886221
21.56 0 0.671837191519
21.57 0 0.670785562592
21.58 0 0.670785562592
21.59 0 0.669906396553
21.6 0 0.669087687145
21.61 0 0.668600203533
21.62 0 0.668116874724
21.63 0 0.668116874724
21.64 0 0.668116874724
21.65 0 0.667676546412
21.66 0 0.670144765973
21.67 0 0.670814837197
21.68 0 0.672220715726
21.69 0 0.672858925178
21.7 0 0.673601717463
21.71 0 0.675360601882
21.72 0 0.677537838134
21.73 0 0.681696517644
21.74 0 0.684030316653
21.75 0 0.684856688229
21.76 0 0.684856688229
21.77 0 0.684594331718
21.78 0 0.684907633082
21.79 0 0.684773867944
21.8 0 0.685155395481
21.81 0 0.685280922212
21.82 0 0.686179513784
21.83 0 0.686833719257
21.84 0 0.686977072899
21.85 0 0.69087478581
21.86 0 0.692169457052
21.87 0 0.693279028779
21.88 0 0.692644509594
21.89 0 0.692528761413
21.9 0 0.693588137356
21.91 0 0.692300688806
21.92 0 0.69212612045
21.93 0 0.692952835158
21.94 0 0.691208854099
21.95 0 0.690462953718
21.96 0 0.690638807816
21.97 0 0.691031741841
21.98 0 0.691898093242
21.99 0 0.692485385185
22.0 0 0.68919575852
22.01 0 0.689913713247
22.02 0 0.696231746783
22.03 0 0.694613016702
22.04 0 0.698291120934
22.05 0 0.697154497789
22.06 0 0.701686113566
22.07 0 0.708415618607
22.08 0 0.709727142272
22.09 0 0.709727142272
22.1 0 0.712479897486
22.11 0 0.71240746217
22.12 0 0.712315777998
22.13 0 0.712099824698
22.14 0 0.711297856581
22.15 0 0.711527738761
22.16 0 0.711527738761
22.17 0 0.711527738761
22.18 0 0.711987495495
22.19 0 0.71134365404
22.2 0 0.710894842777
22.21 0 0.710362972761
22.22 0 0.710561705955
22.23 0 0.710471743908
22.24 0 0.709190990734
22.25 0 0.708018973204
22.26 0 0.706966968378
22.27 0 0.706228243934
22.28 0 0.706068755511
22.29 0 0.706068755511
22.3 0 0.704467762105
22.31 0 0.703824288038
22.32 0 0.704437277702
22.33 0 0.704544577124
22.34 0 0.702866817012
22.35 0 0.703383551716
22.36 0 0.703167747202
22.37 0 0.702554688904
22.38 0 0.702357222471
22.39 0 0.702357222471
22.4 0 0.702260225143
22.41 0 0.702208697472
22.42 0 0.702643049431
22.43 0 0.702928580597
22.44 0 0.703781382196
22.45 0 0.704142538533
22.46 0 0.70447287307
22.47 0 0.704969560343
22.48 0 0.706129607796
22.49 0 0.707374788613
22.5 0 0.707884821438
22.51 0 0.708162242211
22.52 0 0.708820041848
22.53 0 0.709212895155
22.54 0 0.707420234855
22.55 0 0.707211238244
22.56 0 0.70675239037
22.57 0 0.706601244816
22.58 0 0.706448781627
22.59 0 0.706874536959
22.6 0 0.706820758072
22.61 0 0.706820758072
22.62 0 0.710715412218
22.63 0 0.711425999233
22.64 0 0.71441542569
22.65 0 0.715273671285
22.66 0 0.716259922366
22.67 0 0.716913484149
22.68 0 0.717042411821
22.69 0 0.716712634907
22.7 0 0.718893153579
22.71 0 0.719950236356
22.72 0 0.719586043561
22.73 0 0.720799377625
22.74 0 0.719587998786
22.75 0 0.720062344799
22.76 0 0.719201603631
22.77 0 0.717738423117
22.78 0 0.719244729567
22.79 0 0.715232448345
22.8 0 0.72354091872
22.81 0 0.716718179035
22.82 0 0.721237216321
22.83 0 0.728802909643
22.84 0 0.73232285131
22.85 0 0.732408782935
22.86 0 0.737678044302
22.87 0 0.744327571992
22.88 0 0.747384590387
22.89 0 0.748648499529
22.9 0 0.748811505678
22.91 0 0.748811505678
22.92 0 0.748712323316
22.93 0 0.747736067725
22.94 0 0.747736067725
22.95 0 0.748726222901
22.96 0 0.749739360981
22.97 0 0.750343001616
22.98 0 0.749722006284
22.99 0 0.749626692483
23.0 0 0.748649703291
23.01 0 0.748047578829
23.02 0 0.747398823437
23.03 0 0.746347145657
23.04 0 0.745679295292
23.05 0 0.743099591742
23.06 0 0.743039158781
23.07 0 0.74400428119
23.08 0 0.745024200617
23.09 0 0.745024200617
23.1 0 0.74347024967
23.11 0 0.739016379912
23.12 0 0.738286224786
23.13 0 0.737927678055
23.14 0 0.738221415133
23.15 0 0.738569130907
23.16 0 0.738778856005
23.17 0 0.739163427116
23.18 0 0.739163427116
23.19 0 0.738681916728
23.2 0 0.738681916728
23.21 0 0.738467796283
23.22 0 0.739915998921
23.23 0 0.74001313177
23.24 0 0.74001313177
23.25 0 0.741010050886
23.26 0 0.74204934673
23.27 0 0.74204934673
23.28 0 0.742603032944
23.29 0 0.742451831392
23.3 0 0.742451831392
23.31 0 0.743538349624
23.32 0 0.743538349624
23.33 0 0.743538349624
23.34 0 0.745048235456
23.35 0 0.744513477158
23.36 0 0.744228661079
23.37 0 0.744228661079
23.38 0 0.744331780815
23.39 0 0.744227770458
23.4 0 0.744877734999
23.41 0 0.748736272691
23.42 0 0.750528677225
23.43 0 0.750439203684
23.44 0 0.751317841515
23.45 0 0.751519668923
23.46 0 0.751846031572
23.47 0 0.750302383608
23.48 0 0.750302383608
23.49 0 0.750302383608
23.5 0 0.752669820541
23.51 0 0.754512699066
23.52 0 0.754348467408
23.53 0 0.754298421199
23.54 0 0.752104695363
23.55 0 0.75031909637
23.56 0 0.750930576074
23.57 0 0.749262504941
23.58 0 0.749262504941
23.59 0 0.749262504941
23.6 0 0.756078014702
23.61 0 0.758386032372
23.62 0 0.761284247828
23.63 0 0.763600005437
23.64 0 0.765215790331
23.65 0 0.769738680411
23.66 0 0.775080953786
23.67 0 0.776853765987
23.68 0 0.777492785576
23.69 0 0.777704981771
23.7 0 0.777781625594
23.71 0 0.777554950842
23.72 0 0.777400912662
23.73 0 0.777400912662
23.74 0 0.778874908891
23.75 0 0.779307269215
23.76 0 0.777881514641
23.77 0 0.777214127391
23.78 0 0.776076385971
23.79 0 0.775476500018
23.8 0 0.774150095801
23.81 0 0.772629266444
23.82 0 0.772629266444
23.83 0 0.772629266444
23.84 0 0.768356775313
23.85 0 0.768617751887
23.86 0 0.769811301829
23.87 0 0.76914106216
23.88 0 0.769174502787
23.89 0 0.7678122979
23.9 0 0.766690082012
23.91 0 0.765717618914
23.92 0 0.763393432905
23.93 0 0.762704218702
23.94 0 0.762704218702
23.95 0 0.762460038559
23.96 0 0.762489111166
23.97 0 0.763047121196
23.98 0 0.763871604351
23.99 0 0.766020510665
24.0 0 0.766649610179
24.01 0 0.767262676405
24.02 0 0.771004383064
24.03 0 0.772624233205
24.04 0 0.775511133684
24.05 0 0.776473602835
24.06 0 0.778379208097
24.07 0 0.779563142205
24.08 0 0.780547442732
24.09 0 0.782477684058
24.1 0 0.783403473249
24.11 0 0.783403473249
24.12 0 0.785709217528
24.13 0 0.787969183571
24.14 0 0.787400053774
24.15 0 0.786902384358
24.16 0 0.786831143365
24.17 0 0.786963579851
24.18 0 0.786930854901
24.19 0 0.787933605058
24.2 0 0.79044244346
24.21 0 0.792160203948
24.22 0 0.792160203948
24.23 0 0.794518814172
24.24 0 0.798776686816
24.25 0 0.796016011835
24.26 0 0.795960050319
24.27 0 0.795018296982
24.28 0 0.795559771523
24.29 0 0.795167001663
24.3 0 0.795031503579
24.31 0 0.795031503579
24.32 0 0.792994060771
24.33 0 0.79219173774
24.34 0 0.791547677178
24.35 0 0.783399917493
24.36 0 0.786176682095
24.37 0 0.791276181446
24.38 0 0.793654177713
24.39 0 0.793760115517
24.4 0 0.793760115517
24.41 0 0.796924297436
24.42 0 0.804974772141
24.43 0 0.808578945353
24.44 0 0.80884559708
24.45 0 0.810215164149
24.46 0 0.812143149272
24.47 0 0.813840115147
24.48 0 0.813672326879
24.49 0 0.813242937854
24.5 0 0.813186979895
24.51 0 0.813299425483
24.52 0 0.81286772528
24.53 0 0.812713507093
24.54 0 0.813002121673
24.55 0 0.811958546457
24.56 0 0.811958546457
24.57 0 0.811958546457
24.58 0 0.810657148314
24.59 0 0.809449265049
24.6 0 0.806386555387
24.61 0 0.803599134308
24.62 0 0.802816147629
24.63 0 0.802816147629
24.64 0 0.801381572445
24.65 0 0.802038017497
24.66 0 0.800407185725
24.67 0 0.800407185725
24.68 0 0.798915665778
24.69 0 0.796415180207
24.7 0 0.79442278954
24.71 0 0.793839542992
24.72 0 0.792980068627
24.73 0 0.792298996823
24.74 0 0.791726363945
24.75 0 0.791432761613
24.76 0 0.79099738757
24.77 0 0.791072047702
24.78 0 0.791718107299
24.79 0 0.792099007837
24.8 0 0.793200120671
24.81 0 0.794924488535
24.82 0 0.796051859236
24.83 0 0.796230001687
24.84 0 0.797124064164
24.85 0 0.797671185423
24.86 0 0.797896070687
24.87 0 0.800463066361
24.88 0 0.800463066361
24.89 0 0.800463066361
24.9 0 0.803550414202
24.91 0 0.803174111882
24.92 0 0.803174111882
24.93 0 0.803491900951
24.94 0 0.806032726178
24.95 0 0.806032726178
24.96 0 0.808289520889
24.97 0 0.809307219625
24.98 0 0.8094216373
24.99 0 0.810901251313
25.0 0 0.813687879558
25.01 0 0.815939839822
25.02 0 0.815939839822
25.03 0 0.820272358749
25.04 0 0.820054373212
25.05 0 0.820213019217
25.06 0 0.819288399046
25.07 0 0.817461020338
25.08 0 0.813578228037
25.09 0 0.81368572812
25.1 0 0.815198938562
25.11 0 0.824025421745
25.12 0 0.825190902003
25.13 0 0.824727704259
25.14 0 0.824727704259
25.15 0 0.824727704259
25.16 0 0.829682098048
25.17 0 0.829682098048
25.18 0 0.833651743592
25.19 0 0.834398560773
25.2 0 0.837321241213
25.21 0 0.839530842515
25.22 0 0.841977285867
25.23 0 0.844557831561
25.24 0 0.845603705114
25.25 0 0.845603705114
25.26 0 0.844400527517
25.27 0 0.844257218234
25.28 0 0.842697268448
25.29 0 0.842268922944
25.3 0 0.843134842601
25.31 0 0.843809496677
25.32 0 0.843611384677
25.33 0 0.842714637414
25.34 0 0.83950762408
25.35 0 0.838340260085
25.36 0 0.838263578145
25.37 0 0.837893983005
25.38 0 0.837562784949
25.39 0 0.836662023182
25.4 0 0.835007601137
25.41 0 0.834867422187
25.42 0 0.835111339439
25.43 0 0.834885019409
25.44 0 0.834686717217
25.45 0 0.832782267019
25.46 0 0.832245574992
25.47 0 0.831256294827
25.48 0 0.831010592017
25.49 0 0.831010592017
25.5 0 0.829114184423
25.51 0 0.828686503123
25.52 0 0.828330230648
25.53 0 0.826762442266
25.54 0 0.825189364733
25.55 0 0.823553361386
25.56 0 0.824262032935
25.57 0 0.824579040925
25.58 0 0.826889079224
25.59 0 0.828147888259
25.6 0 0.828917175717
25.61 0 0.828917175717
25.62 0 0.831070787043
25.63 0 0.831164173164
25.64 0 0.831804698127
25.65 0 0.832254031419
25.66 0 0.83284762699
25.67 0 0.83284762699
25.68 0 0.834771353234
25.69 0 0.837181071553
25.7 0 0.83627556274
25.71 0 0.83575015549
25.72 0 0.83565613698
25.73 0 0.83565613698
25.74 0 0.83565613698
25.75 0 0.837199881021
25.76 0 0.838817135947
25.77 0 0.841666615554
25.78 0 0.842485856413
25.79 0 0.846352998641
25.8 0 0.846235932096
25.81 0 0.847105490007
25.82 0 0.847105490007
25.83 0 0.847105490007
25.84 0 0.843757354673
25.85 0 0.844411450437
25.86 0 0.844626041309
25.87 0 0.844172444992
25.88 0 0.842431864724
25.89 0 0.839940142601
25.9 0 0.839940142601
25.91 0 0.840535898377
25.92 0 0.839786751506
25.93 0 0.839786751506
25.94 0 0.840047646135
25.95 0 0.842315188639
25.96 0 0.845300301743
25.97 0 0.852182298704
25.98 0 0.856879509716
25.99 0 0.863291564705
26.0 0 0.866242817011
26.01 0 0.86713703159
26.02 0 0.867507539988
26.03 0 0.86797606704
26.04 0 0.866853362055
26.05 0 0.866946187663
26.06 0 0.867290256592
26.07 0 0.86774957612
26.08 0 0.868238565112
26.09 0 0.868707650513
26.1 0 0.868707650513
26.11 0 0.867302082467
26.12 0 0.867212466525
26.13 0 0.867390292005
26.14 0 0.867390292005
26.15 0 0.861112905422
26.16 0 0.859056636524
26.17 0 0.85845290859
26.18 0 0.85845290859
26.19 0 0.85733074775
26.2 0 0.856890683441
26.21 0 0.856932242557
26.22 0 0.857209145829
26.23 0 0.857209145829
26.24 0 0.857209145829
26.25 0 0.855039752197
26.26 0 0.854223387242
26.27 0 0.854223387242
26.28 0 0.84812033188
26.29 0 0.846987538808
26.3 0 0.846794558711
26.31 0 0.846794558711
26.32 0 0.845783951319
26.33 0 0.846337375221
26.34 0 0.846337375221
26.35 0 0.848422781862
26.36 0 0.849249413176
26.37 0 0.851451816017
26.38 0 0.852454388613
26.39 0 0.854395621244
26.4 0 0.854770841921
26.41 0 0.85570542894
26.42 0 0.855744389133
26.43 0 0.856549213827
26.44 0 0.856549213827
26.45 0 0.856549213827
26.46 0 0.864715547374
26.47 0 0.866789129984
26.48 0 0.867787083173
26.49 0 0.867934148582
26.5 0 0.868174862079
26.51 0 0.867731779555
26.52 0 0.867575127519
26.53 0 0.867181292652
26.54 0 0.86778501524
26.55 0 0.869454775905
26.56 0 0.870477611486
26.57 0 0.87166373737
26.58 0 0.87585598371
26.59 0 0.87585598371
26.6 0 0.87780985607
26.61 0 0.87694464245
26.62 0 0.87694464245
26.63 0 0.876547010852
26.64 0 0.876089381075
26.65 0 0.875365867025
26.66 0 0.876157726222
26.67 0 0.87657099492
26.68 0 0.87657099492
26.69 0 0.871165556428
26.7 0 0.87110792685
26.71 0 0.871641797702
26.72 0 0.879265437265
26.73 0 0.883908573734
26.74 0 0.883908573734
26.75 0 0.883908573734
26.76 0 0.886463404251
26.77 0 0.89677243427
26.78 0 0.899431177754
26.79 0 0.903339034586
26.8 0 0.902960592484
26.81 0 0.903000292964
26.82 0 0.904962285165
26.83 0 0.904962285165
26.84 0 0.905161959083
26.85 0 0.905207230682
26.86 0 0.905207230682
26.87 0 0.905413479186
26.88 0 0.904840235744
26.89 0 0.904089540359
26.9 0 0.903988276599
26.91 0 0.904054327418
26.92 0 0.904638279457
26.93 0 0.90574416892
26.94 0 0.90574416892
26.95 0 0.908126439306
26.96 0 0.908101277876
26.97 0 0.90491901969
26.98 0 0.902298067347
26.99 0 0.901256296481
27.0 0 0.900437702786
27.01 0 0.899518977959
27.02 0 0.898939448125
27.03 0 0.8982716701
27.04 0 0.897666135528
27.05 0 0.897666135528
27.06 0 0.895634346285
27.07 0 0.892290380019
27.08 0 0.889095450189
27.09 0 0.887845045807
27.1 0 0.887125561189
27.11 0 0.887125561189
27.12 0 0.887542448574
27.13 0 0.889044153224
27.14 0 0.889595323118
27.15 0 0.890998177211
27.16 0 0.893136535237
27.17 0 0.894004044455
27.18 0 0.894140165511
27.19 0 0.894732591738
27.2 0 0.894944995955
27.21 0 0.895725464655
27.22 0 0.896880994204
27.23 0 0.896880994204
27.24 0 0.898755796341
27.25 0 0.899524161379
27.26 0 0.899524161379
27.27 0 0.901903099964
27.28 0 0.901929737333
27.29 0 0.903971558498
27.3 0 0.905229935523
27.31 0 0.904549413333
27.32 0 0.904279186602
27.33 0 0.905187897029
27.34 0 0.907004577169
27.35 0 0.90760843422
27.36 0 0.910253291708
27.37 0 0.910253291708
27.38 0 0.91419612267
27.39 0 0.914041683209
27.4 0 0.91462711451
27.41 0 0.91462711451
27.42 0 0.915913814052
27.43 0 0.916178557398
27.44 0 0.916178557398
27.45 0 0.913219554274
27.46 0 0.913536163811
27.47 0 0.911441398165
27.48 0 0.910862276546
27.49 0 0.910862276546
27.5 0 0.90700663583
27.51 0 0.919121476958
27.52 0 0.920454510564
27.53 0 0.920454510564
27.54 0 0.927498317377
27.55 0 0.932325755766
27.56 0 0.93686171242
27.57 0 0.939367363096
27.58 0 0.940376988247
27.59 0 0.940376988247
27.6 0 0.9439998757
27.61 0 0.944148272804
27.62 0 0.944975312498
27.63 0 0.945336483146
27.64 0 0.944326590514
27.65 0 0.944139403648
27.66 0 0.942929362231
27.67 0 0.943244273848
27.68 0 0.943244273848
27.69 0 0.941521757689
27.7 0 0.939647334787
27.71 0 0.937463084512
27.72 0 0.937786186819
27.73 0 0.938699352867
27.74 0 0.938699352867
27.75 0 0.937918022202
27.76 0 0.936991673559
27.77 0 0.936008583855
27.78 0 0.935298915349
27.79 0 0.934617635301
27.8 0 0.934665781839
27.81 0 0.935425404993
27.82 0 0.933591132769
27.83 0 0.931906901197
27.84 0 0.93105954585
27.85 0 0.930744924593
27.86 0 0.929953973914
27.87 0 0.929577908609
27.88 0 0.929070230467
27.89 0 0.928750777756
27.9 0 0.928997670522
27.91 0 0.928616409054
27.92 0 0.928616409054
27.93 0 0.928616409054
27.94 0 0.92999387325
27.95 0 0.933427484975
27.96 0 0.934586552088
27.97 0 0.937137661764
27.98 0 0.937513148101
27.99 0 0.939927393249
28.0 0 0.942228553508
28.01 0 0.942954108213
28.02 0 0.942954108213
28.03 0 0.946030835886
28.04 0 0.947378476926
28.05 0 0.947385094197
28.06 0 0.948245209535
28.07 0 0.950570926371
28.08 0 0.950190441944
28.09 0 0.950468390621
28.1 0 0.950505188189
28.11 0 0.950605505446
28.12 0 0.950605505446
28.13 0 0.950605505446
28.14 0 0.957309353537
28.15 0 0.958077865977
28.16 0 0.957655196475
28.17 0 0.959651739271
28.18 0 0.958449571028
28.19 0 0.958449571028
28.2 0 0.95824213882
28.21 0 0.95773660984
28.22 0 0.956406438983
28.23 0 0.955214949492
28.24 0 0.956261317635
28.25 0 0.956261317635
28.26 0 0.951512502473
28.27 0 0.953883122332
28.28 0 0.955319560377
28.29 0 0.956398775047
28.3 0 0.960850891491
28.31 0 0.960850891491
28.32 0 0.966953453145
28.33 0 0.972903309851
28.34 0 0.976749523862
28.35 0 0.980135450368
28.36 0 0.980135450368
28.37 0 0.980135450368
28.38 0 0.982082966331
28.39 0 0.981198286123
28.4 0 0.982038932333
28.41 0 0.981270716123
28.42 0 0.980960661318
28.43 0 0.981136788266
28.44 0 0.981136788266
28.45 0 0.981947618447
28.46 0 0.980094976493
28.47 0 0.977915198356
28.48 0 0.977609780776
28.49 0 0.977609780776
28.5 0 0.975928476854
28.51 0 0.97609657011
28.52 0 0.976520111016
28.53 0 0.977470084435
28.54 0 0.977858096148
28.55 0 0.977858096148
28.56 0 0.976615524519
28.57 0 0.974850408847
28.58 0 0.974850408847
28.59 0 0.972009276489
28.6 0 0.971363207325
28.61 0 0.971363207325
28.62 0 0.968932041224
28.63 0 0.966134653972
28.64 0 0.966134653972
28.65 0 0.963606127807
28.66 0 0.963121992274
28.67 0 0.961811903526
28.68 0 0.962829425779
28.69 0 0.963270743573
28.7 0 0.966363187354
28.71 0 0.968529196997
28.72 0 0.96970379005
28.73 0 0.970374542488
28.74 0 0.970978249619
28.75 0 0.971290231474
28.76 0 0.971404685115
28.77 0 0.971371312167
28.78 0 0.971371312167
28.79 0 0.972320602864
28.8 0 0.974877714952
28.81 0 0.976203557106
28.82 0 0.977358128452
28.83 0 0.976991758544
28.84 0 0.976889909156
28.85 0 0.977669652062
28.86 0 0.976726322825
28.87 0 0.976127995169
28.88 0 0.975380125756
28.89 0 0.97579771764
28.9 0 0.976432085309
28.91 0 0.976432085309
28.92 0 0.978375262816
28.93 0 0.983721419504
28.94 0 0.98671380136
28.95 0 0.98671380136
28.96 0 0.98671380136
28.97 0 0.988096317053
28.98 0 0.990288698154
28.99 0 0.987202305648
29.0 0 0.987202305648
29.01 0 0.986454331916
29.02 0 0.979461609002
29.03 0 0.980761858854
29.04 0 0.967305425026
29.05 0 0.976271042142
29.06 0 0.972527497338
29.07 0 0.982011558483
29.08 0 0.988785664041
29.09 0 0.990721672414
29.1 0 0.991331894774
29.11 0 0.990963049935
29.12 0 0.990076817989
29.13 0 0.999101488076
29.14 0 1.00368716471
29.15 0 1.00466502725
29.16 0 1.00733767104
29.17 0 1.00725395953
29.18 0 1.00725395953
29.19 0 1.00815819525
29.2 0 1.01106425533
29.21 0 1.01101867908
29.22 0 1.01203365386
29.23 0 1.01335486377
29.24 0 1.01347366705
29.25 0 1.01217016854
29.26 0 1.01140908032
29.27 0 1.01140908032
29.28 0 1.00846638049
29.29 0 1.00737381745
29.3 0 1.00368200354
29.31 0 1.00081186383
29.32 0 0.999581263081
29.33 0 0.999045944185
29.34 0 0.998887476254
29.35 0 0.997025807106
29.36 0 0.996898741543
29.37 0 0.997356584098
29.38 0 0.996437719496
29.39 0 0.995954732647
29.4 0 0.995954732647
29.41 0 0.995180355879
29.42 0 0.99327299871
29.43 0 0.989347869713
29.44 0 0.988390780221
29.45 0 0.988018006481
29.46 0 0.98780555588
29.47 0 0.98780555588
29.48 0 0.986742910584
29.49 0 0.989882382565
29.5 0 0.991648738033
29.51 0 0.993026907276
29.52 0 0.993026907276
29.53 0 0.99562883732
29.54 0 0.996335435729
29.55 0 0.996335435729
29.56 0 0.99950282455
29.57 0 1.00067277136
29.58 0 1.00227066774
29.59 0 1.00227066774
29.6 0 1.00553175982
29.61 0 1.00704809167
29.62 0 1.00753783037
29.63 0 1.00905341214
29.64 0 1.00924384297
29.65 0 1.01066848203
29.66 0 1.01144305058
29.67 0 1.01136336383
29.68 0 1.01174848306
29.69 0 1.01412410806
29.7 0 1.01689787532
29.71 0 1.01672181854
29.72 0 1.02053531002
29.73 0 1.02013610303
29.74 0 1.01992817194
29.75 0 1.01887717939
29.76 0 1.01887717939
29.77 0 1.01887717939
29.78 0 1.01780769168
29.79 0 1.01441080013
29.8 0 1.01759082448
29.81 0 1.01403415322
29.82 0 1.01507122169
29.83 0 1.0138270989
29.84 0 1.01569102747
29.85 0 1.0145407938
29.86 0 1.02819227438
29.87 0 1.02935790596
29.88 0 1.0301826104
29.89 0 1.02790652958
29.9 0 1.02706577138
29.91 0 1.02706577138
29.92 0 1.02706577138
29.93 0 1.03440970005
29.94 0 1.04220110312
29.95 0 1.04561158491
29.96 0 1.04561158491
29.97 0 1.04852643738
29.98 0 1.0479683073
29.99 0 1.04774378054
30.0 0 1.04650328361
30.01 0 1.04703215995
30.02 0 1.04753489621
30.03 0 1.04812123453
30.04 0 1.04843932722
30.05 0 1.04957572153
30.06 0 1.04937494152
30.07 0 1.04463387472
30.08 0 1.04142864457
30.09 0 1.0404200731
30.1 0 1.03979661493
30.11 0 1.03947785842
30.12 0 1.03853010289
30.13 0 1.03853010289
30.14 0 1.03795240916
30.15 0 1.03755089638
30.16 0 1.03595971358
30.17 0 1.03440517285
30.18 0 1.03324559473
30.19 0 1.0319642373
30.2 0 1.03109264259
30.21 0 1.03061893305
30.22 0 1.02754933094
30.23 0 1.02673772276
30.24 0 1.02643667327
30.25 0 1.02643667327
30.26 0 1.02643667327
30.27 0 1.02476415647
30.28 0 1.02565029932
30.29 0 1.02675239033
30.3 0 1.02675239033
30.31 0 1.02856659281
30.32 0 1.02876246687
30.33 0 1.02876246687
30.34 0 1.02929973897
30.35 0 1.03032444707
30.36 0 1.03114571257
30.37 0 1.03398832579
30.38 0 1.03398832579
30.39 0 1.03601136402
30.4 0 1.03747076521
30.41 0 1.03780925434
30.42 0 1.03780925434
30.43 0 1.03780925434
30.44 0 1.03961870292
30.45 0 1.04018382235
30.46 0 1.04047556467
30.47 0 1.0403815289
30.48 0 1.04154757403
30.49 0 1.04486360278
30.5 0 1.04390646645
30.51 0 1.04570747439
30.52 0 1.04563959152
30.53 0 1.04494491673
30.54 0 1.04494491673
30.55 0 1.04506055734
30.56 0 1.04277090594
30.57 0 1.04280387565
30.58 0 1.04262832567
30.59 0 1.04664285727
30.6 0 1.04790973041
30.61 0 1.05416100139
30.62 0 1.05416100139
30.63 0 1.05517911199
30.64 0 1.05725483193
30.65 0 1.05866477057
30.66 0 1.06041518591
30.67 0 1.06041518591
30.68 0 1.06133673578
30.69 0 1.06165394336
30.7 0 1.06720106384
30.71 0 1.07225764472
30.72 0 1.0747230809
30.73 0 1.07571689682
30.74 0 1.07527751216
30.75 0 1.07527751216
30.76 0 1.0754867404
30.77 0 1.076171438
30.78 0 1.07664575994
30.79 0 1.07607665001
30.8 0 1.07589309356
30.81 0 1.076185768
30.82 0 1.0763255619
30.83 0 1.0763255619
30.84 0 1.0763043226
30.85 0 1.07539999577
30.86 0 1.07387644683
30.87 0 1.07255701134
30.88 0 1.07255701134
30.89 0 1.07062206908
30.9 0 1.07020136846
30.91 0 1.07020136846
30.92 0 1.07076575967
30.93 0 1.07117507826
30.94 0 1.07081056401
30.95 0 1.070532678
30.96 0 1.06870953779
30.97 0 1.06765510106
30.98 0 1.06561347021
30.99 0 1.06206058497
31.0 0 1.05986653322
31.01 0 1.05604733773
31.02 0 1.05336907314
31.03 0 1.05277256028
31.04 0 1.05218382116
31.05 0 1.05371252711
31.06 0 1.05569483226
31.07 0 1.05765116779
31.08 0 1.05928973121
31.09 0 1.05893907609
31.1 0 1.0605170512
31.11 0 1.06104386074
31.12 0 1.06104386074
31.13 0 1.06169879175
31.14 0 1.06169879175
31.15 0 1.06169879175
31.16 0 1.06388197409
31.17 0 1.06454454283
31.18 0 1.06508792385
31.19 0 1.06708811911
31.2 0 1.06843151012
31.21 0 1.0699782894
31.22 0 1.07154545025
31.23 0 1.07234221852
31.24 0 1.0730997709
31.25 0 1.07414066923
31.26 0 1.07490598806
31.27 0 1.0766090389
31.28 0 1.07865906478
31.29 0 1.08087033728
31.3 0 1.08087033728
31.31 0 1.08455777388
31.32 0 1.0856258678
31.33 0 1.08455746248
31.34 0 1.08455746248
31.35 0 1.08561717798
31.36 0 1.08561717798
31.37 0 1.08561717798
31.38 0 1.08274159958
31.39 0 1.08077557502
31.4 0 1.08290857592
31.41 0 1.07975461261
31.42 0 1.0860065439
31.43 0 1.09126860616
31.44 0 1.09296461568
31.45 0 1.09373070604
31.46 0 1.09373070604
31.47 0 1.09644458456
31.48 0 1.09667743156
31.49 0 1.09667743156
31.5 0 1.0997147981
31.51 0 1.105739066
31.52 0 1.10761703119
31.53 0 1.10761703119
31.54 0 1.10846138994
31.55 0 1.10735523048
31.56 0 1.10692317505
31.57 0 1.10692317505
31.58 0 1.10638621599
31.59 0 1.10638621599
31.6 0 1.10783942097
31.61 0 1.10829744834
31.62 0 1.10779254623
31.63 0 1.11348999769
31.64 0 1.11348999769
31.65 0 1.11348999769
31.66 0 1.11150586095
31.67 0 1.11050873081
31.68 0 1.10938661424
31.69 0 1.10938661424
31.7 0 1.10938661424
31.71 0 1.10908956091
31.72 0 1.10818543123
31.73 0 1.1041831779
31.74 0 1.1016861912
31.75 0 1.10041370145
31.76 0 1.09704150155
31.77 0 1.09660643057
31.78 0 1.09641429851
31.79 0 1.09641429851
31.8 0 1.09210512784
31.81 0 1.09100810179
31.82 0 1.0897213626
31.83 0 1.08731331224
31.84 0 1.08514817816
31.85 0 1.08602345828
31.86 0 1.08673436616
31.87 0 1.08604981664
31.88 0 1.08657032846
31.89 0 1.08834676968
31.9 0 1.08829986974
31.91 0 1.08884537724
31.92 0 1.08927419802
31.93 0 1.09052620223
31.94 0 1.0913560104
31.95 0 1.0913560104
31.96 0 1.09469750665
31.97 0 1.09577507565
31.98 0 1.09603410449
31.99 0 1.09655537972
32.0 0 1.09689336009
32.01 0 1.09689336009
32.02 0 1.09653867555
32.03 0 1.09763782926
32.04 0 1.10001189118
32.05 0 1.10484498826
32.06 0 1.10493266071
32.07 0 1.10572736794
32.08 0 1.10572736794
32.09 0 1.10572736794
32.1 0 1.10620282162
32.11 0 1.10532808071
32.12 0 1.1047855717
32.13 0 1.10549749931
32.14 0 1.10487698161
32.15 0 1.10363139973
32.16 0 1.10363139973
32.17 0 1.09864874361
32.18 0 1.10237893396
32.19 0 1.10033453396
32.2 0 1.09992782496
32.21 0 1.10020598362
32.22 0 1.10020598362
32.23 0 1.10582135236
32.24 0 1.11188417841
32.25 0 1.11188417841
32.26 0 1.11789535265
32.27 0 1.12458177955
32.28 0 1.12564097656
32.29 0 1.12564097656
32.3 0 1.13142261709
32.31 0 1.13385919807
32.32 0 1.13473656695
32.33 0 1.13623367022
32.34 0 1.13625770345
32.35 0 1.13574752968
32.36 0 1.13515503347
32.37 0 1.13509951372
32.38 0 1.13509951372
32.39 0 1.13564856553
32.4 0 1.13467505408
32.41 0 1.1332292731
32.42 0 1.13269656079
32.43 0 1.13107414491
32.44 0 1.12901579015
32.45 0 1.1277528163
32.46 0 1.1277528163
32.47 0 1.1277528163
32.48 0 1.12411765687
32.49 0 1.11991415873
32.5 0 1.11991415873
32.51 0 1.11903028694
32.52 0 1.11806469242
32.53 0 1.11757363662
32.54 0 1.11651478724
32.55 0 1.11576503578
32.56 0 1.11437156144
32.57 0 1.11288817083
32.58 0 1.11219134335
32.59 0 1.11172539064
32.6 0 1.10984255347
32.61 0 1.1091607518
32.62 0 1.10877623633
32.63 0 1.10990022717
32.64 0 1.11194094732
32.65 0 1.11194094732
32.66 0 1.1136703213
32.67 0 1.1137965895
32.68 0 1.11404274319
32.69 0 1.11427195055
32.7 0 1.11547821702
32.71 0 1.11762069046
32.72 0 1.12052304022
32.73 0 1.12195294355
32.74 0 1.12455182997
32.75 0 1.12455182997
32.76 0 1.12455182997
32.77 0 1.1268420584
32.78 0 1.12797888449
32.79 0 1.12805889233
32.8 0 1.12805889233
32.81 0 1.1284683803
32.82 0 1.12967163473
32.83 0 1.13402814336
32.84 0 1.13643472871
32.85 0 1.13643472871
32.86 0 1.13877287739
32.87 0 1.13877287739
32.88 0 1.13926149344
32.89 0 1.13934330328
32.9 0 1.14067986593
32.91 0 1.14127502691
32.92 0 1.14184690268
32.93 0 1.13999840249
32.94 0 1.13899424719
32.95 0 1.13717983233
32.96 0 1.13546153819
32.97 0 1.13555169099
32.98 0 1.13475758953
32.99 0 1.1381778604
33.0 0 1.14180366982
33.01 0 1.14350271499
33.02 0 1.14511070989
33.03 0 1.14679218819
33.04 0 1.14506588604
33.05 0 1.14869523242
33.06 0 1.15160542187
33.07 0 1.15276749604
33.08 0 1.15601774756
33.09 0 1.15807670756
33.1 0 1.15902276432
33.11 0 1.15897106996
33.12 0 1.15830555214
33.13 0 1.15848579186
33.14 0 1.15848579186
33.15 0 1.15673384179
33.16 0 1.15767260578
33.17 0 1.15968840075
33.18 0 1.16001733743
33.19 0 1.16001733743
33.2 0 1.15735312563
33.21 0 1.15582938551
33.22 0 1.15600386397
33.23 0 1.1559289938
33.24 0 1.15405787748
33.25 0 1.15336806751
33.26 0 1.15269779822
33.27 0 1.1546929635
33.28 0 1.15507082777
33.29 0 1.15507082777
33.3 0 1.15422237435
33.31 0 1.15207821291
33.32 0 1.15078353071
33.33 0 1.14957429609
33.34 0 1.14814366836
33.35 0 1.14645091455
33.36 0 1.14536639855
33.37 0 1.1450990572
33.38 0 1.1450990572
33.39 0 1.14466846303
33.4 0 1.14489869803
33.41 0 1.14506883422
33.42 0 1.14568094139
33.43 0 1.14684617517
33.44 0 1.14888278422
33.45 0 1.15394441873
33.46 0 1.15417949224
33.47 0 1.15368849841
33.48 0 1.15385142756
33.49 0 1.15412464694
33.5 0 1.15425848258
33.51 0 1.15567331621
33.52 0 1.15707403545
33.53 0 1.15766172671
33.54 0 1.15766172671
33.55 0 1.15954332235
33.56 0 1.16073298195
33.57 0 1.16111939829
33.58 0 1.16112215459
33.59 0 1.16120706514
33.6 0 1.16182445105
33.61 0 1.1630431513
33.62 0 1.16440230743
33.63 0 1.16466832401
33.64 0 1.16466832401
33.65 0 1.1681120627
33.66 0 1.1699684819
33.67 0 1.17020686216
33.68 0 1.17007501137
33.69 0 1.17097479037
33.7 0 1.1715784048
33.71 0 1.16904271692
33.72 0 1.16645713892
33.73 0 1.17291890158
33.74 0 1.17260245792
33.75 0 1.17350884136
33.76 0 1.17354776718
33.77 0 1.17280843549
33.78 0 1.17294709607
33.79 0 1.17050605332
33.8 0 1.16921161906
33.81 0 1.17601874633
33.82 0 1.17769097418
33.83 0 1.17769097418
33.84 0 1.17972499703
33.85 0 1.1861111139
33.86 0 1.18774861632
33.87 0 1.18996112473
33.88 0 1.19337354924
33.89 0 1.19465902152
33.9 0 1.19465902152
33.91 0 1.19465902152
33.92 0 1.19569207644
33.93 0 1.19409318271
33.94 0 1.19399363782
33.95 0 1.19169920799
33.96 0 1.19169920799
33.97 0 1.19301396808
33.98 0 1.19347523036
33.99 0 1.19395841803
34.0 0 1.19395841803
34.01 0 1.19289620727
34.02 0 1.19133073646
34.03 0 1.18942924145
34.04 0 1.18746449017
34.05 0 1.18746449017
34.06 0 1.18617859922
34.07 0 1.18431595444
34.08 0 1.18251515025
34.09 0 1.18217417168
34.1 0 1.18062307092
34.11 0 1.179867712
34.12 0 1.179867712
34.13 0 1.17787185128
34.14 0 1.17722559263
34.15 0 1.17675976016
34.16 0 1.17655226457
34.17 0 1.17648437443
34.18 0 1.17640738837
34.19 0 1.176216953
34.2 0 1.17617628029
34.21 0 1.17683722888
34.22 0 1.17993920011
34.23 0 1.18085099097
34.24 0 1.1811302368
34.25 0 1.18263045789
34.26 0 1.18334301954
34.27 0 1.18361422786
34.28 0 1.18352934316
34.29 0 1.18352934316
34.3 0 1.18525436086
34.31 0 1.18611317629
34.32 0 1.18810148015
34.33 0 1.18870715462
34.34 0 1.19014025471
34.35 0 1.19090798797
34.36 0 1.1913134888
34.37 0 1.19133202076
34.38 0 1.19133202076
34.39 0 1.19160121802
34.4 0 1.1930249618
34.41 0 1.19506580664
34.42 0 1.19506580664
34.43 0 1.19829569967
34.44 0 1.20367767188
34.45 0 1.20588394812
34.46 0 1.20679137134
34.47 0 1.2072740894
34.48 0 1.20654492897
34.49 0 1.20450358018
34.5 0 1.20408096582
34.51 0 1.20229981769
34.52 0 1.19605153917
34.53 0 1.19614650939
34.54 0 1.19614650939
34.55 0 1.19666866621
34.56 0 1.19891516923
34.57 0 1.20122538901
34.58 0 1.20207660781
34.59 0 1.21170330646
34.6 0 1.21246547816
34.61 0 1.21357600579
34.62 0 1.21643801729
34.63 0 1.21638978263
34.64 0 1.22073803911
34.65 0 1.22307665973
34.66 0 1.22249694568
34.67 0 1.22280380347
34.68 0 1.22280380347
34.69 0 1.22516998373
34.7 0 1.22565252578
34.71 0 1.22565252578
34.72 0 1.22549511433
34.73 0 1.22310002992
34.74 0 1.22419227176
34.75 0 1.22389809788
34.76 0 1.22222608616
34.77 0 1.22065337989
34.78 0 1.21878879445
34.79 0 1.21846421659
34.8 0 1.2173538352
34.81 0 1.2181522847
34.82 0 1.21957575366
34.83 0 1.21950447656
34.84 0 1.21889136897
34.85 0 1.21858708673
34.86 0 1.21825990752
34.87 0 1.21760662207
34.88 0 1.21760662207
34.89 0 1.21760662207
34.9 0 1.21760662207
34.91 0 1.2154117272
34.92 0 1.21123157629
34.93 0 1.2104801614
34.94 0 1.2102614524
34.95 0 1.20962371354
34.96 0 1.20909218704
34.97 0 1.20909218704
34.98 0 1.20793190393
34.99 0 1.20870947016
35.0 0 1.20971841619
35.01 0 1.21067667319
35.02 0 1.21204411385
35.03 0 1.21312245537
35.04 0 1.21341471452
35.05 0 1.21341471452
35.06 0 1.21559882224
35.07 0 1.21564888915
35.08 0 1.21564888915
35.09 0 1.21905437595
35.1 0 1.21965502242
35.11 0 1.22199301662
35.12 0 1.2228523343
35.13 0 1.22294735584
35.14 0 1.22456771116
35.15 0 1.22456771116
35.16 0 1.22359864652
35.17 0 1.22359864652
35.18 0 1.22509168171
35.19 0 1.22674451289
35.2 0 1.23254349614
35.21 0 1.23272206553
35.22 0 1.23270269635
35.23 0 1.23241021132
35.24 0 1.23241021132
35.25 0 1.23241021132
35.26 0 1.23384565888
35.27 0 1.23289753141
35.28 0 1.23406566521
35.29 0 1.23389627916
35.3 0 1.23339388923
35.31 0 1.23330937725
35.32 0 1.22966556992
35.33 0 1.22195910918
35.34 0 1.22264278453
35.35 0 1.22383369824
35.36 0 1.23002845602
35.37 0 1.22208764918
35.38 0 1.24243692891
35.39 0 1.24741151198
35.4 0 1.25262381933
35.41 0 1.25504487838
35.42 0 1.25751498295
35.43 0 1.25747538978
35.44 0 1.2582970592
35.45 0 1.26161860309
35.46 0 1.26161860309
35.47 0 1.26237526337
35.48 0 1.26237526337
35.49 0 1.26133152244
35.5 0 1.25890664991
35.51 0 1.25450452197
35.52 0 1.25277440063
35.53 0 1.25335595567
35.54 0 1.25124109112
35.55 0 1.25099345124
35.56 0 1.25056605115
35.57 0 1.25065381483
35.58 0 1.25065381483
35.59 0 1.25032267787
35.6 0 1.25110932511
35.61 0 1.25096124737
35.62 0 1.24848549828
35.63 0 1.24724688332
35.64 0 1.24696602853
35.65 0 1.24696602853
35.66 0 1.24265774817
35.67 0 1.24174973752
35.68 0 1.24033494459
35.69 0 1.23956320596
35.7 0 1.23878057209
35.71 0 1.23841170765
35.72 0 1.23795292115
35.73 0 1.23756841706
35.74 0 1.23740231287
35.75 0 1.23707352691
35.76 0 1.2355583378
35.77 0 1.23744400894
35.78 0 1.24043704351
35.79 0 1.24364245392
35.8 0 1.24559941137
35.81 0 1.24685656419
35.82 0 1.24768190339
35.83 0 1.24811038324
35.84 0 1.24980905909
35.85 0 1.25054545419
35.86 0 1.25149383752
35.87 0 1.25459565886
35.88 0 1.25459565886
35.89 0 1.25459565886
35.9 0 1.25758096442
35.91 0 1.25758096442
35.92 0 1.25686922176
35.93 0 1.25763616677
35.94 0 1.25855017476
35.95 0 1.25934338185
35.96 0 1.25946715973
35.97 0 1.25970591368
35.98 0 1.26054426709
35.99 0 1.2607289584
36.0 0 1.26237867209
36.01 0 1.26274646681
36.02 0 1.26350755559
36.03 0 1.26355850341
36.04 0 1.2621161278
36.05 0 1.26173125243
36.06 0 1.26103879366
36.07 0 1.26103879366
36.08 0 1.26043533637
36.09 0 1.26480567791
36.1 0 1.26878359523
36.11 0 1.26999928837
36.12 0 1.27039329111
36.13 0 1.27114209755
36.14 0 1.27114404318
36.15 0 1.27114404318
36.16 0 1.27321818769
36.17 0 1.28435314025
36.18 0 1.28584364767
36.19 0 1.2883224526
36.2 0 1.29337264412
36.21 0 1.29613338773
36.22 0 1.29809372302
36.23 0 1.29979321465
36.24 0 1.29979321465
36.25 0 1.29979321465
36.26 0 1.29968228491
36.27 0 1.29962733584
36.28 0 1.29852000249
36.29 0 1.29635162646
36.3 0 1.29460188619
36.31 0 1.29376035686
36.32 0 1.29357809286
36.33 0 1.29357809286
36.34 0 1.29376007694
36.35 0 1.29376007694
36.36 0 1.2962969941
36.37 0 1.29584123587
36.38 0 1.29519830096
36.39 0 1.29394048763
36.4 0 1.2931822348
36.41 0 1.2931822348
36.42 0 1.2931822348
36.43 0 1.28535604004
36.44 0 1.28583053393
36.45 0 1.28568850204
36.46 0 1.284531985
36.47 0 1.28391708121
36.48 0 1.28265738934
36.49 0 1.28163541002
36.5 0 1.28037607897
36.51 0 1.27959904393
36.52 0 1.27959904393
36.53 0 1.27898148759
36.54 0 1.27895079948
36.55 0 1.27795866544
36.56 0 1.27867126028
36.57 0 1.27986162444
36.58 0 1.27986162444
36.59 0 1.2833539454
36.6 0 1.28591994479
36.61 0 1.28622966526
36.62 0 1.28704071003
36.63 0 1.28761609258
36.64 0 1.28839097919
36.65 0 1.28932233396
36.66 0 1.29018273095
36.67 0 1.2912672177
36.68 0 1.29161495523
36.69 0 1.29329665322
36.7 0 1.29412751945
36.71 0 1.29485530245
36.72 0 1.29505205865
36.73 0 1.29564181464
36.74 0 1.29578555975
36.75 0 1.29634509717
36.76 0 1.29575369366
36.77 0 1.2984208451
36.78 0 1.30139941263
36.79 0 1.30139941263
36.8 0 1.3042237553
36.81 0 1.30587070376
36.82 0 1.30697331223
36.83 0 1.30697331223
36.84 0 1.3066836453
36.85 0 1.30555148125
36.86 0 1.30090884771
36.87 0 1.30063801493
36.88 0 1.29847968995
36.89 0 1.29847968995
36.9 0 1.29847968995
36.91 0 1.29816153
36.92 0 1.29780667327
36.93 0 1.3045947234
36.94 0 1.30693156474
36.95 0 1.31619020577
36.96 0 1.32065616388
36.97 0 1.32125843077
36.98 0 1.32132218717
36.99 0 1.32635792145
37.0 0 1.32554780169
37.01 0 1.32535417412
37.02 0 1.32745351724
37.03 0 1.3281149062
37.04 0 1.32640931935
37.05 0 1.32605633326
37.06 0 1.32526738893
37.07 0 1.32563107633
37.08 0 1.32558720475
37.09 0 1.32551700193
37.1 0 1.32555924866
37.11 0 1.32530921926
37.12 0 1.32365633173
37.13 0 1.32365633173
37.14 0 1.32365633173
37.15 0 1.32298640434
37.16 0 1.32157979396
37.17 0 1.31948577926
37.18 0 1.31560660545
37.19 0 1.31403310494
37.2 0 1.31338617853
37.21 0 1.31323372673
37.22 0 1.3127277714
37.23 0 1.31114125944
37.24 0 1.31114125944
37.25 0 1.30865370769
37.26 0 1.30819869638
37.27 0 1.30798388525
37.28 0 1.30798388525
37.29 0 1.30615102783
37.3 0 1.30485491612
37.31 0 1.30418485393
37.32 0 1.30334109059
37.33 0 1.30281983958
37.34 0 1.30325514746
37.35 0 1.30466692181
37.36 0 1.30784529724
37.37 0 1.30880939537
37.38 0 1.30951513347
37.39 0 1.31117163752
37.4 0 1.31181605947
37.41 0 1.31253461839
37.42 0 1.31355873015
37.43 0 1.31355873015
37.44 0 1.31504899456
37.45 0 1.31587908598
37.46 0 1.31587908598
37.47 0 1.32013113939
37.48 0 1.32168559094
37.49 0 1.32196356844
37.5 0 1.3231560107
37.51 0 1.32312255757
37.52 0 1.32326873153
37.53 0 1.32326873153
37.54 0 1.32326873153
37.55 0 1.32358147428
37.56 0 1.32367477405
37.57 0 1.32462445842
37.58 0 1.32462445842
37.59 0 1.32668623863
37.6 0 1.32749117329
37.61 0 1.32749117329
37.62 0 1.32786744874
37.63 0 1.32172019742
37.64 0 1.3217356511
37.65 0 1.3217356511
37.66 0 1.32948475488
37.67 0 1.33623508209
37.68 0 1.33494923053
37.69 0 1.33348953405
37.7 0 1.33675270636
37.71 0 1.33675270636
37.72 0 1.33662342066
37.73 0 1.3461229243
37.74 0 1.3465914757
37.75 0 1.34729468251
37.76 0 1.34729468251
37.77 0 1.35220629238
37.78 0 1.35292511224
37.79 0 1.35662537499
37.8 0 1.35937670438
37.81 0 1.35938493487
37.82 0 1.35924082986
37.83 0 1.35750841214
37.84 0 1.35570490633
37.85 0 1.35413911871
37.86 0 1.35219343207
37.87 0 1.35168334503
37.88 0 1.35185411391
37.89 0 1.35119746399
37.9 0 1.35178570452
37.91 0 1.35207287135
37.92 0 1.35409157454
37.93 0 1.3514195345
37.94 0 1.34929236157
37.95 0 1.34732199396
37.96 0 1.34730506027
37.97 0 1.34766515247
37.98 0 1.34717015705
37.99 0 1.34550497056
38.0 0 1.34449289903
38.01 0 1.34463769799
38.02 0 1.34423882326
38.03 0 1.34352518667
38.04 0 1.34146583542
38.05 0 1.34100995792
38.06 0 1.33948160518
38.07 0 1.33805260868
38.08 0 1.3377809298
38.09 0 1.33643540416
38.1 0 1.33605389686
38.11 0 1.33336216134
38.12 0 1.33361431563
38.13 0 1.33516705114
38.14 0 1.33684881995
38.15 0 1.33798861474
38.16 0 1.33880455724
38.17 0 1.33906423759
38.18 0 1.33939040403
38.19 0 1.33992480185
38.2 0 1.33974877123
38.21 0 1.34003177914
38.22 0 1.34082935609
38.23 0 1.34165662281
38.24 0 1.34344482826
38.25 0 1.34344482826
38.26 0 1.3453515557
38.27 0 1.34561700961
38.28 0 1.34661808047
38.29 0 1.3470402651
38.3 0 1.34717095707
38.31 0 1.34680828678
38.32 0 1.34690742125
38.33 0 1.34690742125
38.34 0 1.35253670952
38.35 0 1.35787619068
38.36 0 1.36007829256
38.37 0 1.36097559328
38.38 0 1.36097559328
38.39 0 1.36137519824
38.4 0 1.36109035082
38.41 0 1.35835340703
38.42 0 1.35553230866
38.43 0 1.35485793592
38.44 0 1.35610253274
38.45 0 1.35725779574
38.46 0 1.34718946036
38.47 0 1.34576161521
38.48 0 1.35017590277
38.49 0 1.35017590277
38.5 0 1.35249746036
38.51 0 1.36438254363
38.52 0 1.36621628208
38.53 0 1.36590989577
38.54 0 1.37091463327
38.55 0 1.37369571217
38.56 0 1.37659210739
38.57 0 1.3795617606
38.58 0 1.38127429052
38.59 0 1.38127429052
38.6 0 1.38220303622
38.61 0 1.38365453488
38.62 0 1.38395554861
38.63 0 1.3839928853
38.64 0 1.38304698394
38.65 0 1.38304698394
38.66 0 1.38304698394
38.67 0 1.38098277967
38.68 0 1.38059079029
38.69 0 1.38176776319
38.7 0 1.38032257282
38.71 0 1.37924910949
38.72 0 1.37843207445
38.73 0 1.37647986817
38.74 0 1.37444062574
38.75 0 1.3737677172
38.76 0 1.37321517079
38.77 0 1.373167368
38.78 0 1.373167368
38.79 0 1.37467838354
38.8 0 1.37423022332
38.81 0 1.37369120239
38.82 0 1.3724390546
38.83 0 1.37157620926
38.84 0 1.37081011964
38.85 0 1.37032657974
38.86 0 1.37020355066
38.87 0 1.37020355066
38.88 0 1.37012021465
38.89 0 1.37007987314
38.9 0 1.37019373657
38.91 0 1.37026076984
38.92 0 1.37100346986
38.93 0 1.37275065122
38.94 0 1.37307119787
38.95 0 1.37637606045
38.96 0 1.37906942436
38.97 0 1.37960549898
38.98 0 1.38048868021
38.99 0 1.38060853141
39.0 0 1.38025147833
