time index height
0.01 0 0.0
0.02 0 0.0260067679917
0.03 0 0.0357745042974
0.04 0 0.0450377373373
0.05 0 0.0611096830466
0.06 0 0.0611096830466
0.07 0 0.080790999081
0.08 0 0.0847936027712
0.09 0 0.0838545725893
0.1 0 0.0787813304103
0.11 0 0.072976860859
0.12 0 0.0611946491153
0.13 0 0.0598025224897
0.14 0 0.051807267777
0.15 0 0.0358970226325
0.16 0 0.0297286333211
0.17 0 0.0297730501089
0.18 0 0.0304979060621
0.19 0 0.0307815643771
0.2 0 0.0315911328885
0.21 0 0.0326757730003
0.22 0 0.0347714605563
0.23 0 0.0358147272366
0.24 0 0.0373502976351
0.25 0 0.0379646095811
0.26 0 0.0406790315973
0.27 0 0.0413613031473
0.28 0 0.0441573714638
0.29 0 0.0455369299761
0.3 0 0.0460622241227
0.31 0 0.0461208052625
0.32 0 0.0451621518349
0.33 0 0.0451621518349
0.34 0 0.043422830684
0.35 0 0.0426594856039
0.36 0 0.0417119907998
0.37 0 0.0413706960387
0.38 0 0.0413414925879
0.39 0 0.0413658826641
0.4 0 0.0416123391267
0.41 0 0.041685466809
0.42 0 0.041685466809
0.43 0 0.0413672235848
0.44 0 0.0409134048259
0.45 0 0.0395367135349
0.46 0 0.0385836066866
0.47 0 0.037705201544
0.48 0 0.0371518501651
0.49 0 0.0366697004924
0.5 0 0.0366178661287
0.51 0 0.0371624568171
0.52 0 0.0371681216339
0.53 0 0.0370315350912
0.54 0 0.0370350435706
0.55 0 0.0383249164516
0.56 0 0.0390745117901
0.57 0 0.0394476515519
0.58 0 0.0395537096061
0.59 0 0.0395852643396
0.6 0 0.0395548702195
0.61 0 0.0395548702195
0.62 0 0.0395548702195
0.63 0 0.0407941896086
0.64 0 0.0409547426174
0.65 0 0.0408669045373
0.66 0 0.0397095625761
0.67 0 0.039006441491
0.68 0 0.0388976995579
0.69 0 0.0394484906643
0.7 0 0.04002109698
0.71 0 0.0403671871083
0.72 0 0.0406186951467
0.73 0 0.0410567582139
0.74 0 0.0411625012766
0.75 0 0.0416252304754
0.76 0 0.0422141776621
0.77 0 0.0416969718417
0.78 0 0.0410040750823
0.79 0 0.0409299206092
0.8 0 0.0407373083204
0.81 0 0.0405533620681
0.82 0 0.0405221449609
0.83 0 0.0405221449609
0.84 0 0.0405221449609
0.85 0 0.0409321673002
0.86 0 0.0410902833122
0.87 0 0.0410902833122
0.88 0 0.0421506825614
0.89 0 0.0428713153916
0.9 0 0.0436939046934
0.91 0 0.0440103036443
0.92 0 0.0458324023139
0.93 0 0.0466409685683
0.94 0 0.0491999147564
0.95 0 0.0523792469258
0.96 0 0.0553650420872
0.97 0 0.0553650420872
0.98 0 0.0553650420872
0.99 0 0.0573467147706
1.0 0 0.057290620603
1.01 0 0.0569549366872
1.02 0 0.0561377818397
1.03 0 0.0547996298587
1.04 0 0.0542567367795
1.05 0 0.0546087676183
1.06 0 0.0554149990945
1.07 0 0.0554719165184
1.08 0 0.0575474592081
1.09 0 0.0578259247426
1.1 0 0.0576867614682
1.11 0 0.0576381225949
1.12 0 0.0576381225949
1.13 0 0.0580379611111
1.14 0 0.0571926804997
1.15 0 0.0564799015952
1.16 0 0.0562717396323
1.17 0 0.0555282393903
1.18 0 0.0553824344153
1.19 0 0.055326367014
1.2 0 0.05525034636
1.21 0 0.05525034636
1.22 0 0.0530431704975
1.23 0 0.0517892556093
1.24 0 0.0514074020482
1.25 0 0.0522193111395
1.26 0 0.0526228510853
1.27 0 0.0527894375563
1.28 0 0.0533708957636
1.29 0 0.0540425472447
1.3 0 0.0540770537067
1.31 0 0.0540770537067
1.32 0 0.0539030466074
1.33 0 0.0544047872514
1.34 0 0.0545000121045
1.35 0 0.0562120675776
1.36 0 0.058434737196
1.37 0 0.058434737196
1.38 0 0.058434737196
1.39 0 0.0653426056648
1.4 0 0.0662263042549
1.41 0 0.0685332343915
1.42 0 0.0694131926922
1.43 0 0.0698101832553
1.44 0 0.0697915033002
1.45 0 0.0701923768614
1.46 0 0.0705138452295
1.47 0 0.0703323359813
1.48 0 0.0702880455846
1.49 0 0.0690773340111
1.5 0 0.0689112633428
1.51 0 0.0680591458022
1.52 0 0.0677472836631
1.53 0 0.0677472836631
1.54 0 0.0678951217469
1.55 0 0.0670105438872
1.56 0 0.0663386744257
1.57 0 0.0652276607739
1.58 0 0.0643355660365
1.59 0 0.0651090875586
1.6 0 0.067611580508
1.61 0 0.0696122349036
1.62 0 0.0703523101922
1.63 0 0.0703523101922
1.64 0 0.0703523101922
1.65 0 0.0720579782968
1.66 0 0.0727150501667
1.67 0 0.0716737930183
1.68 0 0.0721069124631
1.69 0 0.0738316395724
1.7 0 0.0756893817152
1.71 0 0.0765074907381
1.72 0 0.0763810128829
1.73 0 0.0765739413559
1.74 0 0.0766332622452
1.75 0 0.0765627865468
1.76 0 0.0765877728559
1.77 0 0.0766478191556
1.78 0 0.0767537542355
1.79 0 0.0767279686057
1.8 0 0.0767573513736
1.81 0 0.0769502232862
1.82 0 0.0768740058965
1.83 0 0.0767707139895
1.84 0 0.0769000628371
1.85 0 0.0769810143656
1.86 0 0.0771957982002
1.87 0 0.0776435371078
1.88 0 0.0778353513695
1.89 0 0.0780346935868
1.9 0 0.0784185643994
1.91 0 0.0785299554634
1.92 0 0.0785143700935
1.93 0 0.0785143700935
1.94 0 0.0786840690094
1.95 0 0.0793389053899
1.96 0 0.0796240321356
1.97 0 0.0803985167321
1.98 0 0.0812714112388
1.99 0 0.0813157515168
2.0 0 0.0834837963476
2.01 0 0.0850881348426
2.02 0 0.0859838064828
2.03 0 0.0858313941106
2.04 0 0.0854396359223
2.05 0 0.0846620106607
2.06 0 0.0844926350455
2.07 0 0.0849439916991
2.08 0 0.0860393672651
2.09 0 0.0861244114803
2.1 0 0.086254559755
2.11 0 0.0859038122202
2.12 0 0.0853149118072
2.13 0 0.0858034233448
2.14 0 0.0861480745079
2.15 0 0.0892030481361
2.16 0 0.0892030481361
2.17 0 0.0892030481361
2.18 0 0.0947628339702
2.19 0 0.0964934212793
2.2 0 0.0987517462265
2.21 0 0.101598965626
2.22 0 0.104930928231
2.23 0 0.109127428245
2.24 0 0.111098535367
2.25 0 0.115156491646
2.26 0 0.118774772528
2.27 0 0.12074661195
2.28 0 0.12074661195
2.29 0 0.12074661195
2.3 0 0.124845029639
2.31 0 0.125278636335
2.32 0 0.125900445773
2.33 0 0.125756756347
2.34 0 0.125177292104
2.35 0 0.12420346885
2.36 0 0.123324084206
2.37 0 0.123052401028
2.38 0 0.121065865015
2.39 0 0.120385910665
2.4 0 0.117192281953
2.41 0 0.115292794888
2.42 0 0.110578442243
2.43 0 0.108345388921
2.44 0 0.10591914061
2.45 0 0.105237029996
2.46 0 0.105237029996
2.47 0 0.102560960039
2.48 0 0.103344033413
2.49 0 0.103344033413
2.5 0 0.103882924631
2.51 0 0.105939112529
2.52 0 0.106127885653
2.53 0 0.106377387006
2.54 0 0.1064387266
2.55 0 0.104776477684
2.56 0 0.10391493891
2.57 0 0.103278263666
2.58 0 0.103035161972
2.59 0 0.103035161972
2.6 0 0.103207564763
2.61 0 0.105031074126
2.62 0 0.106901358029
2.63 0 0.107857087271
2.64 0 0.107857087271
2.65 0 0.110856441619
2.66 0 0.111820969012
2.67 0 0.112027097246
2.68 0 0.112035058926
2.69 0 0.112035058926
2.7 0 0.110164906758
2.71 0 0.10983767923
2.72 0 0.108573623623
2.73 0 0.106806885307
2.74 0 0.106534853968
2.75 0 0.107105847599
2.76 0 0.10794978153
2.77 0 0.109601726862
2.78 0 0.113021433082
2.79 0 0.113161156001
2.8 0 0.115655502016
2.81 0 0.118619781841
2.82 0 0.120913176273
2.83 0 0.122067391304
2.84 0 0.122312016243
2.85 0 0.122524871656
2.86 0 0.122500050445
2.87 0 0.122866212453
2.88 0 0.122866212453
2.89 0 0.123066462342
2.9 0 0.121940087328
2.91 0 0.121580725564
2.92 0 0.122866908707
2.93 0 0.126454367253
2.94 0 0.128808173907
2.95 0 0.134700749696
2.96 0 0.137817975655
2.97 0 0.138275932573
2.98 0 0.142104673725
2.99 0 0.149059384913
3.0 0 0.150714399982
3.01 0 0.1539965769
3.02 0 0.1539965769
3.03 0 0.162329566248
3.04 0 0.163972265226
3.05 0 0.164881143158
3.06 0 0.165554937044
3.07 0 0.170505278376
3.08 0 0.172818459191
3.09 0 0.177531917757
3.1 0 0.180501205747
3.11 0 0.182205845247
3.12 0 0.184545595064
3.13 0 0.184545595064
3.14 0 0.189296650222
3.15 0 0.190361365158
3.16 0 0.191360128517
3.17 0 0.191155548722
3.18 0 0.190613058219
3.19 0 0.191626330201
3.2 0 0.193240499761
3.21 0 0.194926457322
3.22 0 0.195826173273
3.23 0 0.196579676839
3.24 0 0.197477506639
3.25 0 0.197477506639
3.26 0 0.197477506639
3.27 0 0.196665582174
3.28 0 0.19637471082
3.29 0 0.194022441393
3.3 0 0.191399614375
3.31 0 0.187768790648
3.32 0 0.187822855165
3.33 0 0.188524805274
3.34 0 0.188434220926
3.35 0 0.189101987364
3.36 0 0.190580212416
3.37 0 0.190599106189
3.38 0 0.191571986745
3.39 0 0.194097868832
3.4 0 0.196025762899
3.41 0 0.198192913963
3.42 0 0.199730111636
3.43 0 0.198781393309
3.44 0 0.196080737861
3.45 0 0.195340758147
3.46 0 0.194835706118
3.47 0 0.194024942826
3.48 0 0.193045980842
3.49 0 0.193610797339
3.5 0 0.193876589926
3.51 0 0.193876589926
3.52 0 0.193584773918
3.53 0 0.193584773918
3.54 0 0.193179444113
3.55 0 0.192873789602
3.56 0 0.192873789602
3.57 0 0.190987856525
3.58 0 0.192888181247
3.59 0 0.194801352335
3.6 0 0.195292446338
3.61 0 0.195449950432
3.62 0 0.195511149696
3.63 0 0.192816216865
3.64 0 0.19192915285
3.65 0 0.189497996893
3.66 0 0.18950733722
3.67 0 0.187619967192
3.68 0 0.186352727543
3.69 0 0.184792211144
3.7 0 0.184413318647
3.71 0 0.184413318647
3.72 0 0.182704532068
3.73 0 0.181576444058
3.74 0 0.180442994836
3.75 0 0.179968600929
3.76 0 0.179963400662
3.77 0 0.181300297796
3.78 0 0.182608356631
3.79 0 0.183682891994
3.8 0 0.183975816438
3.81 0 0.186447884253
3.82 0 0.187253980651
3.83 0 0.189749371533
3.84 0 0.191977158047
3.85 0 0.193857426258
3.86 0 0.195994089849
3.87 0 0.19771335401
3.88 0 0.200046471596
3.89 0 0.20172010619
3.9 0 0.203631696054
3.91 0 0.206576017848
3.92 0 0.207058951223
3.93 0 0.207850318829
3.94 0 0.20914096583
3.95 0 0.20914096583
3.96 0 0.20799278279
3.97 0 0.208584355079
3.98 0 0.209345228206
3.99 0 0.209980208846
4.0 0 0.209761473613
4.01 0 0.209343557148
4.02 0 0.208544778879
4.03 0 0.208916966982
4.04 0 0.208713674067
4.05 0 0.208918588412
4.06 0 0.208724304433
4.07 0 0.207901984746
4.08 0 0.207231137752
4.09 0 0.20660937143
4.1 0 0.20399075674
4.11 0 0.202347409774
4.12 0 0.200918413492
4.13 0 0.200699939871
4.14 0 0.200906014167
4.15 0 0.201615244967
4.16 0 0.203528324544
4.17 0 0.203846660685
4.18 0 0.206677061485
4.19 0 0.205827427144
4.2 0 0.205116955627
4.21 0 0.205458368869
4.22 0 0.2062216815
4.23 0 0.207658543536
4.24 0 0.20798969218
4.25 0 0.209533162491
4.26 0 0.211026190489
4.27 0 0.212475394209
4.28 0 0.212612685045
4.29 0 0.212580044551
4.3 0 0.212762598134
4.31 0 0.213604169556
4.32 0 0.214598450017
4.33 0 0.211926843539
4.34 0 0.212009589946
4.35 0 0.211859416411
4.36 0 0.211384317739
4.37 0 0.210470027473
4.38 0 0.209830891522
4.39 0 0.209510604306
4.4 0 0.208709714128
4.41 0 0.208124966832
4.42 0 0.208124966832
4.43 0 0.208124966832
4.44 0 0.204564129014
4.45 0 0.203910810573
4.46 0 0.199841810727
4.47 0 0.195990550713
4.48 0 0.190650127563
4.49 0 0.186020353235
4.5 0 0.180775092141
4.51 0 0.17813767212
4.52 0 0.164832193212
4.53 0 0.162741381393
4.54 0 0.154063149089
4.55 0 0.150409842636
4.56 0 0.149860383003
4.57 0 0.152651515586
4.58 0 0.153323647512
4.59 0 0.156460920803
4.6 0 0.158170925856
4.61 0 0.161992165452
4.62 0 0.164601118704
4.63 0 0.168581562617
4.64 0 0.171896816652
4.65 0 0.174017414123
4.66 0 0.177029018373
4.67 0 0.179423759879
4.68 0 0.180344388164
4.69 0 0.181033425054
4.7 0 0.181968460766
4.71 0 0.182560158925
4.72 0 0.183848249073
4.73 0 0.182802148457
4.74 0 0.182134206192
4.75 0 0.180233489881
4.76 0 0.180057910478
4.77 0 0.179924788788
4.78 0 0.177872646417
4.79 0 0.177872646417
4.8 0 0.175676466053
4.81 0 0.17355681341
4.82 0 0.171911090612
4.83 0 0.168548739122
4.84 0 0.166264605039
4.85 0 0.162474781948
4.86 0 0.161933232379
4.87 0 0.160138883839
4.88 0 0.160066319316
4.89 0 0.160766034374
4.9 0 0.160717032275
4.91 0 0.161118454022
4.92 0 0.161395981535
4.93 0 0.162356793464
4.94 0 0.163420540856
4.95 0 0.164972599833
4.96 0 0.166658870976
4.97 0 0.169153404405
4.98 0 0.170967571777
4.99 0 0.171809740513
5.0 0 0.172579021573
5.01 0 0.172826071045
5.02 0 0.172962248758
5.03 0 0.172962248758
5.04 0 0.173499677178
5.05 0 0.171406590002
5.06 0 0.169554165409
5.07 0 0.169554165409
5.08 0 0.167823972544
5.09 0 0.167707614033
5.1 0 0.167186008344
5.11 0 0.166700348069
5.12 0 0.164481846403
5.13 0 0.162306585959
5.14 0 0.160487398826
5.15 0 0.158720585602
5.16 0 0.156669223186
5.17 0 0.156669223186
5.18 0 0.1536426561
5.19 0 0.1536426561
5.2 0 0.1536426561
5.21 0 0.152921701405
5.22 0 0.152921701405
5.23 0 0.148450568307
5.24 0 0.146985193573
5.25 0 0.144042130912
5.26 0 0.14329039712
5.27 0 0.142403790999
5.28 0 0.142322038397
5.29 0 0.142441045435
5.3 0 0.142564598056
5.31 0 0.143030239636
5.32 0 0.144021891595
5.33 0 0.144585069153
5.34 0 0.144668269935
5.35 0 0.145002998105
5.36 0 0.145088779694
5.37 0 0.146613499394
5.38 0 0.146072932049
5.39 0 0.14623211403
5.4 0 0.146598289275
5.41 0 0.148546220429
5.42 0 0.150475659766
5.43 0 0.15380314262
5.44 0 0.156356851169
5.45 0 0.155965223123
5.46 0 0.157908131159
5.47 0 0.160463397429
5.48 0 0.160463397429
5.49 0 0.165567316463
5.5 0 0.165207645176
5.51 0 0.165299759675
5.52 0 0.166527265177
5.53 0 0.167404260837
5.54 0 0.167859067892
5.55 0 0.168395752962
5.56 0 0.168346844722
5.57 0 0.169752176001
5.58 0 0.169767639041
5.59 0 0.168710206915
5.6 0 0.167591487755
5.61 0 0.165851271229
5.62 0 0.163393508826
5.63 0 0.160383974938
5.64 0 0.158130780794
5.65 0 0.158130780794
5.66 0 0.156643323639
5.67 0 0.156961716307
5.68 0 0.157692321439
5.69 0 0.157884704098
5.7 0 0.158636639067
5.71 0 0.158742314368
5.72 0 0.159246002896
5.73 0 0.159735923042
5.74 0 0.159735923042
5.75 0 0.161207825327
5.76 0 0.162226503344
5.77 0 0.161540551564
5.78 0 0.159322351891
5.79 0 0.157541840719
5.8 0 0.153727173901
5.81 0 0.153756395779
5.82 0 0.154202662986
5.83 0 0.154202662986
5.84 0 0.152064815725
5.85 0 0.151959482678
5.86 0 0.151089468216
5.87 0 0.151212717827
5.88 0 0.15185501571
5.89 0 0.151643313025
5.9 0 0.151543805154
5.91 0 0.152474713332
5.92 0 0.154013061144
5.93 0 0.154595002188
5.94 0 0.155344443238
5.95 0 0.155753311821
5.96 0 0.155670456301
5.97 0 0.156221404862
5.98 0 0.156365144407
5.99 0 0.15526332822
6.0 0 0.154998574782
6.01 0 0.153703590125
6.02 0 0.153703590125
6.03 0 0.150884204534
6.04 0 0.150565869998
6.05 0 0.149321417549
6.06 0 0.148355131499
6.07 0 0.148653056022
6.08 0 0.14856216727
6.09 0 0.148633203814
6.1 0 0.148633203814
6.11 0 0.149837191942
6.12 0 0.149240450007
6.13 0 0.149140208929
6.14 0 0.149140208929
6.15 0 0.150699848016
6.16 0 0.151405675319
6.17 0 0.153567682202
6.18 0 0.15654260685
6.19 0 0.159663597398
6.2 0 0.160240391441
6.21 0 0.161646500864
6.22 0 0.163931239427
6.23 0 0.165251657499
6.24 0 0.167427282309
6.25 0 0.168670220427
6.26 0 0.168670220427
6.27 0 0.175265725467
6.28 0 0.177043839689
6.29 0 0.177211515938
6.3 0 0.177532187218
6.31 0 0.177905679999
6.32 0 0.177905679999
6.33 0 0.178032660725
6.34 0 0.180087152693
6.35 0 0.181615529753
6.36 0 0.183391568209
6.37 0 0.183765708065
6.38 0 0.185309586666
6.39 0 0.185309586666
6.4 0 0.187105585645
6.41 0 0.187332463013
6.42 0 0.187332463013
6.43 0 0.189445899995
6.44 0 0.190113182191
6.45 0 0.190470351807
6.46 0 0.190345214736
6.47 0 0.189639811279
6.48 0 0.187244203401
6.49 0 0.182351852907
6.5 0 0.179107120896
6.51 0 0.178029615659
6.52 0 0.1773947175
6.53 0 0.17543635491
6.54 0 0.174950999958
6.55 0 0.174950999958
6.56 0 0.174950999958
6.57 0 0.172250329475
6.58 0 0.171623811002
6.59 0 0.170880826734
6.6 0 0.169341405236
6.61 0 0.168394702779
6.62 0 0.168118629471
6.63 0 0.168051991075
6.64 0 0.168051991075
6.65 0 0.169011635873
6.66 0 0.170000861449
6.67 0 0.171008705998
6.68 0 0.171498171474
6.69 0 0.171872715277
6.7 0 0.172694086288
6.71 0 0.171851540725
6.72 0 0.171307048258
6.73 0 0.170060903571
6.74 0 0.170060903571
6.75 0 0.169283445078
6.76 0 0.170365417857
6.77 0 0.171523439077
6.78 0 0.17245966925
6.79 0 0.172690188876
6.8 0 0.172690188876
6.81 0 0.173358374747
6.82 0 0.172993435592
6.83 0 0.171062589631
6.84 0 0.171062589631
6.85 0 0.169233664665
6.86 0 0.168485960807
6.87 0 0.168342445572
6.88 0 0.168540794677
6.89 0 0.168540794677
6.9 0 0.171213985402
6.91 0 0.173045307577
6.92 0 0.173801461681
6.93 0 0.17383795367
6.94 0 0.173939427106
6.95 0 0.174494781475
6.96 0 0.174746943918
6.97 0 0.1759923369
6.98 0 0.176947368404
6.99 0 0.177743965411
7.0 0 0.180030129953
7.01 0 0.180578648437
7.02 0 0.181433273016
7.03 0 0.181784664275
7.04 0 0.183228739698
7.05 0 0.185957895781
7.06 0 0.186484711168
7.07 0 0.190482938791
7.08 0 0.193528146589
7.09 0 0.195032880944
7.1 0 0.196480454715
7.11 0 0.198685407094
7.12 0 0.198861337562
7.13 0 0.198861337562
7.14 0 0.200910016398
7.15 0 0.201841020612
7.16 0 0.201841020612
7.17 0 0.204420406069
7.18 0 0.204798012409
7.19 0 0.204777909164
7.2 0 0.205018588457
7.21 0 0.205726133957
7.22 0 0.20520970632
7.23 0 0.205132611945
7.24 0 0.205749033235
7.25 0 0.206977185882
7.26 0 0.207095828654
7.27 0 0.207096615289
7.28 0 0.2069406847
7.29 0 0.2069406847
7.3 0 0.205725996788
7.31 0 0.203417230244
7.32 0 0.20098329379
7.33 0 0.20098329379
7.34 0 0.197950206768
7.35 0 0.196714821935
7.36 0 0.196204126381
7.37 0 0.195904608799
7.38 0 0.194710120561
7.39 0 0.193933903725
7.4 0 0.193413095274
7.41 0 0.192640114326
7.42 0 0.193411614339
7.43 0 0.19496334995
7.44 0 0.195686012089
7.45 0 0.195434865617
7.46 0 0.195442087904
7.47 0 0.195284035476
7.48 0 0.194641190243
7.49 0 0.194701829397
7.5 0 0.194701829397
7.51 0 0.193143360355
7.52 0 0.192516437377
7.53 0 0.19102199869
7.54 0 0.19102199869
7.55 0 0.190909614526
7.56 0 0.191475015233
7.57 0 0.19286187621
7.58 0 0.194573622572
7.59 0 0.196016052164
7.6 0 0.197743895558
7.61 0 0.199081466105
7.62 0 0.199704643656
7.63 0 0.200102928537
7.64 0 0.20191887038
7.65 0 0.203406737477
7.66 0 0.203399419275
7.67 0 0.203374643075
7.68 0 0.199586163909
7.69 0 0.197461341091
7.7 0 0.195228054277
7.71 0 0.195117343711
7.72 0 0.195117343711
7.73 0 0.193796850595
7.74 0 0.194909456563
7.75 0 0.195508463317
7.76 0 0.195116835952
7.77 0 0.195169054452
7.78 0 0.196328338229
7.79 0 0.197903871968
7.8 0 0.197903871968
7.81 0 0.197903871968
7.82 0 0.197835631432
7.83 0 0.198880217103
7.84 0 0.20072957222
7.85 0 0.201212212194
7.86 0 0.201819527959
7.87 0 0.203030237296
7.88 0 0.203030237296
7.89 0 0.20938359712
7.9 0 0.219399991621
7.91 0 0.224639215199
7.92 0 0.22452077491
7.93 0 0.227750177018
7.94 0 0.228642311837
7.95 0 0.229723155101
7.96 0 0.229723155101
7.97 0 0.229315327022
7.98 0 0.229874320181
7.99 0 0.229777328171
8.0 0 0.229742844488
8.01 0 0.229742844488
8.02 0 0.229893054194
8.03 0 0.229893054194
8.04 0 0.231583760949
8.05 0 0.23132684838
8.06 0 0.230889035601
8.07 0 0.230601537512
8.08 0 0.230057459767
8.09 0 0.228529979796
8.1 0 0.228181460622
8.11 0 0.228012467609
8.12 0 0.227256698769
8.13 0 0.225839138236
8.14 0 0.224995599491
8.15 0 0.222232624428
8.16 0 0.222070498668
8.17 0 0.222070498668
8.18 0 0.218668796645
8.19 0 0.218111832339
8.2 0 0.218001868564
8.21 0 0.218001868564
8.22 0 0.218161488421
8.23 0 0.218161488421
8.24 0 0.21738607064
8.25 0 0.21738607064
8.26 0 0.21738607064
8.27 0 0.218354574815
8.28 0 0.218543852172
8.29 0 0.218829918167
8.3 0 0.219897452466
8.31 0 0.219855950673
8.32 0 0.219554639361
8.33 0 0.219643051176
8.34 0 0.219643051176
8.35 0 0.222462955935
8.36 0 0.2232794237
8.37 0 0.223424557781
8.38 0 0.224617005068
8.39 0 0.224990145879
8.4 0 0.226217272197
8.41 0 0.226216543927
8.42 0 0.225875713156
8.43 0 0.225966762775
8.44 0 0.228392126056
8.45 0 0.229935241654
8.46 0 0.229935241654
8.47 0 0.229935241654
8.48 0 0.230921343948
8.49 0 0.230921343948
8.5 0 0.230921343948
8.51 0 0.233184834128
8.52 0 0.23527511769
8.53 0 0.23586797937
8.54 0 0.234702690988
8.55 0 0.231379509509
8.56 0 0.229736615246
8.57 0 0.227625678372
8.58 0 0.225304011231
8.59 0 0.223571067094
8.6 0 0.221330414577
8.61 0 0.223250175307
8.62 0 0.224213727938
8.63 0 0.224281239348
8.64 0 0.222820093512
8.65 0 0.228525309503
8.66 0 0.233751689254
8.67 0 0.235833177757
8.68 0 0.239729321206
8.69 0 0.244288204685
8.7 0 0.246284174917
8.71 0 0.247707254472
8.72 0 0.248751998168
8.73 0 0.248374900103
8.74 0 0.248455277902
8.75 0 0.248319906878
8.76 0 0.248368367182
8.77 0 0.248525858743
8.78 0 0.248338597708
8.79 0 0.247846159589
8.8 0 0.247773057889
8.81 0 0.247006986834
8.82 0 0.246093330169
8.83 0 0.245165973904
8.84 0 0.245165973904
8.85 0 0.244503043977
8.86 0 0.244584030387
8.87 0 0.246119554766
8.88 0 0.246119554766
8.89 0 0.246658831667
8.9 0 0.246336211064
8.91 0 0.24707823942
8.92 0 0.248468047349
8.93 0 0.248248122279
8.94 0 0.247695393963
8.95 0 0.247171971764
8.96 0 0.246844552016
8.97 0 0.246441741852
8.98 0 0.246439722219
8.99 0 0.247542322241
9.0 0 0.247611583751
9.01 0 0.247508745605
9.02 0 0.248076169374
9.03 0 0.249237299837
9.04 0 0.248442516638
9.05 0 0.249127275755
9.06 0 0.249141153516
9.07 0 0.249141153516
9.08 0 0.249062049699
9.09 0 0.248967059654
9.1 0 0.249493667498
9.11 0 0.250022876065
9.12 0 0.250481691059
9.13 0 0.25053768217
9.14 0 0.250516473544
9.15 0 0.250274923878
9.16 0 0.251500314913
9.17 0 0.251500314913
9.18 0 0.251500314913
9.19 0 0.25647788879
9.2 0 0.257404092604
9.21 0 0.259350963521
9.22 0 0.260301948167
9.23 0 0.260769706223
9.24 0 0.261207419248
9.25 0 0.261656450416
9.26 0 0.261582233949
9.27 0 0.262868637433
9.28 0 0.263575005222
9.29 0 0.265595377346
9.3 0 0.265659664422
9.31 0 0.26639137701
9.32 0 0.265691058497
9.33 0 0.265413979015
9.34 0 0.264913604214
9.35 0 0.263716001633
9.36 0 0.264884669363
9.37 0 0.265587114157
9.38 0 0.260824194758
9.39 0 0.26065606052
9.4 0 0.260436709303
9.41 0 0.260509264426
9.42 0 0.261843585071
9.43 0 0.26277678595
9.44 0 0.264315346006
9.45 0 0.265150265347
9.46 0 0.266793689172
9.47 0 0.26789571591
9.48 0 0.269680851116
9.49 0 0.269764544904
9.5 0 0.272757495898
9.51 0 0.272757495898
9.52 0 0.274596151385
9.53 0 0.274885647624
9.54 0 0.274629165131
9.55 0 0.27449036804
9.56 0 0.274395326358
9.57 0 0.273576141511
9.58 0 0.272710933727
9.59 0 0.269165400759
9.6 0 0.267943219969
9.61 0 0.267062044354
9.62 0 0.261380376875
9.63 0 0.25586280104
9.64 0 0.249499589584
9.65 0 0.246285527447
9.66 0 0.246237217711
9.67 0 0.246507037739
9.68 0 0.247187421854
9.69 0 0.247071236761
9.7 0 0.246052594545
9.71 0 0.245270419412
9.72 0 0.244816296472
9.73 0 0.243202481746
9.74 0 0.240850565228
9.75 0 0.237621289466
9.76 0 0.237369571297
9.77 0 0.236647142633
9.78 0 0.23557621835
9.79 0 0.235731993703
9.8 0 0.236083888332
9.81 0 0.236068141891
9.82 0 0.237625416462
9.83 0 0.237712319129
9.84 0 0.240169213711
9.85 0 0.242621627124
9.86 0 0.243655778957
9.87 0 0.244470334993
9.88 0 0.246317580652
9.89 0 0.246317580652
9.9 0 0.249554992045
9.91 0 0.249212303273
9.92 0 0.249451429724
9.93 0 0.250075973172
9.94 0 0.250780724609
9.95 0 0.250886620458
9.96 0 0.251165786368
9.97 0 0.251914122429
9.98 0 0.252778576491
9.99 0 0.253624687839
10.0 0 0.254028488018
10.01 0 0.253821374039
10.02 0 0.255187434158
10.03 0 0.256347742206
10.04 0 0.257126655008
10.05 0 0.256511540928
10.06 0 0.257816660762
10.07 0 0.258508758822
10.08 0 0.258508758822
10.09 0 0.261729575265
10.1 0 0.261915875182
10.11 0 0.261892938841
10.12 0 0.262567006905
10.13 0 0.261552423899
10.14 0 0.261552423899
10.15 0 0.261552423899
10.16 0 0.263096357432
10.17 0 0.263077266776
10.18 0 0.267088161491
10.19 0 0.266526847776
10.2 0 0.26548150459
10.21 0 0.26548150459
10.22 0 0.26548150459
10.23 0 0.266901685705
10.24 0 0.268627600908
10.25 0 0.268688175925
10.26 0 0.270732021678
10.27 0 0.272380925968
10.28 0 0.274512415557
10.29 0 0.276530232092
10.3 0 0.276530232092
10.31 0 0.276406799418
10.32 0 0.275491835326
10.33 0 0.275491835326
10.34 0 0.274239481597
10.35 0 0.27442384773
10.36 0 0.273253542723
10.37 0 0.272588874504
10.38 0 0.272588874504
10.39 0 0.264921642723
10.4 0 0.263566451876
10.41 0 0.250197567774
10.42 0 0.24943412387
10.43 0 0.24943412387
10.44 0 0.232216644968
10.45 0 0.231286270128
10.46 0 0.231119500324
10.47 0 0.231142947289
10.48 0 0.230265622202
10.49 0 0.229785937763
10.5 0 0.229434630304
10.51 0 0.228151024088
10.52 0 0.224924184901
10.53 0 0.223123065586
10.54 0 0.221694597131
10.55 0 0.22078194762
10.56 0 0.218369842208
10.57 0 0.217593150511
10.58 0 0.216081466866
10.59 0 0.216081466866
10.6 0 0.213729325929
10.61 0 0.213277340999
10.62 0 0.213875738405
10.63 0 0.216029444047
10.64 0 0.21815344092
10.65 0 0.21905273718
10.66 0 0.21905273718
10.67 0 0.220823034738
10.68 0 0.221031485168
10.69 0 0.221031485168
10.7 0 0.22224718928
10.71 0 0.222841215256
10.72 0 0.224013895741
10.73 0 0.225160876472
10.74 0 0.227124320917
10.75 0 0.227065177603
10.76 0 0.226019239725
10.77 0 0.227243177383
10.78 0 0.228357653215
10.79 0 0.229780902467
10.8 0 0.23083333721
10.81 0 0.231315699305
10.82 0 0.232445897551
10.83 0 0.232570947462
10.84 0 0.232570947462
10.85 0 0.233373640704
10.86 0 0.233373640704
10.87 0 0.236429673877
10.88 0 0.239444150543
10.89 0 0.239099797039
10.9 0 0.239061702323
10.91 0 0.238815488067
10.92 0 0.238599484904
10.93 0 0.237777937137
10.94 0 0.237287478043
10.95 0 0.237987336157
10.96 0 0.238209230602
10.97 0 0.238877298356
10.98 0 0.238877298356
10.99 0 0.238877298356
11.0 0 0.23998550754
11.01 0 0.239710346882
11.02 0 0.244466494929
11.03 0 0.242964399247
11.04 0 0.248785302665
11.05 0 0.256724736624
11.06 0 0.257657240049
11.07 0 0.258875984921
11.08 0 0.259651689009
11.09 0 0.259651689009
11.1 0 0.261506292705
11.11 0 0.265431762558
11.12 0 0.266436946128
11.13 0 0.269572426513
11.14 0 0.269960304469
11.15 0 0.269063911712
11.16 0 0.268580473449
11.17 0 0.266794948176
11.18 0 0.266107285348
11.19 0 0.263638568724
11.2 0 0.25804577885
11.21 0 0.255605607254
11.22 0 0.254877921127
11.23 0 0.253844041934
11.24 0 0.253501419791
11.25 0 0.253025403843
11.26 0 0.2539711927
11.27 0 0.254187905003
11.28 0 0.253965099768
11.29 0 0.253511669044
11.3 0 0.253470877934
11.31 0 0.253206348646
11.32 0 0.252561988071
11.33 0 0.25224013848
11.34 0 0.252454263845
11.35 0 0.251848998255
11.36 0 0.251755215197
11.37 0 0.250068801618
11.38 0 0.248651703706
11.39 0 0.248200751944
11.4 0 0.24806748283
11.41 0 0.249880609054
11.42 0 0.250724739375
11.43 0 0.250973517983
11.44 0 0.252372705875
11.45 0 0.252641116456
11.46 0 0.253634773015
11.47 0 0.253925406599
11.48 0 0.254531028743
11.49 0 0.255001150552
11.5 0 0.255050135321
11.51 0 0.254374606332
11.52 0 0.256734851558
11.53 0 0.258859817579
11.54 0 0.259144531516
11.55 0 0.259307323171
11.56 0 0.260209551788
11.57 0 0.260209551788
11.58 0 0.263277153597
11.59 0 0.264216467879
11.6 0 0.266537688498
11.61 0 0.266764031942
11.62 0 0.268754547949
11.63 0 0.270010443796
11.64 0 0.271067489747
11.65 0 0.275839369882
11.66 0 0.275512874722
11.67 0 0.277604946647
11.68 0 0.279577227349
11.69 0 0.280088003897
11.7 0 0.278487100367
11.71 0 0.277312267273
11.72 0 0.277312267273
11.73 0 0.277167240734
11.74 0 0.277582937053
11.75 0 0.277496796906
11.76 0 0.276001330386
11.77 0 0.276421647569
11.78 0 0.2765823733
11.79 0 0.278172430522
11.8 0 0.27939074781
11.81 0 0.282542517878
11.82 0 0.285102023578
11.83 0 0.285524157255
11.84 0 0.288294561448
11.85 0 0.28987007393
11.86 0 0.292253456512
11.87 0 0.29235120301
11.88 0 0.292055381038
11.89 0 0.290593694903
11.9 0 0.289825111011
11.91 0 0.289134741607
11.92 0 0.289010710691
11.93 0 0.287384760218
11.94 0 0.285915268792
11.95 0 0.285703104133
11.96 0 0.284293433242
11.97 0 0.28353100516
11.98 0 0.275983292943
11.99 0 0.271528228809
12.0 0 0.269800270474
12.01 0 0.269800270474
12.02 0 0.261089390321
12.03 0 0.255486133333
12.04 0 0.252869327039
12.05 0 0.251551317369
12.06 0 0.251551317369
12.07 0 0.242852877221
12.08 0 0.242852877221
12.09 0 0.235629690252
12.1 0 0.234074797851
12.11 0 0.232417431922
12.12 0 0.231954588399
12.13 0 0.231804095028
12.14 0 0.230975898394
12.15 0 0.231481711783
12.16 0 0.231923751745
12.17 0 0.23213823304
12.18 0 0.231526848335
12.19 0 0.231526848335
12.2 0 0.232130386383
12.21 0 0.233507783782
12.22 0 0.233317637292
12.23 0 0.23390600738
12.24 0 0.233996683967
12.25 0 0.234853654038
12.26 0 0.235710557157
12.27 0 0.237194746642
12.28 0 0.237035146628
12.29 0 0.237035146628
12.3 0 0.238070800445
12.31 0 0.239196099381
12.32 0 0.239196099381
12.33 0 0.241190022621
12.34 0 0.24426602254
12.35 0 0.244983375199
12.36 0 0.24602755974
12.37 0 0.248388881521
12.38 0 0.249395885289
12.39 0 0.249395885289
12.4 0 0.252605802158
12.41 0 0.252605802158
12.42 0 0.255669186921
12.43 0 0.256424093671
12.44 0 0.257646235696
12.45 0 0.258717083532
12.46 0 0.261451799629
12.47 0 0.261671050319
12.48 0 0.261671050319
12.49 0 0.261717918779
12.5 0 0.265415855688
12.51 0 0.267771036111
12.52 0 0.268737416575
12.53 0 0.270185777274
12.54 0 0.26958203544
12.55 0 0.266695286423
12.56 0 0.262996074701
12.57 0 0.258038142464
12.58 0 0.258532649908
12.59 0 0.258172569552
12.6 0 0.255651534843
12.61 0 0.25763136745
12.62 0 0.268427578566
12.63 0 0.27381677596
12.64 0 0.274243516242
12.65 0 0.273102625325
12.66 0 0.272228419668
12.67 0 0.271272459434
12.68 0 0.269197780674
12.69 0 0.270503124508
12.7 0 0.274261563155
12.71 0 0.273502510519
12.72 0 0.27320727267
12.73 0 0.275829514885
12.74 0 0.279694653023
12.75 0 0.280244681337
12.76 0 0.28060884511
12.77 0 0.28161960498
12.78 0 0.278943932163
12.79 0 0.27800238596
12.8 0 0.276423172989
12.81 0 0.274923818758
12.82 0 0.273779027234
12.83 0 0.273332098517
12.84 0 0.271313539414
12.85 0 0.266947529161
12.86 0 0.266947529161
12.87 0 0.266924663493
12.88 0 0.266831482854
12.89 0 0.266640730492
12.9 0 0.267019625981
12.91 0 0.26735669707
12.92 0 0.267396579879
12.93 0 0.267815052229
12.94 0 0.268120976273
12.95 0 0.268635045593
12.96 0 0.270769879976
12.97 0 0.270970951948
12.98 0 0.272910458569
12.99 0 0.273492593036
13.0 0 0.274210137691
13.01 0 0.275702426624
13.02 0 0.275849432897
13.03 0 0.276861610669
13.04 0 0.278054472928
13.05 0 0.278651997553
13.06 0 0.280418682431
13.07 0 0.280418682431
13.08 0 0.281346450803
13.09 0 0.282783703169
13.1 0 0.283710912212
13.11 0 0.283788545415
13.12 0 0.283788545415
13.13 0 0.283918873838
13.14 0 0.283941437601
13.15 0 0.284472067086
13.16 0 0.285283328319
13.17 0 0.288197335168
13.18 0 0.288687968614
13.19 0 0.289837878324
13.2 0 0.289837878324
13.21 0 0.293918829688
13.22 0 0.293515621608
13.23 0 0.295253746206
13.24 0 0.296961245376
13.25 0 0.298322409189
13.26 0 0.29878513302
13.27 0 0.298734564945
13.28 0 0.298950491832
13.29 0 0.299432281563
13.3 0 0.299772365488
13.31 0 0.300684328708
13.32 0 0.301291374779
13.33 0 0.298976790121
13.34 0 0.303470910803
13.35 0 0.304702296388
13.36 0 0.30527419514
13.37 0 0.305513724187
13.38 0 0.307136931467
13.39 0 0.309123566145
13.4 0 0.309735194525
13.41 0 0.309735194525
13.42 0 0.31219817079
13.43 0 0.31219817079
13.44 0 0.312524700823
13.45 0 0.313399163559
13.46 0 0.313647509777
13.47 0 0.314252523729
13.48 0 0.314098167088
13.49 0 0.312869812654
13.5 0 0.312869812654
13.51 0 0.31264387994
13.52 0 0.3128371258
13.53 0 0.313026424551
13.54 0 0.313115897802
13.55 0 0.312899692658
13.56 0 0.311067904313
13.57 0 0.310495455342
13.58 0 0.309043625397
13.59 0 0.307758350284
13.6 0 0.305174747492
13.61 0 0.300591293614
13.62 0 0.296648282443
13.63 0 0.28924439913
13.64 0 0.288657956686
13.65 0 0.287338412933
13.66 0 0.285792721452
13.67 0 0.285583674841
13.68 0 0.285765295823
13.69 0 0.286194486773
13.7 0 0.286194486773
13.71 0 0.287306310954
13.72 0 0.287306310954
13.73 0 0.287863541074
13.74 0 0.288259982715
13.75 0 0.290420168326
13.76 0 0.291499651087
13.77 0 0.29260424117
13.78 0 0.294418498401
13.79 0 0.295388741789
13.8 0 0.296087287358
13.81 0 0.296719402989
13.82 0 0.296719402989
13.83 0 0.296929966741
13.84 0 0.296745812767
13.85 0 0.297414992439
13.86 0 0.298306445552
13.87 0 0.299459344537
13.88 0 0.299698658494
13.89 0 0.299966045836
13.9 0 0.299851137238
13.91 0 0.30020576618
13.92 0 0.300162177383
13.93 0 0.300162177383
13.94 0 0.301868606541
13.95 0 0.304283722775
13.96 0 0.30392065607
13.97 0 0.305047495829
13.98 0 0.305047495829
13.99 0 0.307172753537
14.0 0 0.308617768849
14.01 0 0.309873955251
14.02 0 0.313701142246
14.03 0 0.313061416734
14.04 0 0.313450530582
14.05 0 0.313888716394
14.06 0 0.313639805406
14.07 0 0.313639805406
14.08 0 0.313639805406
14.09 0 0.312252906923
14.1 0 0.312894845947
14.11 0 0.312327089302
14.12 0 0.315132520607
14.13 0 0.318888454443
14.14 0 0.320101229692
14.15 0 0.321316346868
14.16 0 0.321584848484
14.17 0 0.327786152279
14.18 0 0.328922129311
14.19 0 0.329418131314
14.2 0 0.332218659908
14.21 0 0.332454419113
14.22 0 0.332015897853
14.23 0 0.332323474991
14.24 0 0.333194398095
14.25 0 0.333326249347
14.26 0 0.333464789297
14.27 0 0.335694762914
14.28 0 0.337399782865
14.29 0 0.337853970001
14.3 0 0.338007475251
14.31 0 0.337578639567
14.32 0 0.336804537187
14.33 0 0.336113132364
14.34 0 0.337865687737
14.35 0 0.337932140775
14.36 0 0.337916582618
14.37 0 0.337951486591
14.38 0 0.337942712333
14.39 0 0.33966758027
14.4 0 0.341520993
14.41 0 0.343320063813
14.42 0 0.344318325022
14.43 0 0.344006173217
14.44 0 0.343264925573
14.45 0 0.341567390386
14.46 0 0.340897153475
14.47 0 0.340897153475
14.48 0 0.340554131929
14.49 0 0.340417852401
14.5 0 0.339712844536
14.51 0 0.339581321481
14.52 0 0.33927022743
14.53 0 0.340726713145
14.54 0 0.342620755964
14.55 0 0.344423796382
14.56 0 0.344674981758
14.57 0 0.345405943775
14.58 0 0.345889752155
14.59 0 0.345962683524
14.6 0 0.345641734196
14.61 0 0.345821076954
14.62 0 0.345821076954
14.63 0 0.346235449917
14.64 0 0.34762268939
14.65 0 0.34778919784
14.66 0 0.34884064604
14.67 0 0.348794327169
14.68 0 0.348932427092
14.69 0 0.349435531008
14.7 0 0.349972741721
14.71 0 0.350082945391
14.72 0 0.351452905945
14.73 0 0.353004730575
14.74 0 0.354881644164
14.75 0 0.35675860268
14.76 0 0.357231766083
14.77 0 0.356880251786
14.78 0 0.357450708611
14.79 0 0.359072637742
14.8 0 0.359999301906
14.81 0 0.3609611082
14.82 0 0.358996944141
14.83 0 0.360094355389
14.84 0 0.359670494019
14.85 0 0.358221488623
14.86 0 0.358548398093
14.87 0 0.358754377564
14.88 0 0.35966813123
14.89 0 0.359433714518
14.9 0 0.360150699034
14.91 0 0.359356179077
14.92 0 0.359049480585
14.93 0 0.358575965545
14.94 0 0.362228145425
14.95 0 0.363316037724
14.96 0 0.367755698937
14.97 0 0.368420426452
14.98 0 0.370495757319
14.99 0 0.370495757319
15.0 0 0.37329688554
15.01 0 0.373280858066
15.02 0 0.370602562428
15.03 0 0.370493197288
15.04 0 0.370701516081
15.05 0 0.370947430937
15.06 0 0.373069270382
15.07 0 0.373269362797
15.08 0 0.373273569869
15.09 0 0.373470444789
15.1 0 0.373564792296
15.11 0 0.373890327289
15.12 0 0.374472411682
15.13 0 0.37409694828
15.14 0 0.37409694828
15.15 0 0.373763478606
15.16 0 0.375096518028
15.17 0 0.374844829223
15.18 0 0.374058065052
15.19 0 0.37346056322
15.2 0 0.37300229216
15.21 0 0.371136893207
15.22 0 0.36841979192
15.23 0 0.365491036147
15.24 0 0.364562382749
15.25 0 0.363041076841
15.26 0 0.359127480259
15.27 0 0.358169622636
15.28 0 0.35763044407
15.29 0 0.358228139293
15.3 0 0.35945496791
15.31 0 0.360184957063
15.32 0 0.362820439791
15.33 0 0.364485772338
15.34 0 0.366790601833
15.35 0 0.36760282397
15.36 0 0.366414362657
15.37 0 0.367391340851
15.38 0 0.368840523486
15.39 0 0.370773232017
15.4 0 0.37193878986
15.41 0 0.373361569017
15.42 0 0.373965454711
15.43 0 0.374373513898
15.44 0 0.374373513898
15.45 0 0.375431813169
15.46 0 0.375431813169
15.47 0 0.375431813169
15.48 0 0.375760319243
15.49 0 0.375587838398
15.5 0 0.376666397352
15.51 0 0.378423033297
15.52 0 0.379436593696
15.53 0 0.381721642984
15.54 0 0.38190296196
15.55 0 0.382536507769
15.56 0 0.383394658232
15.57 0 0.385346221492
15.58 0 0.386841078753
15.59 0 0.385969502033
15.6 0 0.391040529406
15.61 0 0.391568735712
15.62 0 0.390960989161
15.63 0 0.389889732348
15.64 0 0.389319150103
15.65 0 0.388308708727
15.66 0 0.387521149315
15.67 0 0.386899859011
15.68 0 0.386899859011
15.69 0 0.386669129626
15.7 0 0.386307296017
15.71 0 0.388122173644
15.72 0 0.390749459867
15.73 0 0.39227991844
15.74 0 0.393482604002
15.75 0 0.393531218612
15.76 0 0.394437591601
15.77 0 0.394396304495
15.78 0 0.398176031037
15.79 0 0.400390719249
15.8 0 0.401332133853
15.81 0 0.402478710876
15.82 0 0.404176157855
15.83 0 0.404719273692
15.84 0 0.404129844856
15.85 0 0.404292362821
15.86 0 0.404522031248
15.87 0 0.40509200229
15.88 0 0.405021344044
15.89 0 0.40478089232
15.9 0 0.404152457616
15.91 0 0.403424664144
15.92 0 0.40259051379
15.93 0 0.400904011412
15.94 0 0.400446377366
15.95 0 0.39930892811
15.96 0 0.399178598598
15.97 0 0.398086266239
15.98 0 0.397177037788
15.99 0 0.396292306989
16.0 0 0.395896671027
16.01 0 0.394408962023
16.02 0 0.393648222408
16.03 0 0.392253980853
16.04 0 0.391870409808
16.05 0 0.391853148904
16.06 0 0.391944633361
16.07 0 0.391944633361
16.08 0 0.392918554604
16.09 0 0.393108314433
16.1 0 0.392490119651
16.11 0 0.392233415792
16.12 0 0.392334167657
16.13 0 0.390290958413
16.14 0 0.390321885513
16.15 0 0.390822396796
16.16 0 0.392088139826
16.17 0 0.392550303537
16.18 0 0.393396640857
16.19 0 0.394148849483
16.2 0 0.394160856638
16.21 0 0.39524430748
16.22 0 0.396056442746
16.23 0 0.396056442746
16.24 0 0.396056442746
16.25 0 0.397594560059
16.26 0 0.398558403328
16.27 0 0.398922783898
16.28 0 0.400055771718
16.29 0 0.399984318562
16.3 0 0.402640702099
16.31 0 0.403218552145
16.32 0 0.403978864521
16.33 0 0.403978864521
16.34 0 0.403756300286
16.35 0 0.403756300286
16.36 0 0.407189538872
16.37 0 0.410027843769
16.38 0 0.410027843769
16.39 0 0.410027843769
16.4 0 0.411946963267
16.41 0 0.411946963267
16.42 0 0.411406824932
16.43 0 0.411406824932
16.44 0 0.413282864216
16.45 0 0.41465617147
16.46 0 0.416248480811
16.47 0 0.4164440803
16.48 0 0.418308792142
16.49 0 0.416707120798
16.5 0 0.417004366375
16.51 0 0.422164120857
16.52 0 0.422164120857
16.53 0 0.421147462014
16.54 0 0.427844509986
16.55 0 0.428573436593
16.56 0 0.428573436593
16.57 0 0.429125558424
16.58 0 0.429357866429
16.59 0 0.429357866429
16.6 0 0.429357866429
16.61 0 0.431223016341
16.62 0 0.430969432459
16.63 0 0.430904562104
16.64 0 0.430833000659
16.65 0 0.43055559538
16.66 0 0.432291690999
16.67 0 0.432093580306
16.68 0 0.432880871358
16.69 0 0.432956459554
16.7 0 0.432162967654
16.71 0 0.432747090215
16.72 0 0.429638954734
16.73 0 0.428114993694
16.74 0 0.42611632318
16.75 0 0.42485753548
16.76 0 0.424007513816
16.77 0 0.421010531515
16.78 0 0.420721402372
16.79 0 0.420787129898
16.8 0 0.421438768129
16.81 0 0.422516816902
16.82 0 0.422391137865
16.83 0 0.422050802126
16.84 0 0.422050802126
16.85 0 0.41737268858
16.86 0 0.416914020493
16.87 0 0.419408907632
16.88 0 0.418180251234
16.89 0 0.418913457776
16.9 0 0.419625793113
16.91 0 0.419974448228
16.92 0 0.420067598851
16.93 0 0.42176117414
16.94 0 0.422809429523
16.95 0 0.422866175446
16.96 0 0.422866175446
16.97 0 0.423687249461
16.98 0 0.423881614705
16.99 0 0.425185006159
17.0 0 0.4255662259
17.01 0 0.425737669567
17.02 0 0.425895664457
17.03 0 0.4269472063
17.04 0 0.426617275808
17.05 0 0.426582105532
17.06 0 0.426817274397
17.07 0 0.42827916461
17.08 0 0.429172117403
17.09 0 0.429342932025
17.1 0 0.429664319344
17.11 0 0.430983572384
17.12 0 0.432664042157
17.13 0 0.434559760822
17.14 0 0.4371668429
17.15 0 0.435497786004
17.16 0 0.438479415531
17.17 0 0.439085689922
17.18 0 0.439085689922
17.19 0 0.44134410981
17.2 0 0.44134410981
17.21 0 0.446563902294
17.22 0 0.448616065481
17.23 0 0.447161863806
17.24 0 0.451240660771
17.25 0 0.452612526078
17.26 0 0.451706556708
17.27 0 0.455290803306
17.28 0 0.454649954213
17.29 0 0.458309975073
17.3 0 0.460613930986
17.31 0 0.464583090008
17.32 0 0.465537679341
17.33 0 0.46846127989
17.34 0 0.469865248618
17.35 0 0.469865248618
17.36 0 0.470167655173
17.37 0 0.47050434627
17.38 0 0.47124776394
17.39 0 0.471451198956
17.4 0 0.471800966428
17.41 0 0.472607075657
17.42 0 0.473042131492
17.43 0 0.47408050583
17.44 0 0.473944631218
17.45 0 0.473455516352
17.46 0 0.473327640771
17.47 0 0.473129284145
17.48 0 0.473015212851
17.49 0 0.472767791272
17.5 0 0.471078237416
17.51 0 0.470509529671
17.52 0 0.470419966531
17.53 0 0.469359146213
17.54 0 0.4681208632
17.55 0 0.466332742318
17.56 0 0.466171807836
17.57 0 0.465744725002
17.58 0 0.464091438793
17.59 0 0.464091438793
17.6 0 0.46417251465
17.61 0 0.464199691853
17.62 0 0.463977268459
17.63 0 0.463977268459
17.64 0 0.462626342282
17.65 0 0.462663129536
17.66 0 0.462900747373
17.67 0 0.462829753257
17.68 0 0.464370898198
17.69 0 0.465093635607
17.7 0 0.46811339613
17.71 0 0.468510991541
17.72 0 0.469107985067
17.73 0 0.469744726448
17.74 0 0.469837103987
17.75 0 0.469835510225
17.76 0 0.469373008939
17.77 0 0.469951408929
17.78 0 0.470333822068
17.79 0 0.470865880815
17.8 0 0.471226427302
17.81 0 0.472319239364
17.82 0 0.473444730136
17.83 0 0.472746506666
17.84 0 0.473914046081
17.85 0 0.474448205457
17.86 0 0.474483176891
17.87 0 0.474483176891
17.88 0 0.477224704968
17.89 0 0.480345054093
17.9 0 0.480345054093
17.91 0 0.480345054093
17.92 0 0.483043281386
17.93 0 0.483043281386
17.94 0 0.491346874297
17.95 0 0.494076430647
17.96 0 0.495822544159
17.97 0 0.495941011719
17.98 0 0.495492812402
17.99 0 0.495289354835
18.0 0 0.496840700573
18.01 0 0.497526137705
18.02 0 0.496245340185
18.03 0 0.495260210107
18.04 0 0.492859868165
18.05 0 0.489146535476
18.06 0 0.489284983343
18.07 0 0.493122261319
18.08 0 0.496255688157
18.09 0 0.496255688157
18.1 0 0.504309446207
18.11 0 0.504786320862
18.12 0 0.504787049181
18.13 0 0.510453940844
18.14 0 0.510453940844
18.15 0 0.510198824887
18.16 0 0.510894180718
18.17 0 0.511626646455
18.18 0 0.512483404128
18.19 0 0.513691590733
18.2 0 0.516433313473
18.21 0 0.516854807499
18.22 0 0.516919028946
18.23 0 0.517045738408
18.24 0 0.516647780426
18.25 0 0.515803985606
18.26 0 0.514458660399
18.27 0 0.51332569865
18.28 0 0.511124574065
18.29 0 0.511283821506
18.3 0 0.511586769595
18.31 0 0.513128618088
18.32 0 0.514052296289
18.33 0 0.513402363684
18.34 0 0.512769054239
18.35 0 0.512821420068
18.36 0 0.510522859583
18.37 0 0.508672848081
18.38 0 0.506901570627
18.39 0 0.505459020688
18.4 0 0.504996729357
18.41 0 0.502870938665
18.42 0 0.501867777021
18.43 0 0.501708704824
18.44 0 0.501273801294
18.45 0 0.500776840292
18.46 0 0.500573136929
18.47 0 0.500573136929
18.48 0 0.500986462752
18.49 0 0.501639078762
18.5 0 0.501639078762
18.51 0 0.503637681663
18.52 0 0.507787704183
18.53 0 0.509338521086
18.54 0 0.509365221329
18.55 0 0.50937763331
18.56 0 0.50885690067
18.57 0 0.509559858225
18.58 0 0.509825727979
18.59 0 0.509825727979
18.6 0 0.510747513373
18.61 0 0.510502488658
18.62 0 0.51051207843
18.63 0 0.509709406675
18.64 0 0.509820716388
18.65 0 0.50989153703
18.66 0 0.512536596596
18.67 0 0.515554654164
18.68 0 0.518009710746
18.69 0 0.518009710746
18.7 0 0.521757219315
18.71 0 0.523336737313
18.72 0 0.523988741908
18.73 0 0.523651804654
18.74 0 0.524052403309
18.75 0 0.524144817377
18.76 0 0.525540869108
18.77 0 0.525408721195
18.78 0 0.525513370291
18.79 0 0.524945347442
18.8 0 0.525186142752
18.81 0 0.522854009343
18.82 0 0.523372412809
18.83 0 0.523507577364
18.84 0 0.528416639242
18.85 0 0.529677471893
18.86 0 0.531489528288
18.87 0 0.532988335248
18.88 0 0.534159037304
18.89 0 0.534159037304
18.9 0 0.53939724924
18.91 0 0.53939724924
18.92 0 0.544560770614
18.93 0 0.545835997272
18.94 0 0.547701866202
18.95 0 0.549336009026
18.96 0 0.549710673029
18.97 0 0.549217619
18.98 0 0.549259042712
18.99 0 0.549343237735
19.0 0 0.548642116587
19.01 0 0.547992808063
19.02 0 0.547319802692
19.03 0 0.547055641257
19.04 0 0.546953005491
19.05 0 0.547439428777
19.06 0 0.546727542459
19.07 0 0.54408872917
19.08 0 0.542866801407
19.09 0 0.536015486124
19.1 0 0.532470881358
19.11 0 0.53067046201
19.12 0 0.530195991608
19.13 0 0.530562361009
19.14 0 0.531265353789
19.15 0 0.530359610654
19.16 0 0.530359610654
19.17 0 0.529357467446
19.18 0 0.529075419172
19.19 0 0.529075419172
19.2 0 0.529353148316
19.21 0 0.529390207672
19.22 0 0.529367547271
19.23 0 0.528993268967
19.24 0 0.529507777523
19.25 0 0.529510569762
19.26 0 0.530908049388
19.27 0 0.532837069379
19.28 0 0.533914107633
19.29 0 0.534041945761
19.3 0 0.534364460455
19.31 0 0.535393813827
19.32 0 0.53557421067
19.33 0 0.537141497297
19.34 0 0.538021564795
19.35 0 0.538134374397
19.36 0 0.538933888126
19.37 0 0.540075822607
19.38 0 0.541099693144
19.39 0 0.542875864319
19.4 0 0.544504715893
19.41 0 0.544235867353
19.42 0 0.545563913089
19.43 0 0.546215605435
19.44 0 0.547459760684
19.45 0 0.548387220859
19.46 0 0.549567359223
19.47 0 0.550677944461
19.48 0 0.55250916195
19.49 0 0.552221173855
19.5 0 0.554901008287
19.51 0 0.554901008287
19.52 0 0.558061999574
19.53 0 0.558387621464
19.54 0 0.558387621464
19.55 0 0.561145697649
19.56 0 0.558198921572
19.57 0 0.554149966766
19.58 0 0.554535010951
19.59 0 0.554533086409
19.6 0 0.554735163952
19.61 0 0.554735163952
19.62 0 0.552226072085
19.63 0 0.550573100544
19.64 0 0.554425787734
19.65 0 0.555293783988
19.66 0 0.555146583246
19.67 0 0.558925807132
19.68 0 0.561206599602
19.69 0 0.562212320397
19.7 0 0.568165816875
19.71 0 0.571880289582
19.72 0 0.572565401561
19.73 0 0.573179841772
19.74 0 0.573516458717
19.75 0 0.573516458717
19.76 0 0.573738383509
19.77 0 0.575242088671
19.78 0 0.575785710643
19.79 0 0.576061951264
19.8 0 0.575319119717
19.81 0 0.574295784652
19.82 0 0.574412880051
19.83 0 0.573342043391
19.84 0 0.568735555757
19.85 0 0.567992098786
19.86 0 0.565854764485
19.87 0 0.564303558633
19.88 0 0.563899655849
19.89 0 0.563058126844
19.9 0 0.56036802372
19.91 0 0.559991786074
19.92 0 0.559632739805
19.93 0 0.558592708807
19.94 0 0.557311778901
19.95 0 0.556755680262
19.96 0 0.555054231307
19.97 0 0.554266419911
19.98 0 0.553897646585
19.99 0 0.553560222025
20.0 0 0.553473104452
20.01 0 0.553320364327
20.02 0 0.55325858477
20.03 0 0.552994409011
20.04 0 0.554617900009
20.05 0 0.557440689264
20.06 0 0.558087824421
20.07 0 0.559806093518
20.08 0 0.561097663826
20.09 0 0.562132543335
20.1 0 0.562132543335
20.11 0 0.564753273565
20.12 0 0.564261625663
20.13 0 0.564954559285
20.14 0 0.569882838794
20.15 0 0.57679256115
20.16 0 0.580516428945
20.17 0 0.580613322101
20.18 0 0.580622562747
20.19 0 0.580350094593
20.2 0 0.578842260512
20.21 0 0.579073484345
20.22 0 0.579762547228
20.23 0 0.58005718111
20.24 0 0.581314684687
20.25 0 0.583470087115
20.26 0 0.583432526327
20.27 0 0.583432526327
20.28 0 0.586611302149
20.29 0 0.586611302149
20.3 0 0.589345100822
20.31 0 0.595147376239
20.32 0 0.598679861805
20.33 0 0.597927591881
20.34 0 0.597310996061
20.35 0 0.596562936174
20.36 0 0.593981667822
20.37 0 0.592091804412
20.38 0 0.587527598942
20.39 0 0.585879829091
20.4 0 0.585879829091
20.41 0 0.59060366408
20.42 0 0.590703710038
20.43 0 0.592735548827
20.44 0 0.593854776739
20.45 0 0.595426658412
20.46 0 0.597562407622
20.47 0 0.600991126992
20.48 0 0.602817332343
20.49 0 0.603090953968
20.5 0 0.604046058468
20.51 0 0.603820479812
20.52 0 0.603629452521
20.53 0 0.603773937603
20.54 0 0.604061023348
20.55 0 0.606551835898
20.56 0 0.608634606059
20.57 0 0.609196188081
20.58 0 0.609196188081
20.59 0 0.60956005622
20.6 0 0.60956005622
20.61 0 0.611645072107
20.62 0 0.611271736961
20.63 0 0.612299813285
20.64 0 0.610497963633
20.65 0 0.608140881867
20.66 0 0.605585877508
20.67 0 0.603670311547
20.68 0 0.600020993633
20.69 0 0.600872529454
20.7 0 0.600872529454
20.71 0 0.604237243138
20.72 0 0.607484043465
20.73 0 0.606805043651
20.74 0 0.606341319424
20.75 0 0.60602783349
20.76 0 0.605773947805
20.77 0 0.605600492887
20.78 0 0.605856133679
20.79 0 0.605720038692
20.8 0 0.605535877274
20.81 0 0.605552549191
20.82 0 0.605827554391
20.83 0 0.607235573715
20.84 0 0.607738878278
20.85 0 0.608207745087
20.86 0 0.609505942877
20.87 0 0.611031088688
20.88 0 0.611031088688
20.89 0 0.616409619142
20.9 0 0.619400645965
20.91 0 0.620609742856
20.92 0 0.621670582203
20.93 0 0.624732095623
20.94 0 0.625339182164
20.95 0 0.626933137863
20.96 0 0.626019694317
20.97 0 0.624694428005
20.98 0 0.624161283242
20.99 0 0.623962443977
21.0 0 0.623913434552
21.01 0 0.624772514727
21.02 0 0.626406436916
21.03 0 0.626927161722
21.04 0 0.628344477805
21.05 0 0.627811364222
21.06 0 0.629215122222
21.07 0 0.632615403422
21.08 0 0.632671774441
21.09 0 0.634548718894
21.1 0 0.643376932846
21.11 0 0.64246110705
21.12 0 0.639939687605
21.13 0 0.637864397571
21.14 0 0.636431518348
21.15 0 0.633446604442
21.16 0 0.633446604442
21.17 0 0.632889080948
21.18 0 0.632889080948
21.19 0 0.632540654035
21.2 0 0.632540654035
21.21 0 0.631417327558
21.22 0 0.634861327954
21.23 0 0.643323030527
21.24 0 0.645001614367
21.25 0 0.646707736179
21.26 0 0.650075911577
21.27 0 0.652630851275
21.28 0 0.653052538626
21.29 0 0.653245380862
21.3 0 0.653004833325
21.31 0 0.652294252001
21.32 0 0.654528189765
21.33 0 0.655583886394
21.34 0 0.656566012341
21.35 0 0.656963708359
21.36 0 0.656527960426
21.37 0 0.656010970466
21.38 0 0.657471352536
21.39 0 0.659049549244
21.4 0 0.659585083465
21.41 0 0.659585083465
21.42 0 0.654445474216
21.43 0 0.649442227071
21.44 0 0.644877648022
21.45 0 0.642880764347
21.46 0 0.641802218056
21.47 0 0.641888865284
21.48 0 0.642697830434
21.49 0 0.642110490224
21.5 0 0.64202388969
21.51 0 0.64202388969
21.52 0 0.642852889146
21.53 0 0.644094499198
21.54 0 0.643925191646
21.55 0 0.643848313325
21.56 0 0.643856558841
21.57 0 0.644748296348
21.58 0 0.647260084748
21.59 0 0.647391636888
21.6 0 0.648035827394
21.61 0 0.648185668648
21.62 0 0.648354885798
21.63 0 0.649202698528
21.64 0 0.650362277575
21.65 0 0.650943328642
21.66 0 0.651843316608
21.67 0 0.653610037302
21.68 0 0.65458310329
21.69 0 0.656663327338
21.7 0 0.657157143636
21.71 0 0.657157143636
21.72 0 0.659426448477
21.73 0 0.662010775023
21.74 0 0.664110640366
21.75 0 0.66416747515
21.76 0 0.663831572405
21.77 0 0.663326134908
21.78 0 0.663558315951
21.79 0 0.663176897019
21.8 0 0.663186594606
21.81 0 0.663998072925
21.82 0 0.664859874102
21.83 0 0.667509932876
21.84 0 0.668871373493
21.85 0 0.671250495208
21.86 0 0.670908087071
21.87 0 0.673009413119
21.88 0 0.670369226029
21.89 0 0.680652751022
21.9 0 0.678751243005
21.91 0 0.676066365059
21.92 0 0.67393691564
21.93 0 0.67332542111
21.94 0 0.672526944598
21.95 0 0.670817670349
21.96 0 0.671265330611
21.97 0 0.669648079418
21.98 0 0.670624025963
21.99 0 0.666266497827
22.0 0 0.66460413706
22.01 0 0.669531970016
22.02 0 0.666332620986
22.03 0 0.672885048086
22.04 0 0.672306039339
22.05 0 0.677188279167
22.06 0 0.678879546183
22.07 0 0.681089799382
22.08 0 0.682458665725
22.09 0 0.683812116051
22.1 0 0.686930872332
22.11 0 0.687183763274
22.12 0 0.686700835889
22.13 0 0.68659049464
22.14 0 0.687719015789
22.15 0 0.689940862297
22.16 0 0.689982465668
22.17 0 0.690675973354
22.18 0 0.691438559516
22.19 0 0.692800812924
22.2 0 0.691874601421
22.21 0 0.689180375111
22.22 0 0.687565223729
22.23 0 0.684719456838
22.24 0 0.684719456838
22.25 0 0.681806886717
22.26 0 0.681590147756
22.27 0 0.680572893589
22.28 0 0.679535343697
22.29 0 0.678997793878
22.3 0 0.678842302157
22.31 0 0.677011921304
22.32 0 0.676266325731
22.33 0 0.675521366319
22.34 0 0.675689634934
22.35 0 0.676439518064
22.36 0 0.676684576835
22.37 0 0.676786145698
22.38 0 0.67676464941
22.39 0 0.677145805202
22.4 0 0.677400081058
22.41 0 0.677819193058
22.42 0 0.679752664521
22.43 0 0.679752664521
22.44 0 0.682397838383
22.45 0 0.684961890163
22.46 0 0.686462827327
22.47 0 0.68865855539
22.48 0 0.690168809216
22.49 0 0.69051336358
22.5 0 0.693503609541
22.51 0 0.694329865518
22.52 0 0.696192601435
22.53 0 0.697787800766
22.54 0 0.698932979864
22.55 0 0.700068911261
22.56 0 0.699998692069
22.57 0 0.699032032124
22.58 0 0.699013924559
22.59 0 0.699398252808
22.6 0 0.699287623335
22.61 0 0.700732281529
22.62 0 0.702636845109
22.63 0 0.703266744838
22.64 0 0.704724590824
22.65 0 0.704020842699
22.66 0 0.70746547731
22.67 0 0.709489308022
22.68 0 0.710614013238
22.69 0 0.711356545134
22.7 0 0.711299374509
22.71 0 0.709802132685
22.72 0 0.709288764286
22.73 0 0.709577447073
22.74 0 0.70801216492
22.75 0 0.70739004973
22.76 0 0.708620984119
22.77 0 0.703413803705
22.78 0 0.706108864542
22.79 0 0.706769531517
22.8 0 0.711467095511
22.81 0 0.713601100152
22.82 0 0.712008170832
22.83 0 0.713106331831
22.84 0 0.712417269718
22.85 0 0.712354653578
22.86 0 0.713132500202
22.87 0 0.715459590124
22.88 0 0.715829314685
22.89 0 0.71660858455
22.9 0 0.71632827983
22.91 0 0.716758340211
22.92 0 0.71770786187
22.93 0 0.717890189808
22.94 0 0.718870550389
22.95 0 0.719285279006
22.96 0 0.720199919705
22.97 0 0.719767216286
22.98 0 0.722310386647
22.99 0 0.724026825973
23.0 0 0.724306546219
23.01 0 0.723387900374
23.02 0 0.720147934928
23.03 0 0.719891058357
23.04 0 0.719361990608
23.05 0 0.719058275179
23.06 0 0.717948153539
23.07 0 0.717301119482
23.08 0 0.715884082932
23.09 0 0.714766669527
23.1 0 0.714594713024
23.11 0 0.713254008651
23.12 0 0.712984695806
23.13 0 0.714078307719
23.14 0 0.714828289206
23.15 0 0.715284754069
23.16 0 0.715365949241
23.17 0 0.715407457767
23.18 0 0.715133193611
23.19 0 0.715133193611
23.2 0 0.715267109604
23.21 0 0.716494609652
23.22 0 0.718308332586
23.23 0 0.720089378355
23.24 0 0.721170803195
23.25 0 0.721318676836
23.26 0 0.722139106802
23.27 0 0.723883417137
23.28 0 0.725376491567
23.29 0 0.727023939002
23.3 0 0.730257706096
23.31 0 0.730373138345
23.32 0 0.730073963595
23.33 0 0.730179075414
23.34 0 0.730972392244
23.35 0 0.730935153147
23.36 0 0.730935153147
23.37 0 0.730039409775
23.38 0 0.730824027663
23.39 0 0.732155673625
23.4 0 0.733495231167
23.41 0 0.737025490843
23.42 0 0.73615689144
23.43 0 0.736654871733
23.44 0 0.738360052157
23.45 0 0.744001256902
23.46 0 0.742290162985
23.47 0 0.742094371046
23.48 0 0.741578451307
23.49 0 0.740682891527
23.5 0 0.740193877414
23.51 0 0.739557827483
23.52 0 0.736251577991
23.53 0 0.736819592969
23.54 0 0.738964433016
23.55 0 0.739980633722
23.56 0 0.741823036516
23.57 0 0.743328707294
23.58 0 0.743359230741
23.59 0 0.746580547442
23.6 0 0.747230674446
23.61 0 0.748060553095
23.62 0 0.748060553095
23.63 0 0.752027680819
23.64 0 0.753467962683
23.65 0 0.753551727314
23.66 0 0.753790495045
23.67 0 0.753573386899
23.68 0 0.752474602601
23.69 0 0.752280650333
23.7 0 0.75294408924
23.71 0 0.75294408924
23.72 0 0.753442176955
23.73 0 0.75419244369
23.74 0 0.758053197108
23.75 0 0.759950495174
23.76 0 0.760820155509
23.77 0 0.76077427372
23.78 0 0.76077427372
23.79 0 0.757239804955
23.8 0 0.756003715207
23.81 0 0.752856909973
23.82 0 0.749721300644
23.83 0 0.749401812523
23.84 0 0.751272158909
23.85 0 0.751272158909
23.86 0 0.75546069059
23.87 0 0.75546069059
23.88 0 0.75287968757
23.89 0 0.751789967699
23.9 0 0.751306858781
23.91 0 0.750683823274
23.92 0 0.749972985534
23.93 0 0.749618875848
23.94 0 0.749462902016
23.95 0 0.749393669652
23.96 0 0.748732581774
23.97 0 0.749244328878
23.98 0 0.749267287792
23.99 0 0.749267287792
24.0 0 0.752771661324
24.01 0 0.755541415752
24.02 0 0.757239976016
24.03 0 0.758139710295
24.04 0 0.758442141765
24.05 0 0.758679140886
24.06 0 0.759239188665
24.07 0 0.762376050513
24.08 0 0.763963677864
24.09 0 0.765193191967
24.1 0 0.766860789068
24.11 0 0.765948062407
24.12 0 0.763960937143
24.13 0 0.763908405207
24.14 0 0.763908405207
24.15 0 0.76315656493
24.16 0 0.763726891591
24.17 0 0.763726891591
24.18 0 0.766022572314
24.19 0 0.767247373323
24.2 0 0.769044072038
24.21 0 0.769062207058
24.22 0 0.7722212949
24.23 0 0.77232093654
24.24 0 0.771927148327
24.25 0 0.770131982775
24.26 0 0.770018218552
24.27 0 0.769016672737
24.28 0 0.767818338628
24.29 0 0.765483900255
24.3 0 0.765850644598
24.31 0 0.765519862966
24.32 0 0.766586376062
24.33 0 0.767021363595
24.34 0 0.764310831824
24.35 0 0.764310831824
24.36 0 0.762655725258
24.37 0 0.768306059098
24.38 0 0.770530224145
24.39 0 0.770530224145
24.4 0 0.765949764994
24.41 0 0.773539409238
24.42 0 0.773539409238
24.43 0 0.783245535581
24.44 0 0.785064553922
24.45 0 0.789116848189
24.46 0 0.791478075295
24.47 0 0.794627779058
24.48 0 0.795202462396
24.49 0 0.794563801731
24.5 0 0.794497502808
24.51 0 0.79480707183
24.52 0 0.794755359562
24.53 0 0.794434760184
24.54 0 0.794618905139
24.55 0 0.795991572649
24.56 0 0.796818986095
24.57 0 0.797242598189
24.58 0 0.796874184207
24.59 0 0.796341976802
24.6 0 0.795448044846
24.61 0 0.795670243035
24.62 0 0.793886136725
24.63 0 0.79164022801
24.64 0 0.79164022801
24.65 0 0.79164022801
24.66 0 0.787692596046
24.67 0 0.787692596046
24.68 0 0.784151019761
24.69 0 0.784149995745
24.7 0 0.783860031178
24.71 0 0.783768029538
24.72 0 0.783532911768
24.73 0 0.783190163432
24.74 0 0.782983260379
24.75 0 0.782833160274
24.76 0 0.782770565442
24.77 0 0.782567604342
24.78 0 0.78270217555
24.79 0 0.783162812224
24.8 0 0.784909479973
24.81 0 0.786207438478
24.82 0 0.788184327198
24.83 0 0.79100832138
24.84 0 0.794177850112
24.85 0 0.79701830535
24.86 0 0.798336354906
24.87 0 0.801920698179
24.88 0 0.801920698179
24.89 0 0.803268064196
24.9 0 0.803268064196
24.91 0 0.802616883504
24.92 0 0.80235048027
24.93 0 0.802325123478
24.94 0 0.802584467236
24.95 0 0.802772593574
24.96 0 0.802320714889
24.97 0 0.802320714889
24.98 0 0.803659593165
24.99 0 0.807757259944
25.0 0 0.812729328847
25.01 0 0.812605908203
25.02 0 0.812605908203
25.03 0 0.812294017668
25.04 0 0.811030289366
25.05 0 0.811032168258
25.06 0 0.810751739804
25.07 0 0.81016946693
25.08 0 0.808356049678
25.09 0 0.80800228854
25.1 0 0.807644164547
25.11 0 0.807003325257
25.12 0 0.807440551178
25.13 0 0.808092413526
25.14 0 0.809165431573
25.15 0 0.811938479697
25.16 0 0.813204517582
25.17 0 0.815497082035
25.18 0 0.821134176256
25.19 0 0.822926342592
25.2 0 0.831535066752
25.21 0 0.833099417247
25.22 0 0.832468765059
25.23 0 0.831325922391
25.24 0 0.829613300028
25.25 0 0.828910791172
25.26 0 0.826252429253
25.27 0 0.826252429253
25.28 0 0.826005877606
25.29 0 0.826950691059
25.3 0 0.827387200012
25.31 0 0.828233640603
25.32 0 0.828427568994
25.33 0 0.83007614908
25.34 0 0.829712515232
25.35 0 0.829163471134
25.36 0 0.827384592364
25.37 0 0.825967713431
25.38 0 0.825810778101
25.39 0 0.824803246575
25.4 0 0.821286111007
25.41 0 0.820730399747
25.42 0 0.820531586809
25.43 0 0.82033362497
25.44 0 0.820919164334
25.45 0 0.820852810068
25.46 0 0.821959053899
25.47 0 0.820627983466
25.48 0 0.820002413761
25.49 0 0.818102386546
25.5 0 0.817695565375
25.51 0 0.81524592868
25.52 0 0.815015234421
25.53 0 0.815354794758
25.54 0 0.816256778175
25.55 0 0.816695378273
25.56 0 0.817773601363
25.57 0 0.818718279422
25.58 0 0.820133144055
25.59 0 0.821556586117
25.6 0 0.823704621382
25.61 0 0.825045428905
25.62 0 0.825110261978
25.63 0 0.826517716787
25.64 0 0.830827167205
25.65 0 0.832560683946
25.66 0 0.833059847051
25.67 0 0.834469714294
25.68 0 0.835013605613
25.69 0 0.8346991694
25.7 0 0.834213280055
25.71 0 0.833451202768
25.72 0 0.83350123778
25.73 0 0.835055833457
25.74 0 0.837562050979
25.75 0 0.837674248863
25.76 0 0.840158635182
25.77 0 0.840535149177
25.78 0 0.840535149177
25.79 0 0.840535149177
25.8 0 0.847786741326
25.81 0 0.847786741326
25.82 0 0.846778842937
25.83 0 0.846778842937
25.84 0 0.843155318974
25.85 0 0.842654480343
25.86 0 0.842312707691
25.87 0 0.841567675585
25.88 0 0.840337170791
25.89 0 0.839897265763
25.9 0 0.840247756408
25.91 0 0.842080207547
25.92 0 0.842098779394
25.93 0 0.848944265976
25.94 0 0.850090464997
25.95 0 0.855224652136
25.96 0 0.856706245387
25.97 0 0.86042214637
25.98 0 0.860315120334
25.99 0 0.861066083342
26.0 0 0.861264693911
26.01 0 0.859640534362
26.02 0 0.85939111752
26.03 0 0.858085217396
26.04 0 0.857711414001
26.05 0 0.856091774568
26.06 0 0.856940711745
26.07 0 0.858560097577
26.08 0 0.859650793971
26.09 0 0.859776531731
26.1 0 0.85817895934
26.11 0 0.85902869752
26.12 0 0.856451093245
26.13 0 0.856079392272
26.14 0 0.856079392272
26.15 0 0.855456785706
26.16 0 0.855456785706
26.17 0 0.850433805424
26.18 0 0.850541983036
26.19 0 0.850338308845
26.2 0 0.849384716378
26.21 0 0.849073772347
26.22 0 0.848646486677
26.23 0 0.848524211015
26.24 0 0.848406348441
26.25 0 0.847824337984
26.26 0 0.847638036117
26.27 0 0.847694538387
26.28 0 0.846903868746
26.29 0 0.842888677633
26.3 0 0.838609436614
26.31 0 0.833553279986
26.32 0 0.827850689311
26.33 0 0.827850689311
26.34 0 0.82824311669
26.35 0 0.828636617946
26.36 0 0.833120121186
26.37 0 0.833472108123
26.38 0 0.837331915345
26.39 0 0.83834726891
26.4 0 0.838547311475
26.41 0 0.838547311475
26.42 0 0.840412090249
26.43 0 0.845531461275
26.44 0 0.845315426204
26.45 0 0.845444569159
26.46 0 0.845899078755
26.47 0 0.846175791829
26.48 0 0.845564098775
26.49 0 0.844358792474
26.5 0 0.84283519036
26.51 0 0.844515949403
26.52 0 0.845420858768
26.53 0 0.84673610211
26.54 0 0.84673610211
26.55 0 0.84851910752
26.56 0 0.850445503273
26.57 0 0.853966812262
26.58 0 0.853836525388
26.59 0 0.853634728354
26.6 0 0.853609546637
26.61 0 0.853281373696
26.62 0 0.852794736915
26.63 0 0.852348706908
26.64 0 0.850629973308
26.65 0 0.849477800443
26.66 0 0.849477800443
26.67 0 0.847843398761
26.68 0 0.844585058598
26.69 0 0.852427440363
26.7 0 0.85366670844
26.71 0 0.856541523543
26.72 0 0.856135082891
26.73 0 0.856304902791
26.74 0 0.858337998098
26.75 0 0.860230757768
26.76 0 0.857929786922
26.77 0 0.861783379858
26.78 0 0.869637680163
26.79 0 0.875062864013
26.8 0 0.87602905881
26.81 0 0.876091731384
26.82 0 0.876008196958
26.83 0 0.878377276663
26.84 0 0.879011202072
26.85 0 0.880282493805
26.86 0 0.880235481646
26.87 0 0.880299012961
26.88 0 0.880355857206
26.89 0 0.879774743655
26.9 0 0.878270383321
26.91 0 0.876286948626
26.92 0 0.873377932517
26.93 0 0.873377932517
26.94 0 0.867283359154
26.95 0 0.867078347641
26.96 0 0.865749927141
26.97 0 0.865870736868
26.98 0 0.867629209442
26.99 0 0.869461517772
27.0 0 0.870760287099
27.01 0 0.871245003956
27.02 0 0.87237181216
27.03 0 0.87237181216
27.04 0 0.869855445484
27.05 0 0.869855445484
27.06 0 0.863909030121
27.07 0 0.861904354546
27.08 0 0.861410008317
27.09 0 0.861140244684
27.1 0 0.8618036861
27.11 0 0.861940664419
27.12 0 0.862203234724
27.13 0 0.863695916395
27.14 0 0.863952914855
27.15 0 0.867121004042
27.16 0 0.868672053031
27.17 0 0.869075320802
27.18 0 0.86996195278
27.19 0 0.869994990934
27.2 0 0.870765761036
27.21 0 0.872027360346
27.22 0 0.875173496647
27.23 0 0.875963621254
27.24 0 0.876666388144
27.25 0 0.876830890192
27.26 0 0.876962556781
27.27 0 0.876386886448
27.28 0 0.876913842617
27.29 0 0.877288893751
27.3 0 0.877288893751
27.31 0 0.876446001846
27.32 0 0.87654209566
27.33 0 0.878302811433
27.34 0 0.881428620264
27.35 0 0.882196550965
27.36 0 0.882543312903
27.37 0 0.882261399395
27.38 0 0.881596584197
27.39 0 0.881153392578
27.4 0 0.881900855944
27.41 0 0.881974713436
27.42 0 0.881974713436
27.43 0 0.883032717224
27.44 0 0.881896682726
27.45 0 0.881896682726
27.46 0 0.878902856811
27.47 0 0.880793782732
27.48 0 0.877046061306
27.49 0 0.882619750558
27.5 0 0.887318959752
27.51 0 0.887368114565
27.52 0 0.88734948948
27.53 0 0.889174649285
27.54 0 0.889787370785
27.55 0 0.895200441553
27.56 0 0.898523605691
27.57 0 0.898537690957
27.58 0 0.899237812619
27.59 0 0.899115226803
27.6 0 0.899221856933
27.61 0 0.899806191647
27.62 0 0.900801978121
27.63 0 0.901495825523
27.64 0 0.902176960506
27.65 0 0.903600761069
27.66 0 0.904444048366
27.67 0 0.904695965287
27.68 0 0.903677036349
27.69 0 0.901323922429
27.7 0 0.900585612007
27.71 0 0.90093894436
27.72 0 0.906199073585
27.73 0 0.905019155297
27.74 0 0.899954214837
27.75 0 0.897373002995
27.76 0 0.895581326782
27.77 0 0.892840518139
27.78 0 0.892681864259
27.79 0 0.892950848529
27.8 0 0.893245600589
27.81 0 0.893471731331
27.82 0 0.893825361963
27.83 0 0.894175260125
27.84 0 0.894192343387
27.85 0 0.894425558457
27.86 0 0.894686233056
27.87 0 0.894686233056
27.88 0 0.894480340823
27.89 0 0.894480340823
27.9 0 0.894732166943
27.91 0 0.897124352828
27.92 0 0.897124352828
27.93 0 0.897824456285
27.94 0 0.897824456285
27.95 0 0.899250390082
27.96 0 0.90181987686
27.97 0 0.902309320376
27.98 0 0.902620996526
27.99 0 0.902620996526
28.0 0 0.908199706481
28.01 0 0.911197810106
28.02 0 0.911889239648
28.03 0 0.911759832728
28.04 0 0.911759832728
28.05 0 0.912059897753
28.06 0 0.911170693716
28.07 0 0.911170693716
28.08 0 0.911170693716
28.09 0 0.910770834569
28.1 0 0.912610557442
28.11 0 0.914725277464
28.12 0 0.917885540514
28.13 0 0.917885540514
28.14 0 0.920103936916
28.15 0 0.918083185687
28.16 0 0.927149741685
28.17 0 0.926877697883
28.18 0 0.926511972491
28.19 0 0.926449057661
28.2 0 0.926689536137
28.21 0 0.926689536137
28.22 0 0.927674345574
28.23 0 0.926339366814
28.24 0 0.926339366814
28.25 0 0.922063138195
28.26 0 0.921209862344
28.27 0 0.920825985473
28.28 0 0.920825985473
28.29 0 0.920886092606
28.3 0 0.936331254741
28.31 0 0.936331254741
28.32 0 0.937045954641
28.33 0 0.939124716979
28.34 0 0.939910364241
28.35 0 0.940342730424
28.36 0 0.940888516088
28.37 0 0.940767768062
28.38 0 0.9407195311
28.39 0 0.940478395414
28.4 0 0.941351596406
28.41 0 0.941351596406
28.42 0 0.941351596406
28.43 0 0.94296565395
28.44 0 0.94301097413
28.45 0 0.942986973935
28.46 0 0.941455589643
28.47 0 0.939850256093
28.48 0 0.93794420015
28.49 0 0.936832120021
28.5 0 0.936157970589
28.51 0 0.93274661224
28.52 0 0.928253600371
28.53 0 0.924999100541
28.54 0 0.923251616667
28.55 0 0.922445680662
28.56 0 0.921654791716
28.57 0 0.920841350611
28.58 0 0.921991042288
28.59 0 0.92210000465
28.6 0 0.922829645972
28.61 0 0.92291610931
28.62 0 0.9228021197
28.63 0 0.922679082541
28.64 0 0.922558141612
28.65 0 0.922424745057
28.66 0 0.922463839857
28.67 0 0.921894423003
28.68 0 0.92233495354
28.69 0 0.922514827392
28.7 0 0.925055088311
28.71 0 0.925458732108
28.72 0 0.927552335912
28.73 0 0.92954714072
28.74 0 0.929701139189
28.75 0 0.930256337237
28.76 0 0.931216874133
28.77 0 0.932881740649
28.78 0 0.935444607884
28.79 0 0.936164144541
28.8 0 0.936918350493
28.81 0 0.937330422786
28.82 0 0.938921755733
28.83 0 0.939063285243
28.84 0 0.938728922833
28.85 0 0.938728922833
28.86 0 0.939655150747
28.87 0 0.941534382821
28.88 0 0.942392538394
28.89 0 0.94381080247
28.9 0 0.946117121197
28.91 0 0.94648128937
28.92 0 0.947815554145
28.93 0 0.947815554145
28.94 0 0.948682513038
28.95 0 0.9508690262
28.96 0 0.953529732617
28.97 0 0.953274854299
28.98 0 0.953274854299
28.99 0 0.951082555227
29.0 0 0.942982617201
29.01 0 0.942982617201
29.02 0 0.942982617201
29.03 0 0.939472409351
29.04 0 0.944125086788
29.05 0 0.944689566019
29.06 0 0.946215498032
29.07 0 0.946215498032
29.08 0 0.946465164798
29.09 0 0.95886465655
29.1 0 0.959142242077
29.11 0 0.962236655332
29.12 0 0.962818624257
29.13 0 0.96436304579
29.14 0 0.966489306553
29.15 0 0.968221577013
29.16 0 0.96888803177
29.17 0 0.968669638247
29.18 0 0.968669638247
29.19 0 0.971161629594
29.2 0 0.972535249985
29.21 0 0.9732441529
29.22 0 0.970568898242
29.23 0 0.970021013076
29.24 0 0.970021013076
29.25 0 0.967839423474
29.26 0 0.967281763816
29.27 0 0.966261547699
29.28 0 0.957421165672
29.29 0 0.953132648799
29.3 0 0.951068025701
29.31 0 0.951087822219
29.32 0 0.953841695209
29.33 0 0.953751406341
29.34 0 0.955918285643
29.35 0 0.95524629074
29.36 0 0.954698833718
29.37 0 0.953887055593
29.38 0 0.953887055593
29.39 0 0.95461025865
29.4 0 0.95482354723
29.41 0 0.954548879811
29.42 0 0.954661774833
29.43 0 0.955204599388
29.44 0 0.955431166417
29.45 0 0.955319497516
29.46 0 0.955075803344
29.47 0 0.955746407685
29.48 0 0.955731248623
29.49 0 0.955732863652
29.5 0 0.957777542061
29.51 0 0.95899041252
29.52 0 0.95959709022
29.53 0 0.95959709022
29.54 0 0.961791434594
29.55 0 0.961791434594
29.56 0 0.962758875001
29.57 0 0.962807224268
29.58 0 0.966644746551
29.59 0 0.967380590468
29.6 0 0.968818144259
29.61 0 0.969640954236
29.62 0 0.969625412636
29.63 0 0.969563698186
29.64 0 0.971235512351
29.65 0 0.971394118763
29.66 0 0.973524471483
29.67 0 0.973627972192
29.68 0 0.975323611003
29.69 0 0.977469461788
29.7 0 0.978762029605
29.71 0 0.980280905465
29.72 0 0.981539890493
29.73 0 0.981677643652
29.74 0 0.983864701685
29.75 0 0.987409319889
29.76 0 0.987409319889
29.77 0 0.987241390533
29.78 0 0.987241390533
29.79 0 0.973036203871
29.8 0 0.967986813476
29.81 0 0.967526032281
29.82 0 0.972878835912
29.83 0 0.967725748743
29.84 0 0.970860355441
29.85 0 0.976577787958
29.86 0 0.979303144746
29.87 0 0.981559887402
29.88 0 0.985798841949
29.89 0 0.987542138005
29.9 0 0.987542138005
29.91 0 0.991124372711
29.92 0 0.993617715304
29.93 0 0.997419872068
29.94 0 0.997919713618
29.95 0 0.999742859053
29.96 0 1.00003176926
29.97 0 1.00073507965
29.98 0 1.00104702795
29.99 0 1.0012374678
30.0 0 1.00068636707
30.01 0 1.00102297509
30.02 0 1.00108762059
30.03 0 1.00016881487
30.04 0 1.00016881487
30.05 0 0.999438302437
30.06 0 0.998794563843
30.07 0 0.998794563843
30.08 0 0.991361262606
30.09 0 0.985752984516
30.1 0 0.985031492291
30.11 0 0.986181515371
30.12 0 0.986660531798
30.13 0 0.988273937654
30.14 0 0.987193882313
30.15 0 0.985189199482
30.16 0 0.983669856814
30.17 0 0.982270987458
30.18 0 0.981697790823
30.19 0 0.981483409718
30.2 0 0.981246616902
30.21 0 0.981233405589
30.22 0 0.981354851076
30.23 0 0.981234863734
30.24 0 0.981227074063
30.25 0 0.981316267492
30.26 0 0.981850913491
30.27 0 0.981999430873
30.28 0 0.983619874125
30.29 0 0.984187920476
30.3 0 0.984187920476
30.31 0 0.987012016924
30.32 0 0.987732878633
30.33 0 0.987732878633
30.34 0 0.99188599187
30.35 0 0.993535494505
30.36 0 0.993989725345
30.37 0 0.995999055472
30.38 0 0.995883492604
30.39 0 0.998190639134
30.4 0 0.998819240619
30.41 0 0.99852478439
30.42 0 0.998106769403
30.43 0 0.997892475642
30.44 0 0.999072885844
30.45 0 1.00034314969
30.46 0 1.00271417363
30.47 0 1.0035620326
30.48 0 1.00374124239
30.49 0 1.00839619638
30.5 0 1.00779144978
30.51 0 1.00790792076
30.52 0 1.00916351947
30.53 0 1.00972815123
30.54 0 1.00951522591
30.55 0 1.00732544653
30.56 0 1.00418516906
30.57 0 1.00304549771
30.58 0 1.00276220115
30.59 0 0.998861146606
30.6 0 1.00340465042
30.61 0 1.00273635492
30.62 0 1.00470784837
30.63 0 1.00691378508
30.64 0 1.00753306455
30.65 0 1.008538076
30.66 0 1.01081446823
30.67 0 1.01098602563
30.68 0 1.0120738637
30.69 0 1.01543685188
30.7 0 1.02025017824
30.71 0 1.0215515227
30.72 0 1.02423711556
30.73 0 1.02743060129
30.74 0 1.02777374562
30.75 0 1.02828818303
30.76 0 1.02890869674
30.77 0 1.03059945408
30.78 0 1.03028017352
30.79 0 1.03015905418
30.8 0 1.03000359656
30.81 0 1.0289113007
30.82 0 1.02898414403
30.83 0 1.02978777855
30.84 0 1.02986083965
30.85 0 1.02875054256
30.86 0 1.02637374157
30.87 0 1.02402871837
30.88 0 1.02017326386
30.89 0 1.0191196356
30.9 0 1.01776771993
30.91 0 1.01724982019
30.92 0 1.02095474832
30.93 0 1.02044052491
30.94 0 1.01505831138
30.95 0 1.01470469854
30.96 0 1.01335037
30.97 0 1.01337906997
30.98 0 1.01355260525
30.99 0 1.01353556601
31.0 0 1.01350557544
31.01 0 1.01347177873
31.02 0 1.01347177873
31.03 0 1.01319074749
31.04 0 1.01319074749
31.05 0 1.01485227113
31.06 0 1.01480086826
31.07 0 1.01480086826
31.08 0 1.01705117394
31.09 0 1.01824654856
31.1 0 1.01927328181
31.11 0 1.01941007937
31.12 0 1.02053256607
31.13 0 1.02110696508
31.14 0 1.02322034067
31.15 0 1.02415094952
31.16 0 1.02740200773
31.17 0 1.02740200773
31.18 0 1.02859102932
31.19 0 1.02823541692
31.2 0 1.02817166702
31.21 0 1.02865033113
31.22 0 1.02914331892
31.23 0 1.03020780282
31.24 0 1.03198332544
31.25 0 1.03245212067
31.26 0 1.03458231435
31.27 0 1.03487634969
31.28 0 1.03523931061
31.29 0 1.03536991528
31.3 0 1.03699975564
31.31 0 1.0374883302
31.32 0 1.03803501104
31.33 0 1.0380453098
31.34 0 1.03788280823
31.35 0 1.03788280823
31.36 0 1.03712939759
31.37 0 1.03715260209
31.38 0 1.03728548568
31.39 0 1.03728548568
31.4 0 1.03750069389
31.41 0 1.03899428345
31.42 0 1.0399907249
31.43 0 1.04180569017
31.44 0 1.04524317981
31.45 0 1.0512204253
31.46 0 1.05340746348
31.47 0 1.05634337919
31.48 0 1.05822821317
31.49 0 1.05887080252
31.5 0 1.05744834108
31.51 0 1.05659246381
31.52 0 1.05641816151
31.53 0 1.05610699769
31.54 0 1.0566659334
31.55 0 1.0566659334
31.56 0 1.05688932673
31.57 0 1.055957845
31.58 0 1.05640462437
31.59 0 1.05640462437
31.6 0 1.0570140025
31.61 0 1.0570140025
31.62 0 1.05975932946
31.63 0 1.05824480821
31.64 0 1.05504460937
31.65 0 1.05376864327
31.66 0 1.05376864327
31.67 0 1.04975502507
31.68 0 1.05062239073
31.69 0 1.05175680964
31.7 0 1.05496580475
31.71 0 1.05821858633
31.72 0 1.05882192257
31.73 0 1.05579290954
31.74 0 1.05262835725
31.75 0 1.05019900906
31.76 0 1.04881887713
31.77 0 1.0479800625
31.78 0 1.04756392998
31.79 0 1.04757432619
31.8 0 1.04751490367
31.81 0 1.04740947114
31.82 0 1.04743082229
31.83 0 1.04776653321
31.84 0 1.04779589619
31.85 0 1.04779589619
31.86 0 1.0476998088
31.87 0 1.04856603231
31.88 0 1.05092468503
31.89 0 1.05147763826
31.9 0 1.05244725845
31.91 0 1.05445528287
31.92 0 1.05705547178
31.93 0 1.05705547178
31.94 0 1.05850781212
31.95 0 1.06056758469
31.96 0 1.06143281197
31.97 0 1.06037478956
31.98 0 1.06037478956
31.99 0 1.06029987254
32.0 0 1.06006025503
32.01 0 1.06006025503
32.02 0 1.05877436811
32.03 0 1.06137893482
32.04 0 1.06192017379
32.05 0 1.06490890126
32.06 0 1.06477541223
32.07 0 1.0639527623
32.08 0 1.06368834043
32.09 0 1.06418876832
32.1 0 1.0650446529
32.11 0 1.06452285589
32.12 0 1.06372813203
32.13 0 1.06304037869
32.14 0 1.06304037869
32.15 0 1.06282566796
32.16 0 1.06122714119
32.17 0 1.06039753019
32.18 0 1.05886586358
32.19 0 1.0590801447
32.2 0 1.06010147528
32.21 0 1.06306227314
32.22 0 1.07018783461
32.23 0 1.07121481656
32.24 0 1.08016455157
32.25 0 1.08554814142
32.26 0 1.08948998356
32.27 0 1.09166758405
32.28 0 1.09177407474
32.29 0 1.09092428081
32.3 0 1.09092428081
32.31 0 1.09093027584
32.32 0 1.09065407507
32.33 0 1.09000181899
32.34 0 1.08977961251
32.35 0 1.08972582248
32.36 0 1.08984210255
32.37 0 1.08903885111
32.38 0 1.08815753354
32.39 0 1.08736926686
32.4 0 1.08708856667
32.41 0 1.08644167115
32.42 0 1.08446984974
32.43 0 1.08454185919
32.44 0 1.08098842932
32.45 0 1.07994441431
32.46 0 1.07958847921
32.47 0 1.07958847921
32.48 0 1.07872430194
32.49 0 1.07685209748
32.5 0 1.07835743839
32.51 0 1.08159301678
32.52 0 1.08087879116
32.53 0 1.08087879116
32.54 0 1.07568796599
32.55 0 1.07415507712
32.56 0 1.07284113785
32.57 0 1.07235692544
32.58 0 1.07185382028
32.59 0 1.07158490776
32.6 0 1.07158490776
32.61 0 1.07292610477
32.62 0 1.07348948615
32.63 0 1.0741099951
32.64 0 1.07375848665
32.65 0 1.07362819475
32.66 0 1.07424859046
32.67 0 1.07424859046
32.68 0 1.07498075891
32.69 0 1.07539220379
32.7 0 1.07664951309
32.71 0 1.08216635214
32.72 0 1.08403215381
32.73 0 1.08427164298
32.74 0 1.08494288162
32.75 0 1.08535840209
32.76 0 1.08369830994
32.77 0 1.08215782176
32.78 0 1.08236691794
32.79 0 1.08272896931
32.8 0 1.08523426852
32.81 0 1.08781613353
32.82 0 1.08715495429
32.83 0 1.08956552847
32.84 0 1.09052317092
32.85 0 1.08996244985
32.86 0 1.09977560119
32.87 0 1.09875752462
32.88 0 1.09874045746
32.89 0 1.09848035471
32.9 0 1.09911253424
32.91 0 1.09950184417
32.92 0 1.09966120204
32.93 0 1.09942831433
32.94 0 1.10033071498
32.95 0 1.10084449331
32.96 0 1.10084449331
32.97 0 1.09523745242
32.98 0 1.09548967403
32.99 0 1.09541591778
33.0 0 1.09541591778
33.01 0 1.09879432701
33.02 0 1.10044793926
33.03 0 1.10896364983
33.04 0 1.11059547106
33.05 0 1.11097770732
33.06 0 1.1108953445
33.07 0 1.11008039596
33.08 0 1.11033102649
33.09 0 1.111888672
33.1 0 1.11182975828
33.11 0 1.11094359898
33.12 0 1.11101524411
33.13 0 1.11128354871
33.14 0 1.11175691155
33.15 0 1.1110241881
33.16 0 1.11148922117
33.17 0 1.11216582077
33.18 0 1.11186893293
33.19 0 1.11067172936
33.2 0 1.10149706657
33.21 0 1.09806666735
33.22 0 1.09409170084
33.23 0 1.09361872756
33.24 0 1.09378167684
33.25 0 1.09408120866
33.26 0 1.09435608761
33.27 0 1.09321074546
33.28 0 1.09553272519
33.29 0 1.09419288345
33.3 0 1.09162895277
33.31 0 1.08969022338
33.32 0 1.08569874651
33.33 0 1.08399245243
33.34 0 1.08380107053
33.35 0 1.08380486837
33.36 0 1.08380486837
33.37 0 1.08375699916
33.38 0 1.08379880093
33.39 0 1.08383500028
33.4 0 1.08500998209
33.41 0 1.08482307349
33.42 0 1.0849329144
33.43 0 1.08551604182
33.44 0 1.08551604182
33.45 0 1.08798096107
33.46 0 1.08845396845
33.47 0 1.08934675761
33.48 0 1.09096301392
33.49 0 1.09412107089
33.5 0 1.09698646806
33.51 0 1.09715801065
33.52 0 1.09866394598
33.53 0 1.09871468919
33.54 0 1.09842938595
33.55 0 1.09835863638
33.56 0 1.09766420853
33.57 0 1.09911209356
33.58 0 1.09991131608
33.59 0 1.10266210784
33.6 0 1.10205839919
33.61 0 1.10288552048
33.62 0 1.1064212513
33.63 0 1.1063041014
33.64 0 1.10647044263
33.65 0 1.10643645648
33.66 0 1.10644630778
33.67 0 1.10644630778
33.68 0 1.10644630778
33.69 0 1.10677486662
33.7 0 1.10536383421
33.71 0 1.10374209031
33.72 0 1.09762395364
33.73 0 1.10041988737
33.74 0 1.10439775083
33.75 0 1.1076910652
33.76 0 1.10874596438
33.77 0 1.10874596438
33.78 0 1.12337677177
33.79 0 1.1254512815
33.8 0 1.12661407174
33.81 0 1.12715211268
33.82 0 1.12715211268
33.83 0 1.12929301707
33.84 0 1.12984555798
33.85 0 1.12732355536
33.86 0 1.12813761766
33.87 0 1.12805522168
33.88 0 1.12821656704
33.89 0 1.12821656704
33.9 0 1.12990920086
33.91 0 1.13309019665
33.92 0 1.13464290647
33.93 0 1.13462623217
33.94 0 1.13510003943
33.95 0 1.13639602594
33.96 0 1.13675989924
33.97 0 1.13682342684
33.98 0 1.13664692577
33.99 0 1.13650499017
34.0 0 1.13549902868
34.01 0 1.13549902868
34.02 0 1.13256028953
34.03 0 1.13280049489
34.04 0 1.13280049489
34.05 0 1.13344999593
34.06 0 1.13267695494
34.07 0 1.12726825829
34.08 0 1.12371151491
34.09 0 1.12371151491
34.1 0 1.12178665772
34.11 0 1.12152028189
34.12 0 1.12139090068
34.13 0 1.12122157609
34.14 0 1.12060207771
34.15 0 1.12045399974
34.16 0 1.12058449861
34.17 0 1.12188960076
34.18 0 1.12403909492
34.19 0 1.12380146322
34.2 0 1.12393202834
34.21 0 1.1268722073
34.22 0 1.12750464786
34.23 0 1.12865610232
34.24 0 1.1299258879
34.25 0 1.13011142551
34.26 0 1.13276297801
34.27 0 1.13276297801
34.28 0 1.13763797387
34.29 0 1.1408540076
34.3 0 1.1408540076
34.31 0 1.1427776511
34.32 0 1.14258219035
34.33 0 1.14228466672
34.34 0 1.14231233174
34.35 0 1.1424004407
34.36 0 1.14176318281
34.37 0 1.14144933953
34.38 0 1.1419562126
34.39 0 1.14316088249
34.4 0 1.14608285046
34.41 0 1.14684468971
34.42 0 1.14776755138
34.43 0 1.14683697267
34.44 0 1.15018781631
34.45 0 1.15052477897
34.46 0 1.15052477897
34.47 0 1.15236875511
34.48 0 1.15262058022
34.49 0 1.15200607026
34.5 0 1.15200607026
34.51 0 1.14448287851
34.52 0 1.1424956731
34.53 0 1.14345893376
34.54 0 1.14345893376
34.55 0 1.14345893376
34.56 0 1.14092189441
34.57 0 1.15130650227
34.58 0 1.16207695484
34.59 0 1.16342931816
34.6 0 1.16376615761
34.61 0 1.1645341848
34.62 0 1.16589881411
34.63 0 1.16744949011
34.64 0 1.16907784054
34.65 0 1.16652034813
34.66 0 1.16652034813
34.67 0 1.16602329863
34.68 0 1.16663147987
34.69 0 1.16732861734
34.7 0 1.16732861734
34.71 0 1.16978922717
34.72 0 1.17075577952
34.73 0 1.17021651857
34.74 0 1.16979162172
34.75 0 1.16929533374
34.76 0 1.16924700275
34.77 0 1.16727990653
34.78 0 1.16521436831
34.79 0 1.16311956788
34.8 0 1.16292310925
34.81 0 1.16322354915
34.82 0 1.16278209587
34.83 0 1.16302568519
34.84 0 1.16303569684
34.85 0 1.16010854827
34.86 0 1.15870396909
34.87 0 1.15758703774
34.88 0 1.15658151925
34.89 0 1.15621629526
34.9 0 1.15521459
34.91 0 1.15521459
34.92 0 1.15662350699
34.93 0 1.15681503567
34.94 0 1.15627174537
34.95 0 1.15668334324
34.96 0 1.1568639904
34.97 0 1.1594021887
34.98 0 1.15980563005
34.99 0 1.1585619391
35.0 0 1.1585619391
35.01 0 1.15920795909
35.02 0 1.15919274182
35.03 0 1.1593454472
35.04 0 1.15929772838
35.05 0 1.15999672867
35.06 0 1.16127329084
35.07 0 1.16532215678
35.08 0 1.16592213563
35.09 0 1.1715880403
35.1 0 1.17260712111
35.11 0 1.17260712111
35.12 0 1.17431485541
35.13 0 1.17353252175
35.14 0 1.17342335616
35.15 0 1.17451053536
35.16 0 1.17463438535
35.17 0 1.17900609509
35.18 0 1.18193692945
35.19 0 1.18362870742
35.2 0 1.18342072458
35.21 0 1.18507422164
35.22 0 1.18507422164
35.23 0 1.18507422164
35.24 0 1.19238981718
35.25 0 1.19231926056
35.26 0 1.19214205511
35.27 0 1.19167745801
35.28 0 1.18978656488
35.29 0 1.18870608791
35.3 0 1.18794658374
35.31 0 1.18661112891
35.32 0 1.18356155779
35.33 0 1.18574725998
35.34 0 1.18189060616
35.35 0 1.18520632006
35.36 0 1.18567079404
35.37 0 1.18155950779
35.38 0 1.18606946366
35.39 0 1.19200838189
35.4 0 1.19892027954
35.41 0 1.20134412793
35.42 0 1.20151878089
35.43 0 1.20140128248
35.44 0 1.19996327062
35.45 0 1.1991842679
35.46 0 1.19826860166
35.47 0 1.19747084096
35.48 0 1.19722194921
35.49 0 1.19669601575
35.5 0 1.19638185435
35.51 0 1.19528836476
35.52 0 1.19712186848
35.53 0 1.19762445208
35.54 0 1.1977305644
35.55 0 1.197469901
35.56 0 1.19555261664
35.57 0 1.19273533759
35.58 0 1.18964015509
35.59 0 1.18308094395
35.6 0 1.18234130254
35.61 0 1.1807430447
35.62 0 1.18012776026
35.63 0 1.17917435197
35.64 0 1.1791999486
35.65 0 1.1791999486
35.66 0 1.17903788396
35.67 0 1.17678688222
35.68 0 1.17487020416
35.69 0 1.17203254298
35.7 0 1.17111765434
35.71 0 1.17111765434
35.72 0 1.17048469496
35.73 0 1.17048469496
35.74 0 1.17046157438
35.75 0 1.17250139697
35.76 0 1.1722271594
35.77 0 1.17233613579
35.78 0 1.1741912724
35.79 0 1.17463940642
35.8 0 1.17511880473
35.81 0 1.17530037671
35.82 0 1.17603190902
35.83 0 1.17713940032
35.84 0 1.17713940032
35.85 0 1.18085010472
35.86 0 1.18314074778
35.87 0 1.1830168352
35.88 0 1.18426638952
35.89 0 1.18554711035
35.9 0 1.18555339957
35.91 0 1.18555339957
35.92 0 1.18533265938
35.93 0 1.18730727085
35.94 0 1.18980275296
35.95 0 1.1909471105
35.96 0 1.19187056807
35.97 0 1.19262497228
35.98 0 1.19397379279
35.99 0 1.19159983713
36.0 0 1.19397574766
36.01 0 1.19545720416
36.02 0 1.19545720416
36.03 0 1.19730773943
36.04 0 1.19730773943
36.05 0 1.2001383692
36.06 0 1.20049710798
36.07 0 1.20103015322
36.08 0 1.20150484292
36.09 0 1.20161635497
36.1 0 1.20190405975
36.11 0 1.20343338112
36.12 0 1.20359077803
36.13 0 1.20617773038
36.14 0 1.20640482094
36.15 0 1.20636041978
36.16 0 1.20733735989
36.17 0 1.2101884899
36.18 0 1.21370544125
36.19 0 1.2148288683
36.2 0 1.2148288683
36.21 0 1.21741126883
36.22 0 1.21886492935
36.23 0 1.21935868684
36.24 0 1.21885220569
36.25 0 1.21883142189
36.26 0 1.21786807549
36.27 0 1.21802461791
36.28 0 1.21921208852
36.29 0 1.21851945392
36.3 0 1.21764547353
36.31 0 1.21922574735
36.32 0 1.21888953693
36.33 0 1.2179814247
36.34 0 1.21410143853
36.35 0 1.20915271722
36.36 0 1.20560367425
36.37 0 1.20234510165
36.38 0 1.20073578373
36.39 0 1.20029377932
36.4 0 1.20143186708
36.41 0 1.20074693386
36.42 0 1.20041574893
36.43 0 1.20277465829
36.44 0 1.20638981199
36.45 0 1.20970090129
36.46 0 1.21106454586
36.47 0 1.21111928941
36.48 0 1.21091885746
36.49 0 1.21033884435
36.5 0 1.20999055463
36.51 0 1.20935954108
36.52 0 1.20924518653
36.53 0 1.20906055979
36.54 0 1.20986306412
36.55 0 1.21092856147
36.56 0 1.21305687768
36.57 0 1.21422951568
36.58 0 1.21715570726
36.59 0 1.21772839943
36.6 0 1.21812925699
36.61 0 1.21860185938
36.62 0 1.22021906053
36.63 0 1.22129906102
36.64 0 1.22422864886
36.65 0 1.22660426387
36.66 0 1.2275546909
36.67 0 1.22810797379
36.68 0 1.22748948305
36.69 0 1.22636616629
36.7 0 1.22643333766
36.71 0 1.22697486024
36.72 0 1.22879133551
36.73 0 1.23097075312
36.74 0 1.23206420322
36.75 0 1.23445477544
36.76 0 1.23520995994
36.77 0 1.23520995994
36.78 0 1.23588945996
36.79 0 1.23684437145
36.8 0 1.23684437145
36.81 0 1.2411081375
36.82 0 1.24062769108
36.83 0 1.24062769108
36.84 0 1.23701462358
36.85 0 1.23167022384
36.86 0 1.22709208848
36.87 0 1.22709208848
36.88 0 1.21790820276
36.89 0 1.21915914696
36.9 0 1.21492236072
36.91 0 1.23632301078
36.92 0 1.23896277419
36.93 0 1.23997388878
36.94 0 1.23971559266
36.95 0 1.2390132665
36.96 0 1.24080029636
36.97 0 1.24207521721
36.98 0 1.24451412479
36.99 0 1.24615276869
37.0 0 1.24625992306
37.01 0 1.2504355165
37.02 0 1.25230926106
37.03 0 1.2531421605
37.04 0 1.2531421605
37.05 0 1.25566130733
37.06 0 1.25574168859
37.07 0 1.25647838941
37.08 0 1.25543534843
37.09 0 1.25453775112
37.1 0 1.2544233318
37.11 0 1.25382092602
37.12 0 1.25105537232
37.13 0 1.2491348978
37.14 0 1.24791940042
37.15 0 1.24611778853
37.16 0 1.24635638829
37.17 0 1.24628838387
37.18 0 1.24648514803
37.19 0 1.24454543686
37.2 0 1.24232621225
37.21 0 1.23998625504
37.22 0 1.23901175462
37.23 0 1.23801299048
37.24 0 1.23624114222
37.25 0 1.23624114222
37.26 0 1.23517069931
37.27 0 1.2343137406
37.28 0 1.23436073044
37.29 0 1.23397851548
37.3 0 1.23412188328
37.31 0 1.23412188328
37.32 0 1.23517614201
37.33 0 1.23630537396
37.34 0 1.23630537396
37.35 0 1.23712870242
37.36 0 1.23824505033
37.37 0 1.23901289148
37.38 0 1.23939751455
37.39 0 1.24054825549
37.4 0 1.24231567929
37.41 0 1.24277587521
37.42 0 1.24277587521
37.43 0 1.2459662239
37.44 0 1.24901284244
37.45 0 1.24995260702
37.46 0 1.25073098675
37.47 0 1.25033256491
37.48 0 1.2496258618
37.49 0 1.24931156136
37.5 0 1.24997444733
37.51 0 1.25177586183
37.52 0 1.25271968999
37.53 0 1.25495846768
37.54 0 1.25495846768
37.55 0 1.25792094018
37.56 0 1.25769581811
37.57 0 1.25788750504
37.58 0 1.25771997483
37.59 0 1.25664413817
37.6 0 1.25729688187
37.61 0 1.25775485077
37.62 0 1.25820977401
37.63 0 1.25798753454
37.64 0 1.25880817792
37.65 0 1.25810666319
37.66 0 1.25721824952
37.67 0 1.25849277549
37.68 0 1.25947181418
37.69 0 1.26865585712
37.7 0 1.27424039129
37.71 0 1.27842613798
37.72 0 1.28306042186
37.73 0 1.28695383991
37.74 0 1.29013987599
37.75 0 1.28988705818
37.76 0 1.29034562367
37.77 0 1.28992964599
37.78 0 1.2898291394
37.79 0 1.28852194147
37.8 0 1.28839868617
37.81 0 1.2889037232
37.82 0 1.29018966297
37.83 0 1.29107810666
37.84 0 1.29143453641
37.85 0 1.29256122017
37.86 0 1.29256122017
37.87 0 1.29319800702
37.88 0 1.29319800702
37.89 0 1.2924765361
37.9 0 1.2924765361
37.91 0 1.28962856249
37.92 0 1.28731718457
37.93 0 1.28525044851
37.94 0 1.28307584649
37.95 0 1.28299466751
37.96 0 1.28052370025
37.97 0 1.28091049587
37.98 0 1.28091049587
37.99 0 1.28385482135
38.0 0 1.28493814565
38.01 0 1.2836300434
38.02 0 1.28163562841
38.03 0 1.28017333392
38.04 0 1.27777846347
38.05 0 1.27719466982
38.06 0 1.27690712205
38.07 0 1.27627145508
38.08 0 1.27601423924
38.09 0 1.27604612218
38.1 0 1.27605383277
38.11 0 1.2763332644
38.12 0 1.27647581939
38.13 0 1.27647581939
38.14 0 1.27744309321
38.15 0 1.2780112086
38.16 0 1.27911990843
38.17 0 1.28031436822
38.18 0 1.28310156187
38.19 0 1.28362775236
38.2 0 1.2833389885
38.21 0 1.28424835494
38.22 0 1.28796350372
38.23 0 1.28902974747
38.24 0 1.28966459519
38.25 0 1.29064988685
38.26 0 1.29015973219
38.27 0 1.28879040165
38.28 0 1.28771128746
38.29 0 1.28747958193
38.3 0 1.28831225695
38.31 0 1.28989575759
38.32 0 1.28989575759
38.33 0 1.29190130733
38.34 0 1.29329753625
38.35 0 1.29349206809
38.36 0 1.29383816793
38.37 0 1.29347185361
38.38 0 1.29353771425
38.39 0 1.29494727691
38.4 0 1.29647977683
38.41 0 1.29595050517
38.42 0 1.29500598074
38.43 0 1.29454243982
38.44 0 1.292673999
38.45 0 1.29009941957
38.46 0 1.2916909835
38.47 0 1.29249013492
38.48 0 1.2922268147
38.49 0 1.29603353276
38.5 0 1.29920572734
38.51 0 1.30008291342
38.52 0 1.30080801601
38.53 0 1.30043940796
38.54 0 1.30333816577
38.55 0 1.3093208193
38.56 0 1.31065615185
38.57 0 1.31189349171
38.58 0 1.31213911607
38.59 0 1.31273839667
38.6 0 1.31268165914
38.61 0 1.31311307496
38.62 0 1.31399376173
38.63 0 1.31415521958
38.64 0 1.31460266932
38.65 0 1.31499052905
38.66 0 1.31514330249
38.67 0 1.3161000289
38.68 0 1.31616155436
38.69 0 1.31600444599
38.7 0 1.31671692832
38.71 0 1.31402301656
38.72 0 1.31226560847
38.73 0 1.31037300555
38.74 0 1.30361289552
38.75 0 1.3018793869
38.76 0 1.30142106888
38.77 0 1.30142106888
38.78 0 1.30226248869
38.79 0 1.30638237637
38.8 0 1.30746669181
38.81 0 1.30463686912
38.82 0 1.3035573024
38.83 0 1.30232882585
38.84 0 1.30176267192
38.85 0 1.30093434825
38.86 0 1.30022342978
38.87 0 1.30006181283
38.88 0 1.29989294935
38.89 0 1.29974730814
38.9 0 1.29992548298
38.91 0 1.30014315504
38.92 0 1.30080305745
38.93 0 1.30117646146
38.94 0 1.30149087662
38.95 0 1.30337294043
38.96 0 1.30436426348
38.97 0 1.30422794581
38.98 0 1.30544110317
38.99 0 1.30577099797
39.0 0 1.30570815029
