time index height
0.01 0 0.0
0.02 0 0.0330240340639
0.03 0 0.0418582572185
0.04 0 0.0478422303614
0.05 0 0.0539070307302
0.06 0 0.0587029444842
0.07 0 0.0646038305999
0.08 0 0.0646038305999
0.09 0 0.0685738707363
0.1 0 0.0681972916081
0.11 0 0.0586673984275
0.12 0 0.0586673984275
0.13 0 0.028596428103
0.14 0 0.028596428103
0.15 0 0.0283562566585
0.16 0 0.0286440131618
0.17 0 0.0287678676339
0.18 0 0.0296193921209
0.19 0 0.0303350752983
0.2 0 0.030597892042
0.21 0 0.0317177611982
0.22 0 0.03230391672
0.23 0 0.0332725531502
0.24 0 0.033897488514
0.25 0 0.0365333426178
0.26 0 0.0380274452417
0.27 0 0.0389068083889
0.28 0 0.0395486443988
0.29 0 0.0404318144686
0.3 0 0.0408861843263
0.31 0 0.0409662831511
0.32 0 0.0409662831511
0.33 0 0.0407012169094
0.34 0 0.0400059313461
0.35 0 0.0384955066668
0.36 0 0.036095666486
0.37 0 0.036095666486
0.38 0 0.0348285049468
0.39 0 0.0347798619357
0.4 0 0.0357300765269
0.41 0 0.036469050912
0.42 0 0.0379766480458
0.43 0 0.0387998239784
0.44 0 0.039367300433
0.45 0 0.0396622209037
0.46 0 0.0397001619058
0.47 0 0.039430230977
0.48 0 0.0391601450393
0.49 0 0.0388605707628
0.5 0 0.0388605707628
0.51 0 0.0382334244448
0.52 0 0.0374228437001
0.53 0 0.0368771186589
0.54 0 0.037402569166
0.55 0 0.0385751865631
0.56 0 0.0388574322127
0.57 0 0.0394811074041
0.58 0 0.0397069446678
0.59 0 0.0400971874123
0.6 0 0.0402815906747
0.61 0 0.0395639514385
0.62 0 0.0393432195672
0.63 0 0.0399189817965
0.64 0 0.0399584494526
0.65 0 0.0411913679511
0.66 0 0.0417378693788
0.67 0 0.0416890393198
0.68 0 0.0415316414303
0.69 0 0.0415689834588
0.7 0 0.0417235192451
0.71 0 0.0416184963842
0.72 0 0.0414103526782
0.73 0 0.0413374356571
0.74 0 0.0412898132256
0.75 0 0.0414415394234
0.76 0 0.0414517914811
0.77 0 0.0413984468303
0.78 0 0.0414015449174
0.79 0 0.0412844619793
0.8 0 0.0412844619793
0.81 0 0.0407802410336
0.82 0 0.0401390793138
0.83 0 0.0401390793138
0.84 0 0.0394035594344
0.85 0 0.039288342086
0.86 0 0.0396526852494
0.87 0 0.0400275225691
0.88 0 0.0408711115406
0.89 0 0.0408711115406
0.9 0 0.0432221900483
0.91 0 0.0440362772756
0.92 0 0.0453777834604
0.93 0 0.0466914139692
0.94 0 0.0515593324416
0.95 0 0.0515593324416
0.96 0 0.0557703343388
0.97 0 0.0557703343388
0.98 0 0.0576385175142
0.99 0 0.0571207516357
1.0 0 0.0556850194312
1.01 0 0.0556850194312
1.02 0 0.0539167328028
1.03 0 0.0536875275749
1.04 0 0.0538409168302
1.05 0 0.0539863609542
1.06 0 0.0553676052687
1.07 0 0.0562819213718
1.08 0 0.0563310699903
1.09 0 0.0567519753604
1.1 0 0.0566435501735
1.11 0 0.056430673431
1.12 0 0.056430673431
1.13 0 0.0569399457356
1.14 0 0.0569790562712
1.15 0 0.0572238362579
1.16 0 0.0571478336134
1.17 0 0.0570105653568
1.18 0 0.0555087047864
1.19 0 0.0548090435413
1.2 0 0.0546545616543
1.21 0 0.0539598153461
1.22 0 0.0534179866559
1.23 0 0.0517837684976
1.24 0 0.0525579454243
1.25 0 0.0540096255046
1.26 0 0.0546778328909
1.27 0 0.0548722329885
1.28 0 0.0546582142974
1.29 0 0.0546582142974
1.3 0 0.0546582142974
1.31 0 0.0542154358974
1.32 0 0.0540198043042
1.33 0 0.0539037875711
1.34 0 0.0537667144056
1.35 0 0.0531475674663
1.36 0 0.0536328880995
1.37 0 0.0540748856587
1.38 0 0.0584600694556
1.39 0 0.0606750198623
1.4 0 0.0608397867537
1.41 0 0.0648561795311
1.42 0 0.0671572889992
1.43 0 0.0674639444742
1.44 0 0.0695534137059
1.45 0 0.0697686323406
1.46 0 0.0695696443954
1.47 0 0.0691381875586
1.48 0 0.0691381875586
1.49 0 0.0690009548688
1.5 0 0.0690652626327
1.51 0 0.0679487345111
1.52 0 0.0650018920539
1.53 0 0.0633400866767
1.54 0 0.0618165424667
1.55 0 0.0616530642954
1.56 0 0.0620298401538
1.57 0 0.0620722697228
1.58 0 0.0641276137119
1.59 0 0.0649280994131
1.6 0 0.0686723898132
1.61 0 0.0689545318472
1.62 0 0.070499291323
1.63 0 0.070523391857
1.64 0 0.0709283516914
1.65 0 0.0712236827003
1.66 0 0.0720169717582
1.67 0 0.0724149775275
1.68 0 0.0731251432221
1.69 0 0.0734348569311
1.7 0 0.0738831048942
1.71 0 0.0738831048942
1.72 0 0.0735483263299
1.73 0 0.072929105133
1.74 0 0.0724260560345
1.75 0 0.0724260560345
1.76 0 0.0731695843607
1.77 0 0.0734855193069
1.78 0 0.0752334477698
1.79 0 0.0755280077324
1.8 0 0.0764408059236
1.81 0 0.0764659920072
1.82 0 0.0768959110157
1.83 0 0.0768959110157
1.84 0 0.0779458077867
1.85 0 0.0779458077867
1.86 0 0.0779458077867
1.87 0 0.0787077444354
1.88 0 0.0786024525515
1.89 0 0.0782310347959
1.9 0 0.0777870793624
1.91 0 0.0776302469185
1.92 0 0.0770822347171
1.93 0 0.0772703475595
1.94 0 0.0776291327397
1.95 0 0.0784743379954
1.96 0 0.079840310215
1.97 0 0.0809199781448
1.98 0 0.0815833317967
1.99 0 0.0840578162981
2.0 0 0.0848918442349
2.01 0 0.0851367919248
2.02 0 0.0842543217657
2.03 0 0.0828513787871
2.04 0 0.0810036622232
2.05 0 0.0801277603461
2.06 0 0.0800085348838
2.07 0 0.0799288620366
2.08 0 0.0790286763492
2.09 0 0.0791257156516
2.1 0 0.0794574505168
2.11 0 0.0810572635181
2.12 0 0.0810572635181
2.13 0 0.0835247148022
2.14 0 0.0835247148022
2.15 0 0.0862786041295
2.16 0 0.0884662799084
2.17 0 0.0911206766497
2.18 0 0.0942534611708
2.19 0 0.0968806173635
2.2 0 0.100673945808
2.21 0 0.102175006244
2.22 0 0.102175006244
2.23 0 0.104134695313
2.24 0 0.104793965969
2.25 0 0.105011418287
2.26 0 0.107318764701
2.27 0 0.10968895165
2.28 0 0.111590591196
2.29 0 0.114621436819
2.3 0 0.118162876554
2.31 0 0.120389732292
2.32 0 0.121531136728
2.33 0 0.124640883258
2.34 0 0.126602730145
2.35 0 0.127077044765
2.36 0 0.127077044765
2.37 0 0.128942688205
2.38 0 0.129456973107
2.39 0 0.129456973107
2.4 0 0.12813522526
2.41 0 0.127029374697
2.42 0 0.127029374697
2.43 0 0.127029374697
2.44 0 0.121240727013
2.45 0 0.120793066171
2.46 0 0.120055173198
2.47 0 0.120055173198
2.48 0 0.120965522805
2.49 0 0.120965522805
2.5 0 0.120463920957
2.51 0 0.120463920957
2.52 0 0.120149943074
2.53 0 0.120149943074
2.54 0 0.119710142964
2.55 0 0.117581954638
2.56 0 0.116821114582
2.57 0 0.115190262432
2.58 0 0.114817029609
2.59 0 0.113049175647
2.6 0 0.110221057121
2.61 0 0.107086479529
2.62 0 0.100053863546
2.63 0 0.0971269525348
2.64 0 0.0953375986641
2.65 0 0.0953375986641
2.66 0 0.0953375986641
2.67 0 0.0935444704952
2.68 0 0.0944047328022
2.69 0 0.0944047328022
2.7 0 0.0956654296857
2.71 0 0.0957425701059
2.72 0 0.0969979010665
2.73 0 0.0989728838868
2.74 0 0.102136286898
2.75 0 0.104965968136
2.76 0 0.106034290549
2.77 0 0.110579985248
2.78 0 0.113005671322
2.79 0 0.113005671322
2.8 0 0.119379664698
2.81 0 0.119379664698
2.82 0 0.119379664698
2.83 0 0.12304658864
2.84 0 0.12304658864
2.85 0 0.122583964188
2.86 0 0.122583964188
2.87 0 0.126037313117
2.88 0 0.12767731549
2.89 0 0.12839582429
2.9 0 0.128743988605
2.91 0 0.131851407403
2.92 0 0.13449125435
2.93 0 0.134836324438
2.94 0 0.138006713954
2.95 0 0.138800970716
2.96 0 0.139570017721
2.97 0 0.140884403736
2.98 0 0.142707726962
2.99 0 0.144140918101
3.0 0 0.144674081474
3.01 0 0.144674081474
3.02 0 0.14635311449
3.03 0 0.146899193518
3.04 0 0.147625757263
3.05 0 0.147793761532
3.06 0 0.147887422499
3.07 0 0.147887422499
3.08 0 0.150486849244
3.09 0 0.150700441415
3.1 0 0.150878072658
3.11 0 0.153212446014
3.12 0 0.153411412447
3.13 0 0.154149703251
3.14 0 0.154673540548
3.15 0 0.156375481296
3.16 0 0.157519092442
3.17 0 0.1606129762
3.18 0 0.166296376024
3.19 0 0.16968380432
3.2 0 0.171680697306
3.21 0 0.174076091769
3.22 0 0.1768435661
3.23 0 0.179832581941
3.24 0 0.181656973997
3.25 0 0.183296279643
3.26 0 0.184439479642
3.27 0 0.184121715813
3.28 0 0.183198970567
3.29 0 0.182332656222
3.3 0 0.180844608538
3.31 0 0.180487595426
3.32 0 0.180533634655
3.33 0 0.181828957111
3.34 0 0.181828957111
3.35 0 0.181828957111
3.36 0 0.184303552185
3.37 0 0.1839520168
3.38 0 0.184253353897
3.39 0 0.184253353897
3.4 0 0.184253353897
3.41 0 0.186709056256
3.42 0 0.189311245857
3.43 0 0.190518542012
3.44 0 0.191012340567
3.45 0 0.193132648839
3.46 0 0.193132648839
3.47 0 0.196534251086
3.48 0 0.198219229014
3.49 0 0.200076578179
3.5 0 0.200943017073
3.51 0 0.198546227863
3.52 0 0.197823602385
3.53 0 0.19563294518
3.54 0 0.192922681102
3.55 0 0.193849519459
3.56 0 0.194943359882
3.57 0 0.197337566006
3.58 0 0.196862721387
3.59 0 0.196834787592
3.6 0 0.195026524739
3.61 0 0.194793419078
3.62 0 0.190465065778
3.63 0 0.187093456111
3.64 0 0.187035387711
3.65 0 0.187363252122
3.66 0 0.18606279995
3.67 0 0.185772942372
3.68 0 0.186183836739
3.69 0 0.184921882153
3.7 0 0.184067973846
3.71 0 0.184301919062
3.72 0 0.184407086712
3.73 0 0.184026012887
3.74 0 0.184026012887
3.75 0 0.184669514564
3.76 0 0.185756374894
3.77 0 0.186719853876
3.78 0 0.186719853876
3.79 0 0.187891772396
3.8 0 0.190412392387
3.81 0 0.190519328937
3.82 0 0.19258669398
3.83 0 0.193870335532
3.84 0 0.19396515601
3.85 0 0.194941328359
3.86 0 0.195019493566
3.87 0 0.195019493566
3.88 0 0.198267175142
3.89 0 0.195478629364
3.9 0 0.194201362725
3.91 0 0.19286285346
3.92 0 0.192272172146
3.93 0 0.193946275352
3.94 0 0.196064975435
3.95 0 0.198057319507
3.96 0 0.199182093331
3.97 0 0.19855581869
3.98 0 0.197412732612
3.99 0 0.198888621639
4.0 0 0.199428564827
4.01 0 0.198695437394
4.02 0 0.198695437394
4.03 0 0.195994858325
4.04 0 0.194077219281
4.05 0 0.188518188653
4.06 0 0.187737878819
4.07 0 0.187737878819
4.08 0 0.188705889305
4.09 0 0.188934775767
4.1 0 0.187976249571
4.11 0 0.187783627624
4.12 0 0.188009864503
4.13 0 0.188009864503
4.14 0 0.187064942079
4.15 0 0.185765382216
4.16 0 0.184844321603
4.17 0 0.18346702641
4.18 0 0.183016084698
4.19 0 0.183933649781
4.2 0 0.18511441289
4.21 0 0.185629206271
4.22 0 0.185899219063
4.23 0 0.187182253676
4.24 0 0.187953081025
4.25 0 0.188232826709
4.26 0 0.188919812549
4.27 0 0.189046422625
4.28 0 0.188617338293
4.29 0 0.186171456313
4.3 0 0.184440959707
4.31 0 0.180904125796
4.32 0 0.177308638323
4.33 0 0.174017829866
4.34 0 0.175463264562
4.35 0 0.178514319643
4.36 0 0.182516543394
4.37 0 0.183118184452
4.38 0 0.183427146617
4.39 0 0.180402251322
4.4 0 0.177516169131
4.41 0 0.175467447779
4.42 0 0.16932294674
4.43 0 0.168773889993
4.44 0 0.16566932956
4.45 0 0.164339768594
4.46 0 0.163135547152
4.47 0 0.162939921958
4.48 0 0.16127221456
4.49 0 0.153039063582
4.5 0 0.152072362424
4.51 0 0.150493581392
4.52 0 0.149947871959
4.53 0 0.149596056179
4.54 0 0.149581758493
4.55 0 0.147800285621
4.56 0 0.150493918608
4.57 0 0.150493918608
4.58 0 0.153132540999
4.59 0 0.155225496067
4.6 0 0.157080869645
4.61 0 0.159995316744
4.62 0 0.164242286647
4.63 0 0.167669375322
4.64 0 0.167916594791
4.65 0 0.170817291676
4.66 0 0.17380212277
4.67 0 0.172254665717
4.68 0 0.171693433943
4.69 0 0.172229501055
4.7 0 0.17318834895
4.71 0 0.172855813625
4.72 0 0.172814021315
4.73 0 0.17466816671
4.74 0 0.174701362612
4.75 0 0.175213876496
4.76 0 0.175527508084
4.77 0 0.174094157532
4.78 0 0.173791638539
4.79 0 0.17215807016
4.8 0 0.171757171686
4.81 0 0.167592386719
4.82 0 0.16440459595
4.83 0 0.16440459595
4.84 0 0.164448989327
4.85 0 0.165110075241
4.86 0 0.165110075241
4.87 0 0.164144735765
4.88 0 0.164021609733
4.89 0 0.161643505178
4.9 0 0.160499025255
4.91 0 0.160499025255
4.92 0 0.15912687787
4.93 0 0.159070273223
4.94 0 0.159535670021
4.95 0 0.161211260412
4.96 0 0.162767157665
4.97 0 0.16321206432
4.98 0 0.163203135446
4.99 0 0.164809934265
5.0 0 0.164720744571
5.01 0 0.163915938464
5.02 0 0.16484039283
5.03 0 0.165414769153
5.04 0 0.166071900258
5.05 0 0.166461156273
5.06 0 0.165722240027
5.07 0 0.165542069793
5.08 0 0.161724849176
5.09 0 0.158816055182
5.1 0 0.156572712485
5.11 0 0.155416595965
5.12 0 0.153026340408
5.13 0 0.154120513605
5.14 0 0.154120513605
5.15 0 0.151009582601
5.16 0 0.150780059853
5.17 0 0.149570571439
5.18 0 0.146609425956
5.19 0 0.145232982304
5.2 0 0.14363329113
5.21 0 0.143474522145
5.22 0 0.139975926059
5.23 0 0.138464249861
5.24 0 0.136635437785
5.25 0 0.135827720518
5.26 0 0.133523032332
5.27 0 0.131593124428
5.28 0 0.130562989999
5.29 0 0.130573274606
5.3 0 0.13110007423
5.31 0 0.131413425982
5.32 0 0.132658077114
5.33 0 0.133685136419
5.34 0 0.134355081372
5.35 0 0.134966884213
5.36 0 0.135643318171
5.37 0 0.136682495057
5.38 0 0.137279817033
5.39 0 0.137279817033
5.4 0 0.140487607413
5.41 0 0.140487607413
5.42 0 0.145688341961
5.43 0 0.147657819298
5.44 0 0.147657819298
5.45 0 0.147657819298
5.46 0 0.153531514493
5.47 0 0.154144496871
5.48 0 0.15487716276
5.49 0 0.154896267523
5.5 0 0.155351115773
5.51 0 0.156082155683
5.52 0 0.15547381006
5.53 0 0.1578913478
5.54 0 0.159818051871
5.55 0 0.161950591425
5.56 0 0.163900996517
5.57 0 0.167532988861
5.58 0 0.170567593629
5.59 0 0.171278493462
5.6 0 0.17319322739
5.61 0 0.173603072246
5.62 0 0.173401575669
5.63 0 0.172718184688
5.64 0 0.172252493604
5.65 0 0.172252493604
5.66 0 0.170698911518
5.67 0 0.168306556748
5.68 0 0.165418869776
5.69 0 0.163584206123
5.7 0 0.162750679963
5.71 0 0.159197754364
5.72 0 0.156389601279
5.73 0 0.15557230562
5.74 0 0.15557230562
5.75 0 0.157353407393
5.76 0 0.157689512989
5.77 0 0.159004746467
5.78 0 0.159126828669
5.79 0 0.157469778973
5.8 0 0.156582004563
5.81 0 0.156617300581
5.82 0 0.156994628332
5.83 0 0.157478027599
5.84 0 0.1583613666
5.85 0 0.158527427214
5.86 0 0.158090951448
5.87 0 0.15835705796
5.88 0 0.158713812234
5.89 0 0.159342594749
5.9 0 0.159292231272
5.91 0 0.160626187331
5.92 0 0.161354212642
5.93 0 0.161838272155
5.94 0 0.162254242055
5.95 0 0.162709600155
5.96 0 0.162709600155
5.97 0 0.164488992663
5.98 0 0.165591580492
5.99 0 0.167404123748
6.0 0 0.168359299901
6.01 0 0.168875361586
6.02 0 0.168875361586
6.03 0 0.168875361586
6.04 0 0.168875361586
6.05 0 0.170085783021
6.06 0 0.168776799086
6.07 0 0.165950495353
6.08 0 0.163262921346
6.09 0 0.160196227794
6.1 0 0.157993370209
6.11 0 0.157995173943
6.12 0 0.159413209509
6.13 0 0.159413209509
6.14 0 0.16165939094
6.15 0 0.161767099932
6.16 0 0.161694209791
6.17 0 0.161541700274
6.18 0 0.161890814946
6.19 0 0.160957188963
6.2 0 0.160957188963
6.21 0 0.161101892308
6.22 0 0.161295389647
6.23 0 0.16307658399
6.24 0 0.163178366899
6.25 0 0.167053849198
6.26 0 0.167625660815
6.27 0 0.173428652025
6.28 0 0.173428652025
6.29 0 0.176493865007
6.3 0 0.176286508904
6.31 0 0.178610276859
6.32 0 0.178072616809
6.33 0 0.182082368979
6.34 0 0.18227253131
6.35 0 0.184099860467
6.36 0 0.185385253933
6.37 0 0.186433184197
6.38 0 0.187188338866
6.39 0 0.187188338866
6.4 0 0.186462582625
6.41 0 0.18643322529
6.42 0 0.186890784721
6.43 0 0.187242256979
6.44 0 0.187175935078
6.45 0 0.188511393847
6.46 0 0.188106374043
6.47 0 0.186462444506
6.48 0 0.181851491844
6.49 0 0.179622096905
6.5 0 0.177652751918
6.51 0 0.176410124851
6.52 0 0.175157231377
6.53 0 0.174477069542
6.54 0 0.173092278389
6.55 0 0.172352934618
6.56 0 0.171427236022
6.57 0 0.169054853518
6.58 0 0.169025812496
6.59 0 0.169967787802
6.6 0 0.170941786816
6.61 0 0.17257948612
6.62 0 0.173636573302
6.63 0 0.174576917453
6.64 0 0.17686069306
6.65 0 0.178542953461
6.66 0 0.17954808279
6.67 0 0.179202686407
6.68 0 0.178887347963
6.69 0 0.179081309575
6.7 0 0.178482213663
6.71 0 0.177931457078
6.72 0 0.177027012301
6.73 0 0.176766982849
6.74 0 0.176656285625
6.75 0 0.176656285625
6.76 0 0.177844876552
6.77 0 0.179616632474
6.78 0 0.182131786127
6.79 0 0.183793822221
6.8 0 0.185109830821
6.81 0 0.186203208626
6.82 0 0.186203208626
6.83 0 0.187780175051
6.84 0 0.18727623169
6.85 0 0.185008781304
6.86 0 0.179794601121
6.87 0 0.178013182221
6.88 0 0.177001587622
6.89 0 0.175178551189
6.9 0 0.17395267664
6.91 0 0.173473663562
6.92 0 0.175383889492
6.93 0 0.176271644324
6.94 0 0.176702672368
6.95 0 0.177151283148
6.96 0 0.178892497132
6.97 0 0.181940044024
6.98 0 0.183053089561
6.99 0 0.182968490556
7.0 0 0.182867329874
7.01 0 0.183161749301
7.02 0 0.184698164389
7.03 0 0.183936157943
7.04 0 0.183936157943
7.05 0 0.187185314495
7.06 0 0.187265172553
7.07 0 0.192039219094
7.08 0 0.195470706616
7.09 0 0.197431461321
7.1 0 0.197733838256
7.11 0 0.200768941539
7.12 0 0.200980552075
7.13 0 0.199127735199
7.14 0 0.202342863055
7.15 0 0.201395612831
7.16 0 0.202620186495
7.17 0 0.202845074907
7.18 0 0.20221912616
7.19 0 0.202088494477
7.2 0 0.202298940546
7.21 0 0.201850049871
7.22 0 0.20133428432
7.23 0 0.201298138857
7.24 0 0.201702799127
7.25 0 0.202036496515
7.26 0 0.202234734092
7.27 0 0.202604034372
7.28 0 0.20265532027
7.29 0 0.202566535567
7.3 0 0.201897374229
7.31 0 0.1950341291
7.32 0 0.191708308657
7.33 0 0.191708308657
7.34 0 0.18660893234
7.35 0 0.18553233805
7.36 0 0.185295056302
7.37 0 0.184592143768
7.38 0 0.184592143768
7.39 0 0.184592143768
7.4 0 0.184246708144
7.41 0 0.186620601058
7.42 0 0.186355637532
7.43 0 0.185920678348
7.44 0 0.185920678348
7.45 0 0.185586151893
7.46 0 0.185684573266
7.47 0 0.186024765954
7.48 0 0.187648664389
7.49 0 0.187648664389
7.5 0 0.191213889179
7.51 0 0.192500032079
7.52 0 0.192495250749
7.53 0 0.191779424307
7.54 0 0.188866508945
7.55 0 0.18881837128
7.56 0 0.189642885443
7.57 0 0.191787875487
7.58 0 0.193065794349
7.59 0 0.195943992669
7.6 0 0.196570802812
7.61 0 0.196933199546
7.62 0 0.198626762382
7.63 0 0.198873023294
7.64 0 0.198748565545
7.65 0 0.199173930874
7.66 0 0.199901284502
7.67 0 0.200196875157
7.68 0 0.200489861025
7.69 0 0.201006671955
7.7 0 0.20016083427
7.71 0 0.200393225108
7.72 0 0.200211795537
7.73 0 0.199344199837
7.74 0 0.19840868401
7.75 0 0.196580237971
7.76 0 0.195500084685
7.77 0 0.196129355667
7.78 0 0.197009083236
7.79 0 0.198127430337
7.8 0 0.198348602257
7.81 0 0.19753510497
7.82 0 0.196729963116
7.83 0 0.195065485702
7.84 0 0.202841622076
7.85 0 0.203590004766
7.86 0 0.203103242009
7.87 0 0.204908328722
7.88 0 0.203850337615
7.89 0 0.210245122592
7.9 0 0.214864258017
7.91 0 0.217906852395
7.92 0 0.217906852395
7.93 0 0.2236567539
7.94 0 0.224644283468
7.95 0 0.225571460344
7.96 0 0.226183046114
7.97 0 0.226988738234
7.98 0 0.227194209872
7.99 0 0.227405009273
8.0 0 0.227605991155
8.01 0 0.227605991155
8.02 0 0.228849224043
8.03 0 0.229583054079
8.04 0 0.228205800364
8.05 0 0.226915896241
8.06 0 0.227019401375
8.07 0 0.227158504938
8.08 0 0.227262549869
8.09 0 0.22731348982
8.1 0 0.227380850431
8.11 0 0.226824543871
8.12 0 0.226316906019
8.13 0 0.226316906019
8.14 0 0.221932264698
8.15 0 0.220229316898
8.16 0 0.217014153312
8.17 0 0.216451330618
8.18 0 0.215931850294
8.19 0 0.216098285101
8.2 0 0.216633391081
8.21 0 0.218252816867
8.22 0 0.21899441734
8.23 0 0.219423966357
8.24 0 0.218259937588
8.25 0 0.219846020643
8.26 0 0.221384211118
8.27 0 0.223824798235
8.28 0 0.223824798235
8.29 0 0.22643347031
8.3 0 0.228147542398
8.31 0 0.229319832717
8.32 0 0.22980672424
8.33 0 0.230182602106
8.34 0 0.231349533481
8.35 0 0.231389069103
8.36 0 0.231264816269
8.37 0 0.233206915135
8.38 0 0.235570314807
8.39 0 0.236884388101
8.4 0 0.236884388101
8.41 0 0.238827957484
8.42 0 0.238827957484
8.43 0 0.240910301145
8.44 0 0.240910301145
8.45 0 0.240910301145
8.46 0 0.242932078721
8.47 0 0.243161372395
8.48 0 0.24234151168
8.49 0 0.241289861727
8.5 0 0.242357523469
8.51 0 0.24173810789
8.52 0 0.24173810789
8.53 0 0.2368754782
8.54 0 0.235741508409
8.55 0 0.236029504972
8.56 0 0.235952721979
8.57 0 0.235780087067
8.58 0 0.235813550195
8.59 0 0.238393972809
8.6 0 0.240377428199
8.61 0 0.241331419929
8.62 0 0.241250731141
8.63 0 0.24208744267
8.64 0 0.245030354174
8.65 0 0.246303620095
8.66 0 0.246369483289
8.67 0 0.244728849553
8.68 0 0.246112318722
8.69 0 0.246655324018
8.7 0 0.253267415161
8.71 0 0.255177516587
8.72 0 0.25309250548
8.73 0 0.253126741518
8.74 0 0.253126741518
8.75 0 0.253402080762
8.76 0 0.253906835372
8.77 0 0.254243482548
8.78 0 0.254048686408
8.79 0 0.253419326519
8.8 0 0.252040900353
8.81 0 0.252040900353
8.82 0 0.248858976138
8.83 0 0.241286793085
8.84 0 0.241286793085
8.85 0 0.238648968239
8.86 0 0.237881554679
8.87 0 0.237515192248
8.88 0 0.237250522854
8.89 0 0.23707847496
8.9 0 0.237559948762
8.91 0 0.238346203058
8.92 0 0.238936951836
8.93 0 0.2385593117
8.94 0 0.238186763761
8.95 0 0.237688017286
8.96 0 0.23665553536
8.97 0 0.235256126841
8.98 0 0.233901447023
8.99 0 0.231993531056
9.0 0 0.231993531056
9.01 0 0.231960317433
9.02 0 0.232523892297
9.03 0 0.232418793458
9.04 0 0.232506963807
9.05 0 0.233629635787
9.06 0 0.234398479952
9.07 0 0.235404980905
9.08 0 0.235765729627
9.09 0 0.236335562973
9.1 0 0.238842697822
9.11 0 0.24011714829
9.12 0 0.240490157523
9.13 0 0.241171356612
9.14 0 0.241355406943
9.15 0 0.241695713843
9.16 0 0.242085742367
9.17 0 0.242110574521
9.18 0 0.242652194854
9.19 0 0.243301692737
9.2 0 0.243301692737
9.21 0 0.247036825788
9.22 0 0.247413623989
9.23 0 0.248608085619
9.24 0 0.248910529821
9.25 0 0.249178272368
9.26 0 0.248844344471
9.27 0 0.248844344471
9.28 0 0.25122563062
9.29 0 0.251954037099
9.3 0 0.256152559363
9.31 0 0.257749862977
9.32 0 0.259855831169
9.33 0 0.257340485241
9.34 0 0.251148607961
9.35 0 0.249922725771
9.36 0 0.247460176157
9.37 0 0.246663217339
9.38 0 0.24709005133
9.39 0 0.247161329358
9.4 0 0.247161329358
9.41 0 0.247522788966
9.42 0 0.247522788966
9.43 0 0.247522788966
9.44 0 0.255298749389
9.45 0 0.256291812239
9.46 0 0.256226086409
9.47 0 0.256929702059
9.48 0 0.257473320151
9.49 0 0.256358069838
9.5 0 0.256360880638
9.51 0 0.256484933763
9.52 0 0.256484933763
9.53 0 0.258159487469
9.54 0 0.258100390498
9.55 0 0.257491820727
9.56 0 0.257467280564
9.57 0 0.257311103055
9.58 0 0.255356156874
9.59 0 0.255095935269
9.6 0 0.254708939039
9.61 0 0.254643277244
9.62 0 0.254759532901
9.63 0 0.255781947119
9.64 0 0.255348684472
9.65 0 0.253576158189
9.66 0 0.251111169405
9.67 0 0.250837831182
9.68 0 0.250710684181
9.69 0 0.250674765733
9.7 0 0.250674765733
9.71 0 0.247162375713
9.72 0 0.247162375713
9.73 0 0.246450957648
9.74 0 0.246347835897
9.75 0 0.246451068822
9.76 0 0.246313112649
9.77 0 0.246313112649
9.78 0 0.246313112649
9.79 0 0.247095479387
9.8 0 0.247347549566
9.81 0 0.247844494151
9.82 0 0.247860769099
9.83 0 0.247907705795
9.84 0 0.248586300992
9.85 0 0.249499600482
9.86 0 0.252126151068
9.87 0 0.252316762948
9.88 0 0.25222171194
9.89 0 0.251998872144
9.9 0 0.25163042514
9.91 0 0.251817336024
9.92 0 0.252899358963
9.93 0 0.253652385544
9.94 0 0.253652385544
9.95 0 0.253652385544
9.96 0 0.255567019978
9.97 0 0.260560790386
9.98 0 0.261981025819
9.99 0 0.262144820126
10.0 0 0.263622482669
10.01 0 0.265218552791
10.02 0 0.266865398875
10.03 0 0.265962722442
10.04 0 0.265807389687
10.05 0 0.266772537557
10.06 0 0.267588343716
10.07 0 0.267984379388
10.08 0 0.268709154425
10.09 0 0.268758373067
10.1 0 0.269763874481
10.11 0 0.269763874481
10.12 0 0.269603611343
10.13 0 0.268202878504
10.14 0 0.268124464288
10.15 0 0.268340949857
10.16 0 0.265236185874
10.17 0 0.265056384276
10.18 0 0.265420986667
10.19 0 0.265540093283
10.2 0 0.268749351569
10.21 0 0.269395215189
10.22 0 0.270034218468
10.23 0 0.271497041911
10.24 0 0.272277069886
10.25 0 0.272857714212
10.26 0 0.274797745991
10.27 0 0.275403089705
10.28 0 0.275671083713
10.29 0 0.276205134818
10.3 0 0.276663811191
10.31 0 0.280730292042
10.32 0 0.281521202731
10.33 0 0.282578561857
10.34 0 0.282018467595
10.35 0 0.282018467595
10.36 0 0.280662065597
10.37 0 0.280813525476
10.38 0 0.28043371177
10.39 0 0.28020539859
10.4 0 0.280334484372
10.41 0 0.280564673341
10.42 0 0.280564673341
10.43 0 0.280618761081
10.44 0 0.277661951208
10.45 0 0.272198651775
10.46 0 0.269057530299
10.47 0 0.269057530299
10.48 0 0.265833148675
10.49 0 0.264929803456
10.5 0 0.264929803456
10.51 0 0.263106934382
10.52 0 0.262599744479
10.53 0 0.262332388878
10.54 0 0.2616129089
10.55 0 0.261819894717
10.56 0 0.261686695456
10.57 0 0.260321391656
10.58 0 0.260321391656
10.59 0 0.258879778618
10.6 0 0.259303819946
10.61 0 0.25887476504
10.62 0 0.259956023484
10.63 0 0.260563193046
10.64 0 0.261101284862
10.65 0 0.261824508031
10.66 0 0.262559300016
10.67 0 0.263410008222
10.68 0 0.265071442338
10.69 0 0.264243471886
10.7 0 0.264527434376
10.71 0 0.265476543617
10.72 0 0.267088015293
10.73 0 0.267709307214
10.74 0 0.268095324896
10.75 0 0.268143485982
10.76 0 0.268740491638
10.77 0 0.269820158706
10.78 0 0.271236376659
10.79 0 0.273286310083
10.8 0 0.275043484477
10.81 0 0.275403566533
10.82 0 0.2772381127
10.83 0 0.278841091837
10.84 0 0.280209900904
10.85 0 0.280520082646
10.86 0 0.281352703323
10.87 0 0.284926207626
10.88 0 0.284608186579
10.89 0 0.286530862906
10.9 0 0.285726803695
10.91 0 0.285726803695
10.92 0 0.285057760741
10.93 0 0.28491539669
10.94 0 0.285543688938
10.95 0 0.288501163043
10.96 0 0.289476501189
10.97 0 0.289844348123
10.98 0 0.291600274745
10.99 0 0.292848057725
11.0 0 0.297837573241
11.01 0 0.300074315971
11.02 0 0.300034535292
11.03 0 0.301193435922
11.04 0 0.301372290248
11.05 0 0.30195832446
11.06 0 0.302156304556
11.07 0 0.303708529421
11.08 0 0.304543813623
11.09 0 0.304718165099
11.1 0 0.304718165099
11.11 0 0.30442500786
11.12 0 0.30442500786
11.13 0 0.304983144472
11.14 0 0.307080473096
11.15 0 0.307546121902
11.16 0 0.306324109414
11.17 0 0.305120284591
11.18 0 0.303527076229
11.19 0 0.301593340576
11.2 0 0.301035788966
11.21 0 0.299070343846
11.22 0 0.29722129621
11.23 0 0.29722129621
11.24 0 0.296910097771
11.25 0 0.297054071273
11.26 0 0.294301443157
11.27 0 0.288877474291
11.28 0 0.288877474291
11.29 0 0.27952426739
11.3 0 0.279048500296
11.31 0 0.279077710616
11.32 0 0.279104491912
11.33 0 0.280058039362
11.34 0 0.2805842602
11.35 0 0.2805842602
11.36 0 0.2805842602
11.37 0 0.281786727098
11.38 0 0.282071392417
11.39 0 0.28049365345
11.4 0 0.28180241019
11.41 0 0.28359112992
11.42 0 0.284924758722
11.43 0 0.285306612693
11.44 0 0.285200148386
11.45 0 0.285876798202
11.46 0 0.286234924234
11.47 0 0.287038383031
11.48 0 0.287056010282
11.49 0 0.287938209421
11.5 0 0.288965934523
11.51 0 0.289184709977
11.52 0 0.289091697949
11.53 0 0.28976297198
11.54 0 0.290064942054
11.55 0 0.291838687259
11.56 0 0.292750677247
11.57 0 0.295016639733
11.58 0 0.297088730889
11.59 0 0.298057474779
11.6 0 0.298373189482
11.61 0 0.298590391541
11.62 0 0.301156615871
11.63 0 0.301156588624
11.64 0 0.301451169623
11.65 0 0.301797267231
11.66 0 0.304624243225
11.67 0 0.304722477809
11.68 0 0.303891532133
11.69 0 0.302901800455
11.7 0 0.302019668297
11.71 0 0.301802505949
11.72 0 0.302958018809
11.73 0 0.302996838848
11.74 0 0.302696017428
11.75 0 0.304962126747
11.76 0 0.304962126747
11.77 0 0.306501295404
11.78 0 0.306501295404
11.79 0 0.311048129123
11.8 0 0.31498768032
11.81 0 0.31498768032
11.82 0 0.320159720831
11.83 0 0.320850425951
11.84 0 0.322553688719
11.85 0 0.322971509167
11.86 0 0.323540036215
11.87 0 0.323889166265
11.88 0 0.324215257462
11.89 0 0.324488275551
11.9 0 0.32468036358
11.91 0 0.32468036358
11.92 0 0.326073040911
11.93 0 0.325903446709
11.94 0 0.325901450951
11.95 0 0.325909432314
11.96 0 0.325019873398
11.97 0 0.323859834507
11.98 0 0.322180682763
11.99 0 0.321391160058
12.0 0 0.321318002096
12.01 0 0.32029582476
12.02 0 0.316998498515
12.03 0 0.316427212111
12.04 0 0.312498894723
12.05 0 0.303893478956
12.06 0 0.304035368569
12.07 0 0.304821913763
12.08 0 0.305231971987
12.09 0 0.304963821845
12.1 0 0.304757868938
12.11 0 0.304708928497
12.12 0 0.304207851863
12.13 0 0.304341442872
12.14 0 0.30535265612
12.15 0 0.306790072379
12.16 0 0.305684869399
12.17 0 0.305947413678
12.18 0 0.306118730896
12.19 0 0.306765259525
12.2 0 0.309043084365
12.21 0 0.309426117601
12.22 0 0.309426117601
12.23 0 0.312173660992
12.24 0 0.31379679244
12.25 0 0.314498610934
12.26 0 0.315435364081
12.27 0 0.315746123003
12.28 0 0.316921758408
12.29 0 0.316921758408
12.3 0 0.31730732261
12.31 0 0.317187352223
12.32 0 0.317187352223
12.33 0 0.317897019901
12.34 0 0.318267165878
12.35 0 0.318449897329
12.36 0 0.319899456569
12.37 0 0.320283897456
12.38 0 0.320982146032
12.39 0 0.321546845468
12.4 0 0.323277819033
12.41 0 0.32461286841
12.42 0 0.325216902558
12.43 0 0.325015804719
12.44 0 0.32546226245
12.45 0 0.32546226245
12.46 0 0.327285521877
12.47 0 0.32692195142
12.48 0 0.326808434658
12.49 0 0.326594206833
12.5 0 0.325982333979
12.51 0 0.326083776053
12.52 0 0.326083776053
12.53 0 0.326114655781
12.54 0 0.326226276044
12.55 0 0.32822521692
12.56 0 0.326634465674
12.57 0 0.329967086654
12.58 0 0.332374315672
12.59 0 0.335299210021
12.6 0 0.338346921921
12.61 0 0.341213974689
12.62 0 0.343713977756
12.63 0 0.346251953147
12.64 0 0.346251953147
12.65 0 0.348519479261
12.66 0 0.348712885349
12.67 0 0.348449954236
12.68 0 0.34736757266
12.69 0 0.34736757266
12.7 0 0.346875462549
12.71 0 0.347112350985
12.72 0 0.347276705593
12.73 0 0.347581054114
12.74 0 0.347198860232
12.75 0 0.347174005444
12.76 0 0.346804774527
12.77 0 0.346503931462
12.78 0 0.346715720247
12.79 0 0.346264576088
12.8 0 0.346418430828
12.81 0 0.34643984219
12.82 0 0.348171915673
12.83 0 0.348656345946
12.84 0 0.345845871351
12.85 0 0.345075989118
12.86 0 0.343638318111
12.87 0 0.342858714518
12.88 0 0.341979742646
12.89 0 0.342183211099
12.9 0 0.341897179452
12.91 0 0.341497982121
12.92 0 0.341390696287
12.93 0 0.341618559476
12.94 0 0.34293652023
12.95 0 0.344942589304
12.96 0 0.345295967039
12.97 0 0.345582307202
12.98 0 0.345970100867
12.99 0 0.346480980257
13.0 0 0.347249146921
13.01 0 0.347812977422
13.02 0 0.349491327476
13.03 0 0.349476595572
13.04 0 0.350836204547
13.05 0 0.351104899383
13.06 0 0.351687141647
13.07 0 0.352299740734
13.08 0 0.353336356882
13.09 0 0.353691034746
13.1 0 0.35377866412
13.11 0 0.354122975825
13.12 0 0.354923072094
13.13 0 0.354928486559
13.14 0 0.354627556574
13.15 0 0.356800166654
13.16 0 0.357040338748
13.17 0 0.358982562339
13.18 0 0.358233283111
13.19 0 0.361317913195
13.2 0 0.362338032932
13.21 0 0.362338032932
13.22 0 0.363922707104
13.23 0 0.364486850729
13.24 0 0.364486850729
13.25 0 0.363665269671
13.26 0 0.364227746865
13.27 0 0.364380901854
13.28 0 0.364594871759
13.29 0 0.363757235131
13.3 0 0.364738736408
13.31 0 0.363243563766
13.32 0 0.361531956539
13.33 0 0.36131339112
13.34 0 0.363722981917
13.35 0 0.366072495029
13.36 0 0.369518044541
13.37 0 0.368881050918
13.38 0 0.365274355771
13.39 0 0.366520098041
13.4 0 0.366520098041
13.41 0 0.380996113194
13.42 0 0.38358443743
13.43 0 0.38359208816
13.44 0 0.38375320503
13.45 0 0.384384272016
13.46 0 0.385022680718
13.47 0 0.386012468923
13.48 0 0.386313377271
13.49 0 0.387386382298
13.5 0 0.387545131625
13.51 0 0.388017589492
13.52 0 0.388780048102
13.53 0 0.388000337149
13.54 0 0.386814466719
13.55 0 0.386241450868
13.56 0 0.386411573824
13.57 0 0.386411573824
13.58 0 0.384618631195
13.59 0 0.385344748633
13.6 0 0.384749275674
13.61 0 0.384749275674
13.62 0 0.384749275674
13.63 0 0.381342445743
13.64 0 0.381219072713
13.65 0 0.381219072713
13.66 0 0.378018489319
13.67 0 0.377387173166
13.68 0 0.37746486458
13.69 0 0.377477563781
13.7 0 0.376937404985
13.71 0 0.377675946241
13.72 0 0.379447557527
13.73 0 0.379517395372
13.74 0 0.379517395372
13.75 0 0.379245485032
13.76 0 0.378526097425
13.77 0 0.379586075568
13.78 0 0.380603101505
13.79 0 0.380562483947
13.8 0 0.383473838471
13.81 0 0.383934198847
13.82 0 0.38456195288
13.83 0 0.384618376264
13.84 0 0.384890799591
13.85 0 0.385973787573
13.86 0 0.387157553369
13.87 0 0.38886205249
13.88 0 0.388904238791
13.89 0 0.389629783862
13.9 0 0.389803153519
13.91 0 0.390205795042
13.92 0 0.389713078352
13.93 0 0.389713078352
13.94 0 0.391553282003
13.95 0 0.394593745572
13.96 0 0.394926176454
13.97 0 0.393827543895
13.98 0 0.392507927303
13.99 0 0.39313148055
14.0 0 0.395166981194
14.01 0 0.396736053298
14.02 0 0.398081918613
14.03 0 0.398605943405
14.04 0 0.398605943405
14.05 0 0.396869438153
14.06 0 0.398109060778
14.07 0 0.397432305643
14.08 0 0.397768087299
14.09 0 0.398889977567
14.1 0 0.399270511987
14.11 0 0.399260666274
14.12 0 0.399861789162
14.13 0 0.402378292405
14.14 0 0.402582324707
14.15 0 0.402510791068
14.16 0 0.402510791068
14.17 0 0.404098564833
14.18 0 0.404960496501
14.19 0 0.405580188957
14.2 0 0.405580188957
14.21 0 0.408015802272
14.22 0 0.408436365769
14.23 0 0.410721023311
14.24 0 0.410990012569
14.25 0 0.414108048706
14.26 0 0.41490696593
14.27 0 0.415748933492
14.28 0 0.415748933492
14.29 0 0.417287399996
14.3 0 0.417119546318
14.31 0 0.417369240506
14.32 0 0.417909932068
14.33 0 0.415942911919
14.34 0 0.414783500054
14.35 0 0.414445004269
14.36 0 0.415879533734
14.37 0 0.416019570004
14.38 0 0.417108403773
14.39 0 0.417916703825
14.4 0 0.418932239678
14.41 0 0.418413138936
14.42 0 0.417965989899
14.43 0 0.417177714388
14.44 0 0.416161245579
14.45 0 0.415487386116
14.46 0 0.415625450227
14.47 0 0.415115805748
14.48 0 0.415115805748
14.49 0 0.413565730335
14.5 0 0.413543791485
14.51 0 0.413416487815
14.52 0 0.413416487815
14.53 0 0.413335719954
14.54 0 0.413177103754
14.55 0 0.412833902925
14.56 0 0.412809790182
14.57 0 0.412959959562
14.58 0 0.414208060918
14.59 0 0.416147743784
14.6 0 0.417437578444
14.61 0 0.418462021355
14.62 0 0.418462021355
14.63 0 0.419187527386
14.64 0 0.419199311636
14.65 0 0.42098530705
14.66 0 0.421998634196
14.67 0 0.421998634196
14.68 0 0.421006261161
14.69 0 0.420368218512
14.7 0 0.420388616498
14.71 0 0.421574308205
14.72 0 0.421565882372
14.73 0 0.423168399711
14.74 0 0.423168399711
14.75 0 0.425406718542
14.76 0 0.424121543628
14.77 0 0.423832807765
14.78 0 0.42407480914
14.79 0 0.425392190281
14.8 0 0.425714161247
14.81 0 0.425843978002
14.82 0 0.425486068365
14.83 0 0.427424779139
14.84 0 0.428000235564
14.85 0 0.428291028049
14.86 0 0.426649117785
14.87 0 0.426695201418
14.88 0 0.426695201418
14.89 0 0.420442427985
14.9 0 0.420442427985
14.91 0 0.427266566519
14.92 0 0.427066289104
14.93 0 0.426227230125
14.94 0 0.425487054358
14.95 0 0.429689385815
14.96 0 0.432640066591
14.97 0 0.43294961429
14.98 0 0.435662093923
14.99 0 0.436858003146
15.0 0 0.438301647865
15.01 0 0.438724778237
15.02 0 0.439748419709
15.03 0 0.443841099744
15.04 0 0.445589940903
15.05 0 0.446452965321
15.06 0 0.447167069391
15.07 0 0.447917931742
15.08 0 0.448258791171
15.09 0 0.448558535693
15.1 0 0.448610951767
15.11 0 0.447968607274
15.12 0 0.444739566486
15.13 0 0.443666206428
15.14 0 0.442742591458
15.15 0 0.442383908035
15.16 0 0.443929988169
15.17 0 0.444669228992
15.18 0 0.444143807169
15.19 0 0.443370412506
15.2 0 0.443131734065
15.21 0 0.440696798065
15.22 0 0.439519795741
15.23 0 0.43729412299
15.24 0 0.436055077524
15.25 0 0.435415063319
15.26 0 0.434517943215
15.27 0 0.434233331118
15.28 0 0.433775649032
15.29 0 0.433330248163
15.3 0 0.433330248163
15.31 0 0.433776410488
15.32 0 0.433214644592
15.33 0 0.433567839014
15.34 0 0.433567839014
15.35 0 0.434584381674
15.36 0 0.43597769254
15.37 0 0.43597769254
15.38 0 0.438195329412
15.39 0 0.438894436046
15.4 0 0.43968705379
15.41 0 0.442939887841
15.42 0 0.442939887841
15.43 0 0.444043062078
15.44 0 0.444375627102
15.45 0 0.444047883356
15.46 0 0.444777002967
15.47 0 0.444340556692
15.48 0 0.445034027079
15.49 0 0.445680943148
15.5 0 0.446387737865
15.51 0 0.447742892999
15.52 0 0.448995576096
15.53 0 0.449310518502
15.54 0 0.447612784193
15.55 0 0.446485678655
15.56 0 0.446485678655
15.57 0 0.450592515192
15.58 0 0.452403495653
15.59 0 0.452760567592
15.6 0 0.454893973386
15.61 0 0.4558013674
15.62 0 0.455655153334
15.63 0 0.455655153334
15.64 0 0.456638724051
15.65 0 0.454139187091
15.66 0 0.450070149139
15.67 0 0.449091739874
15.68 0 0.4503595333
15.69 0 0.4503595333
15.7 0 0.453180648504
15.71 0 0.454225885858
15.72 0 0.454225885858
15.73 0 0.457334102596
15.74 0 0.457155057517
15.75 0 0.459471481225
15.76 0 0.463266906668
15.77 0 0.463621676683
15.78 0 0.465293434157
15.79 0 0.467730018983
15.8 0 0.471162335825
15.81 0 0.471364626676
15.82 0 0.472176849338
15.83 0 0.472101450764
15.84 0 0.472980651447
15.85 0 0.473512558115
15.86 0 0.47392690059
15.87 0 0.47366880875
15.88 0 0.47331995047
15.89 0 0.472546665424
15.9 0 0.472272528088
15.91 0 0.47215671204
15.92 0 0.471156109162
15.93 0 0.471566294599
15.94 0 0.46961502348
15.95 0 0.469360843609
15.96 0 0.469343430257
15.97 0 0.468758415774
15.98 0 0.469012677601
15.99 0 0.468754094366
16.0 0 0.467461135593
16.01 0 0.46522546378
16.02 0 0.464761534895
16.03 0 0.463598582749
16.04 0 0.462574769912
16.05 0 0.462738481505
16.06 0 0.46227598191
16.07 0 0.462100471707
16.08 0 0.462837056008
16.09 0 0.46361702554
16.1 0 0.464604197836
16.11 0 0.465142625638
16.12 0 0.466408665423
16.13 0 0.467360978624
16.14 0 0.47146669037
16.15 0 0.471790832606
16.16 0 0.472627363475
16.17 0 0.473688312729
16.18 0 0.473745470324
16.19 0 0.473653490483
16.2 0 0.474777127817
16.21 0 0.475361499788
16.22 0 0.477128160748
16.23 0 0.47731021206
16.24 0 0.477390141451
16.25 0 0.477390141451
16.26 0 0.477900325228
16.27 0 0.479308484765
16.28 0 0.479545274219
16.29 0 0.479545274219
16.3 0 0.482470324253
16.31 0 0.483271616634
16.32 0 0.484542640428
16.33 0 0.485665334417
16.34 0 0.486005313288
16.35 0 0.484091349634
16.36 0 0.484193912337
16.37 0 0.484368350421
16.38 0 0.486762293454
16.39 0 0.486806830617
16.4 0 0.486931385885
16.41 0 0.486890249299
16.42 0 0.486774834714
16.43 0 0.482509149006
16.44 0 0.482138526115
16.45 0 0.481045252954
16.46 0 0.482324230929
16.47 0 0.482324230929
16.48 0 0.486467481862
16.49 0 0.485776259558
16.5 0 0.490144907171
16.51 0 0.491283864747
16.52 0 0.494996307451
16.53 0 0.497237949449
16.54 0 0.498326316809
16.55 0 0.498758647202
16.56 0 0.501976433529
16.57 0 0.501989666065
16.58 0 0.502298252893
16.59 0 0.502078059073
16.6 0 0.50218804458
16.61 0 0.503804475107
16.62 0 0.503481131861
16.63 0 0.503719969393
16.64 0 0.50463755912
16.65 0 0.505129525167
16.66 0 0.505790028433
16.67 0 0.505877025417
16.68 0 0.505945766401
16.69 0 0.506621445451
16.7 0 0.50655699878
16.71 0 0.506653323739
16.72 0 0.506281253342
16.73 0 0.507924052019
16.74 0 0.508436775544
16.75 0 0.509383734164
16.76 0 0.509711960032
16.77 0 0.508467118688
16.78 0 0.508309148131
16.79 0 0.508309148131
16.8 0 0.506092499092
16.81 0 0.505196591949
16.82 0 0.504463459079
16.83 0 0.504009192946
16.84 0 0.503946931649
16.85 0 0.503851687198
16.86 0 0.50309911137
16.87 0 0.50313265892
16.88 0 0.502270585857
16.89 0 0.501958455333
16.9 0 0.501958455333
16.91 0 0.505758055617
16.92 0 0.50902716577
16.93 0 0.509789943582
16.94 0 0.510839543497
16.95 0 0.511095013183
16.96 0 0.511694830915
16.97 0 0.511928488543
16.98 0 0.513315873825
16.99 0 0.51487824082
17.0 0 0.516454210033
17.01 0 0.517210616097
17.02 0 0.517212793004
17.03 0 0.517143837464
17.04 0 0.517343517712
17.05 0 0.517113762644
17.06 0 0.517797534396
17.07 0 0.519611080166
17.08 0 0.521228253742
17.09 0 0.521354767708
17.1 0 0.521666006519
17.11 0 0.521151318458
17.12 0 0.521574107845
17.13 0 0.525566119689
17.14 0 0.526112552689
17.15 0 0.526112552689
17.16 0 0.527117963552
17.17 0 0.526623353429
17.18 0 0.525454657397
17.19 0 0.525437426982
17.2 0 0.52566742404
17.21 0 0.52607274723
17.22 0 0.52803749143
17.23 0 0.529083258611
17.24 0 0.528390639574
17.25 0 0.528770206512
17.26 0 0.528854972796
17.27 0 0.529526342146
17.28 0 0.530913013452
17.29 0 0.53254258374
17.3 0 0.533809063382
17.31 0 0.533809063382
17.32 0 0.538453300534
17.33 0 0.539457480613
17.34 0 0.544801327343
17.35 0 0.548700905932
17.36 0 0.54888541177
17.37 0 0.549986277881
17.38 0 0.551128581346
17.39 0 0.550969171636
17.4 0 0.550435323295
17.41 0 0.550395218326
17.42 0 0.550395218326
17.43 0 0.551674889779
17.44 0 0.551631890852
17.45 0 0.54976940548
17.46 0 0.54976940548
17.47 0 0.547683581242
17.48 0 0.546995551523
17.49 0 0.545674585583
17.5 0 0.545283485177
17.51 0 0.544368991591
17.52 0 0.543994608413
17.53 0 0.543994608413
17.54 0 0.544545433136
17.55 0 0.544210405309
17.56 0 0.544169229411
17.57 0 0.542249542037
17.58 0 0.540183251562
17.59 0 0.536162023197
17.6 0 0.535898025625
17.61 0 0.535701938902
17.62 0 0.535494787711
17.63 0 0.535068420783
17.64 0 0.534903283886
17.65 0 0.535303554167
17.66 0 0.536188517694
17.67 0 0.537001686368
17.68 0 0.537821907192
17.69 0 0.537889983244
17.7 0 0.538136579253
17.71 0 0.538445899704
17.72 0 0.538449129648
17.73 0 0.538117977949
17.74 0 0.539993961684
17.75 0 0.541751632318
17.76 0 0.542021196558
17.77 0 0.547206793459
17.78 0 0.553070445364
17.79 0 0.558262299707
17.8 0 0.559030912092
17.81 0 0.559222515886
17.82 0 0.55952999661
17.83 0 0.558796158267
17.84 0 0.558796158267
17.85 0 0.559065819738
17.86 0 0.560255374854
17.87 0 0.561191806429
17.88 0 0.561258537062
17.89 0 0.561713570677
17.9 0 0.563236458156
17.91 0 0.564464215065
17.92 0 0.564576456544
17.93 0 0.565819759282
17.94 0 0.565350108992
17.95 0 0.565350108992
17.96 0 0.566689632395
17.97 0 0.571848520643
17.98 0 0.571136536764
17.99 0 0.569007042469
18.0 0 0.568996664002
18.01 0 0.569383614981
18.02 0 0.5696430835
18.03 0 0.56747717288
18.04 0 0.566204552458
18.05 0 0.564412400825
18.06 0 0.565845301921
18.07 0 0.567747019104
18.08 0 0.569422207286
18.09 0 0.573765986066
18.1 0 0.575439022689
18.11 0 0.575536565987
18.12 0 0.579221532419
18.13 0 0.579952285476
18.14 0 0.579175777825
18.15 0 0.57895246937
18.16 0 0.578769885258
18.17 0 0.578769885258
18.18 0 0.581616171922
18.19 0 0.582541639355
18.2 0 0.584377740988
18.21 0 0.584760561823
18.22 0 0.584022981312
18.23 0 0.583714191104
18.24 0 0.583878710104
18.25 0 0.582901848609
18.26 0 0.582993152623
18.27 0 0.582348925095
18.28 0 0.578899969995
18.29 0 0.575584829955
18.3 0 0.576120262937
18.31 0 0.576072040059
18.32 0 0.576001257534
18.33 0 0.574882889022
18.34 0 0.57457736242
18.35 0 0.57359240096
18.36 0 0.573163737925
18.37 0 0.573163737925
18.38 0 0.571468556259
18.39 0 0.571524917712
18.4 0 0.571529274622
18.41 0 0.572217974994
18.42 0 0.573292190078
18.43 0 0.573395744861
18.44 0 0.575077060162
18.45 0 0.577273386277
18.46 0 0.579461876681
18.47 0 0.580525028631
18.48 0 0.582176702805
18.49 0 0.582176702805
18.5 0 0.580876886062
18.51 0 0.583379864178
18.52 0 0.584606271009
18.53 0 0.586156042201
18.54 0 0.58757826582
18.55 0 0.58779235942
18.56 0 0.589120116274
18.57 0 0.591050366789
18.58 0 0.593679195737
18.59 0 0.595638639161
18.6 0 0.593834034692
18.61 0 0.592536079303
18.62 0 0.592554692853
18.63 0 0.592396632447
18.64 0 0.592396632447
18.65 0 0.592396632447
18.66 0 0.592731324449
18.67 0 0.592731324449
18.68 0 0.595955539785
18.69 0 0.595955539785
18.7 0 0.597924778874
18.71 0 0.602237105047
18.72 0 0.602287760374
18.73 0 0.602287760374
18.74 0 0.60285472227
18.75 0 0.603010653299
18.76 0 0.603445432433
18.77 0 0.602862926512
18.78 0 0.600316083656
18.79 0 0.600335742188
18.8 0 0.601467421182
18.81 0 0.603167597807
18.82 0 0.603911315211
18.83 0 0.605787010239
18.84 0 0.609848679147
18.85 0 0.609848679147
18.86 0 0.611002074515
18.87 0 0.611407240634
18.88 0 0.613889724528
18.89 0 0.614452060721
18.9 0 0.616585223662
18.91 0 0.616770863651
18.92 0 0.615887425838
18.93 0 0.615200020336
18.94 0 0.61519461004
18.95 0 0.615209947981
18.96 0 0.615674488838
18.97 0 0.615999473005
18.98 0 0.617734623365
18.99 0 0.619405207001
19.0 0 0.619405207001
19.01 0 0.623615391835
19.02 0 0.623615391835
19.03 0 0.624045151615
19.04 0 0.621473438347
19.05 0 0.621004178625
19.06 0 0.615661556745
19.07 0 0.614542097881
19.08 0 0.612183545167
19.09 0 0.611893084124
19.1 0 0.612174626399
19.11 0 0.612696556607
19.12 0 0.612696556607
19.13 0 0.612390770757
19.14 0 0.61015138039
19.15 0 0.609957424121
19.16 0 0.609071168067
19.17 0 0.607975581164
19.18 0 0.606136908008
19.19 0 0.601475838339
19.2 0 0.601475838339
19.21 0 0.598494386913
19.22 0 0.598624399558
19.23 0 0.599014370464
19.24 0 0.600345261899
19.25 0 0.60046613693
19.26 0 0.602502325269
19.27 0 0.604893504527
19.28 0 0.606417657931
19.29 0 0.607450896366
19.3 0 0.610099709732
19.31 0 0.610099709732
19.32 0 0.613578741539
19.33 0 0.614191228323
19.34 0 0.615065434519
19.35 0 0.6186776996
19.36 0 0.620735291799
19.37 0 0.625266656693
19.38 0 0.626171347477
19.39 0 0.626200255303
19.4 0 0.626002256479
19.41 0 0.625133744012
19.42 0 0.624992144042
19.43 0 0.62675226215
19.44 0 0.627465248132
19.45 0 0.628678948721
19.46 0 0.629711293604
19.47 0 0.63037311815
19.48 0 0.631353625894
19.49 0 0.632630211457
19.5 0 0.632921158868
19.51 0 0.633340381041
19.52 0 0.635108401329
19.53 0 0.635108401329
19.54 0 0.644355983072
19.55 0 0.642512771537
19.56 0 0.639976678975
19.57 0 0.637328527142
19.58 0 0.636944419865
19.59 0 0.637444670294
19.6 0 0.637109743964
19.61 0 0.636607118809
19.62 0 0.634983119351
19.63 0 0.635492035965
19.64 0 0.638293561492
19.65 0 0.638583208644
19.66 0 0.638813121237
19.67 0 0.638813121237
19.68 0 0.641380523311
19.69 0 0.646167760209
19.7 0 0.647036494017
19.71 0 0.647647165266
19.72 0 0.647601062875
19.73 0 0.647947396358
19.74 0 0.647935441841
19.75 0 0.64793465649
19.76 0 0.649015500672
19.77 0 0.649567568024
19.78 0 0.653116389296
19.79 0 0.6534104952
19.8 0 0.653314998721
19.81 0 0.653128897575
19.82 0 0.652407095752
19.83 0 0.651985764735
19.84 0 0.646977075933
19.85 0 0.639625167435
19.86 0 0.637702033683
19.87 0 0.633858526698
19.88 0 0.635325057843
19.89 0 0.63535235031
19.9 0 0.635694144181
19.91 0 0.635694144181
19.92 0 0.634784972709
19.93 0 0.634505344149
19.94 0 0.633774684814
19.95 0 0.632582935684
19.96 0 0.632464108146
19.97 0 0.632541795052
19.98 0 0.631793008034
19.99 0 0.631779064595
20.0 0 0.632153700756
20.01 0 0.633045309555
20.02 0 0.633246675865
20.03 0 0.633753202958
20.04 0 0.634951957916
20.05 0 0.636976155594
20.06 0 0.637562014878
20.07 0 0.639753398276
20.08 0 0.642096141114
20.09 0 0.64387845754
20.1 0 0.645547553664
20.11 0 0.645547553664
20.12 0 0.647881686479
20.13 0 0.651006987473
20.14 0 0.651006987473
20.15 0 0.654053700453
20.16 0 0.652544773588
20.17 0 0.653072842321
20.18 0 0.653281689455
20.19 0 0.653281689455
20.2 0 0.653687919095
20.21 0 0.652958186946
20.22 0 0.653123373904
20.23 0 0.653630608417
20.24 0 0.65571745299
20.25 0 0.657408483105
20.26 0 0.659266910321
20.27 0 0.660611558883
20.28 0 0.663185419837
20.29 0 0.662789018617
20.3 0 0.66533263428
20.31 0 0.667096521509
20.32 0 0.669881497784
20.33 0 0.67026903501
20.34 0 0.670021137591
20.35 0 0.667076928446
20.36 0 0.666574167681
20.37 0 0.66490792452
20.38 0 0.665072916761
20.39 0 0.664910438003
20.4 0 0.664910438003
20.41 0 0.663999975619
20.42 0 0.668059025494
20.43 0 0.668059025494
20.44 0 0.671060306015
20.45 0 0.6716672834
20.46 0 0.676135273478
20.47 0 0.679757150194
20.48 0 0.683373162099
20.49 0 0.686333828338
20.5 0 0.688397877224
20.51 0 0.687999522518
20.52 0 0.689021357632
20.53 0 0.68912862327
20.54 0 0.689434472741
20.55 0 0.689903802064
20.56 0 0.691356894783
20.57 0 0.692272316305
20.58 0 0.69224119792
20.59 0 0.692335535492
20.6 0 0.691674944934
20.61 0 0.690250775887
20.62 0 0.690984878675
20.63 0 0.689158215218
20.64 0 0.68820206141
20.65 0 0.679606537392
20.66 0 0.677633702346
20.67 0 0.677136821886
20.68 0 0.677431464937
20.69 0 0.677727584476
20.7 0 0.677727584476
20.71 0 0.674349633111
20.72 0 0.672854085435
20.73 0 0.672555474534
20.74 0 0.672236178703
20.75 0 0.67196175206
20.76 0 0.671674976853
20.77 0 0.671555691903
20.78 0 0.671555691903
20.79 0 0.671553944628
20.8 0 0.671580303777
20.81 0 0.671853894438
20.82 0 0.671995277133
20.83 0 0.672675010866
20.84 0 0.67325665083
20.85 0 0.675669279697
20.86 0 0.677848819295
20.87 0 0.67899639425
20.88 0 0.681518025001
20.89 0 0.682504061463
20.9 0 0.683881290607
20.91 0 0.687902307746
20.92 0 0.693596987524
20.93 0 0.695109977244
20.94 0 0.695342139163
20.95 0 0.695888201044
20.96 0 0.69528945631
20.97 0 0.695188800413
20.98 0 0.695188800413
20.99 0 0.693476497785
21.0 0 0.693942542021
21.01 0 0.694630655679
21.02 0 0.696368778704
21.03 0 0.698639089718
21.04 0 0.701763674941
21.05 0 0.701719321394
21.06 0 0.702110887728
21.07 0 0.701425024785
21.08 0 0.701832305827
21.09 0 0.70172593492
21.1 0 0.707730786506
21.11 0 0.704276893501
21.12 0 0.704147015365
21.13 0 0.703577698
21.14 0 0.702363514796
21.15 0 0.703285956121
21.16 0 0.703306367423
21.17 0 0.705154491635
21.18 0 0.706707883134
21.19 0 0.708142621527
21.2 0 0.708190329787
21.21 0 0.708493783951
21.22 0 0.708879551459
21.23 0 0.710600194782
21.24 0 0.713498397983
21.25 0 0.713498397983
21.26 0 0.715289220148
21.27 0 0.716559651799
21.28 0 0.716208391556
21.29 0 0.716728689979
21.3 0 0.717098629531
21.31 0 0.717092536127
21.32 0 0.717092536127
21.33 0 0.718041853792
21.34 0 0.71926090627
21.35 0 0.719013754866
21.36 0 0.720243333918
21.37 0 0.720421601575
21.38 0 0.721831382198
21.39 0 0.722500143308
21.4 0 0.721909855142
21.41 0 0.71668536347
21.42 0 0.713277929394
21.43 0 0.71141328502
21.44 0 0.709216294251
21.45 0 0.708553106637
21.46 0 0.704829076842
21.47 0 0.705126042587
21.48 0 0.704995389151
21.49 0 0.703168560457
21.5 0 0.702732601776
21.51 0 0.701959001435
21.52 0 0.701631050452
21.53 0 0.701574687284
21.54 0 0.702064589307
21.55 0 0.702758232367
21.56 0 0.702758232367
21.57 0 0.703210185889
21.58 0 0.703461693865
21.59 0 0.70403623455
21.6 0 0.704192731838
21.61 0 0.705543257832
21.62 0 0.705543257832
21.63 0 0.709204581027
21.64 0 0.71253789811
21.65 0 0.714827328419
21.66 0 0.715264275904
21.67 0 0.715866748892
21.68 0 0.716737620707
21.69 0 0.717803580503
21.7 0 0.717926501672
21.71 0 0.722543605448
21.72 0 0.723466166182
21.73 0 0.724287173091
21.74 0 0.725576699391
21.75 0 0.724329757909
21.76 0 0.724621069576
21.77 0 0.72456593378
21.78 0 0.724127314961
21.79 0 0.724127314961
21.8 0 0.723429137567
21.81 0 0.724228586095
21.82 0 0.724228586095
21.83 0 0.724228586095
21.84 0 0.728600190953
21.85 0 0.729983772911
21.86 0 0.732331159744
21.87 0 0.733025951443
21.88 0 0.73596001534
21.89 0 0.737575789339
21.9 0 0.737674129071
21.91 0 0.738945077999
21.92 0 0.737482751228
21.93 0 0.736878565646
21.94 0 0.736203327347
21.95 0 0.736178067788
21.96 0 0.735992702315
21.97 0 0.736292777364
21.98 0 0.736233293892
21.99 0 0.737717073915
22.0 0 0.742267530231
22.01 0 0.743560670079
22.02 0 0.747383441087
22.03 0 0.74862758616
22.04 0 0.74862758616
22.05 0 0.753139970377
22.06 0 0.753643417626
22.07 0 0.751812962559
22.08 0 0.753112707808
22.09 0 0.756249525195
22.1 0 0.757432047641
22.11 0 0.757793696573
22.12 0 0.759141138706
22.13 0 0.759077119085
22.14 0 0.758963813113
22.15 0 0.758422579994
22.16 0 0.756636338773
22.17 0 0.757299455904
22.18 0 0.75888318611
22.19 0 0.757867137992
22.2 0 0.747946523476
22.21 0 0.744380196198
22.22 0 0.743242609921
22.23 0 0.738461126625
22.24 0 0.737691915597
22.25 0 0.73662077384
22.26 0 0.73531603901
22.27 0 0.735137107157
22.28 0 0.73523241709
22.29 0 0.73523241709
22.3 0 0.736354549325
22.31 0 0.736182132138
22.32 0 0.735754616614
22.33 0 0.735754616614
22.34 0 0.733254793796
22.35 0 0.733174812706
22.36 0 0.733174812706
22.37 0 0.73316539981
22.38 0 0.733164974838
22.39 0 0.733415566188
22.4 0 0.733620283525
22.41 0 0.734248717851
22.42 0 0.734248717851
22.43 0 0.739835820463
22.44 0 0.740981099813
22.45 0 0.743284755482
22.46 0 0.74565614896
22.47 0 0.748089713351
22.48 0 0.748259147306
22.49 0 0.748259147306
22.5 0 0.748259147306
22.51 0 0.74934611208
22.52 0 0.752497632804
22.53 0 0.752364336147
22.54 0 0.752364336147
22.55 0 0.752031936886
22.56 0 0.751073740536
22.57 0 0.751459162855
22.58 0 0.750891646836
22.59 0 0.751239156304
22.6 0 0.751021419572
22.61 0 0.752549451607
22.62 0 0.752549451607
22.63 0 0.754292826624
22.64 0 0.756985646455
22.65 0 0.757007475019
22.66 0 0.757360988602
22.67 0 0.757644203391
22.68 0 0.757674264362
22.69 0 0.758194303012
22.7 0 0.759752380776
22.71 0 0.75897413517
22.72 0 0.758504684465
22.73 0 0.758639139625
22.74 0 0.75920353739
22.75 0 0.75920353739
22.76 0 0.75920353739
22.77 0 0.757496575327
22.78 0 0.75932026367
22.79 0 0.759067391746
22.8 0 0.759641283871
22.81 0 0.758858720574
22.82 0 0.760676807882
22.83 0 0.762770087555
22.84 0 0.768741075833
22.85 0 0.770153334558
22.86 0 0.772955773611
22.87 0 0.773999608912
22.88 0 0.775894685356
22.89 0 0.775918293181
22.9 0 0.777482709059
22.91 0 0.778148395222
22.92 0 0.778503471044
22.93 0 0.779169419829
22.94 0 0.778935953304
22.95 0 0.778935953304
22.96 0 0.777774843029
22.97 0 0.777040094903
22.98 0 0.773671784175
22.99 0 0.772114312115
23.0 0 0.77073933072
23.01 0 0.767206975987
23.02 0 0.766068812121
23.03 0 0.76637918875
23.04 0 0.766006354271
23.05 0 0.7658448665
23.06 0 0.76370859155
23.07 0 0.764098433584
23.08 0 0.764098433584
23.09 0 0.766752090128
23.1 0 0.766894020132
23.11 0 0.764134328075
23.12 0 0.763509425687
23.13 0 0.762262949241
23.14 0 0.761694192474
23.15 0 0.761466784384
23.16 0 0.760201349583
23.17 0 0.760170471483
23.18 0 0.760363228886
23.19 0 0.760536378876
23.2 0 0.761572961596
23.21 0 0.763578663561
23.22 0 0.766204960425
23.23 0 0.767492079886
23.24 0 0.767492079886
23.25 0 0.769915061309
23.26 0 0.77027262298
23.27 0 0.7708616968
23.28 0 0.773464442282
23.29 0 0.773279856022
23.3 0 0.773396041795
23.31 0 0.773496274986
23.32 0 0.773366859383
23.33 0 0.774043682788
23.34 0 0.773518102851
23.35 0 0.773565767802
23.36 0 0.774811600814
23.37 0 0.77565225415
23.38 0 0.776622691089
23.39 0 0.77727793478
23.4 0 0.778821921097
23.41 0 0.78164379459
23.42 0 0.78164379459
23.43 0 0.7817167183
23.44 0 0.7817167183
23.45 0 0.787932303873
23.46 0 0.788026409382
23.47 0 0.78741696335
23.48 0 0.787618802316
23.49 0 0.786312419861
23.5 0 0.784151177402
23.51 0 0.780277521984
23.52 0 0.780500924791
23.53 0 0.78239251868
23.54 0 0.783328688577
23.55 0 0.78350989288
23.56 0 0.785348781616
23.57 0 0.78642753943
23.58 0 0.788245597852
23.59 0 0.791185109345
23.6 0 0.793259324806
23.61 0 0.79580621379
23.62 0 0.795898764486
23.63 0 0.79848566832
23.64 0 0.798808540052
23.65 0 0.799447308245
23.66 0 0.799348966122
23.67 0 0.799059136435
23.68 0 0.799614119724
23.69 0 0.800658420406
23.7 0 0.800658420406
23.71 0 0.800832165481
23.72 0 0.800855109932
23.73 0 0.800133480936
23.74 0 0.802476404941
23.75 0 0.803083878011
23.76 0 0.802770257475
23.77 0 0.802744164336
23.78 0 0.800502607656
23.79 0 0.795568303546
23.8 0 0.794975314748
23.81 0 0.790864387267
23.82 0 0.785196812598
23.83 0 0.78429953151
23.84 0 0.783552731485
23.85 0 0.786575115374
23.86 0 0.787649097323
23.87 0 0.786389751049
23.88 0 0.784476960045
23.89 0 0.783716860367
23.9 0 0.783093336825
23.91 0 0.782807316928
23.92 0 0.782763182787
23.93 0 0.782305736906
23.94 0 0.782254367091
23.95 0 0.782254367091
23.96 0 0.781891078084
23.97 0 0.782406719645
23.98 0 0.782843410455
23.99 0 0.78371426336
24.0 0 0.784875561743
24.01 0 0.78586474447
24.02 0 0.78633037177
24.03 0 0.787902746633
24.04 0 0.788938428604
24.05 0 0.789956301084
24.06 0 0.790222120288
24.07 0 0.791767489551
24.08 0 0.794127797845
24.09 0 0.794797316631
24.1 0 0.794830558877
24.11 0 0.79392534756
24.12 0 0.79440200866
24.13 0 0.793747007399
24.14 0 0.792506392241
24.15 0 0.793504489956
24.16 0 0.794244055218
24.17 0 0.795274964255
24.18 0 0.796448619968
24.19 0 0.798022256304
24.2 0 0.798189589211
24.21 0 0.800815406882
24.22 0 0.806000151429
24.23 0 0.805722415004
24.24 0 0.806963602153
24.25 0 0.807047386215
24.26 0 0.806566871997
24.27 0 0.805772514237
24.28 0 0.803175982188
24.29 0 0.802637521998
24.3 0 0.80383212478
24.31 0 0.80531626267
24.32 0 0.805038472135
24.33 0 0.802416404801
24.34 0 0.802825594072
24.35 0 0.806489854243
24.36 0 0.806612338016
24.37 0 0.804501627226
24.38 0 0.806697274651
24.39 0 0.811476584548
24.4 0 0.811996296981
24.41 0 0.812860995615
24.42 0 0.814528703664
24.43 0 0.819445198534
24.44 0 0.822177727428
24.45 0 0.82552301463
24.46 0 0.826243099428
24.47 0 0.826243099428
24.48 0 0.827385065317
24.49 0 0.828605021441
24.5 0 0.828063288585
24.51 0 0.828596755871
24.52 0 0.828066550525
24.53 0 0.827238180034
24.54 0 0.826631673923
24.55 0 0.825951369605
24.56 0 0.825951369605
24.57 0 0.818294908986
24.58 0 0.813256365386
24.59 0 0.809835924582
24.6 0 0.807380460814
24.61 0 0.807095694004
24.62 0 0.806761505017
24.63 0 0.809749883728
24.64 0 0.810868715777
24.65 0 0.809674714488
24.66 0 0.808571090279
24.67 0 0.807594558558
24.68 0 0.807257726386
24.69 0 0.806994142649
24.7 0 0.806920127247
24.71 0 0.806445935084
24.72 0 0.806102192345
24.73 0 0.805880765371
24.74 0 0.805410974867
24.75 0 0.805510334827
24.76 0 0.806448074999
24.77 0 0.806633593168
24.78 0 0.80653251111
24.79 0 0.806851036661
24.8 0 0.807637572013
24.81 0 0.809788055044
24.82 0 0.810546728005
24.83 0 0.81265993039
24.84 0 0.815396977253
24.85 0 0.817943291007
24.86 0 0.821369787396
24.87 0 0.822425515694
24.88 0 0.824701059721
24.89 0 0.822384946351
24.9 0 0.822665157814
24.91 0 0.822136363905
24.92 0 0.822090680188
24.93 0 0.822531986215
24.94 0 0.822621451416
24.95 0 0.824051472775
24.96 0 0.825316943566
24.97 0 0.827628939388
24.98 0 0.829927166676
24.99 0 0.83025875223
25.0 0 0.830409003269
25.01 0 0.829445094015
25.02 0 0.829445094015
25.03 0 0.83855050719
25.04 0 0.840063555393
25.05 0 0.839079967665
25.06 0 0.83306004199
25.07 0 0.830851938221
25.08 0 0.828756970834
25.09 0 0.828607914548
25.1 0 0.829174243052
25.11 0 0.830338056452
25.12 0 0.827525979365
25.13 0 0.827897738098
25.14 0 0.838096698234
25.15 0 0.84875865381
25.16 0 0.85122893813
25.17 0 0.852668299169
25.18 0 0.853786550978
25.19 0 0.853951003454
25.2 0 0.854977476129
25.21 0 0.855389802382
25.22 0 0.855575601402
25.23 0 0.854280027665
25.24 0 0.854383356267
25.25 0 0.853465306365
25.26 0 0.853310741718
25.27 0 0.85517329968
25.28 0 0.857041119073
25.29 0 0.857385388754
25.3 0 0.858128572777
25.31 0 0.857977827412
25.32 0 0.857743440697
25.33 0 0.857603388339
25.34 0 0.855164194443
25.35 0 0.853983005442
25.36 0 0.848931823211
25.37 0 0.839534427788
25.38 0 0.840837818628
25.39 0 0.842333008841
25.4 0 0.846433955173
25.41 0 0.84743476236
25.42 0 0.846835639459
25.43 0 0.845092900083
25.44 0 0.84376636381
25.45 0 0.839522394754
25.46 0 0.83724917094
25.47 0 0.837219237069
25.48 0 0.836626198175
25.49 0 0.836299189811
25.5 0 0.835347422255
25.51 0 0.835193311565
25.52 0 0.835293869769
25.53 0 0.835279206423
25.54 0 0.835392427075
25.55 0 0.835849213948
25.56 0 0.836048858453
25.57 0 0.836952306978
25.58 0 0.838382903088
25.59 0 0.839129113456
25.6 0 0.840139646258
25.61 0 0.841970509304
25.62 0 0.842646358926
25.63 0 0.847968269319
25.64 0 0.849589164141
25.65 0 0.850146009564
25.66 0 0.850302914496
25.67 0 0.850247056108
25.68 0 0.849859699854
25.69 0 0.849713344573
25.7 0 0.84954484183
25.71 0 0.850469224536
25.72 0 0.850094988052
25.73 0 0.848826969046
25.74 0 0.848761866309
25.75 0 0.849916927593
25.76 0 0.850418815312
25.77 0 0.852726674508
25.78 0 0.851169644716
25.79 0 0.855111991314
25.8 0 0.854681969753
25.81 0 0.854681969753
25.82 0 0.854032068589
25.83 0 0.85395237975
25.84 0 0.854187983251
25.85 0 0.854187983251
25.86 0 0.850399933587
25.87 0 0.84841892584
25.88 0 0.843603456636
25.89 0 0.840564025724
25.9 0 0.840939241643
25.91 0 0.854060597209
25.92 0 0.858051618808
25.93 0 0.858198306254
25.94 0 0.858198306254
25.95 0 0.85918245369
25.96 0 0.860906779752
25.97 0 0.862564717231
25.98 0 0.867167199223
25.99 0 0.86786597235
26.0 0 0.868650422829
26.01 0 0.869442228659
26.02 0 0.869451556868
26.03 0 0.870789565805
26.04 0 0.871416652837
26.05 0 0.871416652837
26.06 0 0.872803150916
26.07 0 0.874141738238
26.08 0 0.875067988419
26.09 0 0.875077184372
26.1 0 0.875383962635
26.11 0 0.873579078444
26.12 0 0.871827893683
26.13 0 0.870570618339
26.14 0 0.868052499796
26.15 0 0.863513179221
26.16 0 0.859233709584
26.17 0 0.857082655694
26.18 0 0.855419032735
26.19 0 0.855283217848
26.2 0 0.854667475783
26.21 0 0.853828732936
26.22 0 0.854802018557
26.23 0 0.855481091426
26.24 0 0.855810942689
26.25 0 0.856170381971
26.26 0 0.855094092192
26.27 0 0.851843837676
26.28 0 0.847537227099
26.29 0 0.844403313064
26.3 0 0.84077733878
26.31 0 0.839573807207
26.32 0 0.839573807207
26.33 0 0.839691558482
26.34 0 0.839691558482
26.35 0 0.842991820062
26.36 0 0.84341372822
26.37 0 0.845438657629
26.38 0 0.845438657629
26.39 0 0.847114787424
26.4 0 0.846945309585
26.41 0 0.847752192627
26.42 0 0.84846788577
26.43 0 0.849020631123
26.44 0 0.850293169859
26.45 0 0.851911353122
26.46 0 0.851338434412
26.47 0 0.852883316883
26.48 0 0.852883316883
26.49 0 0.852131548754
26.5 0 0.853366847214
26.51 0 0.855613778373
26.52 0 0.856921259844
26.53 0 0.856921259844
26.54 0 0.858243719796
26.55 0 0.858243719796
26.56 0 0.860462620475
26.57 0 0.862322708618
26.58 0 0.861459710798
26.59 0 0.861459710798
26.6 0 0.8612762684
26.61 0 0.86152430342
26.62 0 0.862099993753
26.63 0 0.86180243889
26.64 0 0.861494168286
26.65 0 0.860389389248
26.66 0 0.858139922509
26.67 0 0.85806269991
26.68 0 0.860789215834
26.69 0 0.85626214787
26.7 0 0.85994473085
26.71 0 0.861850239058
26.72 0 0.863680600529
26.73 0 0.869335451624
26.74 0 0.870561987043
26.75 0 0.872740105806
26.76 0 0.877095285675
26.77 0 0.876735737949
26.78 0 0.881035599497
26.79 0 0.880982121064
26.8 0 0.880793919574
26.81 0 0.880360449301
26.82 0 0.880360449301
26.83 0 0.880103616046
26.84 0 0.880163204308
26.85 0 0.880163204308
26.86 0 0.880568099193
26.87 0 0.881046568311
26.88 0 0.882158995807
26.89 0 0.882485251827
26.9 0 0.882980860309
26.91 0 0.882550074449
26.92 0 0.880099906922
26.93 0 0.877188404403
26.94 0 0.871918140426
26.95 0 0.8671274566
26.96 0 0.864707712037
26.97 0 0.864307047056
26.98 0 0.863029662571
26.99 0 0.862488928797
27.0 0 0.864349409882
27.01 0 0.864349409882
27.02 0 0.864349409882
27.03 0 0.866360636246
27.04 0 0.865851155126
27.05 0 0.86387474227
27.06 0 0.861701876998
27.07 0 0.858608379968
27.08 0 0.854685833227
27.09 0 0.85207748548
27.1 0 0.851609714312
27.11 0 0.851609714312
27.12 0 0.851572142542
27.13 0 0.851585020924
27.14 0 0.851978775157
27.15 0 0.852460924417
27.16 0 0.852460924417
27.17 0 0.853886645334
27.18 0 0.855187619302
27.19 0 0.85697780227
27.2 0 0.858304374518
27.21 0 0.859258290232
27.22 0 0.86182827713
27.23 0 0.8643411019
27.24 0 0.864822312455
27.25 0 0.865615440378
27.26 0 0.866131356249
27.27 0 0.86744539656
27.28 0 0.867580882485
27.29 0 0.867487687821
27.3 0 0.868656233118
27.31 0 0.870028477243
27.32 0 0.872130533004
27.33 0 0.872975636394
27.34 0 0.872914214375
27.35 0 0.874421331005
27.36 0 0.874451152503
27.37 0 0.873752720985
27.38 0 0.873341514327
27.39 0 0.87381644878
27.4 0 0.874019514346
27.41 0 0.873800268601
27.42 0 0.874279576122
27.43 0 0.872297710885
27.44 0 0.870977810547
27.45 0 0.870232749726
27.46 0 0.868995119026
27.47 0 0.874014022301
27.48 0 0.87544749681
27.49 0 0.877427606809
27.5 0 0.877437514334
27.51 0 0.876936205943
27.52 0 0.881215525893
27.53 0 0.879153498598
27.54 0 0.8840811694
27.55 0 0.885203984768
27.56 0 0.891290937907
27.57 0 0.892041619837
27.58 0 0.891952743862
27.59 0 0.892183091526
27.6 0 0.893433826562
27.61 0 0.895145138024
27.62 0 0.895627602078
27.63 0 0.89676385051
27.64 0 0.897822076952
27.65 0 0.89813762266
27.66 0 0.897858039768
27.67 0 0.898360366702
27.68 0 0.896929826644
27.69 0 0.895820919336
27.7 0 0.894869495309
27.71 0 0.894011974464
27.72 0 0.890472493806
27.73 0 0.890472493806
27.74 0 0.88845571017
27.75 0 0.887812361301
27.76 0 0.888183140603
27.77 0 0.887094184747
27.78 0 0.884163610825
27.79 0 0.880746755379
27.8 0 0.880593697348
27.81 0 0.880348407003
27.82 0 0.880227476399
27.83 0 0.880227476399
27.84 0 0.880227476399
27.85 0 0.880277401127
27.86 0 0.880240544306
27.87 0 0.880339581719
27.88 0 0.880231952971
27.89 0 0.88095095088
27.9 0 0.882422969869
27.91 0 0.883686210498
27.92 0 0.885868109094
27.93 0 0.885807199589
27.94 0 0.887739214321
27.95 0 0.888896663093
27.96 0 0.890819977409
27.97 0 0.892384825127
27.98 0 0.89257204658
27.99 0 0.893553962759
28.0 0 0.894679686005
28.01 0 0.896845798909
28.02 0 0.897125837108
28.03 0 0.897494386044
28.04 0 0.897470212792
28.05 0 0.897888950522
28.06 0 0.898802808111
28.07 0 0.898243189127
28.08 0 0.898113806745
28.09 0 0.898448838548
28.1 0 0.900921513941
28.11 0 0.901590383043
28.12 0 0.904791744953
28.13 0 0.906454157159
28.14 0 0.906134372151
28.15 0 0.906378809323
28.16 0 0.90671845951
28.17 0 0.90736493024
28.18 0 0.907670298666
28.19 0 0.909282998355
28.2 0 0.909409540362
28.21 0 0.908928883232
28.22 0 0.907748362793
28.23 0 0.907172412944
28.24 0 0.906275456729
28.25 0 0.903071388046
28.26 0 0.904539430775
28.27 0 0.907486593788
28.28 0 0.906277116523
28.29 0 0.907844743704
28.3 0 0.909041699438
28.31 0 0.909277501831
28.32 0 0.911860597325
28.33 0 0.913991706735
28.34 0 0.91571720827
28.35 0 0.922736003122
28.36 0 0.923841352706
28.37 0 0.923841352706
28.38 0 0.925529384698
28.39 0 0.926483914948
28.4 0 0.9274605301
28.41 0 0.929218346597
28.42 0 0.93031324561
28.43 0 0.930327880103
28.44 0 0.930550253068
28.45 0 0.929679260621
28.46 0 0.929043765095
28.47 0 0.930953349249
28.48 0 0.927869557404
28.49 0 0.927729275252
28.5 0 0.924678001789
28.51 0 0.922245592977
28.52 0 0.921515149217
28.53 0 0.919334615943
28.54 0 0.919190663605
28.55 0 0.921151839298
28.56 0 0.923148584204
28.57 0 0.924083084431
28.58 0 0.924559796482
28.59 0 0.923608395584
28.6 0 0.921873366193
28.61 0 0.920603540606
28.62 0 0.919811692854
28.63 0 0.919811692854
28.64 0 0.919811692854
28.65 0 0.919567510498
28.66 0 0.919591127798
28.67 0 0.918606931442
28.68 0 0.918338544992
28.69 0 0.918347793297
28.7 0 0.917960485868
28.71 0 0.917547366806
28.72 0 0.91734192306
28.73 0 0.917076130743
28.74 0 0.919825984209
28.75 0 0.919990261905
28.76 0 0.921572141919
28.77 0 0.921867428916
28.78 0 0.922074684487
28.79 0 0.92216916545
28.8 0 0.922955837505
28.81 0 0.923146480868
28.82 0 0.924470497479
28.83 0 0.92534235672
28.84 0 0.927115481346
28.85 0 0.927561743885
28.86 0 0.928628715909
28.87 0 0.92920575548
28.88 0 0.930157708731
28.89 0 0.930201891721
28.9 0 0.932672075667
28.91 0 0.934076185974
28.92 0 0.934579164567
28.93 0 0.934914716907
28.94 0 0.936958605472
28.95 0 0.936826623116
28.96 0 0.936148256571
28.97 0 0.93503923658
28.98 0 0.935291985261
28.99 0 0.933781162473
29.0 0 0.93388655669
29.01 0 0.933956921161
29.02 0 0.934282276305
29.03 0 0.939181039527
29.04 0 0.93815166789
29.05 0 0.940415784072
29.06 0 0.93943286384
29.07 0 0.945536000183
29.08 0 0.946627999171
29.09 0 0.946627999171
29.1 0 0.947934643326
29.11 0 0.947934643326
29.12 0 0.949378184517
29.13 0 0.949378184517
29.14 0 0.957312830338
29.15 0 0.963153726597
29.16 0 0.964672852759
29.17 0 0.966605390086
29.18 0 0.967216325
29.19 0 0.967627795175
29.2 0 0.968093060644
29.21 0 0.96867818529
29.22 0 0.968958128119
29.23 0 0.969178480694
29.24 0 0.968309127224
29.25 0 0.967247954602
29.26 0 0.966112502285
29.27 0 0.964813473267
29.28 0 0.964583644991
29.29 0 0.962362263238
29.3 0 0.955539882953
29.31 0 0.955539882953
29.32 0 0.952312157205
29.33 0 0.952312157205
29.34 0 0.950271205053
29.35 0 0.950271205053
29.36 0 0.947843937013
29.37 0 0.947843937013
29.38 0 0.946661851498
29.39 0 0.946661851498
29.4 0 0.941800148535
29.41 0 0.941010672442
29.42 0 0.940336829375
29.43 0 0.940027469942
29.44 0 0.940193176533
29.45 0 0.939642562041
29.46 0 0.939642562041
29.47 0 0.941749884801
29.48 0 0.944428036561
29.49 0 0.943857754117
29.5 0 0.94601786469
29.51 0 0.947083227933
29.52 0 0.948504024762
29.53 0 0.950043806018
29.54 0 0.951092040707
29.55 0 0.952310046433
29.56 0 0.956108396867
29.57 0 0.95956433704
29.58 0 0.961309247392
29.59 0 0.961309247392
29.6 0 0.961233362704
29.61 0 0.962022873528
29.62 0 0.961798791805
29.63 0 0.961798791805
29.64 0 0.959973932376
29.65 0 0.959569954586
29.66 0 0.959947047586
29.67 0 0.96056823208
29.68 0 0.961864347249
29.69 0 0.96226464455
29.7 0 0.962502861938
29.71 0 0.96506889431
29.72 0 0.965476895304
29.73 0 0.962802169345
29.74 0 0.962412365533
29.75 0 0.962297976072
29.76 0 0.961783573194
29.77 0 0.961326020704
29.78 0 0.960270547036
29.79 0 0.957325508864
29.8 0 0.954845670157
29.81 0 0.959449499802
29.82 0 0.957894713302
29.83 0 0.958961130758
29.84 0 0.963076098155
29.85 0 0.961384005481
29.86 0 0.964318400725
29.87 0 0.971194215035
29.88 0 0.973344233206
29.89 0 0.974730154136
29.9 0 0.975023052155
29.91 0 0.977375853289
29.92 0 0.980379434884
29.93 0 0.984101058297
29.94 0 0.984990441637
29.95 0 0.985947024928
29.96 0 0.986440763552
29.97 0 0.985860537317
29.98 0 0.9860395538
29.99 0 0.987184028061
30.0 0 0.987184028061
30.01 0 0.988578823312
30.02 0 0.989558580546
30.03 0 0.990306146452
30.04 0 0.990301916141
30.05 0 0.990155092786
30.06 0 0.990155092786
30.07 0 0.98980574948
30.08 0 0.985870426819
30.09 0 0.984256196231
30.1 0 0.983166345138
30.11 0 0.981694635265
30.12 0 0.9783447945
30.13 0 0.974908404085
30.14 0 0.972651313693
30.15 0 0.972476395708
30.16 0 0.972583327629
30.17 0 0.972368678047
30.18 0 0.971545355969
30.19 0 0.971658126659
30.2 0 0.971701898426
30.21 0 0.971768853412
30.22 0 0.971768853412
30.23 0 0.971562726952
30.24 0 0.971562726952
30.25 0 0.972067676716
30.26 0 0.97363534625
30.27 0 0.975014863859
30.28 0 0.975422947301
30.29 0 0.975667467039
30.3 0 0.975766355686
30.31 0 0.975116379645
30.32 0 0.97586177964
30.33 0 0.977648667259
30.34 0 0.978240866958
30.35 0 0.978566538076
30.36 0 0.977514176892
30.37 0 0.977872431187
30.38 0 0.979166129529
30.39 0 0.981865682736
30.4 0 0.981394807619
30.41 0 0.982685844183
30.42 0 0.982925786525
30.43 0 0.983255104119
30.44 0 0.983046076598
30.45 0 0.983812022996
30.46 0 0.983918482581
30.47 0 0.984220761966
30.48 0 0.984809247262
30.49 0 0.984216560966
30.5 0 0.989183370782
30.51 0 0.989745103057
30.52 0 0.989929432617
30.53 0 0.992011216574
30.54 0 0.994756359025
30.55 0 0.995287513496
30.56 0 0.993040335534
30.57 0 0.990528448799
30.58 0 0.988380252194
30.59 0 0.979303940448
30.6 0 0.97782317689
30.61 0 0.980250426641
30.62 0 0.980305559455
30.63 0 0.987359278781
30.64 0 0.998172767105
30.65 0 0.998550809389
30.66 0 0.996999849673
30.67 0 1.00311570662
30.68 0 1.0051126574
30.69 0 1.0051126574
30.7 0 1.00536816523
30.71 0 1.00671762453
30.72 0 1.00671762453
30.73 0 1.01204604684
30.74 0 1.01405429922
30.75 0 1.01725670303
30.76 0 1.01912645514
30.77 0 1.01948142533
30.78 0 1.02145557131
30.79 0 1.02201619583
30.8 0 1.02193672989
30.81 0 1.02172654098
30.82 0 1.02149776643
30.83 0 1.02107686737
30.84 0 1.02099525533
30.85 0 1.02028767924
30.86 0 1.01942806134
30.87 0 1.01595888869
30.88 0 1.01595888869
30.89 0 1.00966750518
30.9 0 1.00966750518
30.91 0 1.00699706361
30.92 0 1.00524265589
30.93 0 1.00558972512
30.94 0 1.0048698641
30.95 0 1.00578050614
30.96 0 1.00591733665
30.97 0 1.00350894598
30.98 0 1.00335220043
30.99 0 1.00213756279
31.0 0 1.00114158762
31.01 0 1.00036227454
31.02 0 0.999965321094
31.03 0 0.998152291955
31.04 0 0.997590504509
31.05 0 0.993752029796
31.06 0 0.993195791584
31.07 0 0.993322575231
31.08 0 0.993539975136
31.09 0 0.992268294163
31.1 0 0.993060918643
31.11 0 0.993529168706
31.12 0 0.99355584848
31.13 0 0.993210751128
31.14 0 0.992957980082
31.15 0 0.99477936234
31.16 0 0.99580886332
31.17 0 0.996258427436
31.18 0 0.997222312769
31.19 0 0.997940351653
31.2 0 0.997848225426
31.21 0 0.998086820733
31.22 0 0.997030695058
31.23 0 0.997458026863
31.24 0 1.00151041591
31.25 0 1.00384735868
31.26 0 1.01055704459
31.27 0 1.0146840077
31.28 0 1.01498879011
31.29 0 1.01491442376
31.3 0 1.01327801758
31.31 0 1.01110255728
31.32 0 1.00928833897
31.33 0 1.00471565946
31.34 0 1.00540359187
31.35 0 1.00302579074
31.36 0 1.00254057198
31.37 0 1.00650641615
31.38 0 1.00514902812
31.39 0 1.00966406663
31.4 0 1.01050578446
31.41 0 1.01797122145
31.42 0 1.01569283838
31.43 0 1.01569283838
31.44 0 1.01329108514
31.45 0 1.01905200026
31.46 0 1.02622903359
31.47 0 1.02777765686
31.48 0 1.02809003213
31.49 0 1.02916021199
31.5 0 1.03091699116
31.51 0 1.03159352091
31.52 0 1.03324659117
31.53 0 1.03472551595
31.54 0 1.03634187981
31.55 0 1.03577681996
31.56 0 1.03544496838
31.57 0 1.03518567061
31.58 0 1.03411475016
31.59 0 1.03406858477
31.6 0 1.03396604235
31.61 0 1.0316813884
31.62 0 1.03023487711
31.63 0 1.02990057698
31.64 0 1.03009813169
31.65 0 1.0305119571
31.66 0 1.03001312462
31.67 0 1.029045033
31.68 0 1.02825419052
31.69 0 1.02659989985
31.7 0 1.02629140792
31.71 0 1.02626747542
31.72 0 1.02630129781
31.73 0 1.02614586359
31.74 0 1.02526599666
31.75 0 1.02458306058
31.76 0 1.02435965434
31.77 0 1.02329453793
31.78 0 1.01920417522
31.79 0 1.01756089796
31.8 0 1.01348522237
31.81 0 1.0058853833
31.82 0 1.00486052286
31.83 0 1.00418143936
31.84 0 1.00280694353
31.85 0 1.00560379975
31.86 0 1.00628495914
31.87 0 1.00940981231
31.88 0 1.01017434113
31.89 0 1.01154689793
31.9 0 1.01210771446
31.91 0 1.01438351357
31.92 0 1.01591764013
31.93 0 1.01678947291
31.94 0 1.01709347652
31.95 0 1.01741865953
31.96 0 1.01885156742
31.97 0 1.01939678684
31.98 0 1.01943693812
31.99 0 1.01917919532
32.0 0 1.01917582392
32.01 0 1.02181546474
32.02 0 1.02286239994
32.03 0 1.02485029392
32.04 0 1.02497320836
32.05 0 1.02736673526
32.06 0 1.02851417467
32.07 0 1.02860817279
32.08 0 1.03035124719
32.09 0 1.0310255914
32.1 0 1.03018614504
32.11 0 1.02887726691
32.12 0 1.02592154024
32.13 0 1.024508418
32.14 0 1.02487407696
32.15 0 1.02321817833
32.16 0 1.01988969105
32.17 0 1.0230659961
32.18 0 1.02307622453
32.19 0 1.02360514807
32.2 0 1.02480760062
32.21 0 1.02899623863
32.22 0 1.02938347245
32.23 0 1.03067966006
32.24 0 1.03217367645
32.25 0 1.03364955542
32.26 0 1.03364955542
32.27 0 1.04241709687
32.28 0 1.04470727287
32.29 0 1.04667028201
32.3 0 1.04678301457
32.31 0 1.04678301457
32.32 0 1.04664890583
32.33 0 1.04664890583
32.34 0 1.04529305705
32.35 0 1.04575048132
32.36 0 1.04558784621
32.37 0 1.04495148025
32.38 0 1.04689592708
32.39 0 1.04682119757
32.4 0 1.04836618208
32.41 0 1.04909869347
32.42 0 1.04896366546
32.43 0 1.0470520446
32.44 0 1.04595640829
32.45 0 1.04464675894
32.46 0 1.04449303194
32.47 0 1.04357585168
32.48 0 1.04337569474
32.49 0 1.04328523919
32.5 0 1.04236151064
32.51 0 1.03843500548
32.52 0 1.03707146479
32.53 0 1.03669453014
32.54 0 1.03609346847
32.55 0 1.03655828576
32.56 0 1.03499169086
32.57 0 1.03335034267
32.58 0 1.03312044746
32.59 0 1.03273461515
32.6 0 1.03260431477
32.61 0 1.03257644767
32.62 0 1.03265070919
32.63 0 1.03345880976
32.64 0 1.03406101417
32.65 0 1.03513846829
32.66 0 1.03656624664
32.67 0 1.03767363772
32.68 0 1.03887539367
32.69 0 1.03984141143
32.7 0 1.04056751087
32.71 0 1.04400768751
32.72 0 1.045240349
32.73 0 1.04611169942
32.74 0 1.0464729423
32.75 0 1.0470640125
32.76 0 1.04725626467
32.77 0 1.04725626467
32.78 0 1.04803401855
32.79 0 1.04800925974
32.8 0 1.04779884735
32.81 0 1.04796923892
32.82 0 1.04853798153
32.83 0 1.05105151668
32.84 0 1.05192919401
32.85 0 1.05320749535
32.86 0 1.05457654113
32.87 0 1.05418043049
32.88 0 1.05422158334
32.89 0 1.05333279076
32.9 0 1.05214972222
32.91 0 1.05138865025
32.92 0 1.05172862558
32.93 0 1.04795834726
32.94 0 1.05025384665
32.95 0 1.05322301316
32.96 0 1.05791363981
32.97 0 1.05547074892
32.98 0 1.05552029596
32.99 0 1.06122796359
33.0 0 1.05678625367
33.01 0 1.05777109109
33.02 0 1.06556965121
33.03 0 1.0685937866
33.04 0 1.07136725123
33.05 0 1.07207944424
33.06 0 1.07229047255
33.07 0 1.07299008631
33.08 0 1.0748520698
33.09 0 1.0770677121
33.1 0 1.07706891353
33.11 0 1.07777075961
33.12 0 1.07802661173
33.13 0 1.07826332849
33.14 0 1.07920949492
33.15 0 1.07969515676
33.16 0 1.08058054451
33.17 0 1.08053886556
33.18 0 1.07966559922
33.19 0 1.07887760097
33.2 0 1.07814783665
33.21 0 1.0770980097
33.22 0 1.07532117645
33.23 0 1.07444770048
33.24 0 1.07252239367
33.25 0 1.07190658413
33.26 0 1.07128335859
33.27 0 1.07131662896
33.28 0 1.07021949412
33.29 0 1.06870175715
33.3 0 1.06620482527
33.31 0 1.06482635947
33.32 0 1.06465219602
33.33 0 1.06494071412
33.34 0 1.06477421066
33.35 0 1.06457966684
33.36 0 1.06439076545
33.37 0 1.06439076545
33.38 0 1.06429288003
33.39 0 1.06429288003
33.4 0 1.0646138894
33.41 0 1.06561141182
33.42 0 1.0670564065
33.43 0 1.06871432049
33.44 0 1.06997047386
33.45 0 1.07267597459
33.46 0 1.07276809075
33.47 0 1.07288910643
33.48 0 1.07322666405
33.49 0 1.07311272906
33.5 0 1.07311272906
33.51 0 1.07456941209
33.52 0 1.07530769605
33.53 0 1.07748776058
33.54 0 1.07754763737
33.55 0 1.0778668538
33.56 0 1.07790079688
33.57 0 1.07803222378
33.58 0 1.07834482206
33.59 0 1.07865877389
33.6 0 1.07841715188
33.61 0 1.07910546473
33.62 0 1.0776602519
33.63 0 1.0791072149
33.64 0 1.08367120855
33.65 0 1.08404036933
33.66 0 1.08763936143
33.67 0 1.08678933831
33.68 0 1.08751639216
33.69 0 1.09174212809
33.7 0 1.08844840475
33.71 0 1.08444472748
33.72 0 1.08047233011
33.73 0 1.08200035707
33.74 0 1.07429997946
33.75 0 1.07618259653
33.76 0 1.08565119218
33.77 0 1.08975995136
33.78 0 1.09047613871
33.79 0 1.09284799425
33.8 0 1.09536077455
33.81 0 1.09651403916
33.82 0 1.0970433182
33.83 0 1.09671651875
33.84 0 1.10027277668
33.85 0 1.10233721663
33.86 0 1.10552958911
33.87 0 1.10822172759
33.88 0 1.10877788252
33.89 0 1.11305920042
33.9 0 1.11220854403
33.91 0 1.11309256621
33.92 0 1.11293644153
33.93 0 1.11285814887
33.94 0 1.11170343789
33.95 0 1.11125513461
33.96 0 1.11088002277
33.97 0 1.11025821098
33.98 0 1.11003335812
33.99 0 1.11009535432
34.0 0 1.10989498156
34.01 0 1.1106497744
34.02 0 1.11064231692
34.03 0 1.10828210277
34.04 0 1.10784673293
34.05 0 1.10765660564
34.06 0 1.10856499694
34.07 0 1.10850370809
34.08 0 1.10613490732
34.09 0 1.10313389224
34.1 0 1.1020756585
34.11 0 1.10049876761
34.12 0 1.0988252723
34.13 0 1.09834933466
34.14 0 1.09826003228
34.15 0 1.09816119781
34.16 0 1.09826815113
34.17 0 1.09801591753
34.18 0 1.09812724557
34.19 0 1.09900376449
34.2 0 1.10040373815
34.21 0 1.10163598622
34.22 0 1.10620144755
34.23 0 1.1091448892
34.24 0 1.108132061
34.25 0 1.10779895791
34.26 0 1.10779895791
34.27 0 1.10770620272
34.28 0 1.10770620272
34.29 0 1.10887657052
34.3 0 1.11465482105
34.31 0 1.11614341307
34.32 0 1.11784791383
34.33 0 1.1178678815
34.34 0 1.118308196
34.35 0 1.11853534673
34.36 0 1.1183317831
34.37 0 1.11877078275
34.38 0 1.12130607201
34.39 0 1.12195058465
34.4 0 1.1213804233
34.41 0 1.12163795472
34.42 0 1.12417294935
34.43 0 1.12496500654
34.44 0 1.12558559775
34.45 0 1.12492929459
34.46 0 1.12452564971
34.47 0 1.1226220841
34.48 0 1.12109075792
34.49 0 1.12090275944
34.5 0 1.12036570557
34.51 0 1.12015046908
34.52 0 1.11735736044
34.53 0 1.1196117863
34.54 0 1.11985298217
34.55 0 1.11800859451
34.56 0 1.12075648695
34.57 0 1.12343136695
34.58 0 1.12475876935
34.59 0 1.12922281659
34.6 0 1.13636873649
34.61 0 1.13931595475
34.62 0 1.13945642699
34.63 0 1.1416370392
34.64 0 1.14269530156
34.65 0 1.14339017895
34.66 0 1.14336204704
34.67 0 1.14351505867
34.68 0 1.14341625799
34.69 0 1.14238436358
34.7 0 1.14265032181
34.71 0 1.14265032181
34.72 0 1.14317491399
34.73 0 1.14322278778
34.74 0 1.14234645185
34.75 0 1.14255587035
34.76 0 1.14367879151
34.77 0 1.1420582528
34.78 0 1.14221313263
34.79 0 1.14221313263
34.8 0 1.14220837253
34.81 0 1.13714488862
34.82 0 1.13714488862
34.83 0 1.13250977632
34.84 0 1.13415040284
34.85 0 1.13415127943
34.86 0 1.13485155273
34.87 0 1.1358770434
34.88 0 1.13541021002
34.89 0 1.13441831126
34.9 0 1.13377466243
34.91 0 1.13268996278
34.92 0 1.13253613247
34.93 0 1.13252072237
34.94 0 1.13252072237
34.95 0 1.13183652143
34.96 0 1.1315079509
34.97 0 1.13151310035
34.98 0 1.13077960562
34.99 0 1.13108630976
35.0 0 1.13197554562
35.01 0 1.13197554562
35.02 0 1.13197245698
35.03 0 1.13226384841
35.04 0 1.13236238596
35.05 0 1.13233681787
35.06 0 1.13274007348
35.07 0 1.13291894243
35.08 0 1.13570262167
35.09 0 1.1359384319
35.1 0 1.13663646829
35.11 0 1.13748634815
35.12 0 1.1388227926
35.13 0 1.13921617554
35.14 0 1.13846771367
35.15 0 1.13759203184
35.16 0 1.13812186805
35.17 0 1.13978061013
35.18 0 1.14175722812
35.19 0 1.14359020848
35.2 0 1.14359020848
35.21 0 1.14329581144
35.22 0 1.14476153722
35.23 0 1.14523422758
35.24 0 1.14561265208
35.25 0 1.14514233839
35.26 0 1.14480944168
35.27 0 1.14419532593
35.28 0 1.14301682356
35.29 0 1.14286140614
35.3 0 1.14455506904
35.31 0 1.14393954005
35.32 0 1.14556720028
35.33 0 1.15018916816
35.34 0 1.15107277546
35.35 0 1.15107277546
35.36 0 1.15137675639
35.37 0 1.15152896452
35.38 0 1.15148227284
35.39 0 1.15173367645
35.4 0 1.15296358117
35.41 0 1.15575688354
35.42 0 1.16186532865
35.43 0 1.16220229687
35.44 0 1.16288485795
35.45 0 1.16324077784
35.46 0 1.16341176435
35.47 0 1.16294690639
35.48 0 1.16305397859
35.49 0 1.16314467575
35.5 0 1.16309377456
35.51 0 1.16278357362
35.52 0 1.16255922398
35.53 0 1.16270016712
35.54 0 1.16298236849
35.55 0 1.16147747879
35.56 0 1.16117619746
35.57 0 1.15359287243
35.58 0 1.15295677937
35.59 0 1.15231534193
35.6 0 1.15312028527
35.61 0 1.15282691843
35.62 0 1.15282691843
35.63 0 1.15340732666
35.64 0 1.15340732666
35.65 0 1.15332327297
35.66 0 1.14992393324
35.67 0 1.14957187376
35.68 0 1.14823049752
35.69 0 1.14654256035
35.7 0 1.14595693053
35.71 0 1.1440380917
35.72 0 1.14202256148
35.73 0 1.14082807358
35.74 0 1.14054494383
35.75 0 1.14066844281
35.76 0 1.14111221876
35.77 0 1.14316834329
35.78 0 1.14638794243
35.79 0 1.14698219005
35.8 0 1.14776134957
35.81 0 1.14795148657
35.82 0 1.14804956078
35.83 0 1.14900548862
35.84 0 1.14961686621
35.85 0 1.15168478704
35.86 0 1.15541452651
35.87 0 1.15562599743
35.88 0 1.15665033217
35.89 0 1.15747001998
35.9 0 1.15747001998
35.91 0 1.15852168843
35.92 0 1.1577674618
35.93 0 1.15745123373
35.94 0 1.15753004277
35.95 0 1.15792651397
35.96 0 1.15830362328
35.97 0 1.16108966763
35.98 0 1.16412992088
35.99 0 1.16444197365
36.0 0 1.16405531011
36.01 0 1.16408347495
36.02 0 1.16330126331
36.03 0 1.16205074075
36.04 0 1.16199127644
36.05 0 1.16182645596
36.06 0 1.16175511291
36.07 0 1.16185982668
36.08 0 1.16005979699
36.09 0 1.1598785083
36.1 0 1.15926174817
36.11 0 1.16721627706
36.12 0 1.16791266696
36.13 0 1.16803966844
36.14 0 1.16830685717
36.15 0 1.16953019393
36.16 0 1.17722907495
36.17 0 1.18023989754
36.18 0 1.18373170441
36.19 0 1.18953817492
36.2 0 1.19251395068
36.21 0 1.19332879649
36.22 0 1.19344016118
36.23 0 1.19356503708
36.24 0 1.19441556861
36.25 0 1.19340227305
36.26 0 1.19323857515
36.27 0 1.19280374869
36.28 0 1.19129286829
36.29 0 1.19114406045
36.3 0 1.19044913385
36.31 0 1.19044913385
36.32 0 1.18976415004
36.33 0 1.18860371777
36.34 0 1.18386611781
36.35 0 1.18132205778
36.36 0 1.17303603721
36.37 0 1.17227328908
36.38 0 1.17295732585
36.39 0 1.17395481341
36.4 0 1.17450741676
36.41 0 1.1761691531
36.42 0 1.17880607579
36.43 0 1.17940112393
36.44 0 1.17732972274
36.45 0 1.17465342041
36.46 0 1.17290651688
36.47 0 1.17278460319
36.48 0 1.17257912961
36.49 0 1.1722726564
36.5 0 1.17216556792
36.51 0 1.17233315448
36.52 0 1.17214433359
36.53 0 1.17149679186
36.54 0 1.17221071645
36.55 0 1.17238797685
36.56 0 1.17244200329
36.57 0 1.1721387272
36.58 0 1.1723892805
36.59 0 1.17250891586
36.6 0 1.1736380371
36.61 0 1.17416106642
36.62 0 1.174778657
36.63 0 1.17554066429
36.64 0 1.17659150707
36.65 0 1.1766538304
36.66 0 1.17837572466
36.67 0 1.17837698807
36.68 0 1.1785458918
36.69 0 1.17869799708
36.7 0 1.17833686323
36.71 0 1.17705620365
36.72 0 1.17840186882
36.73 0 1.17979761325
36.74 0 1.18404260514
36.75 0 1.18651405161
36.76 0 1.18857046368
36.77 0 1.18692935834
36.78 0 1.18655608838
36.79 0 1.18740782606
36.8 0 1.18789305916
36.81 0 1.18871217856
36.82 0 1.1893689251
36.83 0 1.1893689251
36.84 0 1.1904453914
36.85 0 1.1903205124
36.86 0 1.1903205124
36.87 0 1.1903205124
36.88 0 1.18335692044
36.89 0 1.18131371489
36.9 0 1.19306997529
36.91 0 1.19075222339
36.92 0 1.19131147802
36.93 0 1.19339207886
36.94 0 1.19404392225
36.95 0 1.20098205282
36.96 0 1.20113512274
36.97 0 1.20407582288
36.98 0 1.20407582288
36.99 0 1.20597242554
37.0 0 1.20978124045
37.01 0 1.21194836775
37.02 0 1.21605283625
37.03 0 1.21897838458
37.04 0 1.21938291643
37.05 0 1.22097203851
37.06 0 1.22176387583
37.07 0 1.22096856296
37.08 0 1.22014744706
37.09 0 1.2200177211
37.1 0 1.21932358342
37.11 0 1.21794386606
37.12 0 1.2141838127
37.13 0 1.21068410842
37.14 0 1.20895088602
37.15 0 1.20501604644
37.16 0 1.20440275667
37.17 0 1.20668599225
37.18 0 1.20646605914
37.19 0 1.20520242346
37.2 0 1.20497135826
37.21 0 1.20497135826
37.22 0 1.20236670181
37.23 0 1.20108881366
37.24 0 1.20032375867
37.25 0 1.19955209943
37.26 0 1.19946551881
37.27 0 1.19895062055
37.28 0 1.19879789303
37.29 0 1.19879789303
37.3 0 1.1979997946
37.31 0 1.197875016
37.32 0 1.19836277912
37.33 0 1.19896001531
37.34 0 1.19875536128
37.35 0 1.19918079063
37.36 0 1.19951865023
37.37 0 1.19951865023
37.38 0 1.20284332519
37.39 0 1.20292312022
37.4 0 1.20356944203
37.41 0 1.20421807664
37.42 0 1.20613842452
37.43 0 1.20682196603
37.44 0 1.21066937907
37.45 0 1.21083511969
37.46 0 1.21070924208
37.47 0 1.21177830521
37.48 0 1.21184009195
37.49 0 1.21184009195
37.5 0 1.21051033702
37.51 0 1.21051033702
37.52 0 1.21153193718
37.53 0 1.21308049049
37.54 0 1.21553670109
37.55 0 1.21560396844
37.56 0 1.21560396844
37.57 0 1.21694340082
37.58 0 1.21664326716
37.59 0 1.21692522512
37.6 0 1.21665390388
37.61 0 1.21665390388
37.62 0 1.21626170175
37.63 0 1.21626170175
37.64 0 1.2159531326
37.65 0 1.21064137044
37.66 0 1.209829284
37.67 0 1.21438747531
37.68 0 1.21252714891
37.69 0 1.21805682646
37.7 0 1.21869692512
37.71 0 1.22001014058
37.72 0 1.22441340284
37.73 0 1.22542370637
37.74 0 1.22912058079
37.75 0 1.23386196272
37.76 0 1.23671393654
37.77 0 1.23794732804
37.78 0 1.23936799699
37.79 0 1.23936799699
37.8 0 1.23827038159
37.81 0 1.23812444736
37.82 0 1.2379396757
37.83 0 1.23800263427
37.84 0 1.23873345557
37.85 0 1.24030807608
37.86 0 1.24067108761
37.87 0 1.24067108761
37.88 0 1.24088977346
37.89 0 1.24057979406
37.9 0 1.24057979406
37.91 0 1.24045993503
37.92 0 1.23559235258
37.93 0 1.23023673753
37.94 0 1.22931689536
37.95 0 1.22908402772
37.96 0 1.22856682923
37.97 0 1.22782714307
37.98 0 1.22596193237
37.99 0 1.22544636807
38.0 0 1.22239856019
38.01 0 1.21798964342
38.02 0 1.21638075257
38.03 0 1.21562038702
38.04 0 1.21364298482
38.05 0 1.21247212522
38.06 0 1.21191786103
38.07 0 1.20715913549
38.08 0 1.20499202098
38.09 0 1.20482865071
38.1 0 1.20336542759
38.11 0 1.20151230412
38.12 0 1.19999848881
38.13 0 1.19813082694
38.14 0 1.19824221017
38.15 0 1.19845553579
38.16 0 1.19966056164
38.17 0 1.19950826044
38.18 0 1.19954367323
38.19 0 1.20165639022
38.2 0 1.20408137796
38.21 0 1.20623739803
38.22 0 1.20616579741
38.23 0 1.20762779031
38.24 0 1.20933967984
38.25 0 1.2095502032
38.26 0 1.21064584637
38.27 0 1.21208858014
38.28 0 1.21208858014
38.29 0 1.21553731508
38.3 0 1.21746371837
38.31 0 1.2199232409
38.32 0 1.22115550375
38.33 0 1.22091995981
38.34 0 1.22114510784
38.35 0 1.22139582402
38.36 0 1.22099561783
38.37 0 1.22604290263
38.38 0 1.22820277523
38.39 0 1.22820277523
38.4 0 1.22874851336
38.41 0 1.22672592203
38.42 0 1.22672592203
38.43 0 1.22164668009
38.44 0 1.21627034916
38.45 0 1.21231834333
38.46 0 1.21494741559
38.47 0 1.21498505615
38.48 0 1.215039364
38.49 0 1.215039364
38.5 0 1.21868289042
38.51 0 1.21965565022
38.52 0 1.21970928909
38.53 0 1.22128323218
38.54 0 1.22833743415
38.55 0 1.23335113977
38.56 0 1.23542245624
38.57 0 1.2367881445
38.58 0 1.23704684951
38.59 0 1.23715955125
38.6 0 1.23708119155
38.61 0 1.23752455721
38.62 0 1.23804268278
38.63 0 1.23826949565
38.64 0 1.23832612932
38.65 0 1.23866234178
38.66 0 1.23826187555
38.67 0 1.23754455231
38.68 0 1.23761336893
38.69 0 1.23710120923
38.7 0 1.23404251742
38.71 0 1.23198251287
38.72 0 1.23054918349
38.73 0 1.23008038436
38.74 0 1.22970505259
38.75 0 1.22940377216
38.76 0 1.22933933535
38.77 0 1.22883978534
38.78 0 1.22811318599
38.79 0 1.22743472621
38.8 0 1.22247577176
38.81 0 1.21941785389
38.82 0 1.21912778565
38.83 0 1.21702264929
38.84 0 1.21660823079
38.85 0 1.21639503859
38.86 0 1.21522987821
38.87 0 1.21418859615
38.88 0 1.21372784176
38.89 0 1.21287301203
38.9 0 1.21188529281
38.91 0 1.2112428664
38.92 0 1.21134485845
38.93 0 1.21133985786
38.94 0 1.21194528883
38.95 0 1.21192602829
38.96 0 1.21231023346
38.97 0 1.21107451288
38.98 0 1.21103934794
38.99 0 1.21142802147
39.0 0 1.21188412137
