time index height
0.01 0 0.0
0.02 0 0.0280124261033
0.03 0 0.0374489344159
0.04 0 0.0374489344159
0.05 0 0.046018945141
0.06 0 0.0617111063008
0.07 0 0.0704413511749
0.08 0 0.0718874313289
0.09 0 0.0718874313289
0.1 0 0.0704644543872
0.11 0 0.067449435387
0.12 0 0.0518060963597
0.13 0 0.0361472705144
0.14 0 0.030843795503
0.15 0 0.0284496895882
0.16 0 0.028554749743
0.17 0 0.0288675353326
0.18 0 0.0293853909774
0.19 0 0.0299202298701
0.2 0 0.0302422066132
0.21 0 0.0304342116161
0.22 0 0.0315869671137
0.23 0 0.0315869671137
0.24 0 0.0348862886678
0.25 0 0.036842737065
0.26 0 0.0371780991119
0.27 0 0.0381161962635
0.28 0 0.0397039981738
0.29 0 0.0402315464458
0.3 0 0.0406313237317
0.31 0 0.0408960225517
0.32 0 0.0406600103608
0.33 0 0.0404343272016
0.34 0 0.0403587548492
0.35 0 0.0400360145579
0.36 0 0.0396037396231
0.37 0 0.0391561299482
0.38 0 0.0388237465757
0.39 0 0.03861549698
0.4 0 0.0386288319986
0.41 0 0.0382982383614
0.42 0 0.0375091519301
0.43 0 0.037143291839
0.44 0 0.0368738827946
0.45 0 0.0368738827946
0.46 0 0.0375569840756
0.47 0 0.0379872436186
0.48 0 0.0379872436186
0.49 0 0.0383531056777
0.5 0 0.0370976479954
0.51 0 0.0370976479954
0.52 0 0.037049863062
0.53 0 0.0373838030586
0.54 0 0.0377764511926
0.55 0 0.0378155465893
0.56 0 0.0378155465893
0.57 0 0.0394973975937
0.58 0 0.0401569116781
0.59 0 0.0402439098729
0.6 0 0.0402258642069
0.61 0 0.0392968319288
0.62 0 0.039023704729
0.63 0 0.0390583235643
0.64 0 0.0390511009861
0.65 0 0.0398188081797
0.66 0 0.0397881980906
0.67 0 0.0402208797447
0.68 0 0.041127282085
0.69 0 0.0411914645226
0.7 0 0.0418880047142
0.71 0 0.0418880047142
0.72 0 0.0418497356736
0.73 0 0.0420281868391
0.74 0 0.0419234806765
0.75 0 0.0416738267127
0.76 0 0.0416738267127
0.77 0 0.0417266494064
0.78 0 0.0416962018494
0.79 0 0.0410169534601
0.8 0 0.0406167338942
0.81 0 0.0401307178875
0.82 0 0.0397554624775
0.83 0 0.0397554624775
0.84 0 0.0391199576905
0.85 0 0.0388442726356
0.86 0 0.0390119853963
0.87 0 0.0390119853963
0.88 0 0.0411076979589
0.89 0 0.0420662650784
0.9 0 0.0441923786303
0.91 0 0.0456604864888
0.92 0 0.0456987238644
0.93 0 0.0458618385262
0.94 0 0.0493986190935
0.95 0 0.0514593411576
0.96 0 0.0561718831686
0.97 0 0.0575777021525
0.98 0 0.0575777021525
0.99 0 0.0577482527937
1.0 0 0.0564185711999
1.01 0 0.0557447500289
1.02 0 0.0549044853538
1.03 0 0.0545422822966
1.04 0 0.0543858914761
1.05 0 0.0544188932572
1.06 0 0.0544793514233
1.07 0 0.0544793514233
1.08 0 0.0551079241936
1.09 0 0.0553090268454
1.1 0 0.0554510823155
1.11 0 0.0553903995753
1.12 0 0.0557983616218
1.13 0 0.0557983616218
1.14 0 0.0559424180742
1.15 0 0.0559720477586
1.16 0 0.0559167221889
1.17 0 0.0554640433628
1.18 0 0.0546865499092
1.19 0 0.0542755796355
1.2 0 0.0541108676051
1.21 0 0.0544857552459
1.22 0 0.0544857552459
1.23 0 0.055090466865
1.24 0 0.0546495751751
1.25 0 0.0524448793081
1.26 0 0.05258194966
1.27 0 0.054193502246
1.28 0 0.0540969287326
1.29 0 0.0540969287326
1.3 0 0.0532690162059
1.31 0 0.0522204118959
1.32 0 0.0514591386218
1.33 0 0.051446897377
1.34 0 0.0526231276186
1.35 0 0.0545220780804
1.36 0 0.0581934297483
1.37 0 0.0611772664317
1.38 0 0.0635538241373
1.39 0 0.0644332383655
1.4 0 0.0667909694191
1.41 0 0.0675701774499
1.42 0 0.0675809221136
1.43 0 0.0669488318198
1.44 0 0.0661624968209
1.45 0 0.0653338067736
1.46 0 0.0650937254527
1.47 0 0.0650937254527
1.48 0 0.0660244888236
1.49 0 0.0661898474708
1.5 0 0.0656740476621
1.51 0 0.063896688403
1.52 0 0.0618704031165
1.53 0 0.0616354664778
1.54 0 0.0616555780638
1.55 0 0.0627217970136
1.56 0 0.0643292716196
1.57 0 0.0655952276163
1.58 0 0.0667189100527
1.59 0 0.0690821672329
1.6 0 0.0693895167205
1.61 0 0.0709611992187
1.62 0 0.0716226567746
1.63 0 0.0719694729485
1.64 0 0.0720610732108
1.65 0 0.0721490899835
1.66 0 0.0722351615104
1.67 0 0.0722389327175
1.68 0 0.0723604594606
1.69 0 0.0724242213939
1.7 0 0.072531228743
1.71 0 0.0728219067102
1.72 0 0.0728858724122
1.73 0 0.0731263615517
1.74 0 0.0731535605638
1.75 0 0.0733555576217
1.76 0 0.0744590387905
1.77 0 0.0756758912358
1.78 0 0.0768520320518
1.79 0 0.077091696638
1.8 0 0.0786150615518
1.81 0 0.0791641198255
1.82 0 0.0784175937151
1.83 0 0.0772075939207
1.84 0 0.0763000821592
1.85 0 0.0744302131957
1.86 0 0.0741262702224
1.87 0 0.0743893105148
1.88 0 0.0751106094045
1.89 0 0.0759818461616
1.9 0 0.0771210092703
1.91 0 0.0771210092703
1.92 0 0.0785731583774
1.93 0 0.0805428938113
1.94 0 0.0811157547467
1.95 0 0.0824220885444
1.96 0 0.0824220885444
1.97 0 0.0835490266911
1.98 0 0.0842672057989
1.99 0 0.085047540027
2.0 0 0.0859156089272
2.01 0 0.0852747496431
2.02 0 0.0841619403759
2.03 0 0.0828794724458
2.04 0 0.0820731326583
2.05 0 0.08128511198
2.06 0 0.0785295167423
2.07 0 0.0761687974257
2.08 0 0.0758127787603
2.09 0 0.0753257825082
2.1 0 0.075000423842
2.11 0 0.075000423842
2.12 0 0.075447695102
2.13 0 0.0768419873907
2.14 0 0.0807402921467
2.15 0 0.0834345941237
2.16 0 0.0849906075243
2.17 0 0.0862337702014
2.18 0 0.0937909479117
2.19 0 0.0959685236423
2.2 0 0.0959685236423
2.21 0 0.0989214611376
2.22 0 0.0995520431596
2.23 0 0.100531030731
2.24 0 0.101365037871
2.25 0 0.102501779368
2.26 0 0.103946886236
2.27 0 0.10518598928
2.28 0 0.107682662081
2.29 0 0.110101171343
2.3 0 0.111489090364
2.31 0 0.114719139582
2.32 0 0.117187165192
2.33 0 0.119276029316
2.34 0 0.120838114763
2.35 0 0.122585089615
2.36 0 0.12447828901
2.37 0 0.124633496488
2.38 0 0.124666154109
2.39 0 0.124866342523
2.4 0 0.122286564983
2.41 0 0.12040559945
2.42 0 0.12040559945
2.43 0 0.12040559945
2.44 0 0.115745609058
2.45 0 0.114190567104
2.46 0 0.112462679545
2.47 0 0.111207615342
2.48 0 0.111259013634
2.49 0 0.112482069308
2.5 0 0.11418310965
2.51 0 0.115699513237
2.52 0 0.115699513237
2.53 0 0.117037266004
2.54 0 0.115211256928
2.55 0 0.111762287645
2.56 0 0.110561942798
2.57 0 0.110878885991
2.58 0 0.111467249895
2.59 0 0.113071464461
2.6 0 0.115430439871
2.61 0 0.118961494977
2.62 0 0.119472481424
2.63 0 0.124466459228
2.64 0 0.128892435486
2.65 0 0.130767058951
2.66 0 0.132337143278
2.67 0 0.133224509844
2.68 0 0.133219682203
2.69 0 0.13259349089
2.7 0 0.131206092266
2.71 0 0.128770276464
2.72 0 0.1278140745
2.73 0 0.125532325471
2.74 0 0.123936865006
2.75 0 0.122904244425
2.76 0 0.123545196448
2.77 0 0.12455178999
2.78 0 0.124960331873
2.79 0 0.129035129131
2.8 0 0.132001827025
2.81 0 0.134096930688
2.82 0 0.135491920075
2.83 0 0.137910495964
2.84 0 0.140015828498
2.85 0 0.140015828498
2.86 0 0.140307189247
2.87 0 0.141164351097
2.88 0 0.14213357925
2.89 0 0.144077539874
2.9 0 0.145478303691
2.91 0 0.146886425399
2.92 0 0.146992296959
2.93 0 0.146992296959
2.94 0 0.14497101664
2.95 0 0.142992124999
2.96 0 0.142571628698
2.97 0 0.142003644607
2.98 0 0.142003644607
2.99 0 0.141610752376
3.0 0 0.14164363155
3.01 0 0.142644215803
3.02 0 0.145763900317
3.03 0 0.14716763445
3.04 0 0.149179373585
3.05 0 0.150639285416
3.06 0 0.151581254755
3.07 0 0.157299763921
3.08 0 0.159585728382
3.09 0 0.160524152431
3.1 0 0.160524152431
3.11 0 0.166902160243
3.12 0 0.168731825753
3.13 0 0.171004250639
3.14 0 0.171004250639
3.15 0 0.175843302246
3.16 0 0.178108009425
3.17 0 0.179160378257
3.18 0 0.181155777676
3.19 0 0.182700215261
3.2 0 0.182346806282
3.21 0 0.182498862844
3.22 0 0.183026041062
3.23 0 0.183421346783
3.24 0 0.183421346783
3.25 0 0.181567811461
3.26 0 0.180477430886
3.27 0 0.180477430886
3.28 0 0.179831488634
3.29 0 0.179519241171
3.3 0 0.180312628936
3.31 0 0.181456616615
3.32 0 0.182536248897
3.33 0 0.183053343682
3.34 0 0.183492013182
3.35 0 0.183529347813
3.36 0 0.183529347813
3.37 0 0.183529347813
3.38 0 0.185761164767
3.39 0 0.185309935503
3.4 0 0.187205341043
3.41 0 0.188855419318
3.42 0 0.189002776396
3.43 0 0.190855307605
3.44 0 0.191881784059
3.45 0 0.192382152686
3.46 0 0.19267639939
3.47 0 0.192634035042
3.48 0 0.19258097485
3.49 0 0.192717261875
3.5 0 0.192795108886
3.51 0 0.193066124707
3.52 0 0.193726211733
3.53 0 0.195769545922
3.54 0 0.196978907085
3.55 0 0.196111302978
3.56 0 0.193930872844
3.57 0 0.19467794009
3.58 0 0.195702756456
3.59 0 0.195890290955
3.6 0 0.195149924693
3.61 0 0.195149924693
3.62 0 0.195149924693
3.63 0 0.192426327204
3.64 0 0.190759527168
3.65 0 0.190146632656
3.66 0 0.189505671005
3.67 0 0.189181644991
3.68 0 0.189181644991
3.69 0 0.187164093907
3.7 0 0.183258584736
3.71 0 0.182192212213
3.72 0 0.18092319801
3.73 0 0.180805943694
3.74 0 0.180765856185
3.75 0 0.181862802844
3.76 0 0.182254511935
3.77 0 0.18262325971
3.78 0 0.185179401509
3.79 0 0.186665022736
3.8 0 0.186665022736
3.81 0 0.192147042799
3.82 0 0.193370112445
3.83 0 0.193756902267
3.84 0 0.194449984987
3.85 0 0.196536349909
3.86 0 0.197596460082
3.87 0 0.199072372027
3.88 0 0.19840901733
3.89 0 0.199533560095
3.9 0 0.199414861867
3.91 0 0.194188840358
3.92 0 0.191800133965
3.93 0 0.18808958246
3.94 0 0.184946018385
3.95 0 0.183113925678
3.96 0 0.181724227739
3.97 0 0.180981875305
3.98 0 0.179357276012
3.99 0 0.179069772279
4.0 0 0.178748016549
4.01 0 0.179130771267
4.02 0 0.179386202174
4.03 0 0.179883552844
4.04 0 0.178853571374
4.05 0 0.178853571374
4.06 0 0.178853571374
4.07 0 0.17834646215
4.08 0 0.178736654872
4.09 0 0.177633495393
4.1 0 0.17703250969
4.11 0 0.176926876649
4.12 0 0.177736671778
4.13 0 0.177871584969
4.14 0 0.178299515312
4.15 0 0.178517329262
4.16 0 0.179865982238
4.17 0 0.181082825085
4.18 0 0.182140064797
4.19 0 0.182573264444
4.2 0 0.183845366686
4.21 0 0.185327203227
4.22 0 0.187546283211
4.23 0 0.189877194042
4.24 0 0.19030162344
4.25 0 0.19030162344
4.26 0 0.19030162344
4.27 0 0.19167420772
4.28 0 0.193048223083
4.29 0 0.192708000914
4.3 0 0.192559571316
4.31 0 0.191992507265
4.32 0 0.191683049442
4.33 0 0.19108897475
4.34 0 0.187930226106
4.35 0 0.184268708697
4.36 0 0.183221874251
4.37 0 0.181680922835
4.38 0 0.181568832882
4.39 0 0.181475900417
4.4 0 0.180990377789
4.41 0 0.180103761455
4.42 0 0.179821300512
4.43 0 0.17521428045
4.44 0 0.17433494755
4.45 0 0.174475538004
4.46 0 0.174475538004
4.47 0 0.174475538004
4.48 0 0.175845229699
4.49 0 0.175845229699
4.5 0 0.17270450666
4.51 0 0.171472674949
4.52 0 0.169742260829
4.53 0 0.169131030545
4.54 0 0.169014511757
4.55 0 0.169077869687
4.56 0 0.169260511051
4.57 0 0.16982885245
4.58 0 0.16982885245
4.59 0 0.16982885245
4.6 0 0.17270536263
4.61 0 0.173517572913
4.62 0 0.177040005755
4.63 0 0.180708978949
4.64 0 0.182862751424
4.65 0 0.182862751424
4.66 0 0.18966022559
4.67 0 0.191569933663
4.68 0 0.192811438032
4.69 0 0.193409545079
4.7 0 0.193409545079
4.71 0 0.193409545079
4.72 0 0.197198239902
4.73 0 0.197198239902
4.74 0 0.197018886963
4.75 0 0.197614856753
4.76 0 0.198913542827
4.77 0 0.199908927419
4.78 0 0.198022968862
4.79 0 0.197263790548
4.8 0 0.196993209601
4.81 0 0.197502002729
4.82 0 0.197732094235
4.83 0 0.197606939282
4.84 0 0.197977068912
4.85 0 0.197836960688
4.86 0 0.197836960688
4.87 0 0.198336622709
4.88 0 0.199166333834
4.89 0 0.201022228142
4.9 0 0.20141331293
4.91 0 0.204881644474
4.92 0 0.205038405035
4.93 0 0.207715849358
4.94 0 0.209077838986
4.95 0 0.209571536641
4.96 0 0.209004643062
4.97 0 0.208741943922
4.98 0 0.2082673443
4.99 0 0.208565011147
5.0 0 0.207789922967
5.01 0 0.208551463702
5.02 0 0.209745817778
5.03 0 0.209745817778
5.04 0 0.211619816987
5.05 0 0.211962343257
5.06 0 0.211379328223
5.07 0 0.211379328223
5.08 0 0.207595168936
5.09 0 0.207595168936
5.1 0 0.205325639578
5.11 0 0.203829887277
5.12 0 0.203829887277
5.13 0 0.198615634055
5.14 0 0.196674424052
5.15 0 0.194837923014
5.16 0 0.193616296674
5.17 0 0.193228645591
5.18 0 0.191823815419
5.19 0 0.186629593355
5.2 0 0.186156913373
5.21 0 0.183341044575
5.22 0 0.181847782442
5.23 0 0.180696782356
5.24 0 0.178940277839
5.25 0 0.178940277839
5.26 0 0.173134431771
5.27 0 0.171798412481
5.28 0 0.168798062764
5.29 0 0.166546059649
5.3 0 0.164494295414
5.31 0 0.163407589545
5.32 0 0.163762470146
5.33 0 0.16337694851
5.34 0 0.16337694851
5.35 0 0.163446657515
5.36 0 0.16282107724
5.37 0 0.163104094694
5.38 0 0.164124979101
5.39 0 0.166849253494
5.4 0 0.168251575476
5.41 0 0.169480494565
5.42 0 0.16977589225
5.43 0 0.16977589225
5.44 0 0.171607840589
5.45 0 0.170313197331
5.46 0 0.168749875715
5.47 0 0.168670005435
5.48 0 0.16884909541
5.49 0 0.169915962784
5.5 0 0.171393311129
5.51 0 0.171484945045
5.52 0 0.171371755143
5.53 0 0.170721560454
5.54 0 0.170503119997
5.55 0 0.170339708957
5.56 0 0.170306437648
5.57 0 0.169699529301
5.58 0 0.167094508624
5.59 0 0.165135588872
5.6 0 0.163142956872
5.61 0 0.161498187331
5.62 0 0.161498187331
5.63 0 0.161498187331
5.64 0 0.160433709994
5.65 0 0.157692872289
5.66 0 0.157296901604
5.67 0 0.157243565235
5.68 0 0.15642985527
5.69 0 0.155546687927
5.7 0 0.155570725205
5.71 0 0.156231954921
5.72 0 0.158163410022
5.73 0 0.159875694759
5.74 0 0.161824954818
5.75 0 0.162706717066
5.76 0 0.164105999399
5.77 0 0.164930714942
5.78 0 0.165913520376
5.79 0 0.167750373842
5.8 0 0.169097577115
5.81 0 0.169427320845
5.82 0 0.169427320845
5.83 0 0.169452416906
5.84 0 0.170101368708
5.85 0 0.170584139174
5.86 0 0.169953517768
5.87 0 0.16985522681
5.88 0 0.166483869198
5.89 0 0.165244159675
5.9 0 0.163833327059
5.91 0 0.162820228825
5.92 0 0.162008288841
5.93 0 0.160640801115
5.94 0 0.160271521347
5.95 0 0.157708699323
5.96 0 0.156195458459
5.97 0 0.155511133525
5.98 0 0.152726276246
5.99 0 0.147370532516
6.0 0 0.144716387526
6.01 0 0.14290837828
6.02 0 0.142895554126
6.03 0 0.143077983436
6.04 0 0.143435053786
6.05 0 0.143378323398
6.06 0 0.143328477794
6.07 0 0.14341438347
6.08 0 0.143635642079
6.09 0 0.144294786507
6.1 0 0.144294786507
6.11 0 0.146610484865
6.12 0 0.14765366525
6.13 0 0.149040241341
6.14 0 0.150100049097
6.15 0 0.151083110648
6.16 0 0.151889796795
6.17 0 0.152713084961
6.18 0 0.153913388676
6.19 0 0.155305365381
6.2 0 0.158725722608
6.21 0 0.159780678381
6.22 0 0.161081843829
6.23 0 0.161081843829
6.24 0 0.16349994966
6.25 0 0.169837351745
6.26 0 0.170752854819
6.27 0 0.171895029781
6.28 0 0.173217176537
6.29 0 0.173033977288
6.3 0 0.173987067887
6.31 0 0.174766269956
6.32 0 0.176136901081
6.33 0 0.177881446475
6.34 0 0.180113724998
6.35 0 0.180513651784
6.36 0 0.181317082023
6.37 0 0.18219902396
6.38 0 0.183199894636
6.39 0 0.183128970641
6.4 0 0.184543513802
6.41 0 0.185654479125
6.42 0 0.186495485327
6.43 0 0.186463882394
6.44 0 0.18637912106
6.45 0 0.186733221316
6.46 0 0.185132398478
6.47 0 0.184067462127
6.48 0 0.184067462127
6.49 0 0.180341306755
6.5 0 0.180338074506
6.51 0 0.180338074506
6.52 0 0.180249430057
6.53 0 0.17729125606
6.54 0 0.175019094525
6.55 0 0.172832069787
6.56 0 0.170392110888
6.57 0 0.168550921497
6.58 0 0.168225096212
6.59 0 0.168109537443
6.6 0 0.167746601735
6.61 0 0.166817089677
6.62 0 0.164558731431
6.63 0 0.162556476357
6.64 0 0.162350600626
6.65 0 0.162359736689
6.66 0 0.165461784226
6.67 0 0.165461784226
6.68 0 0.166446256332
6.69 0 0.16610846637
6.7 0 0.166356387466
6.71 0 0.166509674856
6.72 0 0.166621065693
6.73 0 0.166778215184
6.74 0 0.166778215184
6.75 0 0.168066696338
6.76 0 0.169116393582
6.77 0 0.169116393582
6.78 0 0.172428116682
6.79 0 0.173208155748
6.8 0 0.173325545774
6.81 0 0.174140774304
6.82 0 0.173887836164
6.83 0 0.173817076207
6.84 0 0.171464503246
6.85 0 0.170915330782
6.86 0 0.16891932609
6.87 0 0.168578108688
6.88 0 0.168438039898
6.89 0 0.168778399784
6.9 0 0.169291926224
6.91 0 0.169798485983
6.92 0 0.171347707618
6.93 0 0.171347707618
6.94 0 0.174098071702
6.95 0 0.173616100162
6.96 0 0.17474126597
6.97 0 0.175046888908
6.98 0 0.17737172787
6.99 0 0.176327381419
7.0 0 0.175614746132
7.01 0 0.17614315784
7.02 0 0.179816062351
7.03 0 0.18019214755
7.04 0 0.182262315652
7.05 0 0.184730096832
7.06 0 0.188322488267
7.07 0 0.183721056974
7.08 0 0.193381578407
7.09 0 0.19111846372
7.1 0 0.192617516052
7.11 0 0.197426200044
7.12 0 0.200594156188
7.13 0 0.199361464671
7.14 0 0.198527492183
7.15 0 0.199085491007
7.16 0 0.20073574225
7.17 0 0.20073574225
7.18 0 0.202698511178
7.19 0 0.202337921806
7.2 0 0.202073422062
7.21 0 0.20087981899
7.22 0 0.201068492441
7.23 0 0.200693307296
7.24 0 0.200730752387
7.25 0 0.199320219969
7.26 0 0.199125512841
7.27 0 0.19757094227
7.28 0 0.197007783771
7.29 0 0.196648095365
7.3 0 0.196610509531
7.31 0 0.196560717239
7.32 0 0.195821100805
7.33 0 0.195049597778
7.34 0 0.194079299524
7.35 0 0.193064760667
7.36 0 0.191315644827
7.37 0 0.189310329674
7.38 0 0.189310329674
7.39 0 0.184186742827
7.4 0 0.182357675032
7.41 0 0.179978856902
7.42 0 0.179119634634
7.43 0 0.179078190105
7.44 0 0.178835492378
7.45 0 0.180977278827
7.46 0 0.180977278827
7.47 0 0.183387978326
7.48 0 0.186436871417
7.49 0 0.187054760951
7.5 0 0.18733052886
7.51 0 0.187192475402
7.52 0 0.186213083445
7.53 0 0.185624387503
7.54 0 0.186623278361
7.55 0 0.187177745929
7.56 0 0.188296381971
7.57 0 0.19007235161
7.58 0 0.192151109425
7.59 0 0.193119973802
7.6 0 0.194043254833
7.61 0 0.19414013051
7.62 0 0.19414013051
7.63 0 0.195027308068
7.64 0 0.195201549746
7.65 0 0.195495519461
7.66 0 0.195495519461
7.67 0 0.195495519461
7.68 0 0.190836260982
7.69 0 0.189554614889
7.7 0 0.189494053042
7.71 0 0.189557509517
7.72 0 0.190204972799
7.73 0 0.191211814161
7.74 0 0.191603130194
7.75 0 0.191918758328
7.76 0 0.192135202505
7.77 0 0.192135202505
7.78 0 0.193205195654
7.79 0 0.191765603447
7.8 0 0.191765603447
7.81 0 0.191765603447
7.82 0 0.190228895375
7.83 0 0.18990227836
7.84 0 0.192951312649
7.85 0 0.19452412787
7.86 0 0.207123225483
7.87 0 0.207123225483
7.88 0 0.208907799513
7.89 0 0.210747254043
7.9 0 0.210858277141
7.91 0 0.210858277141
7.92 0 0.210818127403
7.93 0 0.212956511159
7.94 0 0.212313810232
7.95 0 0.212102923531
7.96 0 0.2125592646
7.97 0 0.213283237255
7.98 0 0.213283237255
7.99 0 0.213898383884
8.0 0 0.214419113789
8.01 0 0.214487893116
8.02 0 0.215006354341
8.03 0 0.215379839406
8.04 0 0.215972353018
8.05 0 0.215937440293
8.06 0 0.216502810179
8.07 0 0.217036909647
8.08 0 0.218258076138
8.09 0 0.217445045678
8.1 0 0.215700169154
8.11 0 0.214094183468
8.12 0 0.21237463232
8.13 0 0.210278087746
8.14 0 0.208445965462
8.15 0 0.207077207626
8.16 0 0.206863876781
8.17 0 0.206992434143
8.18 0 0.207654986805
8.19 0 0.207699582661
8.2 0 0.207699582661
8.21 0 0.20895887247
8.22 0 0.209431369272
8.23 0 0.209052417948
8.24 0 0.210315153815
8.25 0 0.212470364252
8.26 0 0.214433325867
8.27 0 0.214646837829
8.28 0 0.214801831863
8.29 0 0.21422557526
8.3 0 0.214963282942
8.31 0 0.215304356616
8.32 0 0.216774081121
8.33 0 0.21834414747
8.34 0 0.218777505414
8.35 0 0.219392944992
8.36 0 0.220322569139
8.37 0 0.22011083567
8.38 0 0.219676230619
8.39 0 0.221214969915
8.4 0 0.220881968018
8.41 0 0.220518610328
8.42 0 0.220518610328
8.43 0 0.222903755396
8.44 0 0.22357439881
8.45 0 0.224881180569
8.46 0 0.226715381235
8.47 0 0.227598352271
8.48 0 0.227896568291
8.49 0 0.228896286086
8.5 0 0.229425687917
8.51 0 0.229471080575
8.52 0 0.228877526084
8.53 0 0.229217544181
8.54 0 0.228454895078
8.55 0 0.227978317902
8.56 0 0.226012972769
8.57 0 0.225631956832
8.58 0 0.220269749719
8.59 0 0.220545642532
8.6 0 0.218975175328
8.61 0 0.217696442552
8.62 0 0.21712821477
8.63 0 0.221234050324
8.64 0 0.224279901073
8.65 0 0.224339580784
8.66 0 0.231362842413
8.67 0 0.240310154721
8.68 0 0.247041445808
8.69 0 0.248690815911
8.7 0 0.248671834135
8.71 0 0.249133021971
8.72 0 0.249375273157
8.73 0 0.249375273157
8.74 0 0.249655203848
8.75 0 0.249655203848
8.76 0 0.248702879353
8.77 0 0.249277878258
8.78 0 0.248892396136
8.79 0 0.248478706369
8.8 0 0.248454242842
8.81 0 0.248149408954
8.82 0 0.248149408954
8.83 0 0.245980771768
8.84 0 0.245980771768
8.85 0 0.243382014844
8.86 0 0.243074381592
8.87 0 0.241319889692
8.88 0 0.240441631397
8.89 0 0.240027326904
8.9 0 0.240027326904
8.91 0 0.239647813004
8.92 0 0.23851872676
8.93 0 0.238216860169
8.94 0 0.237001230244
8.95 0 0.23536299212
8.96 0 0.230719395951
8.97 0 0.227371658841
8.98 0 0.226961608897
8.99 0 0.226801594964
9.0 0 0.227382592242
9.01 0 0.228970098567
9.02 0 0.23024940888
9.03 0 0.231172966478
9.04 0 0.232265070044
9.05 0 0.232921625542
9.06 0 0.233856115342
9.07 0 0.234391053073
9.08 0 0.237864521316
9.09 0 0.239340045918
9.1 0 0.239452444988
9.11 0 0.240508943141
9.12 0 0.241137526982
9.13 0 0.241936704323
9.14 0 0.241761135743
9.15 0 0.242613137657
9.16 0 0.243704185838
9.17 0 0.244115814496
9.18 0 0.244253098035
9.19 0 0.245374826661
9.2 0 0.245588832522
9.21 0 0.246266278445
9.22 0 0.248342479356
9.23 0 0.248342479356
9.24 0 0.249148850162
9.25 0 0.249148850162
9.26 0 0.25151675047
9.27 0 0.250268324793
9.28 0 0.251773972105
9.29 0 0.252308988641
9.3 0 0.252117228244
9.31 0 0.251495495534
9.32 0 0.25126502427
9.33 0 0.250120662155
9.34 0 0.244895146743
9.35 0 0.243824903266
9.36 0 0.241469494699
9.37 0 0.242179703858
9.38 0 0.243385467491
9.39 0 0.243863084699
9.4 0 0.245924918172
9.41 0 0.247666464906
9.42 0 0.248282765205
9.43 0 0.249753623188
9.44 0 0.251972512927
9.45 0 0.251972512927
9.46 0 0.258421898529
9.47 0 0.258634089974
9.48 0 0.259931872044
9.49 0 0.263409325904
9.5 0 0.267985501247
9.51 0 0.268264393188
9.52 0 0.268264393188
9.53 0 0.261085278331
9.54 0 0.257427033384
9.55 0 0.256937414147
9.56 0 0.256067867225
9.57 0 0.256067867225
9.58 0 0.251765850177
9.59 0 0.246367250638
9.6 0 0.244342343173
9.61 0 0.243524689662
9.62 0 0.242918705043
9.63 0 0.242384967958
9.64 0 0.241615571777
9.65 0 0.241155510715
9.66 0 0.240926262794
9.67 0 0.240699292419
9.68 0 0.240699292419
9.69 0 0.241379550874
9.7 0 0.241391497088
9.71 0 0.241391497088
9.72 0 0.241842741618
9.73 0 0.241867948444
9.74 0 0.242350120546
9.75 0 0.242638926682
9.76 0 0.242705634307
9.77 0 0.243097481467
9.78 0 0.243477290382
9.79 0 0.243336228186
9.8 0 0.243723333189
9.81 0 0.243679915149
9.82 0 0.245670859142
9.83 0 0.245670859142
9.84 0 0.248171565379
9.85 0 0.249406522782
9.86 0 0.249917680399
9.87 0 0.251795058974
9.88 0 0.251764899479
9.89 0 0.252644272194
9.9 0 0.253289864018
9.91 0 0.25363609057
9.92 0 0.256020551554
9.93 0 0.256471140365
9.94 0 0.256642961334
9.95 0 0.256610197397
9.96 0 0.259877095474
9.97 0 0.260805553483
9.98 0 0.262764091631
9.99 0 0.264842929499
10.0 0 0.265898122766
10.01 0 0.267366651865
10.02 0 0.26930331916
10.03 0 0.26930331916
10.04 0 0.270790382858
10.05 0 0.270832348253
10.06 0 0.271713112643
10.07 0 0.271547165374
10.08 0 0.273551728384
10.09 0 0.273269672351
10.1 0 0.273941968748
10.11 0 0.274253543975
10.12 0 0.275483322845
10.13 0 0.275425356742
10.14 0 0.275185506495
10.15 0 0.275082274274
10.16 0 0.271025026425
10.17 0 0.268868923462
10.18 0 0.268868923462
10.19 0 0.268494379703
10.2 0 0.269771551875
10.21 0 0.270042606662
10.22 0 0.27033152817
10.23 0 0.27033152817
10.24 0 0.274490232478
10.25 0 0.27657787187
10.26 0 0.280033178682
10.27 0 0.281652425876
10.28 0 0.282519875227
10.29 0 0.283188739123
10.3 0 0.284314862954
10.31 0 0.284218527361
10.32 0 0.284605594294
10.33 0 0.28319549181
10.34 0 0.283267958334
10.35 0 0.283199289388
10.36 0 0.283324170278
10.37 0 0.283417861643
10.38 0 0.28349198557
10.39 0 0.282202343876
10.4 0 0.281186397394
10.41 0 0.280660183635
10.42 0 0.280796256655
10.43 0 0.281091577956
10.44 0 0.281091577956
10.45 0 0.282555643741
10.46 0 0.282555643741
10.47 0 0.279344183478
10.48 0 0.275676492723
10.49 0 0.270317879935
10.5 0 0.268216783135
10.51 0 0.267764590067
10.52 0 0.266780923349
10.53 0 0.266607067476
10.54 0 0.266607067476
10.55 0 0.267793433682
10.56 0 0.268088666251
10.57 0 0.26763613538
10.58 0 0.26815650907
10.59 0 0.269274062971
10.6 0 0.270427765895
10.61 0 0.270427765895
10.62 0 0.272307836394
10.63 0 0.272469176063
10.64 0 0.272469176063
10.65 0 0.273460287295
10.66 0 0.274946547168
10.67 0 0.275950879683
10.68 0 0.276115723367
10.69 0 0.276435385697
10.7 0 0.277903178273
10.71 0 0.278933684213
10.72 0 0.280077643948
10.73 0 0.280098371533
10.74 0 0.279933220156
10.75 0 0.281640888097
10.76 0 0.28246200239
10.77 0 0.282997304756
10.78 0 0.284590385401
10.79 0 0.285787866061
10.8 0 0.286967592192
10.81 0 0.289972642064
10.82 0 0.290848731465
10.83 0 0.293621010537
10.84 0 0.29649587482
10.85 0 0.298299226604
10.86 0 0.298831846914
10.87 0 0.298831846914
10.88 0 0.300703368333
10.89 0 0.300619512459
10.9 0 0.300274265568
10.91 0 0.300796429841
10.92 0 0.302672412648
10.93 0 0.302045588513
10.94 0 0.301438426353
10.95 0 0.299843121712
10.96 0 0.299788038495
10.97 0 0.300320586478
10.98 0 0.301910640179
10.99 0 0.301175275143
11.0 0 0.301175275143
11.01 0 0.301849122638
11.02 0 0.303661903243
11.03 0 0.304391291828
11.04 0 0.305426742722
11.05 0 0.307490573097
11.06 0 0.307889532122
11.07 0 0.308157729251
11.08 0 0.308350516668
11.09 0 0.308505175431
11.1 0 0.308679344467
11.11 0 0.308637614558
11.12 0 0.308872484528
11.13 0 0.309090691552
11.14 0 0.309338832613
11.15 0 0.309338832613
11.16 0 0.309740995188
11.17 0 0.308760417677
11.18 0 0.30644476427
11.19 0 0.304114520853
11.2 0 0.304114520853
11.21 0 0.300275943297
11.22 0 0.300845155351
11.23 0 0.301009606817
11.24 0 0.301428916674
11.25 0 0.301521424337
11.26 0 0.301329667127
11.27 0 0.301189196099
11.28 0 0.301189196099
11.29 0 0.301165653001
11.3 0 0.300704709444
11.31 0 0.300842872723
11.32 0 0.300842872723
11.33 0 0.300957769934
11.34 0 0.301605244511
11.35 0 0.301605244511
11.36 0 0.303161343353
11.37 0 0.304395982652
11.38 0 0.303824721042
11.39 0 0.303902401101
11.4 0 0.304911280719
11.41 0 0.304911280719
11.42 0 0.305526830381
11.43 0 0.305640965462
11.44 0 0.307289479624
11.45 0 0.308119400135
11.46 0 0.308339236466
11.47 0 0.309858537694
11.48 0 0.3100493659
11.49 0 0.310483070538
11.5 0 0.310483070538
11.51 0 0.312679919642
11.52 0 0.314144395529
11.53 0 0.314098209281
11.54 0 0.314046269158
11.55 0 0.313965447959
11.56 0 0.313546499756
11.57 0 0.314803180176
11.58 0 0.314965507567
11.59 0 0.31697513327
11.6 0 0.317411108923
11.61 0 0.318488710219
11.62 0 0.319270855186
11.63 0 0.321826068308
11.64 0 0.322205412382
11.65 0 0.324314057344
11.66 0 0.323951684018
11.67 0 0.32552349482
11.68 0 0.32552349482
11.69 0 0.32552349482
11.7 0 0.32445597302
11.71 0 0.324010835814
11.72 0 0.32263162277
11.73 0 0.322428837566
11.74 0 0.322428837566
11.75 0 0.323012454492
11.76 0 0.324226459451
11.77 0 0.326164414564
11.78 0 0.325962692472
11.79 0 0.331246595076
11.8 0 0.329880980311
11.81 0 0.330282101313
11.82 0 0.330342886923
11.83 0 0.332222202597
11.84 0 0.332485384893
11.85 0 0.335654300468
11.86 0 0.336362898151
11.87 0 0.338095297521
11.88 0 0.338229041001
11.89 0 0.338184169261
11.9 0 0.338187159064
11.91 0 0.336745308595
11.92 0 0.336788397352
11.93 0 0.336947278393
11.94 0 0.336876784878
11.95 0 0.336876517295
11.96 0 0.336876517295
11.97 0 0.334962803227
11.98 0 0.334123257086
11.99 0 0.332790865813
12.0 0 0.332913228547
12.01 0 0.3323739717
12.02 0 0.332344912059
12.03 0 0.334010508651
12.04 0 0.334679081118
12.05 0 0.336529280719
12.06 0 0.335582742839
12.07 0 0.335018339221
12.08 0 0.334348255098
12.09 0 0.333912441423
12.1 0 0.333457367871
12.11 0 0.333544023786
12.12 0 0.332983853869
12.13 0 0.332192172188
12.14 0 0.332135950048
12.15 0 0.332135950048
12.16 0 0.333843567317
12.17 0 0.334448530712
12.18 0 0.334448530712
12.19 0 0.335021201929
12.2 0 0.335188813261
12.21 0 0.33540460344
12.22 0 0.335863513805
12.23 0 0.336694530308
12.24 0 0.336694530308
12.25 0 0.338677937088
12.26 0 0.339486108279
12.27 0 0.339486108279
12.28 0 0.339497371661
12.29 0 0.339497371661
12.3 0 0.339716739902
12.31 0 0.339886226254
12.32 0 0.340586037057
12.33 0 0.340970993613
12.34 0 0.342138209271
12.35 0 0.342949049899
12.36 0 0.343689594547
12.37 0 0.344317781804
12.38 0 0.346085784537
12.39 0 0.345242138311
12.4 0 0.345384708122
12.41 0 0.347260064377
12.42 0 0.348118625508
12.43 0 0.3488213825
12.44 0 0.34898844681
12.45 0 0.34904003249
12.46 0 0.351040727707
12.47 0 0.351113419216
12.48 0 0.351244999626
12.49 0 0.35015865254
12.5 0 0.35015865254
12.51 0 0.344464243898
12.52 0 0.340661072724
12.53 0 0.341499192844
12.54 0 0.337730889151
12.55 0 0.343588298456
12.56 0 0.341366213693
12.57 0 0.337700539363
12.58 0 0.342063306091
12.59 0 0.341759253127
12.6 0 0.351109344173
12.61 0 0.368516837433
12.62 0 0.370138828593
12.63 0 0.371149676016
12.64 0 0.371349267748
12.65 0 0.371349267748
12.66 0 0.370841251505
12.67 0 0.369651190779
12.68 0 0.369550532358
12.69 0 0.369089946949
12.7 0 0.370112157388
12.71 0 0.369878139061
12.72 0 0.369619598931
12.73 0 0.369548685382
12.74 0 0.36966840907
12.75 0 0.369184942285
12.76 0 0.369159289999
12.77 0 0.369049293625
12.78 0 0.368904494101
12.79 0 0.36621085647
12.8 0 0.366049629393
12.81 0 0.36555727871
12.82 0 0.364228431855
12.83 0 0.362571002631
12.84 0 0.360961691988
12.85 0 0.359734908961
12.86 0 0.359738210392
12.87 0 0.3591026
12.88 0 0.358481218285
12.89 0 0.358481218285
12.9 0 0.35814343674
12.91 0 0.358507269457
12.92 0 0.358363039483
12.93 0 0.357986347492
12.94 0 0.357966026282
12.95 0 0.357970051365
12.96 0 0.357967417303
12.97 0 0.357865702456
12.98 0 0.358324346128
12.99 0 0.35837051626
13.0 0 0.358711306391
13.01 0 0.358696975284
13.02 0 0.358420981773
13.03 0 0.35837169006
13.04 0 0.359337993485
13.05 0 0.360625017429
13.06 0 0.360625017429
13.07 0 0.364115287781
13.08 0 0.364534469609
13.09 0 0.365299901733
13.1 0 0.366044870125
13.11 0 0.365729852184
13.12 0 0.367068947525
13.13 0 0.368221452197
13.14 0 0.369319853843
13.15 0 0.368936339456
13.16 0 0.370679494042
13.17 0 0.371255762521
13.18 0 0.373298476826
13.19 0 0.374115861942
13.2 0 0.37541611151
13.21 0 0.376891289632
13.22 0 0.377295045223
13.23 0 0.379061556712
13.24 0 0.379061556712
13.25 0 0.381454585432
13.26 0 0.380720635763
13.27 0 0.380323194344
13.28 0 0.378192261249
13.29 0 0.377570902728
13.3 0 0.377039023991
13.31 0 0.376588621555
13.32 0 0.37514774385
13.33 0 0.376131836872
13.34 0 0.375095543282
13.35 0 0.377514969984
13.36 0 0.383422882634
13.37 0 0.382111818323
13.38 0 0.37819019436
13.39 0 0.37819019436
13.4 0 0.382066481098
13.41 0 0.382066481098
13.42 0 0.388525741457
13.43 0 0.389271302
13.44 0 0.389271302
13.45 0 0.391876509135
13.46 0 0.392463906505
13.47 0 0.392520504604
13.48 0 0.392875218275
13.49 0 0.393161983097
13.5 0 0.393287045666
13.51 0 0.393565841046
13.52 0 0.393544723384
13.53 0 0.393920775863
13.54 0 0.393831484452
13.55 0 0.393549770433
13.56 0 0.392848961282
13.57 0 0.393406144804
13.58 0 0.393760030952
13.59 0 0.392094995687
13.6 0 0.388034515828
13.61 0 0.388034515828
13.62 0 0.380695373224
13.63 0 0.377079975246
13.64 0 0.372093069664
13.65 0 0.368716213015
13.66 0 0.366243983908
13.67 0 0.365216091976
13.68 0 0.364968257954
13.69 0 0.364499496364
13.7 0 0.364232852791
13.71 0 0.364820199404
13.72 0 0.364861455666
13.73 0 0.365209363031
13.74 0 0.365089270048
13.75 0 0.364820562528
13.76 0 0.363626510915
13.77 0 0.363933927252
13.78 0 0.365438420948
13.79 0 0.365710466425
13.8 0 0.366100499186
13.81 0 0.366631861364
13.82 0 0.366631861364
13.83 0 0.368386179723
13.84 0 0.369079639952
13.85 0 0.369705254937
13.86 0 0.370236347364
13.87 0 0.370948339469
13.88 0 0.371185851
13.89 0 0.371313895833
13.9 0 0.372046453901
13.91 0 0.373155410486
13.92 0 0.373909767418
13.93 0 0.374829878696
13.94 0 0.374829878696
13.95 0 0.377279256485
13.96 0 0.378891852096
13.97 0 0.37950680186
13.98 0 0.380749965705
13.99 0 0.38042815087
14.0 0 0.383979532655
14.01 0 0.384013692935
14.02 0 0.384449700676
14.03 0 0.384342532283
14.04 0 0.384741360421
14.05 0 0.384520632293
14.06 0 0.383900902897
14.07 0 0.384328763914
14.08 0 0.384557459538
14.09 0 0.38426850752
14.1 0 0.384688638561
14.11 0 0.384208647907
14.12 0 0.384181391718
14.13 0 0.383845059982
14.14 0 0.385226926454
14.15 0 0.386446551644
14.16 0 0.388613419352
14.17 0 0.388949791914
14.18 0 0.391327059229
14.19 0 0.392322964706
14.2 0 0.393009687676
14.21 0 0.396132260568
14.22 0 0.396115119908
14.23 0 0.396310931937
14.24 0 0.396698620123
14.25 0 0.396698620123
14.26 0 0.397611169048
14.27 0 0.398145292778
14.28 0 0.398296384849
14.29 0 0.398366566802
14.3 0 0.398821789918
14.31 0 0.399083249086
14.32 0 0.398933402235
14.33 0 0.398984005622
14.34 0 0.397996212564
14.35 0 0.39709421457
14.36 0 0.395595280875
14.37 0 0.396091955537
14.38 0 0.39553939733
14.39 0 0.395443293201
14.4 0 0.395443293201
14.41 0 0.389726668883
14.42 0 0.387280484803
14.43 0 0.386094410175
14.44 0 0.383879881752
14.45 0 0.381269995276
14.46 0 0.381109914117
14.47 0 0.380741743446
14.48 0 0.380454587519
14.49 0 0.381283649376
14.5 0 0.381070465341
14.51 0 0.381083130114
14.52 0 0.381613832136
14.53 0 0.382020027311
14.54 0 0.381202452678
14.55 0 0.381106459677
14.56 0 0.381066016181
14.57 0 0.382091276572
14.58 0 0.383604229972
14.59 0 0.383617848046
14.6 0 0.384823528986
14.61 0 0.385543879554
14.62 0 0.386697590676
14.63 0 0.387083276889
14.64 0 0.386978485086
14.65 0 0.387482833128
14.66 0 0.388090605959
14.67 0 0.388655408976
14.68 0 0.388655408976
14.69 0 0.38917324658
14.7 0 0.389472556384
14.71 0 0.390484222164
14.72 0 0.390921289574
14.73 0 0.392090411386
14.74 0 0.393369941423
14.75 0 0.395811207642
14.76 0 0.397216660974
14.77 0 0.397706382864
14.78 0 0.395324925738
14.79 0 0.396717105849
14.8 0 0.399218325393
14.81 0 0.399965528998
14.82 0 0.401239388539
14.83 0 0.401722203826
14.84 0 0.402086985394
14.85 0 0.401305970839
14.86 0 0.400928684281
14.87 0 0.400171747249
14.88 0 0.400238652054
14.89 0 0.400238652054
14.9 0 0.401189491979
14.91 0 0.401926153091
14.92 0 0.40426949698
14.93 0 0.406268519241
14.94 0 0.40979851813
14.95 0 0.411678776087
14.96 0 0.414822752085
14.97 0 0.416866143737
14.98 0 0.418345356811
14.99 0 0.418712602965
15.0 0 0.41911790255
15.01 0 0.419154808937
15.02 0 0.418460722244
15.03 0 0.419377889468
15.04 0 0.419662180627
15.05 0 0.420576885707
15.06 0 0.42175955612
15.07 0 0.422178336801
15.08 0 0.422178336801
15.09 0 0.420722462407
15.1 0 0.420876008313
15.11 0 0.418172742169
15.12 0 0.41789735395
15.13 0 0.41789735395
15.14 0 0.413697317279
15.15 0 0.411536865347
15.16 0 0.411536865347
15.17 0 0.410381380139
15.18 0 0.411535270792
15.19 0 0.410756239838
15.2 0 0.409008250265
15.21 0 0.407056658408
15.22 0 0.40553219926
15.23 0 0.404539461863
15.24 0 0.404539461863
15.25 0 0.403599375864
15.26 0 0.4037452577
15.27 0 0.403785531833
15.28 0 0.404106454699
15.29 0 0.404369259285
15.3 0 0.405105293603
15.31 0 0.405310269584
15.32 0 0.40643150111
15.33 0 0.406951404378
15.34 0 0.408640367408
15.35 0 0.41000291329
15.36 0 0.411269734252
15.37 0 0.411427953
15.38 0 0.411736429581
15.39 0 0.412386849458
15.4 0 0.412386849458
15.41 0 0.413627092904
15.42 0 0.413705940683
15.43 0 0.413193278004
15.44 0 0.413248313639
15.45 0 0.414243304588
15.46 0 0.414334134225
15.47 0 0.414562450549
15.48 0 0.414562450549
15.49 0 0.416225511272
15.5 0 0.415948301488
15.51 0 0.416328637001
15.52 0 0.418424680853
15.53 0 0.419222516338
15.54 0 0.422678414389
15.55 0 0.424542633984
15.56 0 0.425220313274
15.57 0 0.423451785445
15.58 0 0.423302413294
15.59 0 0.423580268703
15.6 0 0.423748245017
15.61 0 0.42418638847
15.62 0 0.424328205526
15.63 0 0.424675821624
15.64 0 0.424675821624
15.65 0 0.422953698444
15.66 0 0.42218948054
15.67 0 0.421702445664
15.68 0 0.423259259747
15.69 0 0.423635369841
15.7 0 0.42969919262
15.71 0 0.430888031783
15.72 0 0.432194215613
15.73 0 0.433201514594
15.74 0 0.434575297744
15.75 0 0.436543231067
15.76 0 0.437695926515
15.77 0 0.43788504313
15.78 0 0.439877126648
15.79 0 0.440860531285
15.8 0 0.441450792308
15.81 0 0.443279819781
15.82 0 0.443501627408
15.83 0 0.444412092864
15.84 0 0.44470663922
15.85 0 0.445179643151
15.86 0 0.445268373225
15.87 0 0.444931336731
15.88 0 0.444797012377
15.89 0 0.445007956989
15.9 0 0.445948921655
15.91 0 0.447995723454
15.92 0 0.448613792973
15.93 0 0.448435413558
15.94 0 0.447992216102
15.95 0 0.447888234573
15.96 0 0.447621086523
15.97 0 0.44510634939
15.98 0 0.444172922429
15.99 0 0.443154952867
16.0 0 0.442103209616
16.01 0 0.442306362717
16.02 0 0.442907437434
16.03 0 0.443809780192
16.04 0 0.443715541765
16.05 0 0.443577027267
16.06 0 0.442353148355
16.07 0 0.442545770825
16.08 0 0.442545770825
16.09 0 0.442667439928
16.1 0 0.443300467877
16.11 0 0.443992776014
16.12 0 0.444876668662
16.13 0 0.444876668662
16.14 0 0.447372528662
16.15 0 0.447591053291
16.16 0 0.447829786708
16.17 0 0.448157645983
16.18 0 0.448739262607
16.19 0 0.448739262607
16.2 0 0.449634788039
16.21 0 0.448828942229
16.22 0 0.448749098581
16.23 0 0.449168512719
16.24 0 0.449168512719
16.25 0 0.450199377657
16.26 0 0.450295094149
16.27 0 0.450730353158
16.28 0 0.450950431224
16.29 0 0.452348923413
16.3 0 0.45402698011
16.31 0 0.454157255167
16.32 0 0.456065244102
16.33 0 0.456340235916
16.34 0 0.457410720627
16.35 0 0.457105112242
16.36 0 0.457028958061
16.37 0 0.455504688254
16.38 0 0.455504688254
16.39 0 0.454541187793
16.4 0 0.453579770007
16.41 0 0.453379717924
16.42 0 0.451304094731
16.43 0 0.450836231272
16.44 0 0.449817623334
16.45 0 0.450917050306
16.46 0 0.449387063537
16.47 0 0.450110772405
16.48 0 0.452868062057
16.49 0 0.455388776102
16.5 0 0.450168263953
16.51 0 0.458091207229
16.52 0 0.468772560827
16.53 0 0.473400069362
16.54 0 0.474128661797
16.55 0 0.475036786161
16.56 0 0.47563337584
16.57 0 0.475626822844
16.58 0 0.476745316876
16.59 0 0.477598156626
16.6 0 0.479887648317
16.61 0 0.4805387331
16.62 0 0.482539310728
16.63 0 0.484240264361
16.64 0 0.485728978616
16.65 0 0.486247546198
16.66 0 0.486414796321
16.67 0 0.486414796321
16.68 0 0.485977847411
16.69 0 0.487081727055
16.7 0 0.489477268678
16.71 0 0.490993377852
16.72 0 0.49147756359
16.73 0 0.492083231185
16.74 0 0.491729842912
16.75 0 0.489176516034
16.76 0 0.487345506619
16.77 0 0.484156674416
16.78 0 0.481492100138
16.79 0 0.480438140795
16.8 0 0.478098243675
16.81 0 0.477117387988
16.82 0 0.476966824786
16.83 0 0.476966824786
16.84 0 0.474450084925
16.85 0 0.474450084925
16.86 0 0.473738102032
16.87 0 0.473655589927
16.88 0 0.473655589927
16.89 0 0.475602180248
16.9 0 0.475743973338
16.91 0 0.475879438146
16.92 0 0.47689327886
16.93 0 0.477807133333
16.94 0 0.478359839698
16.95 0 0.479737472953
16.96 0 0.479633027457
16.97 0 0.480032635404
16.98 0 0.480032635404
16.99 0 0.480086416898
17.0 0 0.48128136268
17.01 0 0.482417787776
17.02 0 0.482938584117
17.03 0 0.483756962196
17.04 0 0.484534622002
17.05 0 0.485087109843
17.06 0 0.485157172755
17.07 0 0.485757247134
17.08 0 0.486263142839
17.09 0 0.488887421043
17.1 0 0.490141871514
17.11 0 0.490141871514
17.12 0 0.492904466259
17.13 0 0.493530561802
17.14 0 0.492420860814
17.15 0 0.490494872519
17.16 0 0.491387070582
17.17 0 0.494343295512
17.18 0 0.494226230738
17.19 0 0.494226230738
17.2 0 0.492861460802
17.21 0 0.493525293049
17.22 0 0.493525293049
17.23 0 0.494065383344
17.24 0 0.494632551229
17.25 0 0.495020212261
17.26 0 0.496490256867
17.27 0 0.497764650663
17.28 0 0.498823853753
17.29 0 0.498682780938
17.3 0 0.500410274101
17.31 0 0.50150701081
17.32 0 0.503630208801
17.33 0 0.505542170147
17.34 0 0.506470393349
17.35 0 0.506395590778
17.36 0 0.508554089453
17.37 0 0.508395085564
17.38 0 0.510142205744
17.39 0 0.511204094954
17.4 0 0.5120842661
17.41 0 0.5120842661
17.42 0 0.514951984074
17.43 0 0.516659236767
17.44 0 0.516933199992
17.45 0 0.517067900477
17.46 0 0.518087584785
17.47 0 0.51851430692
17.48 0 0.518274628841
17.49 0 0.517866268912
17.5 0 0.516464288551
17.51 0 0.51695714134
17.52 0 0.516929060936
17.53 0 0.516929060936
17.54 0 0.515788840461
17.55 0 0.514696899645
17.56 0 0.512584576669
17.57 0 0.511624574155
17.58 0 0.51093551905
17.59 0 0.51093551905
17.6 0 0.508031941866
17.61 0 0.506569744251
17.62 0 0.506119215211
17.63 0 0.505633840644
17.64 0 0.505258749617
17.65 0 0.505771907824
17.66 0 0.505571611118
17.67 0 0.506026599911
17.68 0 0.506043351234
17.69 0 0.509501758126
17.7 0 0.510707993867
17.71 0 0.511616015048
17.72 0 0.511695956245
17.73 0 0.511427977818
17.74 0 0.511494358379
17.75 0 0.511796364923
17.76 0 0.51190562243
17.77 0 0.511838645973
17.78 0 0.512496456109
17.79 0 0.513266842361
17.8 0 0.515007039528
17.81 0 0.516279967135
17.82 0 0.516205939296
17.83 0 0.516123544587
17.84 0 0.517125954914
17.85 0 0.518607712972
17.86 0 0.519986627096
17.87 0 0.520725758001
17.88 0 0.521639854299
17.89 0 0.521435315002
17.9 0 0.521435315002
17.91 0 0.524638534343
17.92 0 0.525460787469
17.93 0 0.525840832799
17.94 0 0.527816504721
17.95 0 0.527230894044
17.96 0 0.526172704525
17.97 0 0.525905507224
17.98 0 0.525988035134
17.99 0 0.524158268408
18.0 0 0.521558944986
18.01 0 0.520287241132
18.02 0 0.514837636401
18.03 0 0.514115930138
18.04 0 0.514115930138
18.05 0 0.517370281614
18.06 0 0.524132759653
18.07 0 0.533872923475
18.08 0 0.538817117303
18.09 0 0.540537593049
18.1 0 0.541572686743
18.11 0 0.541858347185
18.12 0 0.542312162602
18.13 0 0.540825866817
18.14 0 0.540825866817
18.15 0 0.543407217588
18.16 0 0.543480405354
18.17 0 0.544643821227
18.18 0 0.546608427314
18.19 0 0.547344752042
18.2 0 0.547527863621
18.21 0 0.547326701241
18.22 0 0.547237853572
18.23 0 0.547633588905
18.24 0 0.547833749546
18.25 0 0.548041824149
18.26 0 0.547718542353
18.27 0 0.547291833951
18.28 0 0.546313523766
18.29 0 0.545707900833
18.3 0 0.546667428649
18.31 0 0.54796536234
18.32 0 0.54796536234
18.33 0 0.549490654867
18.34 0 0.548483999415
18.35 0 0.549415570513
18.36 0 0.54999777736
18.37 0 0.550655231732
18.38 0 0.549784907539
18.39 0 0.548166855403
18.4 0 0.545227504182
18.41 0 0.541821567193
18.42 0 0.536569689776
18.43 0 0.535581729896
18.44 0 0.535201360527
18.45 0 0.535168860696
18.46 0 0.535241951441
18.47 0 0.535258139758
18.48 0 0.535735209347
18.49 0 0.536058612607
18.5 0 0.536497203144
18.51 0 0.536937398494
18.52 0 0.538018877643
18.53 0 0.537992051021
18.54 0 0.538010861656
18.55 0 0.538112337733
18.56 0 0.537849197135
18.57 0 0.537947102311
18.58 0 0.538844797404
18.59 0 0.539165142493
18.6 0 0.540076015765
18.61 0 0.54063384467
18.62 0 0.53924235147
18.63 0 0.540247282445
18.64 0 0.54238201543
18.65 0 0.543115872765
18.66 0 0.543677646183
18.67 0 0.54467649301
18.68 0 0.546880221325
18.69 0 0.548437513703
18.7 0 0.548437513703
18.71 0 0.547748691374
18.72 0 0.546468559631
18.73 0 0.545265408292
18.74 0 0.545152223399
18.75 0 0.545453656293
18.76 0 0.545333284792
18.77 0 0.545333284792
18.78 0 0.547314294064
18.79 0 0.546467897066
18.8 0 0.546467897066
18.81 0 0.539801432568
18.82 0 0.539652213197
18.83 0 0.547413428897
18.84 0 0.551899816088
18.85 0 0.561581971518
18.86 0 0.563211321576
18.87 0 0.564578894234
18.88 0 0.565704839087
18.89 0 0.566443817778
18.9 0 0.567301766711
18.91 0 0.568571846897
18.92 0 0.568671060162
18.93 0 0.569089299981
18.94 0 0.569267944546
18.95 0 0.56919456888
18.96 0 0.56975882598
18.97 0 0.56975882598
18.98 0 0.572141335412
18.99 0 0.576789797754
19.0 0 0.576950952212
19.01 0 0.576977485203
19.02 0 0.577418285565
19.03 0 0.57751413251
19.04 0 0.578928580329
19.05 0 0.579291314897
19.06 0 0.579046240067
19.07 0 0.578863725417
19.08 0 0.579179296332
19.09 0 0.577785996975
19.1 0 0.578399897729
19.11 0 0.579446364365
19.12 0 0.57930592354
19.13 0 0.578489427458
19.14 0 0.576332521891
19.15 0 0.575037111668
19.16 0 0.570585542453
19.17 0 0.569954214581
19.18 0 0.570004680335
19.19 0 0.569644583319
19.2 0 0.568894837424
19.21 0 0.568718738225
19.22 0 0.56891542211
19.23 0 0.569458524711
19.24 0 0.56973774512
19.25 0 0.571160446636
19.26 0 0.571918676467
19.27 0 0.571507790331
19.28 0 0.571984762046
19.29 0 0.572785478966
19.3 0 0.572816301769
19.31 0 0.572816301769
19.32 0 0.573306751832
19.33 0 0.573320432783
19.34 0 0.57406641665
19.35 0 0.57406641665
19.36 0 0.575609209726
19.37 0 0.576896851318
19.38 0 0.576783784743
19.39 0 0.576783784743
19.4 0 0.576471475923
19.41 0 0.576262070244
19.42 0 0.576477904808
19.43 0 0.578318222323
19.44 0 0.580718223711
19.45 0 0.579807663628
19.46 0 0.580254016476
19.47 0 0.581823994414
19.48 0 0.583197121117
19.49 0 0.586395630185
19.5 0 0.587049568772
19.51 0 0.586817363762
19.52 0 0.589134677907
19.53 0 0.590721774241
19.54 0 0.590721774241
19.55 0 0.592752615258
19.56 0 0.592298992995
19.57 0 0.59058353071
19.58 0 0.590571546542
19.59 0 0.590044162822
19.6 0 0.585472873203
19.61 0 0.57872449898
19.62 0 0.592267294974
19.63 0 0.592863649468
19.64 0 0.594147869615
19.65 0 0.594387815769
19.66 0 0.595652012974
19.67 0 0.596571325964
19.68 0 0.596924677265
19.69 0 0.598374175788
19.7 0 0.59891850846
19.71 0 0.598370074669
19.72 0 0.598109090662
19.73 0 0.597789166408
19.74 0 0.600526407194
19.75 0 0.600526407194
19.76 0 0.606434332334
19.77 0 0.61115619181
19.78 0 0.612178657675
19.79 0 0.61274152412
19.8 0 0.612805956219
19.81 0 0.612160825905
19.82 0 0.611917817694
19.83 0 0.612128925347
19.84 0 0.611973067336
19.85 0 0.611793515972
19.86 0 0.611480402642
19.87 0 0.611864636167
19.88 0 0.611779982495
19.89 0 0.610740214933
19.9 0 0.609288143605
19.91 0 0.606332157335
19.92 0 0.605989566453
19.93 0 0.604522417231
19.94 0 0.603169355353
19.95 0 0.602590592789
19.96 0 0.602166214547
19.97 0 0.602067588858
19.98 0 0.601916393062
19.99 0 0.601515498318
20.0 0 0.601724299013
20.01 0 0.602128784068
20.02 0 0.602526757643
20.03 0 0.603306430514
20.04 0 0.604230686143
20.05 0 0.605727217746
20.06 0 0.606166346269
20.07 0 0.607020721838
20.08 0 0.607738195306
20.09 0 0.608434801767
20.1 0 0.60847913869
20.11 0 0.608166983309
20.12 0 0.608867415068
20.13 0 0.609688575346
20.14 0 0.609848552502
20.15 0 0.609704281874
20.16 0 0.610231735923
20.17 0 0.609172811738
20.18 0 0.609219046698
20.19 0 0.609219046698
20.2 0 0.610141442392
20.21 0 0.610141442392
20.22 0 0.610325238649
20.23 0 0.610660944944
20.24 0 0.614743680285
20.25 0 0.615740621935
20.26 0 0.616186759155
20.27 0 0.618630754962
20.28 0 0.618630754962
20.29 0 0.620730469672
20.3 0 0.620730469672
20.31 0 0.622137217738
20.32 0 0.62299144576
20.33 0 0.622799607833
20.34 0 0.622463146329
20.35 0 0.617905232409
20.36 0 0.612253535929
20.37 0 0.606613890177
20.38 0 0.603236449219
20.39 0 0.612956014523
20.4 0 0.615177360023
20.41 0 0.619396856272
20.42 0 0.630341681442
20.43 0 0.630472923121
20.44 0 0.631120654119
20.45 0 0.631059450222
20.46 0 0.632524382057
20.47 0 0.63624939774
20.48 0 0.638424627849
20.49 0 0.638488023131
20.5 0 0.640487607577
20.51 0 0.640487607577
20.52 0 0.64407204844
20.53 0 0.643780898077
20.54 0 0.643780898077
20.55 0 0.648113989959
20.56 0 0.649867310106
20.57 0 0.652109319592
20.58 0 0.652967217822
20.59 0 0.653122252803
20.6 0 0.653959860198
20.61 0 0.653341281961
20.62 0 0.65262286894
20.63 0 0.650311422902
20.64 0 0.649189629667
20.65 0 0.648394379512
20.66 0 0.649466664197
20.67 0 0.649466664197
20.68 0 0.649605101818
20.69 0 0.649605101818
20.7 0 0.646122945279
20.71 0 0.646122945279
20.72 0 0.641031345482
20.73 0 0.641031345482
20.74 0 0.639001157466
20.75 0 0.638126200001
20.76 0 0.637494565039
20.77 0 0.637363401362
20.78 0 0.637826538645
20.79 0 0.639285107931
20.8 0 0.639602661542
20.81 0 0.639602661542
20.82 0 0.640892637457
20.83 0 0.642666449811
20.84 0 0.643471793175
20.85 0 0.644680839857
20.86 0 0.645338845497
20.87 0 0.645338845497
20.88 0 0.645784393012
20.89 0 0.645985838504
20.9 0 0.648270235069
20.91 0 0.651125136484
20.92 0 0.652181594656
20.93 0 0.652953573384
20.94 0 0.655705305579
20.95 0 0.655705305579
20.96 0 0.655705305579
20.97 0 0.65712865493
20.98 0 0.656720040971
20.99 0 0.656720040971
21.0 0 0.6566642489
21.01 0 0.657051637146
21.02 0 0.658456157483
21.03 0 0.658618006728
21.04 0 0.660048625918
21.05 0 0.661280517308
21.06 0 0.661280517308
21.07 0 0.661350968604
21.08 0 0.660549911314
21.09 0 0.661067094723
21.1 0 0.661330654856
21.11 0 0.661809769306
21.12 0 0.662966934737
21.13 0 0.663688589769
21.14 0 0.663965488978
21.15 0 0.663965488978
21.16 0 0.663965488978
21.17 0 0.665768735477
21.18 0 0.670362057428
21.19 0 0.676750864059
21.2 0 0.677931297717
21.21 0 0.679024027714
21.22 0 0.679388570121
21.23 0 0.679388570121
21.24 0 0.684297478613
21.25 0 0.685526876169
21.26 0 0.685526876169
21.27 0 0.688341071625
21.28 0 0.689704191649
21.29 0 0.690257391115
21.3 0 0.68983703532
21.31 0 0.689075438607
21.32 0 0.688087243617
21.33 0 0.687951465696
21.34 0 0.687868600951
21.35 0 0.688876867786
21.36 0 0.68922207451
21.37 0 0.690545569092
21.38 0 0.69065770716
21.39 0 0.690871024015
21.4 0 0.686331891571
21.41 0 0.6849079207
21.42 0 0.683880157649
21.43 0 0.684191387631
21.44 0 0.686392223305
21.45 0 0.688610982047
21.46 0 0.688563382769
21.47 0 0.686509158437
21.48 0 0.686509158437
21.49 0 0.679231202801
21.5 0 0.678195790668
21.51 0 0.671870984161
21.52 0 0.670320132864
21.53 0 0.669234528815
21.54 0 0.666405099256
21.55 0 0.664766433614
21.56 0 0.663556400682
21.57 0 0.663033142195
21.58 0 0.663033142195
21.59 0 0.662668351357
21.6 0 0.662546768549
21.61 0 0.662546768549
21.62 0 0.662485095423
21.63 0 0.663515589144
21.64 0 0.663515589144
21.65 0 0.664487039581
21.66 0 0.666385732863
21.67 0 0.667804164089
21.68 0 0.66831998853
21.69 0 0.669603555872
21.7 0 0.669530766882
21.71 0 0.670211293465
21.72 0 0.672116872592
21.73 0 0.672155447892
21.74 0 0.672055977555
21.75 0 0.67290278799
21.76 0 0.674270402564
21.77 0 0.675452556717
21.78 0 0.676999176641
21.79 0 0.676999176641
21.8 0 0.679223494831
21.81 0 0.681423975056
21.82 0 0.682435860339
21.83 0 0.683275263801
21.84 0 0.68392109152
21.85 0 0.683324432774
21.86 0 0.686075326129
21.87 0 0.69043489855
21.88 0 0.687276006226
21.89 0 0.686742476445
21.9 0 0.6829816592
21.91 0 0.68204545033
21.92 0 0.681483463496
21.93 0 0.680382243514
21.94 0 0.680680392227
21.95 0 0.68081494129
21.96 0 0.682023535604
21.97 0 0.682127010753
21.98 0 0.682127010753
21.99 0 0.684614753303
22.0 0 0.686625010947
22.01 0 0.688402109196
22.02 0 0.689001819998
22.03 0 0.690788451199
22.04 0 0.691650844359
22.05 0 0.693754817943
22.06 0 0.694145903697
22.07 0 0.695349184847
22.08 0 0.698438215786
22.09 0 0.698872485891
22.1 0 0.700156066042
22.11 0 0.699922578922
22.12 0 0.701511645066
22.13 0 0.701568809707
22.14 0 0.704327790607
22.15 0 0.701855112433
22.16 0 0.700354188335
22.17 0 0.700354188335
22.18 0 0.695843700002
22.19 0 0.691674995575
22.2 0 0.690308233006
22.21 0 0.686309870117
22.22 0 0.686297911451
22.23 0 0.686297911451
22.24 0 0.686648471089
22.25 0 0.685760706717
22.26 0 0.685760706717
22.27 0 0.684270527478
22.28 0 0.683251523283
22.29 0 0.681207722104
22.3 0 0.678774983091
22.31 0 0.678556243771
22.32 0 0.677116038278
22.33 0 0.675839448415
22.34 0 0.67520051317
22.35 0 0.674736510926
22.36 0 0.673174074133
22.37 0 0.672199522289
22.38 0 0.672199522289
22.39 0 0.671804704211
22.4 0 0.671804704211
22.41 0 0.672916573477
22.42 0 0.674431003244
22.43 0 0.674462057121
22.44 0 0.674461762077
22.45 0 0.674650282948
22.46 0 0.674719734627
22.47 0 0.675649718122
22.48 0 0.675813659792
22.49 0 0.678961150516
22.5 0 0.681115822362
22.51 0 0.681115822362
22.52 0 0.681115822362
22.53 0 0.684701439775
22.54 0 0.684248989764
22.55 0 0.683975209167
22.56 0 0.683869484298
22.57 0 0.683064767486
22.58 0 0.684767382478
22.59 0 0.6860982195
22.6 0 0.686428400178
22.61 0 0.688573539139
22.62 0 0.690903889198
22.63 0 0.691070769852
22.64 0 0.695002151515
22.65 0 0.695749339732
22.66 0 0.699410992656
22.67 0 0.699997135185
22.68 0 0.701084798813
22.69 0 0.701100138428
22.7 0 0.701957051201
22.71 0 0.700663234218
22.72 0 0.696815853418
22.73 0 0.694426340474
22.74 0 0.69454273901
22.75 0 0.69483115618
22.76 0 0.696083431553
22.77 0 0.696279604858
22.78 0 0.69787411325
22.79 0 0.702167942977
22.8 0 0.706541612435
22.81 0 0.706462532717
22.82 0 0.707518466539
22.83 0 0.707883253203
22.84 0 0.713476560851
22.85 0 0.714567845024
22.86 0 0.717124238701
22.87 0 0.716955840639
22.88 0 0.716955840639
22.89 0 0.715006812397
22.9 0 0.71397292287
22.91 0 0.713960525551
22.92 0 0.713963261985
22.93 0 0.71514074201
22.94 0 0.715415313739
22.95 0 0.715708123622
22.96 0 0.715131037598
22.97 0 0.714382881753
22.98 0 0.714154215029
22.99 0 0.710162600031
23.0 0 0.707302181545
23.01 0 0.707302181545
23.02 0 0.707302181545
23.03 0 0.702648675541
23.04 0 0.696067660544
23.05 0 0.696694314154
23.06 0 0.695108208016
23.07 0 0.691771193529
23.08 0 0.691771193529
23.09 0 0.690689261613
23.1 0 0.690689261613
23.11 0 0.690689261613
23.12 0 0.68725150145
23.13 0 0.686738396378
23.14 0 0.686002537678
23.15 0 0.685927028054
23.16 0 0.685910449356
23.17 0 0.686012486651
23.18 0 0.686595800786
23.19 0 0.688487189776
23.2 0 0.691430605672
23.21 0 0.694776470029
23.22 0 0.695174709785
23.23 0 0.697404932072
23.24 0 0.698448190436
23.25 0 0.699191445839
23.26 0 0.700562744103
23.27 0 0.704721250986
23.28 0 0.705731063192
23.29 0 0.707624789967
23.3 0 0.707815894903
23.31 0 0.708472668279
23.32 0 0.708253456
23.33 0 0.708212067021
23.34 0 0.707899895508
23.35 0 0.70886758086
23.36 0 0.709906827287
23.37 0 0.711009478439
23.38 0 0.711009478439
23.39 0 0.711575402378
23.4 0 0.711575402378
23.41 0 0.713866521041
23.42 0 0.714664635569
23.43 0 0.713097996739
23.44 0 0.715856091049
23.45 0 0.715856091049
23.46 0 0.716941263161
23.47 0 0.716855085312
23.48 0 0.717236072096
23.49 0 0.714267429006
23.5 0 0.711500700557
23.51 0 0.706364645836
23.52 0 0.706630091632
23.53 0 0.701161780561
23.54 0 0.717278351773
23.55 0 0.721111162162
23.56 0 0.722903496347
23.57 0 0.723634293327
23.58 0 0.723634293327
23.59 0 0.723023167642
23.6 0 0.729380401936
23.61 0 0.731282095657
23.62 0 0.73556122255
23.63 0 0.741777991148
23.64 0 0.741910813448
23.65 0 0.744275247225
23.66 0 0.744275247225
23.67 0 0.745245558132
23.68 0 0.745756129513
23.69 0 0.744676589482
23.7 0 0.742771946067
23.71 0 0.743177408283
23.72 0 0.74261965541
23.73 0 0.743429834073
23.74 0 0.743843725399
23.75 0 0.744871718434
23.76 0 0.744269853891
23.77 0 0.743233336752
23.78 0 0.74170344835
23.79 0 0.740759837001
23.8 0 0.739457892268
23.81 0 0.736632181094
23.82 0 0.735352779807
23.83 0 0.734114173919
23.84 0 0.734114173919
23.85 0 0.732622611561
23.86 0 0.732344573177
23.87 0 0.731377424091
23.88 0 0.730157545616
23.89 0 0.730157545616
23.9 0 0.728255791751
23.91 0 0.727173949759
23.92 0 0.727061943275
23.93 0 0.726615174407
23.94 0 0.726590050986
23.95 0 0.72642454148
23.96 0 0.726607954446
23.97 0 0.727695557893
23.98 0 0.727695557893
23.99 0 0.728207973943
24.0 0 0.728640942936
24.01 0 0.729144467551
24.02 0 0.729626542912
24.03 0 0.729664338653
24.04 0 0.730951405062
24.05 0 0.732284835748
24.06 0 0.733589769933
24.07 0 0.733795258394
24.08 0 0.735819260281
24.09 0 0.735819260281
24.1 0 0.737383233549
24.11 0 0.738656668011
24.12 0 0.738801666284
24.13 0 0.738439046112
24.14 0 0.738439046112
24.15 0 0.737475552658
24.16 0 0.737475552658
24.17 0 0.738554834104
24.18 0 0.738817918443
24.19 0 0.740192258538
24.2 0 0.741990689218
24.21 0 0.743846081529
24.22 0 0.74444783342
24.23 0 0.748576044994
24.24 0 0.748837977216
24.25 0 0.748837977216
24.26 0 0.750801970505
24.27 0 0.750061082563
24.28 0 0.7450015953
24.29 0 0.741435313427
24.3 0 0.741091613807
24.31 0 0.743304659761
24.32 0 0.74497952468
24.33 0 0.748669953018
24.34 0 0.750917554237
24.35 0 0.753774570687
24.36 0 0.755325444267
24.37 0 0.755325444267
24.38 0 0.75846143607
24.39 0 0.763852793421
24.4 0 0.766996028403
24.41 0 0.771245430031
24.42 0 0.772142298912
24.43 0 0.772653129995
24.44 0 0.772327375096
24.45 0 0.772421115219
24.46 0 0.772124777744
24.47 0 0.772700474323
24.48 0 0.77249644788
24.49 0 0.77249644788
24.5 0 0.773359206118
24.51 0 0.774677102291
24.52 0 0.774949805611
24.53 0 0.776491024011
24.54 0 0.775622195525
24.55 0 0.775119601536
24.56 0 0.774139712288
24.57 0 0.774195590103
24.58 0 0.773582354264
24.59 0 0.770966492911
24.6 0 0.77032067544
24.61 0 0.769188148569
24.62 0 0.764929276971
24.63 0 0.764214057873
24.64 0 0.763299522294
24.65 0 0.763060068799
24.66 0 0.763060068799
24.67 0 0.762918275652
24.68 0 0.760646988948
24.69 0 0.760420432583
24.7 0 0.760161073733
24.71 0 0.759699999286
24.72 0 0.759613162777
24.73 0 0.759819391631
24.74 0 0.758989289424
24.75 0 0.759023836466
24.76 0 0.759259699196
24.77 0 0.759929187639
24.78 0 0.759992853777
24.79 0 0.760024346596
24.8 0 0.760068957038
24.81 0 0.760169596155
24.82 0 0.760169596155
24.83 0 0.76115926417
24.84 0 0.76115926417
24.85 0 0.761679570195
24.86 0 0.762710118006
24.87 0 0.763562069396
24.88 0 0.764692216645
24.89 0 0.764441420625
24.9 0 0.764107999164
24.91 0 0.764094668412
24.92 0 0.764183157319
24.93 0 0.764162427734
24.94 0 0.764815173448
24.95 0 0.765096705164
24.96 0 0.766723579024
24.97 0 0.768806348973
24.98 0 0.768824269858
24.99 0 0.770247902465
25.0 0 0.770422344256
25.01 0 0.770184941945
25.02 0 0.769597291132
25.03 0 0.769767143704
25.04 0 0.769512692644
25.05 0 0.773293452963
25.06 0 0.774533186214
25.07 0 0.774457884762
25.08 0 0.768950201292
25.09 0 0.778794026136
25.1 0 0.779331913157
25.11 0 0.78132289088
25.12 0 0.782224648869
25.13 0 0.783929682578
25.14 0 0.78367812392
25.15 0 0.784606218137
25.16 0 0.791458933461
25.17 0 0.791579786647
25.18 0 0.795024844482
25.19 0 0.798778628471
25.2 0 0.800973242134
25.21 0 0.805003696072
25.22 0 0.805251440982
25.23 0 0.805535062835
25.24 0 0.805535062835
25.25 0 0.804891063225
25.26 0 0.804431340167
25.27 0 0.804377812647
25.28 0 0.805027767819
25.29 0 0.805348314655
25.3 0 0.805474479967
25.31 0 0.804675555403
25.32 0 0.804861296401
25.33 0 0.803980093514
25.34 0 0.800871859972
25.35 0 0.796108825834
25.36 0 0.795388545378
25.37 0 0.790453648977
25.38 0 0.791678933949
25.39 0 0.794366622464
25.4 0 0.795807263155
25.41 0 0.796799203825
25.42 0 0.79463914642
25.43 0 0.79354434848
25.44 0 0.789694670549
25.45 0 0.785597663446
25.46 0 0.783584233682
25.47 0 0.783584233682
25.48 0 0.784221305443
25.49 0 0.784225626752
25.5 0 0.783223560086
25.51 0 0.782487418503
25.52 0 0.782626075401
25.53 0 0.784267440509
25.54 0 0.785939962489
25.55 0 0.786202944394
25.56 0 0.786489085604
25.57 0 0.787753152866
25.58 0 0.789153080684
25.59 0 0.789804974473
25.6 0 0.790263974166
25.61 0 0.79036479221
25.62 0 0.791197740691
25.63 0 0.792032444615
25.64 0 0.79507208666
25.65 0 0.79718322797
25.66 0 0.797681870684
25.67 0 0.79849612078
25.68 0 0.798305649308
25.69 0 0.79734450364
25.7 0 0.796385323987
25.71 0 0.795523565709
25.72 0 0.79623123589
25.73 0 0.796360356777
25.74 0 0.798310653561
25.75 0 0.800430537296
25.76 0 0.800430537296
25.77 0 0.803288594305
25.78 0 0.805276259576
25.79 0 0.806546651336
25.8 0 0.806546651336
25.81 0 0.806928453051
25.82 0 0.808416828648
25.83 0 0.803946111353
25.84 0 0.801196477094
25.85 0 0.7973294477
25.86 0 0.796672480612
25.87 0 0.789693940995
25.88 0 0.786739850983
25.89 0 0.796780177241
25.9 0 0.802702694005
25.91 0 0.80386588906
25.92 0 0.806706866211
25.93 0 0.808541408478
25.94 0 0.80775860227
25.95 0 0.809142270893
25.96 0 0.814690357753
25.97 0 0.816983363878
25.98 0 0.819667548349
25.99 0 0.819929161929
26.0 0 0.819875427738
26.01 0 0.821978133888
26.02 0 0.82190685132
26.03 0 0.82174407528
26.04 0 0.82180486887
26.05 0 0.82180486887
26.06 0 0.822034827471
26.07 0 0.822405711248
26.08 0 0.822541084815
26.09 0 0.822541084815
26.1 0 0.822954727829
26.11 0 0.822954727829
26.12 0 0.82368941172
26.13 0 0.82511782429
26.14 0 0.827175683019
26.15 0 0.826322625223
26.16 0 0.825737613636
26.17 0 0.825354833455
26.18 0 0.822185715191
26.19 0 0.820804828189
26.2 0 0.816977749658
26.21 0 0.81222208372
26.22 0 0.809053722165
26.23 0 0.809053722165
26.24 0 0.806054968159
26.25 0 0.802279882812
26.26 0 0.802565426003
26.27 0 0.80260444084
26.28 0 0.802528743737
26.29 0 0.802467787756
26.3 0 0.803032019803
26.31 0 0.803032019803
26.32 0 0.80520876654
26.33 0 0.8079623607
26.34 0 0.80842259296
26.35 0 0.810199578794
26.36 0 0.810902647671
26.37 0 0.813422842203
26.38 0 0.814102064709
26.39 0 0.814090568528
26.4 0 0.814592090084
26.41 0 0.814931367828
26.42 0 0.816595355546
26.43 0 0.818616064154
26.44 0 0.818616064154
26.45 0 0.820478764648
26.46 0 0.821288113206
26.47 0 0.821733192694
26.48 0 0.821434718194
26.49 0 0.821166412568
26.5 0 0.821095510078
26.51 0 0.820860020636
26.52 0 0.821661122167
26.53 0 0.821661122167
26.54 0 0.823549528773
26.55 0 0.827666899976
26.56 0 0.828267525495
26.57 0 0.829001088581
26.58 0 0.829001088581
26.59 0 0.830594360408
26.6 0 0.833668358449
26.61 0 0.835395757916
26.62 0 0.835395757916
26.63 0 0.837179190017
26.64 0 0.83654254979
26.65 0 0.830655509029
26.66 0 0.820661554352
26.67 0 0.818007400756
26.68 0 0.8089755451
26.69 0 0.814683557928
26.7 0 0.827704366647
26.71 0 0.828979387626
26.72 0 0.830759361485
26.73 0 0.831621437073
26.74 0 0.837688321545
26.75 0 0.838507093107
26.76 0 0.841745297897
26.77 0 0.844452298468
26.78 0 0.844296755442
26.79 0 0.843007890195
26.8 0 0.843069189469
26.81 0 0.842890842111
26.82 0 0.842890842111
26.83 0 0.843001484372
26.84 0 0.843392932997
26.85 0 0.843392932997
26.86 0 0.843836462354
26.87 0 0.846159673481
26.88 0 0.846159673481
26.89 0 0.846451452709
26.9 0 0.846451452709
26.91 0 0.846668207914
26.92 0 0.846576290036
26.93 0 0.847225567718
26.94 0 0.845917984187
26.95 0 0.842725809312
26.96 0 0.841465399139
26.97 0 0.841465399139
26.98 0 0.841316122614
26.99 0 0.839197008259
27.0 0 0.837537287224
27.01 0 0.837537287224
27.02 0 0.835767914109
27.03 0 0.834567116329
27.04 0 0.834567116329
27.05 0 0.833397784655
27.06 0 0.833397784655
27.07 0 0.827158323356
27.08 0 0.823106300082
27.09 0 0.822659244806
27.1 0 0.822369923735
27.11 0 0.822021018648
27.12 0 0.822484617856
27.13 0 0.822876611737
27.14 0 0.823793225664
27.15 0 0.823793225664
27.16 0 0.824426749526
27.17 0 0.824426749526
27.18 0 0.824354925738
27.19 0 0.824521493641
27.2 0 0.829178912368
27.21 0 0.830051312285
27.22 0 0.830051312285
27.23 0 0.83124697169
27.24 0 0.835241995107
27.25 0 0.836010529233
27.26 0 0.836136220592
27.27 0 0.835830562513
27.28 0 0.8347172116
27.29 0 0.835067702462
27.3 0 0.835619634622
27.31 0 0.83614177956
27.32 0 0.836664567897
27.33 0 0.840605936975
27.34 0 0.840931410427
27.35 0 0.841359101451
27.36 0 0.842237447108
27.37 0 0.843174267256
27.38 0 0.847781394577
27.39 0 0.848632413423
27.4 0 0.848636119953
27.41 0 0.848676595482
27.42 0 0.849882917417
27.43 0 0.843128526196
27.44 0 0.839768000769
27.45 0 0.839768000769
27.46 0 0.837964962097
27.47 0 0.838212489861
27.48 0 0.845306874012
27.49 0 0.846773985402
27.5 0 0.846773985402
27.51 0 0.860625046229
27.52 0 0.862366207253
27.53 0 0.866152615014
27.54 0 0.867886528682
27.55 0 0.868017295368
27.56 0 0.86882805415
27.57 0 0.868886402447
27.58 0 0.869337483641
27.59 0 0.868760816396
27.6 0 0.868860947926
27.61 0 0.868948320982
27.62 0 0.868015761692
27.63 0 0.868342140481
27.64 0 0.87026141326
27.65 0 0.87103534891
27.66 0 0.870891752681
27.67 0 0.869587309041
27.68 0 0.868974233593
27.69 0 0.867112827618
27.7 0 0.866080778926
27.71 0 0.866499696677
27.72 0 0.866499696677
27.73 0 0.868896977332
27.74 0 0.868506216594
27.75 0 0.868506216594
27.76 0 0.8643230668
27.77 0 0.861111824061
27.78 0 0.859420534007
27.79 0 0.857104504447
27.8 0 0.855509425807
27.81 0 0.85460529443
27.82 0 0.853608790024
27.83 0 0.851652703098
27.84 0 0.851121378426
27.85 0 0.851121378426
27.86 0 0.849777385901
27.87 0 0.849983318258
27.88 0 0.850758415376
27.89 0 0.851724715733
27.9 0 0.851815823262
27.91 0 0.852000281448
27.92 0 0.853560436264
27.93 0 0.854239174715
27.94 0 0.853549953643
27.95 0 0.853549953643
27.96 0 0.853955756232
27.97 0 0.856171902591
27.98 0 0.856511021104
27.99 0 0.859250664794
28.0 0 0.861172948088
28.01 0 0.861907626907
28.02 0 0.862182998015
28.03 0 0.862182998015
28.04 0 0.862951324884
28.05 0 0.862821937398
28.06 0 0.862142133174
28.07 0 0.860419450427
28.08 0 0.860419450427
28.09 0 0.861600402896
28.1 0 0.862526587332
28.11 0 0.862526587332
28.12 0 0.862526587332
28.13 0 0.868489127964
28.14 0 0.869186399508
28.15 0 0.869694889667
28.16 0 0.868758450928
28.17 0 0.868726096647
28.18 0 0.868986681331
28.19 0 0.868662739795
28.2 0 0.871224064658
28.21 0 0.870452516693
28.22 0 0.86630329262
28.23 0 0.86630329262
28.24 0 0.866972155297
28.25 0 0.866988541703
28.26 0 0.868047726583
28.27 0 0.871790263124
28.28 0 0.875595004149
28.29 0 0.879309566864
28.3 0 0.888367942106
28.31 0 0.890741802744
28.32 0 0.890741802744
28.33 0 0.892054869749
28.34 0 0.891566407129
28.35 0 0.891554243858
28.36 0 0.891688152722
28.37 0 0.890833193068
28.38 0 0.890448589547
28.39 0 0.890359817451
28.4 0 0.890374199566
28.41 0 0.890781311313
28.42 0 0.892063575143
28.43 0 0.892705292647
28.44 0 0.892839075608
28.45 0 0.892788121145
28.46 0 0.89208260998
28.47 0 0.891478156114
28.48 0 0.890262307338
28.49 0 0.889756040821
28.5 0 0.889075754979
28.51 0 0.888306341539
28.52 0 0.886359152225
28.53 0 0.886440260354
28.54 0 0.886087815137
28.55 0 0.885436343362
28.56 0 0.886211181133
28.57 0 0.887419412591
28.58 0 0.885873919741
28.59 0 0.884462465534
28.6 0 0.884462465534
28.61 0 0.878272830084
28.62 0 0.876606404326
28.63 0 0.875644476602
28.64 0 0.874284132084
28.65 0 0.873627575619
28.66 0 0.872778126848
28.67 0 0.872778126848
28.68 0 0.87383149788
28.69 0 0.875412935867
28.7 0 0.875327216038
28.71 0 0.87586392376
28.72 0 0.878099947898
28.73 0 0.878540319654
28.74 0 0.879044825127
28.75 0 0.880101554233
28.76 0 0.881081359553
28.77 0 0.882130681533
28.78 0 0.883248042918
28.79 0 0.884644145261
28.8 0 0.88498226607
28.81 0 0.886567781663
28.82 0 0.886567781663
28.83 0 0.886164308806
28.84 0 0.885103314197
28.85 0 0.881598837123
28.86 0 0.881598837123
28.87 0 0.881545809238
28.88 0 0.881644788112
28.89 0 0.883799403282
28.9 0 0.885955531331
28.91 0 0.887675139914
28.92 0 0.88776858767
28.93 0 0.887506622264
28.94 0 0.88605839436
28.95 0 0.885439852914
28.96 0 0.886062916523
28.97 0 0.886062916523
28.98 0 0.887218658207
28.99 0 0.883765416773
29.0 0 0.880075972206
29.01 0 0.876171058956
29.02 0 0.871937019862
29.03 0 0.882743011635
29.04 0 0.881599990758
29.05 0 0.88256305047
29.06 0 0.883887551542
29.07 0 0.888893441213
29.08 0 0.889061957888
29.09 0 0.893829916776
29.1 0 0.898683473109
29.11 0 0.898567014562
29.12 0 0.900316146757
29.13 0 0.900706251107
29.14 0 0.901129139413
29.15 0 0.901569712323
29.16 0 0.901731861447
29.17 0 0.902968159229
29.18 0 0.903301100828
29.19 0 0.903301100828
29.2 0 0.903243233496
29.21 0 0.903658758975
29.22 0 0.903957801727
29.23 0 0.905091231091
29.24 0 0.905434124192
29.25 0 0.906480680081
29.26 0 0.905972934135
29.27 0 0.904453065883
29.28 0 0.8982435074
29.29 0 0.893258601774
29.3 0 0.893258601774
29.31 0 0.88817103538
29.32 0 0.888288349341
29.33 0 0.887424327562
29.34 0 0.887431896475
29.35 0 0.888631943057
29.36 0 0.88823371187
29.37 0 0.888465437751
29.38 0 0.887606330358
29.39 0 0.88630274778
29.4 0 0.885055023979
29.41 0 0.884536123865
29.42 0 0.885091183597
29.43 0 0.885719970486
29.44 0 0.886251172848
29.45 0 0.887483827305
29.46 0 0.888307029637
29.47 0 0.88881039901
29.48 0 0.889464431083
29.49 0 0.8893003072
29.5 0 0.891880414768
29.51 0 0.892190520706
29.52 0 0.893948764708
29.53 0 0.895328628035
29.54 0 0.896678882753
29.55 0 0.89804067897
29.56 0 0.898560134627
29.57 0 0.900750612551
29.58 0 0.903293137618
29.59 0 0.903938734514
29.6 0 0.90400166243
29.61 0 0.903743765638
29.62 0 0.903104129925
29.63 0 0.903891903182
29.64 0 0.90376692273
29.65 0 0.903744499388
29.66 0 0.904911153976
29.67 0 0.906686616084
29.68 0 0.907673019839
29.69 0 0.909239405338
29.7 0 0.909457193491
29.71 0 0.910874850475
29.72 0 0.910874850475
29.73 0 0.911830334712
29.74 0 0.914395953263
29.75 0 0.914711995976
29.76 0 0.914970114065
29.77 0 0.915219101311
29.78 0 0.915870117083
29.79 0 0.915608650818
29.8 0 0.915817890007
29.81 0 0.916329904361
29.82 0 0.917166518061
29.83 0 0.917266633448
29.84 0 0.918153023266
29.85 0 0.922415436518
29.86 0 0.922934279531
29.87 0 0.923487714108
29.88 0 0.925370314125
29.89 0 0.928452779516
29.9 0 0.930340079708
29.91 0 0.931061517322
29.92 0 0.930523349438
29.93 0 0.930373625724
29.94 0 0.930270348394
29.95 0 0.930261133726
29.96 0 0.930261133726
29.97 0 0.929450579205
29.98 0 0.930066474913
29.99 0 0.93042463657
30.0 0 0.930163747086
30.01 0 0.930023560164
30.02 0 0.930112781636
30.03 0 0.930141945486
30.04 0 0.928616114184
30.05 0 0.927292099906
30.06 0 0.927292099906
30.07 0 0.924352281766
30.08 0 0.92455349012
30.09 0 0.921126727316
30.1 0 0.921126727316
30.11 0 0.921213601513
30.12 0 0.922093789247
30.13 0 0.921920561019
30.14 0 0.920208792776
30.15 0 0.919775452253
30.16 0 0.918846849758
30.17 0 0.917335480483
30.18 0 0.915359045663
30.19 0 0.91394970588
30.2 0 0.910932428892
30.21 0 0.907811088522
30.22 0 0.907381681051
30.23 0 0.908030815264
30.24 0 0.90850436274
30.25 0 0.907332280336
30.26 0 0.906993460195
30.27 0 0.907005553562
30.28 0 0.907813751732
30.29 0 0.909371910256
30.3 0 0.909834131054
30.31 0 0.910363946038
30.32 0 0.910563559663
30.33 0 0.910563559663
30.34 0 0.912366910669
30.35 0 0.913198189973
30.36 0 0.916056155109
30.37 0 0.918338964681
30.38 0 0.918338964681
30.39 0 0.919666145702
30.4 0 0.917932173764
30.41 0 0.917524370406
30.42 0 0.917560144486
30.43 0 0.917905429489
30.44 0 0.918657201558
30.45 0 0.919501046211
30.46 0 0.921437924941
30.47 0 0.921565143282
30.48 0 0.924511818093
30.49 0 0.925484261562
30.5 0 0.924373648188
30.51 0 0.924519086613
30.52 0 0.924601142946
30.53 0 0.92499079805
30.54 0 0.926561634303
30.55 0 0.927827676185
30.56 0 0.927827676185
30.57 0 0.922247664135
30.58 0 0.919664816048
30.59 0 0.921089256917
30.6 0 0.923515694208
30.61 0 0.924882486835
30.62 0 0.926968140238
30.63 0 0.92732176556
30.64 0 0.928959964219
30.65 0 0.930969603723
30.66 0 0.932601451862
30.67 0 0.934603732003
30.68 0 0.942662712134
30.69 0 0.944520648929
30.7 0 0.945435163031
30.71 0 0.946036264648
30.72 0 0.946375598947
30.73 0 0.947081330062
30.74 0 0.946742550415
30.75 0 0.945783741184
30.76 0 0.946361043027
30.77 0 0.946775870173
30.78 0 0.947227944444
30.79 0 0.947227944444
30.8 0 0.947493290045
30.81 0 0.947658102669
30.82 0 0.948045509381
30.83 0 0.94738272244
30.84 0 0.94651222771
30.85 0 0.945453168693
30.86 0 0.946658097312
30.87 0 0.944792571681
30.88 0 0.943131227663
30.89 0 0.942663108305
30.9 0 0.942637523565
30.91 0 0.942489754939
30.92 0 0.941770629477
30.93 0 0.939929317273
30.94 0 0.936946612883
30.95 0 0.935574584255
30.96 0 0.935574584255
30.97 0 0.934212652501
30.98 0 0.934076521574
30.99 0 0.933991712873
31.0 0 0.932745271239
31.01 0 0.931865468522
31.02 0 0.931783722235
31.03 0 0.931699276298
31.04 0 0.931461247262
31.05 0 0.931864148913
31.06 0 0.930907994172
31.07 0 0.931108940515
31.08 0 0.931346535321
31.09 0 0.932827552624
31.1 0 0.935148235675
31.11 0 0.935252811322
31.12 0 0.936273235735
31.13 0 0.937060242311
31.14 0 0.93851129299
31.15 0 0.940421586678
31.16 0 0.940421586678
31.17 0 0.940552614105
31.18 0 0.940529878644
31.19 0 0.938627044641
31.2 0 0.938814912658
31.21 0 0.94040746709
31.22 0 0.94110108201
31.23 0 0.943877592218
31.24 0 0.944201889244
31.25 0 0.948016799235
31.26 0 0.949496105321
31.27 0 0.950618256042
31.28 0 0.950516613971
31.29 0 0.950752574792
31.3 0 0.951358652963
31.31 0 0.953377436848
31.32 0 0.954239391153
31.33 0 0.951872489629
31.34 0 0.950773899809
31.35 0 0.947402871009
31.36 0 0.946677184182
31.37 0 0.941647046464
31.38 0 0.937438382383
31.39 0 0.936213493253
31.4 0 0.941105551911
31.41 0 0.943634821107
31.42 0 0.943782615046
31.43 0 0.946688076017
31.44 0 0.948367234053
31.45 0 0.948399060045
31.46 0 0.95960064316
31.47 0 0.962835579027
31.48 0 0.962975503785
31.49 0 0.964877330799
31.5 0 0.964620335635
31.51 0 0.965746632623
31.52 0 0.966730767529
31.53 0 0.966730767529
31.54 0 0.96564830344
31.55 0 0.965056641137
31.56 0 0.966516546953
31.57 0 0.966906997414
31.58 0 0.968404386828
31.59 0 0.969099496645
31.6 0 0.970679776302
31.61 0 0.971677724934
31.62 0 0.974167977599
31.63 0 0.972422906094
31.64 0 0.970474198216
31.65 0 0.969563195061
31.66 0 0.969693922897
31.67 0 0.969035955834
31.68 0 0.969536060649
31.69 0 0.967679275168
31.7 0 0.96391655543
31.71 0 0.956378761721
31.72 0 0.950017020037
31.73 0 0.947476255276
31.74 0 0.943053835666
31.75 0 0.943053835666
31.76 0 0.941287655001
31.77 0 0.941242086433
31.78 0 0.941209466495
31.79 0 0.94186209839
31.8 0 0.943002448028
31.81 0 0.944184595343
31.82 0 0.944601289648
31.83 0 0.943395385641
31.84 0 0.943676479496
31.85 0 0.943801608059
31.86 0 0.944406653941
31.87 0 0.948080212026
31.88 0 0.950269686129
31.89 0 0.951525023181
31.9 0 0.952717125143
31.91 0 0.952847744125
31.92 0 0.953656110472
31.93 0 0.953636780999
31.94 0 0.95350125599
31.95 0 0.953992496122
31.96 0 0.953894154571
31.97 0 0.95394282511
31.98 0 0.95349027182
31.99 0 0.953300870498
32.0 0 0.953267990197
32.01 0 0.954751077329
32.02 0 0.956471462162
32.03 0 0.957437172448
32.04 0 0.959287217211
32.05 0 0.960511198404
32.06 0 0.9621503807
32.07 0 0.962847295708
32.08 0 0.964226771789
32.09 0 0.964126017458
32.1 0 0.963743786959
32.11 0 0.964477975649
32.12 0 0.964501421353
32.13 0 0.962961488406
32.14 0 0.962054428652
32.15 0 0.956635351622
32.16 0 0.954303854085
32.17 0 0.956277817803
32.18 0 0.95550717621
32.19 0 0.955126605677
32.2 0 0.955820278553
32.21 0 0.961510144583
32.22 0 0.965243609858
32.23 0 0.967527104042
32.24 0 0.974988440764
32.25 0 0.978227007614
32.26 0 0.978718978088
32.27 0 0.979499343668
32.28 0 0.979026347069
32.29 0 0.978225655803
32.3 0 0.980553743205
32.31 0 0.982239135706
32.32 0 0.98390951423
32.33 0 0.984775934505
32.34 0 0.985748072775
32.35 0 0.986216263225
32.36 0 0.986404061752
32.37 0 0.986470633756
32.38 0 0.986869714208
32.39 0 0.987097270998
32.4 0 0.986671251569
32.41 0 0.9840810098
32.42 0 0.982686062775
32.43 0 0.981413979401
32.44 0 0.980259402429
32.45 0 0.980644059283
32.46 0 0.981056873357
32.47 0 0.982279913801
32.48 0 0.985024561567
32.49 0 0.985065061255
32.5 0 0.985065061255
32.51 0 0.986812726192
32.52 0 0.980672958151
32.53 0 0.978304396854
32.54 0 0.978304396854
32.55 0 0.977016733499
32.56 0 0.976294360889
32.57 0 0.974852742082
32.58 0 0.974392261185
32.59 0 0.973637800784
32.6 0 0.973206424363
32.61 0 0.974038545468
32.62 0 0.974587122382
32.63 0 0.974924639883
32.64 0 0.977241439938
32.65 0 0.97861734433
32.66 0 0.979178913898
32.67 0 0.980419032844
32.68 0 0.980994013317
32.69 0 0.980994013317
32.7 0 0.98495399279
32.71 0 0.985121667435
32.72 0 0.985211845618
32.73 0 0.985699607817
32.74 0 0.985667704805
32.75 0 0.986694579252
32.76 0 0.986985352314
32.77 0 0.986298989801
32.78 0 0.985866130095
32.79 0 0.985823872089
32.8 0 0.990250671302
32.81 0 0.991150442374
32.82 0 0.9958586182
32.83 0 0.996633366571
32.84 0 0.993240405808
32.85 0 0.99391331587
32.86 0 0.993789138368
32.87 0 0.99533678015
32.88 0 0.996431490178
32.89 0 0.99669761285
32.9 0 0.997122576696
32.91 0 0.997007211775
32.92 0 0.998060824328
32.93 0 0.998269483862
32.94 0 0.998269483862
32.95 0 0.998140103659
32.96 0 0.998351765982
32.97 0 0.998418366995
32.98 0 0.998363169166
32.99 0 0.999751655255
33.0 0 1.00200242236
33.01 0 1.00237181481
33.02 0 1.00766623548
33.03 0 1.0084261949
33.04 0 1.00969743346
33.05 0 1.00966559889
33.06 0 1.00780746139
33.07 0 1.00865086153
33.08 0 1.00854703753
33.09 0 1.00861524035
33.1 0 1.00919425073
33.11 0 1.00771049266
33.12 0 1.00610747996
33.13 0 1.00615809041
33.14 0 1.00645553568
33.15 0 1.00639960718
33.16 0 1.0059888679
33.17 0 1.00563915775
33.18 0 1.00531606859
33.19 0 1.00450008002
33.2 0 1.00243046887
33.21 0 1.00187831296
33.22 0 0.999533462526
33.23 0 0.997365672047
33.24 0 0.996541056517
33.25 0 0.99672870799
33.26 0 0.997295663776
33.27 0 0.997133855149
33.28 0 0.998208495505
33.29 0 0.999039874413
33.3 0 0.998574847499
33.31 0 0.994503874504
33.32 0 0.992803617141
33.33 0 0.992710581089
33.34 0 0.993205550728
33.35 0 0.993205550728
33.36 0 0.993735536904
33.37 0 0.993360817131
33.38 0 0.993285945862
33.39 0 0.993109655281
33.4 0 0.993109655281
33.41 0 0.99241924229
33.42 0 0.993506510712
33.43 0 0.994287652006
33.44 0 0.998207076886
33.45 0 1.001947519
33.46 0 1.00406222541
33.47 0 1.00480361806
33.48 0 1.00530308431
33.49 0 1.00745892698
33.5 0 1.0080112347
33.51 0 1.00823100594
33.52 0 1.00832192088
33.53 0 1.00840029698
33.54 0 1.00883830786
33.55 0 1.0088170599
33.56 0 1.00784911782
33.57 0 1.00908534343
33.58 0 1.01104086335
33.59 0 1.01568072798
33.6 0 1.01742796888
33.61 0 1.01898953048
33.62 0 1.02159595667
33.63 0 1.02110850062
33.64 0 1.02111668155
33.65 0 1.0176530818
33.66 0 1.01799741385
33.67 0 1.01791925555
33.68 0 1.01746809749
33.69 0 1.01336120726
33.7 0 1.01092158123
33.71 0 0.998929673405
33.72 0 0.998929673405
33.73 0 0.999142201018
33.74 0 1.00134235872
33.75 0 1.00341252699
33.76 0 1.00341252699
33.77 0 1.00341252699
33.78 0 1.00609090896
33.79 0 1.01330837369
33.8 0 1.01330837369
33.81 0 1.01180979102
33.82 0 1.0110782472
33.83 0 1.02245861262
33.84 0 1.02477496078
33.85 0 1.03106077775
33.86 0 1.03695073035
33.87 0 1.03834323528
33.88 0 1.03839756664
33.89 0 1.03981559426
33.9 0 1.03981559426
33.91 0 1.04145010958
33.92 0 1.04182823096
33.93 0 1.04194498709
33.94 0 1.04194498709
33.95 0 1.04209245104
33.96 0 1.04171115563
33.97 0 1.04197951756
33.98 0 1.0424861324
33.99 0 1.04149260981
34.0 0 1.04093816303
34.01 0 1.0390391239
34.02 0 1.0381304251
34.03 0 1.03509866226
34.04 0 1.03589797498
34.05 0 1.03625992653
34.06 0 1.03570351476
34.07 0 1.03506804012
34.08 0 1.03473704882
34.09 0 1.03473704882
34.1 0 1.03275194675
34.11 0 1.03178125809
34.12 0 1.03178125809
34.13 0 1.03092993126
34.14 0 1.03052261605
34.15 0 1.03049286347
34.16 0 1.03054159832
34.17 0 1.03094091709
34.18 0 1.03115316351
34.19 0 1.03050345567
34.2 0 1.0309644752
34.21 0 1.03161164976
34.22 0 1.03161164976
34.23 0 1.03256053469
34.24 0 1.03381484535
34.25 0 1.0376008532
34.26 0 1.03796487379
34.27 0 1.0397743907
34.28 0 1.04121865046
34.29 0 1.04125571728
34.3 0 1.04203229213
34.31 0 1.04228536588
34.32 0 1.04233428048
34.33 0 1.04269887562
34.34 0 1.04216368659
34.35 0 1.04212474226
34.36 0 1.04552105609
34.37 0 1.04677964987
34.38 0 1.04885096593
34.39 0 1.04885096593
34.4 0 1.05507789365
34.41 0 1.05567715177
34.42 0 1.05561261842
34.43 0 1.05403666879
34.44 0 1.05389627272
34.45 0 1.05409360467
34.46 0 1.05536941373
34.47 0 1.05669774342
34.48 0 1.0574387552
34.49 0 1.05723553995
34.5 0 1.05788500812
34.51 0 1.05777148232
34.52 0 1.05789111324
34.53 0 1.05940152508
34.54 0 1.05954247898
34.55 0 1.05617675065
34.56 0 1.05756166912
34.57 0 1.05843525257
34.58 0 1.05796389702
34.59 0 1.05886430015
34.6 0 1.05896728731
34.61 0 1.05920925849
34.62 0 1.05920925849
34.63 0 1.06440548143
34.64 0 1.065237779
34.65 0 1.0651601284
34.66 0 1.07409566596
34.67 0 1.07458149396
34.68 0 1.07639897406
34.69 0 1.08021348256
34.7 0 1.08121227501
34.71 0 1.08294495589
34.72 0 1.0840947866
34.73 0 1.0840947866
34.74 0 1.08686548634
34.75 0 1.08835771314
34.76 0 1.08867365972
34.77 0 1.08915514458
34.78 0 1.08886006734
34.79 0 1.08613890347
34.8 0 1.08454930183
34.81 0 1.08176750972
34.82 0 1.08104225261
34.83 0 1.08233065473
34.84 0 1.08246442056
34.85 0 1.07758743269
34.86 0 1.06666523049
34.87 0 1.06612396854
34.88 0 1.0644945006
34.89 0 1.06343250365
34.9 0 1.06281458169
34.91 0 1.06245704325
34.92 0 1.06033825115
34.93 0 1.05932256088
34.94 0 1.05598078649
34.95 0 1.05408931603
34.96 0 1.0534153025
34.97 0 1.05539668649
34.98 0 1.05605934007
34.99 0 1.05605934007
35.0 0 1.05717804628
35.01 0 1.05842465025
35.02 0 1.05981454331
35.03 0 1.06125155027
35.04 0 1.06316021364
35.05 0 1.06447321039
35.06 0 1.06788562229
35.07 0 1.06901291232
35.08 0 1.06954821964
35.09 0 1.0703045327
35.1 0 1.07156915135
35.11 0 1.07244808185
35.12 0 1.07326562175
35.13 0 1.07349356686
35.14 0 1.0746148142
35.15 0 1.07633748148
35.16 0 1.08098690282
35.17 0 1.08107159389
35.18 0 1.08127323939
35.19 0 1.08694423401
35.2 0 1.08773596481
35.21 0 1.08734891846
35.22 0 1.07884131219
35.23 0 1.07618274492
35.24 0 1.07708388806
35.25 0 1.07760502808
35.26 0 1.07777980921
35.27 0 1.07900008727
35.28 0 1.08017851976
35.29 0 1.08088251951
35.3 0 1.08102113218
35.31 0 1.08067421646
35.32 0 1.07954044014
35.33 0 1.08142717253
35.34 0 1.08142717253
35.35 0 1.08799721658
35.36 0 1.08976135342
35.37 0 1.0912003086
35.38 0 1.09430441097
35.39 0 1.09485016862
35.4 0 1.09485016862
35.41 0 1.09759768767
35.42 0 1.10076917809
35.43 0 1.10196338245
35.44 0 1.10300942932
35.45 0 1.10323326593
35.46 0 1.10305020572
35.47 0 1.10255810998
35.48 0 1.10240024709
35.49 0 1.10325269748
35.5 0 1.10339191047
35.51 0 1.10371636641
35.52 0 1.10230911447
35.53 0 1.10218149006
35.54 0 1.10212757543
35.55 0 1.10212757543
35.56 0 1.10303966165
35.57 0 1.10266160234
35.58 0 1.10249660384
35.59 0 1.1054723113
35.6 0 1.10631878171
35.61 0 1.10791841559
35.62 0 1.10622058466
35.63 0 1.10637946114
35.64 0 1.10637946114
35.65 0 1.1055374251
35.66 0 1.1055374251
35.67 0 1.10206180156
35.68 0 1.10206180156
35.69 0 1.09896051324
35.7 0 1.09542785948
35.71 0 1.09366264567
35.72 0 1.09300587075
35.73 0 1.09224464468
35.74 0 1.09197915995
35.75 0 1.0904609314
35.76 0 1.09101896793
35.77 0 1.09091330536
35.78 0 1.09091330536
35.79 0 1.09094515911
35.8 0 1.09094515911
35.81 0 1.09106637419
35.82 0 1.09091607414
35.83 0 1.0915120402
35.84 0 1.09355947724
35.85 0 1.09355947724
35.86 0 1.09355947724
35.87 0 1.09717000119
35.88 0 1.09576210778
35.89 0 1.09698618768
35.9 0 1.0983526625
35.91 0 1.09857518944
35.92 0 1.09817479346
35.93 0 1.10010305727
35.94 0 1.10321219035
35.95 0 1.10440039785
35.96 0 1.10570886879
35.97 0 1.10975131464
35.98 0 1.11195731797
35.99 0 1.11195731797
36.0 0 1.11156079086
36.01 0 1.10631844794
36.02 0 1.10662837303
36.03 0 1.10676895873
36.04 0 1.1074055532
36.05 0 1.10768219411
36.06 0 1.10823355929
36.07 0 1.11002693346
36.08 0 1.11100119637
36.09 0 1.11200929119
36.1 0 1.11249497872
36.11 0 1.11257304465
36.12 0 1.11038216966
36.13 0 1.1121293828
36.14 0 1.11060614637
36.15 0 1.11060614637
36.16 0 1.11106655023
36.17 0 1.11231893465
36.18 0 1.11459141692
36.19 0 1.11601409965
36.2 0 1.1161540663
36.21 0 1.11925577286
36.22 0 1.12456193802
36.23 0 1.12456193802
36.24 0 1.12611659772
36.25 0 1.12638380505
36.26 0 1.12797685901
36.27 0 1.12815685436
36.28 0 1.12733204774
36.29 0 1.12711799315
36.3 0 1.12728810451
36.31 0 1.12705987237
36.32 0 1.12628505617
36.33 0 1.1265693919
36.34 0 1.12668948697
36.35 0 1.12702497174
36.36 0 1.12775086788
36.37 0 1.12788516368
36.38 0 1.1290125743
36.39 0 1.12884266503
36.4 0 1.1290420796
36.41 0 1.13031843395
36.42 0 1.13018983384
36.43 0 1.13006104208
36.44 0 1.13006803773
36.45 0 1.13006803773
36.46 0 1.13006803773
36.47 0 1.13011448035
36.48 0 1.12404728925
36.49 0 1.12404728925
36.5 0 1.12226668494
36.51 0 1.12207415172
36.52 0 1.12207391352
36.53 0 1.12243287226
36.54 0 1.12153374788
36.55 0 1.12138219996
36.56 0 1.12076758122
36.57 0 1.12324250179
36.58 0 1.12664335938
36.59 0 1.1294225261
36.6 0 1.13025531364
36.61 0 1.13372297894
36.62 0 1.13411533146
36.63 0 1.13439182435
36.64 0 1.1349843108
36.65 0 1.13624104366
36.66 0 1.13655442715
36.67 0 1.13678791751
36.68 0 1.13710505943
36.69 0 1.13710505943
36.7 0 1.13815118182
36.71 0 1.13778982926
36.72 0 1.13782146507
36.73 0 1.13793081369
36.74 0 1.13793081369
36.75 0 1.13855379467
36.76 0 1.14389350525
36.77 0 1.1446331823
36.78 0 1.14475344045
36.79 0 1.14475344045
36.8 0 1.14864022123
36.81 0 1.14851184579
36.82 0 1.14777200474
36.83 0 1.14623803908
36.84 0 1.14493883642
36.85 0 1.14412621783
36.86 0 1.14551547065
36.87 0 1.14551547065
36.88 0 1.1476963
36.89 0 1.14892290961
36.9 0 1.14774708713
36.91 0 1.1478550094
36.92 0 1.14735483342
36.93 0 1.14735483342
36.94 0 1.15394039754
36.95 0 1.15814749743
36.96 0 1.15919638405
36.97 0 1.16067708965
36.98 0 1.16422209654
36.99 0 1.16438035907
37.0 0 1.16494775074
37.01 0 1.16666342997
37.02 0 1.16908869783
37.03 0 1.17255679166
37.04 0 1.17590374073
37.05 0 1.17686869849
37.06 0 1.17765694704
37.07 0 1.17735990115
37.08 0 1.17738264837
37.09 0 1.17866593867
37.1 0 1.18067940598
37.11 0 1.18061213709
37.12 0 1.18054950176
37.13 0 1.17934413435
37.14 0 1.18084066373
37.15 0 1.17875401003
37.16 0 1.17748476007
37.17 0 1.17755948338
37.18 0 1.17830815845
37.19 0 1.18022899747
37.2 0 1.18079055882
37.21 0 1.18231650355
37.22 0 1.17966146087
37.23 0 1.1771883403
37.24 0 1.1755950736
37.25 0 1.1755950736
37.26 0 1.17202428329
37.27 0 1.17203316161
37.28 0 1.17146505919
37.29 0 1.17127742256
37.3 0 1.17116930638
37.31 0 1.17170934606
37.32 0 1.17184518876
37.33 0 1.17235473024
37.34 0 1.17204795696
37.35 0 1.17460843139
37.36 0 1.17500034949
37.37 0 1.17707488973
37.38 0 1.18206799921
37.39 0 1.18206799921
37.4 0 1.18371514144
37.41 0 1.18476082544
37.42 0 1.18544120216
37.43 0 1.18544120216
37.44 0 1.18489832007
37.45 0 1.18532149743
37.46 0 1.18631978558
37.47 0 1.18631978558
37.48 0 1.1865872203
37.49 0 1.18692106474
37.5 0 1.18696943894
37.51 0 1.1895965272
37.52 0 1.1895965272
37.53 0 1.19161576247
37.54 0 1.19213947859
37.55 0 1.19579558233
37.56 0 1.19987566464
37.57 0 1.20169846357
37.58 0 1.20153516525
37.59 0 1.1997319963
37.6 0 1.19936477141
37.61 0 1.1996293331
37.62 0 1.20075687511
37.63 0 1.20157962317
37.64 0 1.20250316531
37.65 0 1.20427221298
37.66 0 1.20427221298
37.67 0 1.20513514947
37.68 0 1.20831606329
37.69 0 1.20800826905
37.7 0 1.20863676787
37.71 0 1.20863676787
37.72 0 1.21190263926
37.73 0 1.21247103655
37.74 0 1.21381032853
37.75 0 1.21623567394
37.76 0 1.21716828266
37.77 0 1.22015974804
37.78 0 1.22055121229
37.79 0 1.22177897215
37.8 0 1.22174371849
37.81 0 1.22314117061
37.82 0 1.22233621201
37.83 0 1.22233621201
37.84 0 1.22282358459
37.85 0 1.22281319035
37.86 0 1.22260985545
37.87 0 1.22187822547
37.88 0 1.22187822547
37.89 0 1.22242941561
37.9 0 1.22271169545
37.91 0 1.22274573416
37.92 0 1.22245324244
37.93 0 1.22239327575
37.94 0 1.22239327575
37.95 0 1.22311523983
37.96 0 1.22449050792
37.97 0 1.22513628684
37.98 0 1.22513628684
37.99 0 1.22513628684
38.0 0 1.22239411843
38.01 0 1.2176034652
38.02 0 1.2176034652
38.03 0 1.21699599525
38.04 0 1.21303770276
38.05 0 1.21271928281
38.06 0 1.21259118025
38.07 0 1.21256144512
38.08 0 1.21351589143
38.09 0 1.2147506691
38.1 0 1.2137147865
38.11 0 1.21454113702
38.12 0 1.21569312713
38.13 0 1.21640077983
38.14 0 1.2187072739
38.15 0 1.22036072683
38.16 0 1.22036072683
38.17 0 1.22342437123
38.18 0 1.22475203588
38.19 0 1.23320795212
38.2 0 1.23323133336
38.21 0 1.23348771104
38.22 0 1.23359520481
38.23 0 1.23351485473
38.24 0 1.2330589051
38.25 0 1.23296325651
38.26 0 1.23202479229
38.27 0 1.23212732617
38.28 0 1.23212732617
38.29 0 1.23393799188
38.3 0 1.23393799188
38.31 0 1.23748979335
38.32 0 1.23732187806
38.33 0 1.2403718069
38.34 0 1.24080870051
38.35 0 1.24745840639
38.36 0 1.25102743347
38.37 0 1.25157202862
38.38 0 1.25132208739
38.39 0 1.25195103088
38.4 0 1.25515804474
38.41 0 1.25687681454
38.42 0 1.25687681454
38.43 0 1.25814013989
38.44 0 1.25839634387
38.45 0 1.25844117441
38.46 0 1.25844117441
38.47 0 1.25830250885
38.48 0 1.25905101246
38.49 0 1.26178789915
38.5 0 1.26292417207
38.51 0 1.26511567401
38.52 0 1.26706267134
38.53 0 1.27448858999
38.54 0 1.27448858999
38.55 0 1.27448858999
38.56 0 1.2784027536
38.57 0 1.27903893665
38.58 0 1.27978873309
38.59 0 1.2807050233
38.6 0 1.28125575632
38.61 0 1.27955682102
38.62 0 1.27909311707
38.63 0 1.27819224574
38.64 0 1.27923581496
38.65 0 1.27985759498
38.66 0 1.28107361227
38.67 0 1.28100156499
38.68 0 1.28097973213
38.69 0 1.28236956453
38.7 0 1.28430609674
38.71 0 1.28467176974
38.72 0 1.28396844128
38.73 0 1.28377608533
38.74 0 1.28271981226
38.75 0 1.28271981226
38.76 0 1.28361947621
38.77 0 1.2843234647
38.78 0 1.28502191254
38.79 0 1.28510669399
38.8 0 1.28513537929
38.81 0 1.28505433936
38.82 0 1.28445414168
38.83 0 1.28244603822
38.84 0 1.2805481814
38.85 0 1.28017393982
38.86 0 1.28007545685
38.87 0 1.28022705791
38.88 0 1.28079799444
38.89 0 1.28273826293
38.9 0 1.28378422285
38.91 0 1.28392188664
38.92 0 1.28392188664
38.93 0 1.28696502173
38.94 0 1.29087888151
38.95 0 1.29087888151
38.96 0 1.29269815243
38.97 0 1.2928746123
38.98 0 1.29512593689
38.99 0 1.29500157511
39.0 0 1.29503806871
