time index height
0.01 0 0.0
0.02 0 0.0260000076756
0.03 0 0.0260000076756
0.04 0 0.0280607756033
0.05 0 0.0331138635032
0.06 0 0.0350190798481
0.07 0 0.0396317399471
0.08 0 0.0425820582011
0.09 0 0.0452856698985
0.1 0 0.0485120987966
0.11 0 0.0522393138279
0.12 0 0.0588919978746
0.13 0 0.0654777018861
0.14 0 0.0654777018861
0.15 0 0.0654777018861
0.16 0 0.0654777018861
0.17 0 0.0750000865905
0.18 0 0.0750000865905
0.19 0 0.0771348440314
0.2 0 0.0771348440314
0.21 0 0.0769110277246
0.22 0 0.0749703616262
0.23 0 0.0725826169736
0.24 0 0.0700495042207
0.25 0 0.0665470522212
0.26 0 0.0618469251142
0.27 0 0.0545572921617
0.28 0 0.0533240499522
0.29 0 0.0418651495178
0.3 0 0.0353287115846
0.31 0 0.0300551985031
0.32 0 0.0298545900341
0.33 0 0.0297559701918
0.34 0 0.0296554552294
0.35 0 0.0296554552294
0.36 0 0.0296554552294
0.37 0 0.0301287611867
0.38 0 0.0303753930408
0.39 0 0.0303753930408
0.4 0 0.032550510193
0.41 0 0.0335804172277
0.42 0 0.034951357848
0.43 0 0.0359724612855
0.44 0 0.0368628763399
0.45 0 0.0379920286153
0.46 0 0.0392392063179
0.47 0 0.0397585779425
0.48 0 0.0403294842271
0.49 0 0.0408148907966
0.5 0 0.0415268125516
0.51 0 0.0418564268954
0.52 0 0.0418564268954
0.53 0 0.0411984978624
0.54 0 0.0410662815038
0.55 0 0.0401015825898
0.56 0 0.0400020962752
0.57 0 0.0385561038105
0.58 0 0.03866872237
0.59 0 0.039184244172
0.6 0 0.0400652718468
0.61 0 0.0401130191325
0.62 0 0.0407025068692
0.63 0 0.0412806666643
0.64 0 0.0415387191998
0.65 0 0.0416048861116
0.66 0 0.0416568739761
0.67 0 0.0418413384135
0.68 0 0.042225880342
0.69 0 0.0422711575775
0.7 0 0.0424273001033
0.71 0 0.0426021004076
0.72 0 0.0425346679554
0.73 0 0.0422762022649
0.74 0 0.0421641303634
0.75 0 0.041925294429
0.76 0 0.0418898615824
0.77 0 0.0417607726365
0.78 0 0.0415459828305
0.79 0 0.0414081691948
0.8 0 0.0412700535873
0.81 0 0.0409155844235
0.82 0 0.0404620979501
0.83 0 0.0399248523773
0.84 0 0.0392719872382
0.85 0 0.0390049687333
0.86 0 0.0390049687333
0.87 0 0.0385214431922
0.88 0 0.0383015376424
0.89 0 0.0382563016555
0.9 0 0.0383509225555
0.91 0 0.0385246076867
0.92 0 0.0391306171438
0.93 0 0.0402202355396
0.94 0 0.0419890902471
0.95 0 0.0444752591613
0.96 0 0.0470647110558
0.97 0 0.0482294180572
0.98 0 0.0496693451429
0.99 0 0.0496693451429
1.0 0 0.0496693451429
1.01 0 0.0530537206862
1.02 0 0.0537070055393
1.03 0 0.0537956589478
1.04 0 0.0538390564968
1.05 0 0.0543370921546
1.06 0 0.0541238955414
1.07 0 0.0541073040426
1.08 0 0.0541687045059
1.09 0 0.0543333177696
1.1 0 0.0545574358478
1.11 0 0.0547613879895
1.12 0 0.0553991286732
1.13 0 0.0557780812094
1.14 0 0.0558945847476
1.15 0 0.0560994846765
1.16 0 0.0563263176881
1.17 0 0.0563263176881
1.18 0 0.0561722389275
1.19 0 0.0561722389275
1.2 0 0.0553218312103
1.21 0 0.0550837980995
1.22 0 0.0539491269862
1.23 0 0.0539491269862
1.24 0 0.0534080091901
1.25 0 0.0531053068455
1.26 0 0.0521726209124
1.27 0 0.0512753412774
1.28 0 0.0507155944049
1.29 0 0.0490973955443
1.3 0 0.0483991360918
1.31 0 0.0468373579123
1.32 0 0.0461124037729
1.33 0 0.0444262822224
1.34 0 0.0442550743838
1.35 0 0.0436342159741
1.36 0 0.042669110448
1.37 0 0.0424524868126
1.38 0 0.0423460488276
1.39 0 0.0426401734616
1.4 0 0.0435983466504
1.41 0 0.0445141668057
1.42 0 0.0457550150842
1.43 0 0.0465735712497
1.44 0 0.0466743479859
1.45 0 0.048712995245
1.46 0 0.0490932282303
1.47 0 0.0496910861785
1.48 0 0.0506599122041
1.49 0 0.0510598181528
1.5 0 0.051105042893
1.51 0 0.0510319560717
1.52 0 0.0511983913143
1.53 0 0.0521514207311
1.54 0 0.052692661208
1.55 0 0.0530137694836
1.56 0 0.0542421160124
1.57 0 0.0551638605613
1.58 0 0.0555542609836
1.59 0 0.0556784748215
1.6 0 0.0567685050406
1.61 0 0.0567207423162
1.62 0 0.0565892334527
1.63 0 0.056840170674
1.64 0 0.0565993909738
1.65 0 0.0559021391956
1.66 0 0.0556735587195
1.67 0 0.0553232775941
1.68 0 0.0548060794388
1.69 0 0.0541825030902
1.7 0 0.0536708377428
1.71 0 0.0528348350025
1.72 0 0.0524049726019
1.73 0 0.0519104676974
1.74 0 0.0526298173285
1.75 0 0.0537212139552
1.76 0 0.0560292791247
1.77 0 0.058037480261
1.78 0 0.0592429683852
1.79 0 0.0611201229343
1.8 0 0.0617732637371
1.81 0 0.0631361134264
1.82 0 0.0651431423273
1.83 0 0.0651574323468
1.84 0 0.067046617042
1.85 0 0.0672274341346
1.86 0 0.0674760800862
1.87 0 0.0674760800862
1.88 0 0.068707375827
1.89 0 0.0686965006853
1.9 0 0.0685667850717
1.91 0 0.0686150777729
1.92 0 0.0689614930978
1.93 0 0.0689857239865
1.94 0 0.0691253716417
1.95 0 0.0698929524395
1.96 0 0.0704758984446
1.97 0 0.0715011297828
1.98 0 0.071978075181
1.99 0 0.0723411426763
2.0 0 0.0721570970407
2.01 0 0.0719370769706
2.02 0 0.0715797223715
2.03 0 0.0708937062635
2.04 0 0.0706034790644
2.05 0 0.0701734670125
2.06 0 0.0700577838826
2.07 0 0.069634653791
2.08 0 0.0695016753966
2.09 0 0.0692425508308
2.1 0 0.0690806490993
2.11 0 0.0677689102552
2.12 0 0.0672023552741
2.13 0 0.0666971316674
2.14 0 0.0648963527584
2.15 0 0.0637868779841
2.16 0 0.0636579685136
2.17 0 0.0631900491497
2.18 0 0.0631364431468
2.19 0 0.0633676760807
2.2 0 0.0633489744768
2.21 0 0.0632853726438
2.22 0 0.0636094545773
2.23 0 0.0638193643441
2.24 0 0.0640921893497
2.25 0 0.0640595330399
2.26 0 0.0643401239797
2.27 0 0.0647097516786
2.28 0 0.0657329654929
2.29 0 0.0662591131687
2.3 0 0.0672151698666
2.31 0 0.0684073289186
2.32 0 0.0687618728876
2.33 0 0.0699546742041
2.34 0 0.0714342174666
2.35 0 0.0718134391891
2.36 0 0.074076907081
2.37 0 0.0757620712593
2.38 0 0.0783365323365
2.39 0 0.0794733967499
2.4 0 0.0825056724331
2.41 0 0.08578403558
2.42 0 0.0865984535876
2.43 0 0.0890025599851
2.44 0 0.0897430169787
2.45 0 0.092111885203
2.46 0 0.0931175004761
2.47 0 0.094189341447
2.48 0 0.0962814975568
2.49 0 0.0960631339663
2.5 0 0.0970694525903
2.51 0 0.0973443550108
2.52 0 0.0985505516566
2.53 0 0.0982198131073
2.54 0 0.099208610445
2.55 0 0.098958287443
2.56 0 0.0994286675451
2.57 0 0.0992566259344
2.58 0 0.0996833079212
2.59 0 0.0998087128966
2.6 0 0.0997648435556
2.61 0 0.0992623060698
2.62 0 0.0988799331148
2.63 0 0.098363035561
2.64 0 0.0979320591143
2.65 0 0.0969752480375
2.66 0 0.0969567489299
2.67 0 0.097227820974
2.68 0 0.0973519641667
2.69 0 0.0975707274113
2.7 0 0.09784276535
2.71 0 0.0979913175402
2.72 0 0.0981985638352
2.73 0 0.0985642292016
2.74 0 0.098940508106
2.75 0 0.0991908909583
2.76 0 0.0995906645437
2.77 0 0.0996105588786
2.78 0 0.0998440604746
2.79 0 0.100006603007
2.8 0 0.099619385736
2.81 0 0.098817373888
2.82 0 0.098353121832
2.83 0 0.0977237313681
2.84 0 0.09727870607
2.85 0 0.0966164177921
2.86 0 0.0959062701933
2.87 0 0.0956289448991
2.88 0 0.0949073342805
2.89 0 0.0942137204635
2.9 0 0.0938452707337
2.91 0 0.0933871421778
2.92 0 0.0930775743341
2.93 0 0.0932801052895
2.94 0 0.0919062804708
2.95 0 0.0910562927681
2.96 0 0.0902954589928
2.97 0 0.0888336102823
2.98 0 0.0880726309741
2.99 0 0.0874545944485
3.0 0 0.0868866724112
3.01 0 0.0869391285387
3.02 0 0.0873078671849
3.03 0 0.0881680365213
3.04 0 0.0901759018502
3.05 0 0.092080436394
3.06 0 0.0936728169194
3.07 0 0.0941106869332
3.08 0 0.0941106869332
3.09 0 0.101806555183
3.1 0 0.106568851189
3.11 0 0.107223019216
3.12 0 0.111592313212
3.13 0 0.115141407199
3.14 0 0.118473641236
3.15 0 0.121515853738
3.16 0 0.123027605809
3.17 0 0.124471752074
3.18 0 0.125931993202
3.19 0 0.128156741279
3.2 0 0.132401211806
3.21 0 0.133332432753
3.22 0 0.134661987339
3.23 0 0.135466150494
3.24 0 0.136367250221
3.25 0 0.137326507034
3.26 0 0.137957080457
3.27 0 0.137500410214
3.28 0 0.13890958847
3.29 0 0.138785455437
3.3 0 0.137831054465
3.31 0 0.13847008765
3.32 0 0.138659827858
3.33 0 0.139638435796
3.34 0 0.141077570768
3.35 0 0.142275595294
3.36 0 0.14299013976
3.37 0 0.143610001949
3.38 0 0.145110922284
3.39 0 0.145940970991
3.4 0 0.146861802664
3.41 0 0.148595255248
3.42 0 0.149285036025
3.43 0 0.150895683582
3.44 0 0.153253817993
3.45 0 0.155413491204
3.46 0 0.156007709772
3.47 0 0.15725599136
3.48 0 0.161876858537
3.49 0 0.162980350796
3.5 0 0.164226933908
3.51 0 0.165472962192
3.52 0 0.16814193213
3.53 0 0.169346904343
3.54 0 0.169346904343
3.55 0 0.169346904343
3.56 0 0.173568219976
3.57 0 0.174086043869
3.58 0 0.174391727941
3.59 0 0.177194439349
3.6 0 0.178731501358
3.61 0 0.17920449103
3.62 0 0.179735515159
3.63 0 0.180754952261
3.64 0 0.181287142602
3.65 0 0.181287142602
3.66 0 0.181726670662
3.67 0 0.181674678225
3.68 0 0.181638947136
3.69 0 0.181503429548
3.7 0 0.181318853567
3.71 0 0.181310185275
3.72 0 0.181317406323
3.73 0 0.181229669323
3.74 0 0.181136050505
3.75 0 0.181315926214
3.76 0 0.181469439293
3.77 0 0.18162093665
3.78 0 0.182899977265
3.79 0 0.184017789226
3.8 0 0.184211956925
3.81 0 0.184623613333
3.82 0 0.185971021525
3.83 0 0.185781607645
3.84 0 0.186486734336
3.85 0 0.18603179578
3.86 0 0.187160998854
3.87 0 0.188085718174
3.88 0 0.188297188067
3.89 0 0.188859651369
3.9 0 0.190826413833
3.91 0 0.191973527153
3.92 0 0.194952983296
3.93 0 0.19573160341
3.94 0 0.1974582153
3.95 0 0.197263667923
3.96 0 0.199464334006
3.97 0 0.200148250702
3.98 0 0.200387025473
3.99 0 0.199210578336
4.0 0 0.200797720701
4.01 0 0.200793518664
4.02 0 0.202098497698
4.03 0 0.204603844276
4.04 0 0.202708203343
4.05 0 0.201221075628
4.06 0 0.201221075628
4.07 0 0.19943465759
4.08 0 0.198868756376
4.09 0 0.195493217218
4.1 0 0.194913236517
4.11 0 0.193814322372
4.12 0 0.191866951266
4.13 0 0.190578879371
4.14 0 0.190578879371
4.15 0 0.190578879371
4.16 0 0.185038420104
4.17 0 0.182423710369
4.18 0 0.179617796005
4.19 0 0.175296590842
4.2 0 0.174133986994
4.21 0 0.171211483866
4.22 0 0.165901309309
4.23 0 0.162932351605
4.24 0 0.157854659813
4.25 0 0.155725028873
4.26 0 0.154050444257
4.27 0 0.153325254357
4.28 0 0.152376745567
4.29 0 0.152967782591
4.3 0 0.153219833877
4.31 0 0.154235803741
4.32 0 0.155423913
4.33 0 0.155423913
4.34 0 0.155930245156
4.35 0 0.157753612448
4.36 0 0.158818845705
4.37 0 0.159442991797
4.38 0 0.159953388235
4.39 0 0.160756235072
4.4 0 0.161356462469
4.41 0 0.16191045065
4.42 0 0.162534341811
4.43 0 0.162936699446
4.44 0 0.162725585074
4.45 0 0.162476099191
4.46 0 0.162414533654
4.47 0 0.162619321534
4.48 0 0.162639771734
4.49 0 0.162639771734
4.5 0 0.162882128191
4.51 0 0.162181467663
4.52 0 0.16019114675
4.53 0 0.160033345592
4.54 0 0.160033345592
4.55 0 0.160033345592
4.56 0 0.160149802833
4.57 0 0.159759354621
4.58 0 0.160151368278
4.59 0 0.160857175818
4.6 0 0.161550559106
4.61 0 0.161550559106
4.62 0 0.161585299453
4.63 0 0.163358869474
4.64 0 0.163686166328
4.65 0 0.165953164313
4.66 0 0.166383149534
4.67 0 0.166806288212
4.68 0 0.166806288212
4.69 0 0.173824033615
4.7 0 0.177943813919
4.71 0 0.180855929971
4.72 0 0.1824013864
4.73 0 0.18495614607
4.74 0 0.191813648929
4.75 0 0.192140814449
4.76 0 0.196119631195
4.77 0 0.197770138131
4.78 0 0.199953209605
4.79 0 0.199953209605
4.8 0 0.203462931786
4.81 0 0.203462931786
4.82 0 0.203462931786
4.83 0 0.206471285429
4.84 0 0.206471285429
4.85 0 0.206753131534
4.86 0 0.211662925873
4.87 0 0.211705016222
4.88 0 0.210154183606
4.89 0 0.209016455712
4.9 0 0.208031830331
4.91 0 0.207186708717
4.92 0 0.205951812871
4.93 0 0.203074867515
4.94 0 0.200919241541
4.95 0 0.200291960087
4.96 0 0.198136133715
4.97 0 0.196431666278
4.98 0 0.195806256315
4.99 0 0.193049489864
5.0 0 0.193049489864
5.01 0 0.189376875565
5.02 0 0.189376875565
5.03 0 0.187416667459
5.04 0 0.186963636825
5.05 0 0.186963636825
5.06 0 0.185197877356
5.07 0 0.185111031118
5.08 0 0.184925179371
5.09 0 0.18451583628
5.1 0 0.184266536286
5.11 0 0.183562840463
5.12 0 0.18373845623
5.13 0 0.183527107995
5.14 0 0.183616188334
5.15 0 0.183616188334
5.16 0 0.183616188334
5.17 0 0.184136123717
5.18 0 0.184136123717
5.19 0 0.184136123717
5.2 0 0.186464892672
5.21 0 0.186464892672
5.22 0 0.186464892672
5.23 0 0.189561251425
5.24 0 0.189561251425
5.25 0 0.189561251425
5.26 0 0.189561251425
5.27 0 0.192730825461
5.28 0 0.192922771464
5.29 0 0.193339195478
5.3 0 0.195219742599
5.31 0 0.195620536892
5.32 0 0.195874331729
5.33 0 0.196149804875
5.34 0 0.196109323272
5.35 0 0.196422148524
5.36 0 0.1963951826
5.37 0 0.19756271313
5.38 0 0.199182108632
5.39 0 0.199182108632
5.4 0 0.200807094262
5.41 0 0.201892465742
5.42 0 0.203017841878
5.43 0 0.203619923837
5.44 0 0.201523553886
5.45 0 0.199753819584
5.46 0 0.199753819584
5.47 0 0.198048585672
5.48 0 0.196812594426
5.49 0 0.195045708859
5.5 0 0.19652918474
5.51 0 0.196397130889
5.52 0 0.196705966951
5.53 0 0.196755405205
5.54 0 0.194998335656
5.55 0 0.197403627704
5.56 0 0.198223425406
5.57 0 0.198540358863
5.58 0 0.199877809573
5.59 0 0.199603509146
5.6 0 0.200132445645
5.61 0 0.200667817849
5.62 0 0.200704277652
5.63 0 0.199611425889
5.64 0 0.199969053151
5.65 0 0.200701847916
5.66 0 0.200701847916
5.67 0 0.197653544563
5.68 0 0.197653544563
5.69 0 0.19669960808
5.7 0 0.194494860891
5.71 0 0.194494860891
5.72 0 0.193254429275
5.73 0 0.192168284434
5.74 0 0.188832246609
5.75 0 0.186840934489
5.76 0 0.184702841821
5.77 0 0.182484157439
5.78 0 0.178762880976
5.79 0 0.175244273526
5.8 0 0.17368182724
5.81 0 0.168751236378
5.82 0 0.166091138292
5.83 0 0.166091138292
5.84 0 0.163234143764
5.85 0 0.162126184357
5.86 0 0.160803326778
5.87 0 0.159846652607
5.88 0 0.158194276293
5.89 0 0.158194276293
5.9 0 0.158194276293
5.91 0 0.158194276293
5.92 0 0.153201515873
5.93 0 0.153201515873
5.94 0 0.153201515873
5.95 0 0.145256857505
5.96 0 0.144280219674
5.97 0 0.144335921755
5.98 0 0.144653924029
5.99 0 0.146243314339
6.0 0 0.147240604603
6.01 0 0.148879651418
6.02 0 0.154186929958
6.03 0 0.154502815648
6.04 0 0.156063075294
6.05 0 0.162954512448
6.06 0 0.166023623282
6.07 0 0.167201447153
6.08 0 0.171020922739
6.09 0 0.171020922739
6.1 0 0.172046626469
6.11 0 0.173694647487
6.12 0 0.1760397633
6.13 0 0.178267900643
6.14 0 0.17868089785
6.15 0 0.179238153027
6.16 0 0.180582886634
6.17 0 0.180981144542
6.18 0 0.182247769999
6.19 0 0.18358080747
6.2 0 0.18358080747
6.21 0 0.18358080747
6.22 0 0.18358080747
6.23 0 0.185694396794
6.24 0 0.186099173024
6.25 0 0.190111157679
6.26 0 0.190521947842
6.27 0 0.191756935319
6.28 0 0.194617733114
6.29 0 0.198436953106
6.3 0 0.197015381454
6.31 0 0.199452085902
6.32 0 0.199452085902
6.33 0 0.199031229497
6.34 0 0.202213403232
6.35 0 0.201102633928
6.36 0 0.200782555257
6.37 0 0.20218348307
6.38 0 0.203284607703
6.39 0 0.2039697343
6.4 0 0.204436476476
6.41 0 0.204377251609
6.42 0 0.201886818581
6.43 0 0.202556938945
6.44 0 0.202636793864
6.45 0 0.20305043424
6.46 0 0.201600032449
6.47 0 0.201600032449
6.48 0 0.201600032449
6.49 0 0.201600032449
6.5 0 0.200686726499
6.51 0 0.200686726499
6.52 0 0.201732675406
6.53 0 0.200165106599
6.54 0 0.199364156733
6.55 0 0.198056951129
6.56 0 0.197853720258
6.57 0 0.196010221221
6.58 0 0.191114811929
6.59 0 0.191114811929
6.6 0 0.188656391847
6.61 0 0.18544789045
6.62 0 0.184254555169
6.63 0 0.182024568204
6.64 0 0.178928002685
6.65 0 0.178928002685
6.66 0 0.179120697367
6.67 0 0.179706136637
6.68 0 0.180377937821
6.69 0 0.18186878213
6.7 0 0.182080533569
6.71 0 0.182347264128
6.72 0 0.182973772912
6.73 0 0.184125855111
6.74 0 0.185710335887
6.75 0 0.186619875961
6.76 0 0.186626410072
6.77 0 0.186094386005
6.78 0 0.186310624649
6.79 0 0.186150163633
6.8 0 0.185234774101
6.81 0 0.185234774101
6.82 0 0.185234774101
6.83 0 0.185234774101
6.84 0 0.181994435803
6.85 0 0.180572305306
6.86 0 0.179745690483
6.87 0 0.17939240606
6.88 0 0.178816629177
6.89 0 0.176869781813
6.9 0 0.176487741034
6.91 0 0.173388721415
6.92 0 0.171821698025
6.93 0 0.169970610979
6.94 0 0.168926531423
6.95 0 0.166798775373
6.96 0 0.163659521131
6.97 0 0.163051040279
6.98 0 0.161990329975
6.99 0 0.159522864277
7.0 0 0.159229324067
7.01 0 0.159191842068
7.02 0 0.15801850549
7.03 0 0.159115188189
7.04 0 0.158743000343
7.05 0 0.157903266445
7.06 0 0.159380447182
7.07 0 0.159954973046
7.08 0 0.160716070153
7.09 0 0.163190385713
7.1 0 0.163190385713
7.11 0 0.163190385713
7.12 0 0.163190385713
7.13 0 0.166323669983
7.14 0 0.166323669983
7.15 0 0.166323669983
7.16 0 0.168452301442
7.17 0 0.172210742717
7.18 0 0.173584976479
7.19 0 0.172655491746
7.2 0 0.175397394363
7.21 0 0.174689540089
7.22 0 0.175867778782
7.23 0 0.177968418761
7.24 0 0.176406355125
7.25 0 0.177764656298
7.26 0 0.177764656298
7.27 0 0.17647345869
7.28 0 0.177775790541
7.29 0 0.177775790541
7.3 0 0.181139375758
7.31 0 0.181087977891
7.32 0 0.180974741596
7.33 0 0.181110311116
7.34 0 0.180762621183
7.35 0 0.180734399602
7.36 0 0.180385528834
7.37 0 0.17830855674
7.38 0 0.178447622429
7.39 0 0.177779251525
7.4 0 0.178187992835
7.41 0 0.178251253144
7.42 0 0.17820298439
7.43 0 0.178052836249
7.44 0 0.175787256693
7.45 0 0.172967561092
7.46 0 0.172791004327
7.47 0 0.17175596331
7.48 0 0.170144500052
7.49 0 0.170144500052
7.5 0 0.170144500052
7.51 0 0.169163361094
7.52 0 0.169163361094
7.53 0 0.169163361094
7.54 0 0.165669669292
7.55 0 0.164205295932
7.56 0 0.161227841711
7.57 0 0.160116147122
7.58 0 0.160096640597
7.59 0 0.160742899043
7.6 0 0.161656800791
7.61 0 0.16187398404
7.62 0 0.161695592117
7.63 0 0.161623719544
7.64 0 0.161058207295
7.65 0 0.160826708232
7.66 0 0.159352005892
7.67 0 0.159677557315
7.68 0 0.159967405269
7.69 0 0.160635766979
7.7 0 0.159247936049
7.71 0 0.15925339371
7.72 0 0.157860828197
7.73 0 0.156079623332
7.74 0 0.155558711804
7.75 0 0.154739290897
7.76 0 0.155094114318
7.77 0 0.153839851104
7.78 0 0.155329897257
7.79 0 0.155121744597
7.8 0 0.15525983949
7.81 0 0.1551732122
7.82 0 0.155639840987
7.83 0 0.156204242416
7.84 0 0.160332932676
7.85 0 0.158978853116
7.86 0 0.161257763318
7.87 0 0.164131301614
7.88 0 0.161871086863
7.89 0 0.164620408704
7.9 0 0.166894710215
7.91 0 0.167753341554
7.92 0 0.167497394784
7.93 0 0.168664613719
7.94 0 0.171979544125
7.95 0 0.174931877909
7.96 0 0.173511587331
7.97 0 0.174100598626
7.98 0 0.174100598626
7.99 0 0.174100598626
8.0 0 0.181715286134
8.01 0 0.181539568244
8.02 0 0.182068138627
8.03 0 0.1824606655
8.04 0 0.180935874465
8.05 0 0.17923631028
8.06 0 0.178058485248
8.07 0 0.173196954913
8.08 0 0.171670220602
8.09 0 0.170838088516
8.1 0 0.170838088516
8.11 0 0.170838088516
8.12 0 0.170838088516
8.13 0 0.165598246935
8.14 0 0.165598246935
8.15 0 0.165598246935
8.16 0 0.161035460119
8.17 0 0.161035460119
8.18 0 0.153673062638
8.19 0 0.153673062638
8.2 0 0.153673062638
8.21 0 0.153673062638
8.22 0 0.152299104368
8.23 0 0.152409637576
8.24 0 0.153451992962
8.25 0 0.15581999322
8.26 0 0.156474165395
8.27 0 0.158990626641
8.28 0 0.159833047824
8.29 0 0.159900860303
8.3 0 0.159894017212
8.31 0 0.158658965381
8.32 0 0.158658965381
8.33 0 0.157205133065
8.34 0 0.157134419304
8.35 0 0.1577751485
8.36 0 0.157730151796
8.37 0 0.157031505534
8.38 0 0.157031505534
8.39 0 0.157021629786
8.4 0 0.156252836545
8.41 0 0.156252836545
8.42 0 0.156252836545
8.43 0 0.155779863795
8.44 0 0.154234226575
8.45 0 0.154271395665
8.46 0 0.15399332679
8.47 0 0.153809984562
8.48 0 0.152300549721
8.49 0 0.152714633685
8.5 0 0.153667628133
8.51 0 0.154428387269
8.52 0 0.155176979777
8.53 0 0.155176979777
8.54 0 0.155176979777
8.55 0 0.157408144837
8.56 0 0.160487421678
8.57 0 0.163398428552
8.58 0 0.162659736839
8.59 0 0.165243467569
8.6 0 0.165587429629
8.61 0 0.17022286619
8.62 0 0.169711230298
8.63 0 0.173238502189
8.64 0 0.175501848298
8.65 0 0.176951489437
8.66 0 0.17872764963
8.67 0 0.18329785448
8.68 0 0.183750594095
8.69 0 0.186722698863
8.7 0 0.186880019172
8.71 0 0.187009178924
8.72 0 0.185080331224
8.73 0 0.185114931481
8.74 0 0.186937339395
8.75 0 0.193411563256
8.76 0 0.192275086348
8.77 0 0.194825434474
8.78 0 0.196800921662
8.79 0 0.198076470608
8.8 0 0.199805403304
8.81 0 0.201882889588
8.82 0 0.201038454031
8.83 0 0.201038454031
8.84 0 0.201038454031
8.85 0 0.201038454031
8.86 0 0.196791820507
8.87 0 0.196791820507
8.88 0 0.196791820507
8.89 0 0.189572877422
8.9 0 0.186252503657
8.91 0 0.18109583907
8.92 0 0.179253491364
8.93 0 0.176841247758
8.94 0 0.173408125645
8.95 0 0.17128371476
8.96 0 0.164824464255
8.97 0 0.163000118342
8.98 0 0.158812560437
8.99 0 0.158743306796
9.0 0 0.157981556423
9.01 0 0.159189668915
9.02 0 0.15945323542
9.03 0 0.159732105799
9.04 0 0.161305158873
9.05 0 0.162187654536
9.06 0 0.162922430039
9.07 0 0.162926417085
9.08 0 0.16312052364
9.09 0 0.163093356943
9.1 0 0.163265127944
9.11 0 0.164023916485
9.12 0 0.164553167517
9.13 0 0.165168852547
9.14 0 0.165788717026
9.15 0 0.166670408947
9.16 0 0.166670408947
9.17 0 0.166670408947
9.18 0 0.166670408947
9.19 0 0.16894991538
9.2 0 0.16894991538
9.21 0 0.16894991538
9.22 0 0.169836786747
9.23 0 0.169836786747
9.24 0 0.169836786747
9.25 0 0.167912350584
9.26 0 0.167912350584
9.27 0 0.169689578903
9.28 0 0.17116261002
9.29 0 0.171449813122
9.3 0 0.172668832358
9.31 0 0.174336596208
9.32 0 0.176169528839
9.33 0 0.176169528839
9.34 0 0.176169528839
9.35 0 0.179769373704
9.36 0 0.182016830557
9.37 0 0.183977346694
9.38 0 0.186279436803
9.39 0 0.188413711664
9.4 0 0.19121364975
9.41 0 0.191942738347
9.42 0 0.194558403311
9.43 0 0.193331359921
9.44 0 0.193525448704
9.45 0 0.193948828945
9.46 0 0.196465362026
9.47 0 0.196465362026
9.48 0 0.199755933167
9.49 0 0.201935901539
9.5 0 0.204740567164
9.51 0 0.207756169308
9.52 0 0.207696534801
9.53 0 0.20975933809
9.54 0 0.209524364587
9.55 0 0.209305670161
9.56 0 0.209305670161
9.57 0 0.210359815034
9.58 0 0.210758610951
9.59 0 0.211353424527
9.6 0 0.210983700946
9.61 0 0.211007628379
9.62 0 0.211021982619
9.63 0 0.211044388479
9.64 0 0.211020206778
9.65 0 0.211887219625
9.66 0 0.212163498499
9.67 0 0.211334150584
9.68 0 0.208972645798
9.69 0 0.208059331827
9.7 0 0.204242316743
9.71 0 0.203547651992
9.72 0 0.202579536414
9.73 0 0.200735940616
9.74 0 0.198605155497
9.75 0 0.193738748435
9.76 0 0.191624042211
9.77 0 0.188243724773
9.78 0 0.185876632506
9.79 0 0.185876632506
9.8 0 0.185876632506
9.81 0 0.185876632506
9.82 0 0.180432613721
9.83 0 0.180432613721
9.84 0 0.180432613721
9.85 0 0.178099273298
9.86 0 0.178296401907
9.87 0 0.179146233555
9.88 0 0.17971335381
9.89 0 0.180308655253
9.9 0 0.180893108809
9.91 0 0.183106954057
9.92 0 0.185646250135
9.93 0 0.186301639043
9.94 0 0.187680562089
9.95 0 0.188373751588
9.96 0 0.188793866146
9.97 0 0.188730471316
9.98 0 0.188569214827
9.99 0 0.188334799429
10.0 0 0.188107049173
10.01 0 0.188143561822
10.02 0 0.188016978689
10.03 0 0.188322899677
10.04 0 0.189218484942
10.05 0 0.189020085681
10.06 0 0.18906818543
10.07 0 0.190126881379
10.08 0 0.190567872478
10.09 0 0.192169931587
10.1 0 0.192862544821
10.11 0 0.194586812504
10.12 0 0.197499364968
10.13 0 0.197474064118
10.14 0 0.197474064118
10.15 0 0.197474064118
10.16 0 0.201402896091
10.17 0 0.20216818822
10.18 0 0.205058011889
10.19 0 0.205749873249
10.2 0 0.205245186186
10.21 0 0.208245810353
10.22 0 0.207613062233
10.23 0 0.210276406454
10.24 0 0.210699585407
10.25 0 0.213514251734
10.26 0 0.209188174524
10.27 0 0.211056808885
10.28 0 0.216692975479
10.29 0 0.208925266104
10.3 0 0.212870366399
10.31 0 0.215101397475
10.32 0 0.216771836928
10.33 0 0.223585609964
10.34 0 0.223398237433
10.35 0 0.218075949418
10.36 0 0.228993421566
10.37 0 0.230943946026
10.38 0 0.230513956558
10.39 0 0.230513956558
10.4 0 0.230513956558
10.41 0 0.229655603841
10.42 0 0.229655603841
10.43 0 0.229655603841
10.44 0 0.230349068742
10.45 0 0.230147891558
10.46 0 0.229756116599
10.47 0 0.229478565307
10.48 0 0.228463839864
10.49 0 0.227753569094
10.5 0 0.226550846726
10.51 0 0.224250924765
10.52 0 0.22309702963
10.53 0 0.222236458566
10.54 0 0.222186671416
10.55 0 0.222014309117
10.56 0 0.221569503677
10.57 0 0.220925984857
10.58 0 0.220190828318
10.59 0 0.219608744382
10.6 0 0.218315281212
10.61 0 0.217851321009
10.62 0 0.215214925228
10.63 0 0.213891568504
10.64 0 0.213910440573
10.65 0 0.214529433261
10.66 0 0.214924210188
10.67 0 0.214278877266
10.68 0 0.21399485219
10.69 0 0.213410498419
10.7 0 0.214212584591
10.71 0 0.214510748022
10.72 0 0.215058622583
10.73 0 0.215058622583
10.74 0 0.215058622583
10.75 0 0.217517205644
10.76 0 0.219887608891
10.77 0 0.221209756119
10.78 0 0.222836763878
10.79 0 0.223891613816
10.8 0 0.225905866308
10.81 0 0.226043755707
10.82 0 0.226043755707
10.83 0 0.226043755707
10.84 0 0.22906741471
10.85 0 0.22906741471
10.86 0 0.229863686138
10.87 0 0.231413771109
10.88 0 0.230707578286
10.89 0 0.234138745328
10.9 0 0.234138745328
10.91 0 0.234138745328
10.92 0 0.238999423347
10.93 0 0.23971882077
10.94 0 0.24364062228
10.95 0 0.245887185426
10.96 0 0.246492598486
10.97 0 0.250221511606
10.98 0 0.252793417912
10.99 0 0.251294342581
11.0 0 0.254513603264
11.01 0 0.254419130746
11.02 0 0.25275854704
11.03 0 0.253666143299
11.04 0 0.250683860832
11.05 0 0.252642841123
11.06 0 0.251688428883
11.07 0 0.253049824102
11.08 0 0.252679064353
11.09 0 0.255220136467
11.1 0 0.256426672215
11.11 0 0.2570018187
11.12 0 0.256777581393
11.13 0 0.256122799234
11.14 0 0.256329644946
11.15 0 0.256683144555
11.16 0 0.257578786493
11.17 0 0.258166104017
11.18 0 0.259783762925
11.19 0 0.260342638399
11.2 0 0.260605320719
11.21 0 0.260580748457
11.22 0 0.260244593359
11.23 0 0.256992207037
11.24 0 0.254478809271
11.25 0 0.253515498936
11.26 0 0.251446974565
11.27 0 0.248335150716
11.28 0 0.248335150716
11.29 0 0.248335150716
11.3 0 0.242818825003
11.31 0 0.242818825003
11.32 0 0.242818825003
11.33 0 0.242818825003
11.34 0 0.242818825003
11.35 0 0.237706707834
11.36 0 0.237706707834
11.37 0 0.237706707834
11.38 0 0.235234414521
11.39 0 0.235173356378
11.4 0 0.234841701374
11.41 0 0.232049584382
11.42 0 0.231685788263
11.43 0 0.2284097207
11.44 0 0.228376081252
11.45 0 0.228122577943
11.46 0 0.226289298445
11.47 0 0.225992026393
11.48 0 0.225285353432
11.49 0 0.224084691766
11.5 0 0.224084691766
11.51 0 0.224084691766
11.52 0 0.224084691766
11.53 0 0.224253044391
11.54 0 0.224253044391
11.55 0 0.224253044391
11.56 0 0.224253044391
11.57 0 0.224253044391
11.58 0 0.225935763959
11.59 0 0.225935763959
11.6 0 0.225935763959
11.61 0 0.230736167555
11.62 0 0.231659066909
11.63 0 0.232721153346
11.64 0 0.233306835031
11.65 0 0.234047361114
11.66 0 0.234581253235
11.67 0 0.234951855526
11.68 0 0.234231778662
11.69 0 0.234693432578
11.7 0 0.238110405429
11.71 0 0.237557532492
11.72 0 0.240840064223
11.73 0 0.241717139055
11.74 0 0.241717139055
11.75 0 0.243097936773
11.76 0 0.246668560783
11.77 0 0.24749190722
11.78 0 0.247303763137
11.79 0 0.250575236587
11.8 0 0.247035509093
11.81 0 0.247035509093
11.82 0 0.250041765496
11.83 0 0.252001552771
11.84 0 0.248241669348
11.85 0 0.247204580283
11.86 0 0.252996537334
11.87 0 0.254065536909
11.88 0 0.254065536909
11.89 0 0.265273602574
11.9 0 0.26626629543
11.91 0 0.267357821574
11.92 0 0.267401169202
11.93 0 0.26694940577
11.94 0 0.266953830769
11.95 0 0.267195816107
11.96 0 0.263928707567
11.97 0 0.263928707567
11.98 0 0.263928707567
11.99 0 0.264713495272
12.0 0 0.262880836247
12.01 0 0.262880836247
12.02 0 0.262388160985
12.03 0 0.260305304159
12.04 0 0.258419953229
12.05 0 0.256139587058
12.06 0 0.254462932407
12.07 0 0.253368451416
12.08 0 0.253368451416
12.09 0 0.253368451416
12.1 0 0.249458753567
12.11 0 0.248416927549
12.12 0 0.248416927549
12.13 0 0.246517050233
12.14 0 0.244409493214
12.15 0 0.243124957054
12.16 0 0.242783710064
12.17 0 0.240450184493
12.18 0 0.240659929087
12.19 0 0.240343567794
12.2 0 0.239579283098
12.21 0 0.238397983012
12.22 0 0.237514974762
12.23 0 0.237084879068
12.24 0 0.23705667825
12.25 0 0.238263941241
12.26 0 0.239086682943
12.27 0 0.239086682943
12.28 0 0.239086682943
12.29 0 0.239354238124
12.3 0 0.239402729992
12.31 0 0.239313575462
12.32 0 0.239459998806
12.33 0 0.240426852974
12.34 0 0.243108026099
12.35 0 0.245747260233
12.36 0 0.247470150299
12.37 0 0.248471355295
12.38 0 0.249353718218
12.39 0 0.250503816303
12.4 0 0.253801309249
12.41 0 0.254167067223
12.42 0 0.255682770551
12.43 0 0.258975461364
12.44 0 0.260190118786
12.45 0 0.260190118786
12.46 0 0.260190118786
12.47 0 0.260190118786
12.48 0 0.26676207993
12.49 0 0.26676207993
12.5 0 0.272572161233
12.51 0 0.275062742338
12.52 0 0.278236945984
12.53 0 0.278236945984
12.54 0 0.281973168089
12.55 0 0.282464525984
12.56 0 0.285176274023
12.57 0 0.286145471554
12.58 0 0.289062451054
12.59 0 0.288708881778
12.6 0 0.288708881778
12.61 0 0.288708881778
12.62 0 0.288708881778
12.63 0 0.294749468429
12.64 0 0.294749468429
12.65 0 0.294749468429
12.66 0 0.291960242572
12.67 0 0.291960242572
12.68 0 0.288768224891
12.69 0 0.288768224891
12.7 0 0.288768224891
12.71 0 0.288768224891
12.72 0 0.288768224891
12.73 0 0.291851671608
12.74 0 0.291851671608
12.75 0 0.285810085247
12.76 0 0.282354233691
12.77 0 0.28136696875
12.78 0 0.279912884328
12.79 0 0.280221582736
12.8 0 0.277962653435
12.81 0 0.2779831514
12.82 0 0.270260443042
12.83 0 0.268156866892
12.84 0 0.264053582171
12.85 0 0.260311059534
12.86 0 0.25936496838
12.87 0 0.259508784709
12.88 0 0.259431177897
12.89 0 0.259015976252
12.9 0 0.258595770342
12.91 0 0.258044104456
12.92 0 0.257311432035
12.93 0 0.256905205476
12.94 0 0.256696402913
12.95 0 0.256877804814
12.96 0 0.257176085936
12.97 0 0.257242651645
12.98 0 0.256934069041
12.99 0 0.256572900003
13.0 0 0.254852545642
13.01 0 0.254737183105
13.02 0 0.25474622067
13.03 0 0.254835913644
13.04 0 0.25609718873
13.05 0 0.256755349519
13.06 0 0.257342250837
13.07 0 0.257821681908
13.08 0 0.258444728657
13.09 0 0.258379133674
13.1 0 0.259339178846
13.11 0 0.259071297437
13.12 0 0.258816081506
13.13 0 0.259696657774
13.14 0 0.260497933177
13.15 0 0.261178230424
13.16 0 0.263230257639
13.17 0 0.262815404171
13.18 0 0.263682442555
13.19 0 0.264418826018
13.2 0 0.26617512928
13.21 0 0.26767808519
13.22 0 0.268053011488
13.23 0 0.270999655729
13.24 0 0.276015907327
13.25 0 0.277455018799
13.26 0 0.283372442954
13.27 0 0.285143214414
13.28 0 0.285624440356
13.29 0 0.284914855797
13.3 0 0.287226970201
13.31 0 0.284940375198
13.32 0 0.284251450265
13.33 0 0.282560742656
13.34 0 0.286583635321
13.35 0 0.288032310198
13.36 0 0.296092373373
13.37 0 0.292993971542
13.38 0 0.300480893144
13.39 0 0.29830443812
13.4 0 0.306255062893
13.41 0 0.309291710485
13.42 0 0.311582983223
13.43 0 0.313714143721
13.44 0 0.319265599241
13.45 0 0.319726178191
13.46 0 0.32126385907
13.47 0 0.321149607748
13.48 0 0.320588217175
13.49 0 0.320588217175
13.5 0 0.322193730021
13.51 0 0.322189461326
13.52 0 0.322189461326
13.53 0 0.32090469024
13.54 0 0.32029950985
13.55 0 0.319513827389
13.56 0 0.317992850143
13.57 0 0.317329705477
13.58 0 0.316359951948
13.59 0 0.315945804904
13.6 0 0.311556303574
13.61 0 0.311556303574
13.62 0 0.311556303574
13.63 0 0.311556303574
13.64 0 0.305425855115
13.65 0 0.305425855115
13.66 0 0.305425855115
13.67 0 0.304152257295
13.68 0 0.303802602655
13.69 0 0.303415008443
13.7 0 0.302317535865
13.71 0 0.302317535865
13.72 0 0.302317535865
13.73 0 0.302317535865
13.74 0 0.303082187529
13.75 0 0.303082187529
13.76 0 0.303082187529
13.77 0 0.304713968097
13.78 0 0.304713968097
13.79 0 0.304713968097
13.8 0 0.304713968097
13.81 0 0.303525256822
13.82 0 0.304219869667
13.83 0 0.304523612555
13.84 0 0.305554021951
13.85 0 0.304879368272
13.86 0 0.304879368272
13.87 0 0.304879368272
13.88 0 0.304879368272
13.89 0 0.304879368272
13.9 0 0.306751704622
13.91 0 0.306751704622
13.92 0 0.306751704622
13.93 0 0.303678106689
13.94 0 0.303963005084
13.95 0 0.30498117869
13.96 0 0.30498117869
13.97 0 0.30498117869
13.98 0 0.310532312727
13.99 0 0.31125312173
14.0 0 0.311608725922
14.01 0 0.312120904628
14.02 0 0.316124701434
14.03 0 0.31819761905
14.04 0 0.320254463212
14.05 0 0.322748834687
14.06 0 0.325007723227
14.07 0 0.326556013414
14.08 0 0.328692205737
14.09 0 0.331770993475
14.1 0 0.329746195
14.11 0 0.333310778721
14.12 0 0.337442060977
14.13 0 0.338671531741
14.14 0 0.338671531741
14.15 0 0.338671531741
14.16 0 0.340816894922
14.17 0 0.340816894922
14.18 0 0.340816894922
14.19 0 0.340816894922
14.2 0 0.342981549386
14.21 0 0.342981549386
14.22 0 0.342981549386
14.23 0 0.349133123069
14.24 0 0.349133123069
14.25 0 0.351193179304
14.26 0 0.350666948242
14.27 0 0.352422075481
14.28 0 0.3534279173
14.29 0 0.35462309956
14.3 0 0.3545502382
14.31 0 0.354052130172
14.32 0 0.35403000613
14.33 0 0.35270818769
14.34 0 0.349552218432
14.35 0 0.349113116237
14.36 0 0.348915827703
14.37 0 0.347377254331
14.38 0 0.346134952687
14.39 0 0.343224362169
14.4 0 0.341725659251
14.41 0 0.340449872078
14.42 0 0.339833343594
14.43 0 0.339423425636
14.44 0 0.338266316862
14.45 0 0.336313211405
14.46 0 0.335313759356
14.47 0 0.332130746477
14.48 0 0.331122204708
14.49 0 0.328088291369
14.5 0 0.326796096238
14.51 0 0.325144667261
14.52 0 0.324947162487
14.53 0 0.324539371522
14.54 0 0.324179759954
14.55 0 0.32308771633
14.56 0 0.321192230492
14.57 0 0.321103425007
14.58 0 0.321824861794
14.59 0 0.321824861794
14.6 0 0.322458021815
14.61 0 0.322247376733
14.62 0 0.322776308007
14.63 0 0.323140969225
14.64 0 0.323986784164
14.65 0 0.324556272182
14.66 0 0.324556272182
14.67 0 0.323465637739
14.68 0 0.322998104774
14.69 0 0.322919126133
14.7 0 0.323249922757
14.71 0 0.323732421574
14.72 0 0.324386737272
14.73 0 0.326037897856
14.74 0 0.3263971121
14.75 0 0.327300707711
14.76 0 0.327300707711
14.77 0 0.327300707711
14.78 0 0.331650704147
14.79 0 0.33302899838
14.8 0 0.333844091466
14.81 0 0.334436100022
14.82 0 0.336552251971
14.83 0 0.336087837573
14.84 0 0.339676116386
14.85 0 0.339469946506
14.86 0 0.339469946506
14.87 0 0.345917912868
14.88 0 0.349147780252
14.89 0 0.351558524181
14.9 0 0.351018090113
14.91 0 0.354238889632
14.92 0 0.354468129021
14.93 0 0.359541678483
14.94 0 0.358168830659
14.95 0 0.357308886099
14.96 0 0.358437090466
14.97 0 0.36239432685
14.98 0 0.362687213333
14.99 0 0.364714203071
15.0 0 0.366307940562
15.01 0 0.369424101637
15.02 0 0.370062569992
15.03 0 0.37100100065
15.04 0 0.374882216937
15.05 0 0.374918188737
15.06 0 0.37733823212
15.07 0 0.380554552415
15.08 0 0.382509327181
15.09 0 0.382323296477
15.1 0 0.382298242301
15.11 0 0.380297106683
15.12 0 0.379091525998
15.13 0 0.377396926426
15.14 0 0.376132609728
15.15 0 0.375830592334
15.16 0 0.375456915334
15.17 0 0.374628342066
15.18 0 0.374364319924
15.19 0 0.37469550259
15.2 0 0.37446868892
15.21 0 0.371964399374
15.22 0 0.369277992599
15.23 0 0.368347682594
15.24 0 0.367612166201
15.25 0 0.366335891502
15.26 0 0.365652355272
15.27 0 0.365103836007
15.28 0 0.365018554602
15.29 0 0.364943874023
15.3 0 0.364515189202
15.31 0 0.36408361268
15.32 0 0.362930154796
15.33 0 0.362997790608
15.34 0 0.362411011463
15.35 0 0.362573922615
15.36 0 0.361474543939
15.37 0 0.360708862737
15.38 0 0.360095257632
15.39 0 0.360095257632
15.4 0 0.360095257632
15.41 0 0.360095257632
15.42 0 0.360999350149
15.43 0 0.360999350149
15.44 0 0.360999350149
15.45 0 0.36271076875
15.46 0 0.36271076875
15.47 0 0.36271076875
15.48 0 0.363051578668
15.49 0 0.363051578668
15.5 0 0.363051578668
15.51 0 0.363051578668
15.52 0 0.365044081131
15.53 0 0.365044081131
15.54 0 0.365044081131
15.55 0 0.369685237751
15.56 0 0.373074681536
15.57 0 0.375184104271
15.58 0 0.37766227019
15.59 0 0.37766227019
15.6 0 0.381808339205
15.61 0 0.381808339205
15.62 0 0.381808339205
15.63 0 0.381808339205
15.64 0 0.389225435914
15.65 0 0.389225435914
15.66 0 0.391287866188
15.67 0 0.388583236673
15.68 0 0.388583236673
15.69 0 0.393421653491
15.7 0 0.393421653491
15.71 0 0.393799305277
15.72 0 0.393799305277
15.73 0 0.393799305277
15.74 0 0.398430186827
15.75 0 0.400654721739
15.76 0 0.399552912447
15.77 0 0.400533308292
15.78 0 0.400678605981
15.79 0 0.395404761455
15.8 0 0.396794543351
15.81 0 0.393639560597
15.82 0 0.390515548292
15.83 0 0.394941037934
15.84 0 0.397217341102
15.85 0 0.397217341102
15.86 0 0.397217341102
15.87 0 0.397217341102
15.88 0 0.402268914518
15.89 0 0.401310773517
15.9 0 0.401445203041
15.91 0 0.402267522405
15.92 0 0.403005502044
15.93 0 0.403330438661
15.94 0 0.403212413835
15.95 0 0.403212413835
15.96 0 0.403212413835
15.97 0 0.402906453787
15.98 0 0.402906453787
15.99 0 0.402906453787
16.0 0 0.397916243865
16.01 0 0.397916243865
16.02 0 0.397916243865
16.03 0 0.397916243865
16.04 0 0.397916243865
16.05 0 0.391407535126
16.06 0 0.391407535126
16.07 0 0.391407535126
16.08 0 0.384449635296
16.09 0 0.384449635296
16.1 0 0.381649140826
16.11 0 0.376547163891
16.12 0 0.37601046873
16.13 0 0.374966806648
16.14 0 0.372667822886
16.15 0 0.372232459618
16.16 0 0.372232459618
16.17 0 0.372232459618
16.18 0 0.374412696556
16.19 0 0.374412696556
16.2 0 0.374412696556
16.21 0 0.374412696556
16.22 0 0.375959762929
16.23 0 0.377151607825
16.24 0 0.378773761657
16.25 0 0.379672487546
16.26 0 0.381236591066
16.27 0 0.381481354887
16.28 0 0.382062805346
16.29 0 0.382062805346
16.3 0 0.38408001671
16.31 0 0.38408001671
16.32 0 0.386270442442
16.33 0 0.387307264847
16.34 0 0.388504824894
16.35 0 0.391393209844
16.36 0 0.394145928962
16.37 0 0.394523203886
16.38 0 0.396366594287
16.39 0 0.397935376174
16.4 0 0.400438092244
16.41 0 0.401530646059
16.42 0 0.406331491713
16.43 0 0.407228178759
16.44 0 0.408441260856
16.45 0 0.411524853532
16.46 0 0.413039546198
16.47 0 0.415353183477
16.48 0 0.416287927688
16.49 0 0.417163676581
16.5 0 0.421077844556
16.51 0 0.423504091785
16.52 0 0.424319861847
16.53 0 0.426402508464
16.54 0 0.427185216913
16.55 0 0.428615240615
16.56 0 0.428409138892
16.57 0 0.428254059007
16.58 0 0.429964836705
16.59 0 0.431320898638
16.6 0 0.431126141913
16.61 0 0.431570627345
16.62 0 0.432779181233
16.63 0 0.431902991598
16.64 0 0.432710188594
16.65 0 0.433385620147
16.66 0 0.433850707031
16.67 0 0.433926482305
16.68 0 0.433377918796
16.69 0 0.433036872391
16.7 0 0.432318101676
16.71 0 0.432359816534
16.72 0 0.43252150815
16.73 0 0.432539090513
16.74 0 0.432191513615
16.75 0 0.432105262037
16.76 0 0.43032564551
16.77 0 0.429026597025
16.78 0 0.42790452779
16.79 0 0.428770823176
16.8 0 0.429745456846
16.81 0 0.428282785959
16.82 0 0.428130633237
16.83 0 0.428130633237
16.84 0 0.426916493687
16.85 0 0.425381617482
16.86 0 0.424976607045
16.87 0 0.420720223469
16.88 0 0.419323245605
16.89 0 0.416199416719
16.9 0 0.414790248933
16.91 0 0.410829586059
16.92 0 0.406282766833
16.93 0 0.40335600447
16.94 0 0.403554332559
16.95 0 0.403713853053
16.96 0 0.403492733016
16.97 0 0.402767881249
16.98 0 0.403153738479
16.99 0 0.402857818286
17.0 0 0.401932250578
17.01 0 0.402168716454
17.02 0 0.402168716454
17.03 0 0.404152755471
17.04 0 0.404309100709
17.05 0 0.404925789168
17.06 0 0.405401916981
17.07 0 0.406188690525
17.08 0 0.407315797182
17.09 0 0.408366157605
17.1 0 0.409457494221
17.11 0 0.41100817671
17.12 0 0.412159633554
17.13 0 0.412790765429
17.14 0 0.415233542106
17.15 0 0.416901511098
17.16 0 0.420031460508
17.17 0 0.421921077767
17.18 0 0.424395209456
17.19 0 0.42530593898
17.2 0 0.429424064266
17.21 0 0.426791150467
17.22 0 0.424697673346
17.23 0 0.428338758357
17.24 0 0.426081600243
17.25 0 0.433433104853
17.26 0 0.433297221255
17.27 0 0.439062235932
17.28 0 0.441244362378
17.29 0 0.447912263278
17.3 0 0.447912263278
17.31 0 0.448141221662
17.32 0 0.451051721087
17.33 0 0.453231229179
17.34 0 0.453420513237
17.35 0 0.454044870836
17.36 0 0.451274174144
17.37 0 0.452187990635
17.38 0 0.449771242569
17.39 0 0.449771242569
17.4 0 0.449771242569
17.41 0 0.451778460998
17.42 0 0.452699238082
17.43 0 0.453794760298
17.44 0 0.455873588663
17.45 0 0.455956636014
17.46 0 0.456538594133
17.47 0 0.456190346033
17.48 0 0.456287468011
17.49 0 0.455748394873
17.5 0 0.455941466326
17.51 0 0.454593385004
17.52 0 0.454656027451
17.53 0 0.452663866902
17.54 0 0.45216886919
17.55 0 0.448820900018
17.56 0 0.446910046846
17.57 0 0.445704448017
17.58 0 0.444464921107
17.59 0 0.442952643716
17.6 0 0.442231661653
17.61 0 0.441462083293
17.62 0 0.441126178871
17.63 0 0.441447999436
17.64 0 0.44131791673
17.65 0 0.441282836352
17.66 0 0.440923743334
17.67 0 0.439555477897
17.68 0 0.438453234665
17.69 0 0.435922271546
17.7 0 0.435187233007
17.71 0 0.43502163444
17.72 0 0.436007982987
17.73 0 0.436466917951
17.74 0 0.436771072639
17.75 0 0.437172726649
17.76 0 0.438068286227
17.77 0 0.438554262296
17.78 0 0.439460226155
17.79 0 0.43949606909
17.8 0 0.440317584794
17.81 0 0.44118292576
17.82 0 0.441957702954
17.83 0 0.442536488684
17.84 0 0.443287404511
17.85 0 0.443486020393
17.86 0 0.443296685457
17.87 0 0.444546559889
17.88 0 0.445771689841
17.89 0 0.447387092023
17.9 0 0.449342004078
17.91 0 0.451218856477
17.92 0 0.452688730607
17.93 0 0.453170944
17.94 0 0.456986018126
17.95 0 0.458101982924
17.96 0 0.459856337771
17.97 0 0.461644285508
17.98 0 0.464758426951
17.99 0 0.465908922051
18.0 0 0.46541995611
18.01 0 0.468257052876
18.02 0 0.470309345515
18.03 0 0.470304082672
18.04 0 0.471037546852
18.05 0 0.473460986386
18.06 0 0.473409818666
18.07 0 0.471685445266
18.08 0 0.473328650831
18.09 0 0.472955095617
18.1 0 0.477400034083
18.11 0 0.478751783733
18.12 0 0.476663840639
18.13 0 0.4817027791
18.14 0 0.484011463428
18.15 0 0.489122583858
18.16 0 0.492885526041
18.17 0 0.494669659196
18.18 0 0.49863587944
18.19 0 0.499451073693
18.2 0 0.50022745492
18.21 0 0.499686782426
18.22 0 0.499161492998
18.23 0 0.497567962719
18.24 0 0.497567962719
18.25 0 0.497567962719
18.26 0 0.493010632276
18.27 0 0.492880612279
18.28 0 0.492750516836
18.29 0 0.492834800549
18.3 0 0.490580450058
18.31 0 0.489600550394
18.32 0 0.487261322929
18.33 0 0.485718863835
18.34 0 0.485167293282
18.35 0 0.484609166127
18.36 0 0.483187945335
18.37 0 0.48248471048
18.38 0 0.481642484059
18.39 0 0.481030320357
18.4 0 0.481024257502
18.41 0 0.480951238316
18.42 0 0.480997548446
18.43 0 0.481009946067
18.44 0 0.479678983074
18.45 0 0.479272393101
18.46 0 0.478364357139
18.47 0 0.476465683766
18.48 0 0.475953430012
18.49 0 0.47633154885
18.5 0 0.47633154885
18.51 0 0.47633154885
18.52 0 0.47633154885
18.53 0 0.477226990979
18.54 0 0.477226990979
18.55 0 0.477226990979
18.56 0 0.478871519554
18.57 0 0.478871519554
18.58 0 0.478871519554
18.59 0 0.479051915675
18.6 0 0.479051915675
18.61 0 0.479051915675
18.62 0 0.480912693281
18.63 0 0.480977517317
18.64 0 0.481298168493
18.65 0 0.481547758309
18.66 0 0.482834747429
18.67 0 0.483506621928
18.68 0 0.484120376605
18.69 0 0.484715894129
18.7 0 0.484466027657
18.71 0 0.487004864088
18.72 0 0.487695386264
18.73 0 0.487954166871
18.74 0 0.492064006878
18.75 0 0.491051303363
18.76 0 0.49480242901
18.77 0 0.497398931349
18.78 0 0.498878139106
18.79 0 0.498798270581
18.8 0 0.500323144652
18.81 0 0.49981907726
18.82 0 0.5019768377
18.83 0 0.499314481554
18.84 0 0.501523420645
18.85 0 0.501523420645
18.86 0 0.501597391504
18.87 0 0.502375134765
18.88 0 0.501966727366
18.89 0 0.501966727366
18.9 0 0.501966727366
18.91 0 0.513377046177
18.92 0 0.513957319267
18.93 0 0.514145053065
18.94 0 0.513008346581
18.95 0 0.513328914728
18.96 0 0.513399524054
18.97 0 0.513399524054
18.98 0 0.513399524054
18.99 0 0.520892804933
19.0 0 0.521427848414
19.01 0 0.520902068325
19.02 0 0.520487623922
19.03 0 0.520616771009
19.04 0 0.518895495363
19.05 0 0.519371909645
19.06 0 0.518093587229
19.07 0 0.518722463974
19.08 0 0.517912456843
19.09 0 0.514886257095
19.1 0 0.513913861938
19.11 0 0.511982119125
19.12 0 0.511531990687
19.13 0 0.51148154269
19.14 0 0.511595145503
19.15 0 0.511665874889
19.16 0 0.511495016701
19.17 0 0.511447074895
19.18 0 0.507944377272
19.19 0 0.506896344204
19.2 0 0.506723480612
19.21 0 0.506346888121
19.22 0 0.505268067082
19.23 0 0.501571436055
19.24 0 0.500057041505
19.25 0 0.498976146988
19.26 0 0.496062682434
19.27 0 0.494363378407
19.28 0 0.492809930926
19.29 0 0.491244376376
19.3 0 0.49058348898
19.31 0 0.490212414733
19.32 0 0.48935087411
19.33 0 0.48935087411
19.34 0 0.48935087411
19.35 0 0.494167738117
19.36 0 0.494842087448
19.37 0 0.49602999031
19.38 0 0.497159391673
19.39 0 0.499263183511
19.4 0 0.499636219613
19.41 0 0.500761266892
19.42 0 0.501396338006
19.43 0 0.501808178105
19.44 0 0.502614390147
19.45 0 0.503845842531
19.46 0 0.503775349601
19.47 0 0.504815884929
19.48 0 0.504981785836
19.49 0 0.505740940471
19.5 0 0.508270309989
19.51 0 0.5118958041
19.52 0 0.514871573116
19.53 0 0.514011651336
19.54 0 0.516025245762
19.55 0 0.518457034918
19.56 0 0.51795788496
19.57 0 0.519448724405
19.58 0 0.522378511915
19.59 0 0.521247876365
19.6 0 0.524963704454
19.61 0 0.525188919737
19.62 0 0.528355143433
19.63 0 0.527520706219
19.64 0 0.530051658275
19.65 0 0.532714997024
19.66 0 0.532728156874
19.67 0 0.530610039984
19.68 0 0.533824874025
19.69 0 0.542712421537
19.7 0 0.542903381081
19.71 0 0.544227269672
19.72 0 0.545005665978
19.73 0 0.546319949942
19.74 0 0.54644407976
19.75 0 0.547077841937
19.76 0 0.548662392878
19.77 0 0.54884228452
19.78 0 0.548372917881
19.79 0 0.547630195962
19.8 0 0.547843388174
19.81 0 0.546675905944
19.82 0 0.54637955393
19.83 0 0.546885334452
19.84 0 0.547384405845
19.85 0 0.54820105241
19.86 0 0.548580796108
19.87 0 0.548976157735
19.88 0 0.546937774573
19.89 0 0.541803548894
19.9 0 0.541732522861
19.91 0 0.542473357909
19.92 0 0.542473357909
19.93 0 0.543058015467
19.94 0 0.543253148549
19.95 0 0.54332851454
19.96 0 0.543683337407
19.97 0 0.542585388682
19.98 0 0.542178749088
19.99 0 0.542164624316
20.0 0 0.540234497643
20.01 0 0.538608708286
20.02 0 0.536552436553
20.03 0 0.534348956476
20.04 0 0.532540601672
20.05 0 0.530723223115
20.06 0 0.530136978156
20.07 0 0.529188969884
20.08 0 0.529189324251
20.09 0 0.528631154922
20.1 0 0.524906233239
20.11 0 0.523512954578
20.12 0 0.522908081586
20.13 0 0.52267293542
20.14 0 0.522514191432
20.15 0 0.523665750828
20.16 0 0.525548231947
20.17 0 0.525966586892
20.18 0 0.526659393308
20.19 0 0.526666895343
20.2 0 0.527295854685
20.21 0 0.527757077672
20.22 0 0.529730723097
20.23 0 0.52969216497
20.24 0 0.529224392401
20.25 0 0.529138069836
20.26 0 0.529003766131
20.27 0 0.529384758863
20.28 0 0.531770977194
20.29 0 0.531526887434
20.3 0 0.534406973784
20.31 0 0.534406973784
20.32 0 0.534406973784
20.33 0 0.538781086733
20.34 0 0.538781086733
20.35 0 0.538781086733
20.36 0 0.544343289781
20.37 0 0.541700675672
20.38 0 0.545482696534
20.39 0 0.54902596233
20.4 0 0.557658840826
20.41 0 0.559377530337
20.42 0 0.557991043798
20.43 0 0.560029240475
20.44 0 0.560854430929
20.45 0 0.560587372965
20.46 0 0.557906674496
20.47 0 0.559396348476
20.48 0 0.563425077028
20.49 0 0.569444533904
20.5 0 0.570272238127
20.51 0 0.571243662383
20.52 0 0.573649312037
20.53 0 0.575574354501
20.54 0 0.577363562903
20.55 0 0.577483663328
20.56 0 0.578399643416
20.57 0 0.576911262688
20.58 0 0.576911262688
20.59 0 0.576911262688
20.6 0 0.576911262688
20.61 0 0.573979098617
20.62 0 0.573979098617
20.63 0 0.573979098617
20.64 0 0.573979098617
20.65 0 0.571797007129
20.66 0 0.571797007129
20.67 0 0.568822419783
20.68 0 0.568822419783
20.69 0 0.568822419783
20.7 0 0.568822419783
20.71 0 0.56508973335
20.72 0 0.564988285603
20.73 0 0.56489402168
20.74 0 0.564207477527
20.75 0 0.563042405019
20.76 0 0.56260601029
20.77 0 0.560766913154
20.78 0 0.558865804895
20.79 0 0.557640628129
20.8 0 0.555624000408
20.81 0 0.555144612308
20.82 0 0.552087964723
20.83 0 0.548444363071
20.84 0 0.547290149045
20.85 0 0.547174057716
20.86 0 0.54701081125
20.87 0 0.547119135256
20.88 0 0.547745091133
20.89 0 0.550605581989
20.9 0 0.550563988338
20.91 0 0.551872989161
20.92 0 0.552207564786
20.93 0 0.552842958397
20.94 0 0.554379098043
20.95 0 0.555643009336
20.96 0 0.555980091805
20.97 0 0.559221028232
20.98 0 0.560217500479
20.99 0 0.561199563612
21.0 0 0.562411036082
21.01 0 0.564666827521
21.02 0 0.565171856827
21.03 0 0.565096897575
21.04 0 0.565544250633
21.05 0 0.56735387355
21.06 0 0.567237596588
21.07 0 0.570029784311
21.08 0 0.572058041811
21.09 0 0.574126991759
21.1 0 0.575006665798
21.11 0 0.579383539838
21.12 0 0.581273774347
21.13 0 0.581706182515
21.14 0 0.579858994441
21.15 0 0.579858994441
21.16 0 0.577052349758
21.17 0 0.580114089914
21.18 0 0.583360888052
21.19 0 0.587799549093
21.2 0 0.587252384166
21.21 0 0.586680382284
21.22 0 0.587129590957
21.23 0 0.587680100812
21.24 0 0.586324680978
21.25 0 0.59124556982
21.26 0 0.592254601551
21.27 0 0.593807843893
21.28 0 0.594938905787
21.29 0 0.596853409626
21.3 0 0.601802073072
21.31 0 0.603941609781
21.32 0 0.607258389409
21.33 0 0.608800491981
21.34 0 0.610979715972
21.35 0 0.610868526775
21.36 0 0.610732719368
21.37 0 0.61057110421
21.38 0 0.61057110421
21.39 0 0.61057110421
21.4 0 0.608062604353
21.41 0 0.608062604353
21.42 0 0.60513936092
21.43 0 0.604818709729
21.44 0 0.604818709729
21.45 0 0.604070336255
21.46 0 0.603000262526
21.47 0 0.599059488545
21.48 0 0.599059488545
21.49 0 0.597054514213
21.5 0 0.596857023326
21.51 0 0.597011674409
21.52 0 0.59808773819
21.53 0 0.597999730517
21.54 0 0.595010165223
21.55 0 0.59395906391
21.56 0 0.59395906391
21.57 0 0.592425398376
21.58 0 0.590758567607
21.59 0 0.590758567607
21.6 0 0.590758567607
21.61 0 0.583098581833
21.62 0 0.581267224709
21.63 0 0.579599223835
21.64 0 0.579282770504
21.65 0 0.57963610514
21.66 0 0.578750527585
21.67 0 0.579659240345
21.68 0 0.581020552696
21.69 0 0.581167972166
21.7 0 0.583305647091
21.71 0 0.583377012773
21.72 0 0.583982606241
21.73 0 0.583185954286
21.74 0 0.583441391831
21.75 0 0.583886993455
21.76 0 0.585991623138
21.77 0 0.588201854088
21.78 0 0.588201854088
21.79 0 0.588526102732
21.8 0 0.588945985101
21.81 0 0.588945985101
21.82 0 0.588945985101
21.83 0 0.590046073843
21.84 0 0.590046073843
21.85 0 0.590046073843
21.86 0 0.590046073843
21.87 0 0.595251624995
21.88 0 0.595251624995
21.89 0 0.600048633525
21.9 0 0.599710102523
21.91 0 0.599724170611
21.92 0 0.599402892515
21.93 0 0.599167488469
21.94 0 0.597221080155
21.95 0 0.600589576237
21.96 0 0.600589576237
21.97 0 0.604674623611
21.98 0 0.607149729389
21.99 0 0.608595135113
22.0 0 0.60798827245
22.01 0 0.60798827245
22.02 0 0.60798827245
22.03 0 0.60798827245
22.04 0 0.617349230205
22.05 0 0.617349230205
22.06 0 0.617349230205
22.07 0 0.617349230205
22.08 0 0.62226043102
22.09 0 0.62226043102
22.1 0 0.626296167526
22.11 0 0.627516451284
22.12 0 0.627969416353
22.13 0 0.628334201193
22.14 0 0.630808483153
22.15 0 0.631627871713
22.16 0 0.630924521393
22.17 0 0.630471429232
22.18 0 0.629346746531
22.19 0 0.629039914035
22.2 0 0.628629823287
22.21 0 0.627871102023
22.22 0 0.627304738924
22.23 0 0.626299103528
22.24 0 0.626087220917
22.25 0 0.625367155221
22.26 0 0.624918124589
22.27 0 0.62442835892
22.28 0 0.62392979718
22.29 0 0.622131416981
22.3 0 0.62018001301
22.31 0 0.620133702249
22.32 0 0.620295717419
22.33 0 0.617832645066
22.34 0 0.616914977751
22.35 0 0.616872539824
22.36 0 0.616835988166
22.37 0 0.616958716615
22.38 0 0.616839439613
22.39 0 0.616896398285
22.4 0 0.616910136636
22.41 0 0.617743253866
22.42 0 0.618020193532
22.43 0 0.618020193532
22.44 0 0.618020193532
22.45 0 0.618020193532
22.46 0 0.620040455138
22.47 0 0.620040455138
22.48 0 0.620040455138
22.49 0 0.622063144654
22.5 0 0.622063144654
22.51 0 0.622063144654
22.52 0 0.623546231491
22.53 0 0.623732895637
22.54 0 0.62543982952
22.55 0 0.626581069156
22.56 0 0.627618868985
22.57 0 0.628374406708
22.58 0 0.629341408152
22.59 0 0.630588136471
22.6 0 0.630588136471
22.61 0 0.631126446389
22.62 0 0.63290144879
22.63 0 0.633259503505
22.64 0 0.635095965319
22.65 0 0.638156999772
22.66 0 0.639264194204
22.67 0 0.639264194204
22.68 0 0.639264194204
22.69 0 0.642763600972
22.7 0 0.641706673767
22.71 0 0.640910217558
22.72 0 0.641299666484
22.73 0 0.639598058847
22.74 0 0.638813429306
22.75 0 0.642226267122
22.76 0 0.644227730709
22.77 0 0.650048192869
22.78 0 0.650368816086
22.79 0 0.648832830232
22.8 0 0.646765967615
22.81 0 0.651827878393
22.82 0 0.651827878393
22.83 0 0.654001565388
22.84 0 0.654137190287
22.85 0 0.658985623749
22.86 0 0.658985623749
22.87 0 0.661947722546
22.88 0 0.662154046516
22.89 0 0.662540318289
22.9 0 0.6657697794
22.91 0 0.667467293851
22.92 0 0.667661597322
22.93 0 0.667594481237
22.94 0 0.666212192006
22.95 0 0.666092052139
22.96 0 0.664795559828
22.97 0 0.662879538157
22.98 0 0.662879040782
22.99 0 0.663290958084
23.0 0 0.663854139967
23.01 0 0.663530620139
23.02 0 0.663772907131
23.03 0 0.662546094824
23.04 0 0.662394691508
23.05 0 0.662575248394
23.06 0 0.661250503646
23.07 0 0.659863354359
23.08 0 0.659513793665
23.09 0 0.657803485542
23.1 0 0.65772313963
23.11 0 0.657617756884
23.12 0 0.657617756884
23.13 0 0.657617756884
23.14 0 0.657617756884
23.15 0 0.651960409672
23.16 0 0.650259715699
23.17 0 0.64760851416
23.18 0 0.646308613941
23.19 0 0.64594818955
23.2 0 0.64393490308
23.21 0 0.643745775454
23.22 0 0.643702513543
23.23 0 0.643413402772
23.24 0 0.643580422326
23.25 0 0.644040837328
23.26 0 0.646054609136
23.27 0 0.646484036212
23.28 0 0.646932323842
23.29 0 0.647207615962
23.3 0 0.647163132037
23.31 0 0.648645471389
23.32 0 0.648907270294
23.33 0 0.65002821157
23.34 0 0.650957154566
23.35 0 0.651682280524
23.36 0 0.65244448071
23.37 0 0.65212968157
23.38 0 0.652479965848
23.39 0 0.652134200817
23.4 0 0.651814029526
23.41 0 0.65306408929
23.42 0 0.6553535062
23.43 0 0.658547364926
23.44 0 0.657702128643
23.45 0 0.66060529656
23.46 0 0.664584232141
23.47 0 0.664176451646
23.48 0 0.665700891825
23.49 0 0.664260567958
23.5 0 0.663324323044
23.51 0 0.662224953297
23.52 0 0.66224881252
23.53 0 0.657883439196
23.54 0 0.664425936692
23.55 0 0.66868471091
23.56 0 0.672976280933
23.57 0 0.674159405252
23.58 0 0.672084716973
23.59 0 0.674067407291
23.6 0 0.669837698991
23.61 0 0.671800047633
23.62 0 0.674772839799
23.63 0 0.678031105369
23.64 0 0.679077664413
23.65 0 0.68041761002
23.66 0 0.681066298524
23.67 0 0.681094695035
23.68 0 0.682838412026
23.69 0 0.683882584181
23.7 0 0.685973807205
23.71 0 0.685904838705
23.72 0 0.684349816026
23.73 0 0.683756537516
23.74 0 0.683144751957
23.75 0 0.683014559007
23.76 0 0.681721999953
23.77 0 0.682871127799
23.78 0 0.685035557355
23.79 0 0.685488427802
23.8 0 0.685596996571
23.81 0 0.68704131084
23.82 0 0.686405059646
23.83 0 0.686690098992
23.84 0 0.686922487094
23.85 0 0.687678318354
23.86 0 0.687041819905
23.87 0 0.685932626139
23.88 0 0.683864338887
23.89 0 0.682980602183
23.9 0 0.683084126927
23.91 0 0.682282886429
23.92 0 0.681191423951
23.93 0 0.679450528095
23.94 0 0.677828812539
23.95 0 0.677406414521
23.96 0 0.673473507
23.97 0 0.669503931579
23.98 0 0.668845496111
23.99 0 0.66826880096
24.0 0 0.665343658853
24.01 0 0.664917094716
24.02 0 0.664889241314
24.03 0 0.66405229981
24.04 0 0.663926629572
24.05 0 0.664373897171
24.06 0 0.665107554666
24.07 0 0.666013864205
24.08 0 0.666222228897
24.09 0 0.66589656472
24.1 0 0.666163759776
24.11 0 0.6666698361
24.12 0 0.667747774914
24.13 0 0.667761257499
24.14 0 0.668170029526
24.15 0 0.669124019276
24.16 0 0.669560037604
24.17 0 0.669425750255
24.18 0 0.669846523438
24.19 0 0.67019123723
24.2 0 0.671159205812
24.21 0 0.673621100124
24.22 0 0.677473088558
24.23 0 0.678305625573
24.24 0 0.679132241347
24.25 0 0.680998765527
24.26 0 0.680642570604
24.27 0 0.682091828502
24.28 0 0.683727935118
24.29 0 0.683727935118
24.3 0 0.683727935118
24.31 0 0.680730963192
24.32 0 0.680345211039
24.33 0 0.684037150881
24.34 0 0.684768038066
24.35 0 0.685274799954
24.36 0 0.685663124058
24.37 0 0.683766171636
24.38 0 0.687543946144
24.39 0 0.684526223939
24.4 0 0.678417023274
24.41 0 0.682169653419
24.42 0 0.691588409511
24.43 0 0.688600220623
24.44 0 0.694222415633
24.45 0 0.697815730292
24.46 0 0.701422922429
24.47 0 0.703569931909
24.48 0 0.703925619136
24.49 0 0.703830061137
24.5 0 0.703347592803
24.51 0 0.702904340747
24.52 0 0.701232722316
24.53 0 0.701640276885
24.54 0 0.700907931827
24.55 0 0.702202806406
24.56 0 0.700348629291
24.57 0 0.700948122175
24.58 0 0.699751628165
24.59 0 0.697269197698
24.6 0 0.695677630315
24.61 0 0.694095944696
24.62 0 0.693504288688
24.63 0 0.693023450972
24.64 0 0.691643389349
24.65 0 0.691578271605
24.66 0 0.691233548434
24.67 0 0.68953599771
24.68 0 0.689146672813
24.69 0 0.687268233806
24.7 0 0.684763885162
24.71 0 0.681887432751
24.72 0 0.681682653089
24.73 0 0.680036029811
24.74 0 0.679575715108
24.75 0 0.672585992269
24.76 0 0.671115497205
24.77 0 0.670455535923
24.78 0 0.670455535923
24.79 0 0.670455535923
24.8 0 0.670455535923
24.81 0 0.669291107461
24.82 0 0.669291107461
24.83 0 0.669291107461
24.84 0 0.669291107461
24.85 0 0.671477045619
24.86 0 0.671477045619
24.87 0 0.671477045619
24.88 0 0.675079104069
24.89 0 0.675079104069
24.9 0 0.675079104069
24.91 0 0.678824964996
24.92 0 0.679889412429
24.93 0 0.680490165005
24.94 0 0.681062979157
24.95 0 0.681847693686
24.96 0 0.683522422894
24.97 0 0.682758620998
24.98 0 0.682989718863
24.99 0 0.684253874184
25.0 0 0.687674615982
25.01 0 0.688373310509
25.02 0 0.691765562736
25.03 0 0.692071006426
25.04 0 0.695969828105
25.05 0 0.695461740068
25.06 0 0.696453714953
25.07 0 0.696453714953
25.08 0 0.696453714953
25.09 0 0.696453714953
25.1 0 0.700246685851
25.11 0 0.700246685851
25.12 0 0.700268454311
25.13 0 0.703635998048
25.14 0 0.707996406559
25.15 0 0.710122673983
25.16 0 0.710371634664
25.17 0 0.708985721927
25.18 0 0.710652596572
25.19 0 0.7117057043
25.2 0 0.713095525697
25.21 0 0.713198956532
25.22 0 0.712560938254
25.23 0 0.711766383066
25.24 0 0.712802491958
25.25 0 0.714071583392
25.26 0 0.714126061887
25.27 0 0.718132817813
25.28 0 0.719351837792
25.29 0 0.720043594313
25.3 0 0.720769942463
25.31 0 0.720555148628
25.32 0 0.720616191683
25.33 0 0.720174150302
25.34 0 0.72098425589
25.35 0 0.7211338312
25.36 0 0.721101424803
25.37 0 0.720477499625
25.38 0 0.720293743287
25.39 0 0.720293743287
25.4 0 0.720293743287
25.41 0 0.720725924946
25.42 0 0.720725924946
25.43 0 0.720725924946
25.44 0 0.720725924946
25.45 0 0.717900738706
25.46 0 0.717900738706
25.47 0 0.707011265946
25.48 0 0.707011265946
25.49 0 0.705352638576
25.5 0 0.703280650626
25.51 0 0.702253312314
25.52 0 0.698615809875
25.53 0 0.698130680773
25.54 0 0.69612128933
25.55 0 0.693274363399
25.56 0 0.692441378582
25.57 0 0.691893807782
25.58 0 0.691893807782
25.59 0 0.691893807782
25.6 0 0.688379101189
25.61 0 0.688177280916
25.62 0 0.688715071093
25.63 0 0.68867744034
25.64 0 0.689203811799
25.65 0 0.688321990541
25.66 0 0.688480974383
25.67 0 0.688825430354
25.68 0 0.691581490373
25.69 0 0.691581490373
25.7 0 0.695031676532
25.71 0 0.695106458348
25.72 0 0.696822598581
25.73 0 0.698126623673
25.74 0 0.699000542431
25.75 0 0.698316399036
25.76 0 0.698713698361
25.77 0 0.698749511242
25.78 0 0.699482269441
25.79 0 0.699818661732
25.8 0 0.699818661732
25.81 0 0.699818661732
25.82 0 0.708298262834
25.83 0 0.709099126272
25.84 0 0.710929518903
25.85 0 0.709751240084
25.86 0 0.709751240084
25.87 0 0.709751240084
25.88 0 0.708749343368
25.89 0 0.708749343368
25.9 0 0.708749343368
25.91 0 0.708749343368
25.92 0 0.711013425199
25.93 0 0.713594124582
25.94 0 0.721075564309
25.95 0 0.720270733328
25.96 0 0.72101597607
25.97 0 0.719837941734
25.98 0 0.721240068085
25.99 0 0.721376174417
26.0 0 0.722685424471
26.01 0 0.723634075793
26.02 0 0.724590243846
26.03 0 0.724427065819
26.04 0 0.72688947056
26.05 0 0.732017364388
26.06 0 0.732406288422
26.07 0 0.73150013304
26.08 0 0.731550201145
26.09 0 0.732529674106
26.1 0 0.732205472089
26.11 0 0.732205472089
26.12 0 0.733069624649
26.13 0 0.733619830802
26.14 0 0.733188980092
26.15 0 0.732000345753
26.16 0 0.73128091614
26.17 0 0.72959732665
26.18 0 0.727844893856
26.19 0 0.727028181495
26.2 0 0.726315166862
26.21 0 0.72567764592
26.22 0 0.722387316453
26.23 0 0.722087549383
26.24 0 0.721635410542
26.25 0 0.720502225337
26.26 0 0.720139195883
26.27 0 0.71956252768
26.28 0 0.717528019965
26.29 0 0.716826673619
26.3 0 0.71609976407
26.31 0 0.714681941866
26.32 0 0.712309414815
26.33 0 0.711280535269
26.34 0 0.709857372273
26.35 0 0.707979212567
26.36 0 0.705929476868
26.37 0 0.704880184288
26.38 0 0.704595949878
26.39 0 0.7035236935
26.4 0 0.701821684736
26.41 0 0.701407885273
26.42 0 0.701296013333
26.43 0 0.700321537252
26.44 0 0.701567459881
26.45 0 0.702626886134
26.46 0 0.703889302252
26.47 0 0.705510707802
26.48 0 0.706468790627
26.49 0 0.706468790627
26.5 0 0.706468790627
26.51 0 0.709725274169
26.52 0 0.709725274169
26.53 0 0.709725274169
26.54 0 0.708318131788
26.55 0 0.710571009781
26.56 0 0.714109842559
26.57 0 0.713778342406
26.58 0 0.716172729787
26.59 0 0.71923133388
26.6 0 0.720666568658
26.61 0 0.721190474449
26.62 0 0.721843676711
26.63 0 0.721746024557
26.64 0 0.721000269512
26.65 0 0.722630696358
26.66 0 0.722661022788
26.67 0 0.720645690692
26.68 0 0.725464069301
26.69 0 0.727899034578
26.7 0 0.729047281375
26.71 0 0.732682290446
26.72 0 0.730147393528
26.73 0 0.732612278416
26.74 0 0.72962690084
26.75 0 0.72962690084
26.76 0 0.72962690084
26.77 0 0.736829847703
26.78 0 0.737347246004
26.79 0 0.738123046839
26.8 0 0.739870034529
26.81 0 0.739962117247
26.82 0 0.740289554201
26.83 0 0.740150774046
26.84 0 0.740150774046
26.85 0 0.740150774046
26.86 0 0.743069056082
26.87 0 0.742889327507
26.88 0 0.741827879007
26.89 0 0.740988566163
26.9 0 0.739068391975
26.91 0 0.738805458279
26.92 0 0.740067640096
26.93 0 0.739794763718
26.94 0 0.739493294257
26.95 0 0.740116233053
26.96 0 0.740118397326
26.97 0 0.740118397326
26.98 0 0.738630653365
26.99 0 0.739493258407
27.0 0 0.740187309573
27.01 0 0.740734715753
27.02 0 0.740615363973
27.03 0 0.740559244858
27.04 0 0.74008791769
27.05 0 0.738650843558
27.06 0 0.737090776485
27.07 0 0.736632071558
27.08 0 0.736128390432
27.09 0 0.736128390432
27.1 0 0.736128390432
27.11 0 0.733418540477
27.12 0 0.733418540477
27.13 0 0.726386548419
27.14 0 0.726386548419
27.15 0 0.726386548419
27.16 0 0.726386548419
27.17 0 0.722861559782
27.18 0 0.723629684283
27.19 0 0.723629684283
27.2 0 0.723764177389
27.21 0 0.724742619463
27.22 0 0.725975252366
27.23 0 0.726893603914
27.24 0 0.727637596501
27.25 0 0.727862798152
27.26 0 0.727862798152
27.27 0 0.727862798152
27.28 0 0.727862798152
27.29 0 0.729661870863
27.3 0 0.729661870863
27.31 0 0.730836735758
27.32 0 0.730884243725
27.33 0 0.730428517646
27.34 0 0.731918922039
27.35 0 0.733114344844
27.36 0 0.73682480478
27.37 0 0.739842640974
27.38 0 0.744780430706
27.39 0 0.745819313689
27.4 0 0.745942159845
27.41 0 0.744856419558
27.42 0 0.742174706275
27.43 0 0.740753503083
27.44 0 0.737723673106
27.45 0 0.733111542888
27.46 0 0.736955601049
27.47 0 0.741418982022
27.48 0 0.743339733052
27.49 0 0.74666723006
27.5 0 0.744138633753
27.51 0 0.74596912832
27.52 0 0.740355328173
27.53 0 0.741210940857
27.54 0 0.742212216471
27.55 0 0.748016813795
27.56 0 0.751632650658
27.57 0 0.751716826365
27.58 0 0.751503773733
27.59 0 0.751503773733
27.6 0 0.751923699489
27.61 0 0.751923699489
27.62 0 0.751923699489
27.63 0 0.751923699489
27.64 0 0.751923699489
27.65 0 0.754935011339
27.66 0 0.754935011339
27.67 0 0.754935011339
27.68 0 0.751648022788
27.69 0 0.752106538127
27.7 0 0.752383439944
27.71 0 0.754635526715
27.72 0 0.755056513775
27.73 0 0.756868162955
27.74 0 0.757379018483
27.75 0 0.756726096098
27.76 0 0.756618317589
27.77 0 0.756312333005
27.78 0 0.757412079911
27.79 0 0.755760679226
27.8 0 0.755760679226
27.81 0 0.755760679226
27.82 0 0.755760679226
27.83 0 0.752451385694
27.84 0 0.752451385694
27.85 0 0.74642755053
27.86 0 0.743826863071
27.87 0 0.743610799588
27.88 0 0.737692831323
27.89 0 0.737596547304
27.9 0 0.737047490688
27.91 0 0.734157528508
27.92 0 0.73174405049
27.93 0 0.730519760173
27.94 0 0.72994813868
27.95 0 0.730367909011
27.96 0 0.730767034415
27.97 0 0.730831428167
27.98 0 0.730652418872
27.99 0 0.730577790899
28.0 0 0.730779452829
28.01 0 0.730537537865
28.02 0 0.730224704219
28.03 0 0.730687351936
28.04 0 0.732245094269
28.05 0 0.733134070712
28.06 0 0.735491760594
28.07 0 0.736437192064
28.08 0 0.736483143252
28.09 0 0.735127796251
28.1 0 0.733338801483
28.11 0 0.733363111551
28.12 0 0.735951250792
28.13 0 0.73740004872
28.14 0 0.741645329042
28.15 0 0.743810236669
28.16 0 0.748645759777
28.17 0 0.750407750753
28.18 0 0.751557931163
28.19 0 0.751557931163
28.2 0 0.751557931163
28.21 0 0.751557931163
28.22 0 0.749100322344
28.23 0 0.746632538325
28.24 0 0.743324714272
28.25 0 0.742650949916
28.26 0 0.743266225636
28.27 0 0.746964414491
28.28 0 0.746964414491
28.29 0 0.746964414491
28.3 0 0.753830697677
28.31 0 0.753843217465
28.32 0 0.75296711143
28.33 0 0.75296711143
28.34 0 0.75296711143
28.35 0 0.756066648348
28.36 0 0.756066648348
28.37 0 0.761896311881
28.38 0 0.762346427738
28.39 0 0.762727389312
28.4 0 0.763098178662
28.41 0 0.764495273783
28.42 0 0.764337631804
28.43 0 0.763801182249
28.44 0 0.762572497208
28.45 0 0.760579074171
28.46 0 0.760079203964
28.47 0 0.75931675905
28.48 0 0.758921267879
28.49 0 0.758397382589
28.5 0 0.756308398097
28.51 0 0.755838475354
28.52 0 0.75610530294
28.53 0 0.756044201994
28.54 0 0.75418983017
28.55 0 0.752588183559
28.56 0 0.752588183559
28.57 0 0.752588183559
28.58 0 0.750255917171
28.59 0 0.750153066986
28.6 0 0.750092443053
28.61 0 0.748979206665
28.62 0 0.748545329766
28.63 0 0.747557635445
28.64 0 0.746451566101
28.65 0 0.745480697691
28.66 0 0.741409953063
28.67 0 0.740307764533
28.68 0 0.740075756999
28.69 0 0.736470032747
28.7 0 0.736470032747
28.71 0 0.735908211865
28.72 0 0.73619962941
28.73 0 0.736677691273
28.74 0 0.737607513967
28.75 0 0.737607513967
28.76 0 0.737607513967
28.77 0 0.737607513967
28.78 0 0.737072338295
28.79 0 0.737072338295
28.8 0 0.737072338295
28.81 0 0.738917360736
28.82 0 0.738917360736
28.83 0 0.738917360736
28.84 0 0.742583679348
28.85 0 0.74363517608
28.86 0 0.744926809968
28.87 0 0.745621843181
28.88 0 0.74578703915
28.89 0 0.745894980235
28.9 0 0.74486828523
28.91 0 0.744833112957
28.92 0 0.747733810629
28.93 0 0.750034064698
28.94 0 0.752374959857
28.95 0 0.755443947139
28.96 0 0.756379460697
28.97 0 0.756102178832
28.98 0 0.757068782881
28.99 0 0.754014397832
29.0 0 0.752850151998
29.01 0 0.752156942831
29.02 0 0.750401717191
29.03 0 0.747925324729
29.04 0 0.749311846188
29.05 0 0.757008659755
29.06 0 0.756003898858
29.07 0 0.758770583296
29.08 0 0.758873287239
29.09 0 0.753548869635
29.1 0 0.75881282781
29.11 0 0.757670939261
29.12 0 0.762662444329
29.13 0 0.763073122113
29.14 0 0.765577776052
29.15 0 0.765924474337
29.16 0 0.76453798902
29.17 0 0.763307459987
29.18 0 0.763813463246
29.19 0 0.764359886055
29.2 0 0.767006642257
29.21 0 0.767152734989
29.22 0 0.765951089243
29.23 0 0.76632813702
29.24 0 0.766030663013
29.25 0 0.765871214437
29.26 0 0.765734001813
29.27 0 0.765099138529
29.28 0 0.765649217678
29.29 0 0.765995213738
29.3 0 0.767621861172
29.31 0 0.767621861172
29.32 0 0.767621861172
29.33 0 0.767621861172
29.34 0 0.768282404644
29.35 0 0.767413877225
29.36 0 0.767413877225
29.37 0 0.764249356639
29.38 0 0.763310175212
29.39 0 0.761852704156
29.4 0 0.7592197364
29.41 0 0.757751465752
29.42 0 0.755295634178
29.43 0 0.751830584636
29.44 0 0.751560684691
29.45 0 0.750677632619
29.46 0 0.749475795056
29.47 0 0.747702918587
29.48 0 0.745450477626
29.49 0 0.744999785204
29.5 0 0.74392558786
29.51 0 0.74392558786
29.52 0 0.74392558786
29.53 0 0.745737893419
29.54 0 0.747653214274
29.55 0 0.7494493443
29.56 0 0.750275782744
29.57 0 0.750389563787
29.58 0 0.750494527322
29.59 0 0.750494527322
29.6 0 0.751212391595
29.61 0 0.752350902022
29.62 0 0.753976386825
29.63 0 0.754308511753
29.64 0 0.755176042486
29.65 0 0.756178136234
29.66 0 0.75651611532
29.67 0 0.756401838885
29.68 0 0.756492603878
29.69 0 0.756492603878
29.7 0 0.756492603878
29.71 0 0.756916544721
29.72 0 0.756916544721
29.73 0 0.761048796807
29.74 0 0.764753505095
29.75 0 0.765610079311
29.76 0 0.766094358949
29.77 0 0.765739561657
29.78 0 0.765477419039
29.79 0 0.762173937974
29.8 0 0.76200320624
29.81 0 0.758298714263
29.82 0 0.757118965331
29.83 0 0.758352291657
29.84 0 0.761580982206
29.85 0 0.765684868295
29.86 0 0.766512968185
29.87 0 0.769920496285
29.88 0 0.76570238361
29.89 0 0.768708493497
29.9 0 0.769954903549
29.91 0 0.769774295518
29.92 0 0.776906649749
29.93 0 0.7782896847
29.94 0 0.781964140402
29.95 0 0.783565252044
29.96 0 0.784372147675
29.97 0 0.785606132797
29.98 0 0.787755290326
29.99 0 0.789274449756
30.0 0 0.788821201997
30.01 0 0.788365342507
30.02 0 0.787893018023
30.03 0 0.786758777813
30.04 0 0.785202209513
30.05 0 0.783968409941
30.06 0 0.785095751431
30.07 0 0.785587473052
30.08 0 0.785247863284
30.09 0 0.785090137071
30.1 0 0.783661328875
30.11 0 0.783628866225
30.12 0 0.781421664936
30.13 0 0.780716156748
30.14 0 0.780716156748
30.15 0 0.780716156748
30.16 0 0.780716156748
30.17 0 0.77823906177
30.18 0 0.77823906177
30.19 0 0.777813433987
30.2 0 0.775648737848
30.21 0 0.774627176811
30.22 0 0.771264603169
30.23 0 0.770763958203
30.24 0 0.767732987621
30.25 0 0.767470240104
30.26 0 0.764509260835
30.27 0 0.763433334372
30.28 0 0.762193836598
30.29 0 0.761387884095
30.3 0 0.760749466937
30.31 0 0.761841824596
30.32 0 0.763187867396
30.33 0 0.763677352471
30.34 0 0.763760822449
30.35 0 0.764593386764
30.36 0 0.765804263938
30.37 0 0.766156255699
30.38 0 0.766008245165
30.39 0 0.76662818947
30.4 0 0.767345133025
30.41 0 0.767468920012
30.42 0 0.7675459648
30.43 0 0.768172917422
30.44 0 0.768558223215
30.45 0 0.768558223215
30.46 0 0.768008141118
30.47 0 0.767969894125
30.48 0 0.768771090368
30.49 0 0.770832142348
30.5 0 0.772971779503
30.51 0 0.77226780556
30.52 0 0.775352468213
30.53 0 0.778067263474
30.54 0 0.778238262882
30.55 0 0.778646131312
30.56 0 0.779668395623
30.57 0 0.777842944719
30.58 0 0.779143431945
30.59 0 0.779828846566
30.6 0 0.779828846566
30.61 0 0.779828846566
30.62 0 0.779828846566
30.63 0 0.78606375817
30.64 0 0.789357924207
30.65 0 0.786310423326
30.66 0 0.789204829546
30.67 0 0.794168611903
30.68 0 0.794356895539
30.69 0 0.796525674091
30.7 0 0.798248615183
30.71 0 0.80030515924
30.72 0 0.801428909677
30.73 0 0.802699601827
30.74 0 0.804221578636
30.75 0 0.804774152453
30.76 0 0.805807251302
30.77 0 0.807753255909
30.78 0 0.807727621065
30.79 0 0.806810271416
30.8 0 0.805973212468
30.81 0 0.80540253682
30.82 0 0.803572102325
30.83 0 0.803572102325
30.84 0 0.802953688938
30.85 0 0.804125070546
30.86 0 0.804274665218
30.87 0 0.805240193956
30.88 0 0.804783387143
30.89 0 0.803941547331
30.9 0 0.804701250715
30.91 0 0.803806284472
30.92 0 0.803549791576
30.93 0 0.80175643423
30.94 0 0.799347872422
30.95 0 0.797369491885
30.96 0 0.794877394571
30.97 0 0.794132417099
30.98 0 0.793470513338
30.99 0 0.792474618792
31.0 0 0.791258144725
31.01 0 0.787378603013
31.02 0 0.784919889005
31.03 0 0.782688174862
31.04 0 0.780878418096
31.05 0 0.778159931258
31.06 0 0.776391127253
31.07 0 0.774989200541
31.08 0 0.773058287798
31.09 0 0.772439229635
31.1 0 0.771898168594
31.11 0 0.772693439751
31.12 0 0.77246722378
31.13 0 0.773072399723
31.14 0 0.773214351597
31.15 0 0.773079443189
31.16 0 0.773576961021
31.17 0 0.774053957022
31.18 0 0.774332515355
31.19 0 0.774995735943
31.2 0 0.775800855805
31.21 0 0.775473986082
31.22 0 0.77606147975
31.23 0 0.77545705114
31.24 0 0.77427837409
31.25 0 0.773651202915
31.26 0 0.775944138348
31.27 0 0.778349531617
31.28 0 0.779321535412
31.29 0 0.78194528302
31.3 0 0.783928058222
31.31 0 0.783928058222
31.32 0 0.787446941504
31.33 0 0.788892615169
31.34 0 0.789690622412
31.35 0 0.788470607387
31.36 0 0.786538186615
31.37 0 0.787487399877
31.38 0 0.785287009964
31.39 0 0.783543782696
31.4 0 0.784836370911
31.41 0 0.787534878492
31.42 0 0.78781686115
31.43 0 0.790682325545
31.44 0 0.788318325609
31.45 0 0.785323509991
31.46 0 0.785018976164
31.47 0 0.787864861499
31.48 0 0.788424564387
31.49 0 0.790457345673
31.5 0 0.791750932328
31.51 0 0.789009671615
31.52 0 0.791489031727
31.53 0 0.791802849085
31.54 0 0.793805299009
31.55 0 0.795925180389
31.56 0 0.796855914463
31.57 0 0.79732762434
31.58 0 0.797315620459
31.59 0 0.790723021461
31.6 0 0.790271507023
31.61 0 0.793393282117
31.62 0 0.793923333524
31.63 0 0.791554129118
31.64 0 0.792813494102
31.65 0 0.791668397973
31.66 0 0.790769365358
31.67 0 0.790946503216
31.68 0 0.788571950036
31.69 0 0.786792276492
31.7 0 0.786559376522
31.71 0 0.78672126325
31.72 0 0.788719973445
31.73 0 0.788939906793
31.74 0 0.789124764766
31.75 0 0.788960244306
31.76 0 0.788249360214
31.77 0 0.787284189121
31.78 0 0.785558956321
31.79 0 0.783363208472
31.8 0 0.782148170264
31.81 0 0.780879798141
31.82 0 0.779412057657
31.83 0 0.776133824261
31.84 0 0.772696584198
31.85 0 0.772022585385
31.86 0 0.771024081448
31.87 0 0.77056190066
31.88 0 0.77056190066
31.89 0 0.768719948788
31.9 0 0.768139619389
31.91 0 0.768313694559
31.92 0 0.76870164886
31.93 0 0.769213448561
31.94 0 0.770034650109
31.95 0 0.770369755477
31.96 0 0.771049369751
31.97 0 0.771049369751
31.98 0 0.775670454304
31.99 0 0.775670454304
32.0 0 0.775901922822
32.01 0 0.776364135251
32.02 0 0.776625527271
32.03 0 0.776518265196
32.04 0 0.776338297944
32.05 0 0.775472226035
32.06 0 0.778311794247
32.07 0 0.781559822038
32.08 0 0.780657653089
32.09 0 0.785091171478
32.1 0 0.785414366386
32.11 0 0.786025411009
32.12 0 0.785515416182
32.13 0 0.78639869614
32.14 0 0.78400815747
32.15 0 0.783598809681
32.16 0 0.784590656121
32.17 0 0.78614271711
32.18 0 0.787054167304
32.19 0 0.786021739418
32.2 0 0.785490105394
32.21 0 0.786325182889
32.22 0 0.794428484339
32.23 0 0.796920459026
32.24 0 0.795931572878
32.25 0 0.798179844329
32.26 0 0.80230641076
32.27 0 0.799562273674
32.28 0 0.803355212145
32.29 0 0.803416095224
32.3 0 0.805835639422
32.31 0 0.808771433816
32.32 0 0.813781744781
32.33 0 0.81383475555
32.34 0 0.813972789181
32.35 0 0.813535443829
32.36 0 0.813224692032
32.37 0 0.812896045846
32.38 0 0.812896045846
32.39 0 0.809411548178
32.4 0 0.809753219743
32.41 0 0.809736361333
32.42 0 0.811365452983
32.43 0 0.811365452983
32.44 0 0.811543898964
32.45 0 0.81022268916
32.46 0 0.808522554913
32.47 0 0.808522554913
32.48 0 0.807351831343
32.49 0 0.806864821304
32.5 0 0.806205695499
32.51 0 0.8035112614
32.52 0 0.8035112614
32.53 0 0.80198360046
32.54 0 0.801228360667
32.55 0 0.80007063042
32.56 0 0.799574846677
32.57 0 0.799204061975
32.58 0 0.796392319442
32.59 0 0.795516351561
32.6 0 0.792820023123
32.61 0 0.792445304464
32.62 0 0.791155297893
32.63 0 0.790792647177
32.64 0 0.787443011368
32.65 0 0.786453972957
32.66 0 0.784369148344
32.67 0 0.783427721876
32.68 0 0.783664541287
32.69 0 0.78461570642
32.7 0 0.784626650543
32.71 0 0.784474072465
32.72 0 0.783658789168
32.73 0 0.783240652198
32.74 0 0.782596838856
32.75 0 0.781742103799
32.76 0 0.7840484398
32.77 0 0.786289750747
32.78 0 0.786602362895
32.79 0 0.787565714471
32.8 0 0.789893062155
32.81 0 0.789798851611
32.82 0 0.789457674974
32.83 0 0.789405295017
32.84 0 0.788741727043
32.85 0 0.789022708563
32.86 0 0.790144402697
32.87 0 0.790244482524
32.88 0 0.793450236832
32.89 0 0.792982681678
32.9 0 0.794751314447
32.91 0 0.79741085138
32.92 0 0.79741085138
32.93 0 0.79741085138
32.94 0 0.798138499005
32.95 0 0.798138499005
32.96 0 0.801273089598
32.97 0 0.801077658483
32.98 0 0.800262817394
32.99 0 0.802650114015
33.0 0 0.810014362863
33.01 0 0.814948776072
33.02 0 0.815138766193
33.03 0 0.815860138965
33.04 0 0.817851081098
33.05 0 0.819365351979
33.06 0 0.819762730308
33.07 0 0.818120135746
33.08 0 0.816716868767
33.09 0 0.816155179243
33.1 0 0.814544461556
33.11 0 0.816982471016
33.12 0 0.819010965395
33.13 0 0.820971264445
33.14 0 0.822657477289
33.15 0 0.821813571377
33.16 0 0.821368921036
33.17 0 0.818517896962
33.18 0 0.818517896962
33.19 0 0.817207781313
33.2 0 0.816650884138
33.21 0 0.816393027049
33.22 0 0.815803855105
33.23 0 0.8159198209
33.24 0 0.81528867174
33.25 0 0.814619294864
33.26 0 0.813679281927
33.27 0 0.810928058611
33.28 0 0.810758130938
33.29 0 0.807822149148
33.3 0 0.807559330549
33.31 0 0.807594962033
33.32 0 0.807002560141
33.33 0 0.806549721854
33.34 0 0.80599993348
33.35 0 0.805185399112
33.36 0 0.804093661374
33.37 0 0.801082622898
33.38 0 0.800092097505
33.39 0 0.7990029774
33.4 0 0.79510128888
33.41 0 0.794091240672
33.42 0 0.792112805374
33.43 0 0.790718145881
33.44 0 0.787885797787
33.45 0 0.789720977846
33.46 0 0.790888892933
33.47 0 0.792212628182
33.48 0 0.79229341672
33.49 0 0.79406740756
33.5 0 0.794494505358
33.51 0 0.794688635432
33.52 0 0.794922772964
33.53 0 0.794922772964
33.54 0 0.795873049681
33.55 0 0.797873063002
33.56 0 0.799800680667
33.57 0 0.801409571783
33.58 0 0.801939596377
33.59 0 0.802132270347
33.6 0 0.802024073009
33.61 0 0.802011623141
33.62 0 0.80250028327
33.63 0 0.804313303481
33.64 0 0.805041720401
33.65 0 0.805041720401
33.66 0 0.80738842603
33.67 0 0.808000791029
33.68 0 0.808906224909
33.69 0 0.812475595824
33.7 0 0.812475595824
33.71 0 0.812475595824
33.72 0 0.812475595824
33.73 0 0.815708694675
33.74 0 0.815708694675
33.75 0 0.815708694675
33.76 0 0.815708694675
33.77 0 0.820687774264
33.78 0 0.820273646301
33.79 0 0.82060239973
33.8 0 0.82060239973
33.81 0 0.828408382825
33.82 0 0.830387681839
33.83 0 0.829843704673
33.84 0 0.829209007032
33.85 0 0.833121437838
33.86 0 0.836505048901
33.87 0 0.836505048901
33.88 0 0.836057751153
33.89 0 0.837649454184
33.9 0 0.840643842293
33.91 0 0.840817386191
33.92 0 0.842600621718
33.93 0 0.843850039645
33.94 0 0.843850039645
33.95 0 0.843603792031
33.96 0 0.843140343249
33.97 0 0.842656057955
33.98 0 0.840488839037
33.99 0 0.839876621181
34.0 0 0.838899964913
34.01 0 0.838530815379
34.02 0 0.838299956703
34.03 0 0.837555758528
34.04 0 0.835434631998
34.05 0 0.835434631998
34.06 0 0.833716232676
34.07 0 0.833757919215
34.08 0 0.834087984302
34.09 0 0.834355668162
34.1 0 0.833746618867
34.11 0 0.833469521315
34.12 0 0.832783802605
34.13 0 0.832134308199
34.14 0 0.832134308199
34.15 0 0.832134308199
34.16 0 0.823768305427
34.17 0 0.823768305427
34.18 0 0.823768305427
34.19 0 0.823768305427
34.2 0 0.81499648296
34.21 0 0.814376140307
34.22 0 0.811516716887
34.23 0 0.810886833155
34.24 0 0.81223034815
34.25 0 0.812672034541
34.26 0 0.814570341517
34.27 0 0.814898306301
34.28 0 0.816182336324
34.29 0 0.816704702584
34.3 0 0.817271044042
34.31 0 0.817271044042
34.32 0 0.819081575363
34.33 0 0.819318151185
34.34 0 0.819318151185
34.35 0 0.819318151185
34.36 0 0.82302418139
34.37 0 0.823035208601
34.38 0 0.82267125194
34.39 0 0.82324540874
34.4 0 0.824917363893
34.41 0 0.825626107351
34.42 0 0.827066608751
34.43 0 0.829838333626
34.44 0 0.831677586157
34.45 0 0.831677586157
34.46 0 0.838805037448
34.47 0 0.837166384075
34.48 0 0.84052593038
34.49 0 0.83968363305
34.5 0 0.844501283549
34.51 0 0.840729927298
34.52 0 0.839429871682
34.53 0 0.83828912743
34.54 0 0.844584172934
34.55 0 0.843601383306
34.56 0 0.843601383306
34.57 0 0.843601383306
34.58 0 0.850735346072
34.59 0 0.849550603492
34.6 0 0.849550603492
34.61 0 0.849772988423
34.62 0 0.854052657554
34.63 0 0.855732480945
34.64 0 0.855732480945
34.65 0 0.856944979394
34.66 0 0.858929063881
34.67 0 0.859278061672
34.68 0 0.85954781088
34.69 0 0.86045981735
34.7 0 0.861233571862
34.71 0 0.860665222263
34.72 0 0.860611432579
34.73 0 0.859879852749
34.74 0 0.858054626491
34.75 0 0.857478983897
34.76 0 0.857374474917
34.77 0 0.857131237215
34.78 0 0.85704075586
34.79 0 0.857578790328
34.8 0 0.857578790328
34.81 0 0.855170701084
34.82 0 0.855170701084
34.83 0 0.855443349868
34.84 0 0.853760079664
34.85 0 0.852628255143
34.86 0 0.851984400115
34.87 0 0.851527541413
34.88 0 0.851925782216
34.89 0 0.851925372722
34.9 0 0.85126864153
34.91 0 0.850500654361
34.92 0 0.850156468409
34.93 0 0.848619733773
34.94 0 0.846924586645
34.95 0 0.8453327525
34.96 0 0.843191670457
34.97 0 0.842376013975
34.98 0 0.84003785113
34.99 0 0.838070785729
35.0 0 0.836623651024
35.01 0 0.83550739969
35.02 0 0.835130951591
35.03 0 0.837077900118
35.04 0 0.836974413124
35.05 0 0.838514981867
35.06 0 0.838701434405
35.07 0 0.838514218375
35.08 0 0.840245747214
35.09 0 0.84089441823
35.1 0 0.842989932991
35.11 0 0.844880196361
35.12 0 0.846549181986
35.13 0 0.846934889964
35.14 0 0.848464449925
35.15 0 0.848364157063
35.16 0 0.847019958913
35.17 0 0.846318062989
35.18 0 0.846318062989
35.19 0 0.846318062989
35.2 0 0.848747511784
35.21 0 0.848747511784
35.22 0 0.857445960908
35.23 0 0.860944678898
35.24 0 0.868574014099
35.25 0 0.867837276728
35.26 0 0.867883629833
35.27 0 0.863202181236
35.28 0 0.860886962773
35.29 0 0.859411036929
35.3 0 0.856590341508
35.31 0 0.856590341508
35.32 0 0.856590341508
35.33 0 0.856590341508
35.34 0 0.861954113295
35.35 0 0.865611266387
35.36 0 0.865353694211
35.37 0 0.865353694211
35.38 0 0.865484773286
35.39 0 0.862137431702
35.4 0 0.861036908411
35.41 0 0.866645472216
35.42 0 0.867229316163
35.43 0 0.871101465907
35.44 0 0.871101465907
35.45 0 0.871650980007
35.46 0 0.871650980007
35.47 0 0.873878091319
35.48 0 0.873907440572
35.49 0 0.873861028873
35.5 0 0.874020803001
35.51 0 0.873902112606
35.52 0 0.873679043186
35.53 0 0.872389387638
35.54 0 0.871900315631
35.55 0 0.871173868604
35.56 0 0.872056655377
35.57 0 0.871827982983
35.58 0 0.871654721339
35.59 0 0.871013295504
35.6 0 0.87059097313
35.61 0 0.87155648482
35.62 0 0.871390520658
35.63 0 0.870619754859
35.64 0 0.870351847072
35.65 0 0.869511630676
35.66 0 0.868963169252
35.67 0 0.869119413081
35.68 0 0.868766486356
35.69 0 0.868025019177
35.7 0 0.867324826274
35.71 0 0.865799454647
35.72 0 0.864010794077
35.73 0 0.862829441089
35.74 0 0.862647255256
35.75 0 0.859174089122
35.76 0 0.858615588917
35.77 0 0.853286145657
35.78 0 0.849852657736
35.79 0 0.848935172717
35.8 0 0.846477640689
35.81 0 0.846477640689
35.82 0 0.846412702225
35.83 0 0.846606480591
35.84 0 0.847247892377
35.85 0 0.847346120796
35.86 0 0.847579702806
35.87 0 0.848256554817
35.88 0 0.848154058764
35.89 0 0.849255751701
35.9 0 0.849222676739
35.91 0 0.850145719609
35.92 0 0.851413562418
35.93 0 0.851308384128
35.94 0 0.850767938096
35.95 0 0.850438138354
35.96 0 0.850282705416
35.97 0 0.85026637877
35.98 0 0.853110240784
35.99 0 0.854868887246
36.0 0 0.858864776925
36.01 0 0.860321859819
36.02 0 0.860321859819
36.03 0 0.860321859819
36.04 0 0.8619707762
36.05 0 0.8619707762
36.06 0 0.8619707762
36.07 0 0.85918736999
36.08 0 0.85918736999
36.09 0 0.85918736999
36.1 0 0.859712086272
36.11 0 0.863770940879
36.12 0 0.863770940879
36.13 0 0.865257840802
36.14 0 0.861974028914
36.15 0 0.86584035661
36.16 0 0.864426744921
36.17 0 0.864698430588
36.18 0 0.867147239559
36.19 0 0.869427284248
36.2 0 0.874282906351
36.21 0 0.875878842989
36.22 0 0.879362891358
36.23 0 0.879362891358
36.24 0 0.883720869069
36.25 0 0.884160917797
36.26 0 0.885512464843
36.27 0 0.88618905517
36.28 0 0.88618905517
36.29 0 0.88618905517
36.3 0 0.88618905517
36.31 0 0.883190017705
36.32 0 0.883190017705
36.33 0 0.883190017705
36.34 0 0.883190017705
36.35 0 0.882698112281
36.36 0 0.882698112281
36.37 0 0.881318079549
36.38 0 0.880632831005
36.39 0 0.882526752047
36.4 0 0.88101296751
36.41 0 0.880574041097
36.42 0 0.880221683496
36.43 0 0.878937043284
36.44 0 0.877707987366
36.45 0 0.876673715253
36.46 0 0.874949084696
36.47 0 0.871579608819
36.48 0 0.86936117354
36.49 0 0.867388042732
36.5 0 0.864363318028
36.51 0 0.86257560714
36.52 0 0.860979666026
36.53 0 0.860224790707
36.54 0 0.857638813071
36.55 0 0.855647148798
36.56 0 0.854315909849
36.57 0 0.85246292973
36.58 0 0.852665431452
36.59 0 0.853520822178
36.6 0 0.853444110417
36.61 0 0.851501708364
36.62 0 0.85059506212
36.63 0 0.85059506212
36.64 0 0.846679221315
36.65 0 0.84642962229
36.66 0 0.846507945815
36.67 0 0.84968491696
36.68 0 0.850592021094
36.69 0 0.851608465576
36.7 0 0.852565158963
36.71 0 0.852742069535
36.72 0 0.85211920305
36.73 0 0.850351073168
36.74 0 0.850351073168
36.75 0 0.850351073168
36.76 0 0.850351073168
36.77 0 0.850351073168
36.78 0 0.850351073168
36.79 0 0.857492492675
36.8 0 0.857492492675
36.81 0 0.864286427128
36.82 0 0.866956904046
36.83 0 0.866782466977
36.84 0 0.867585485802
36.85 0 0.867735322061
36.86 0 0.863202167319
36.87 0 0.862923681559
36.88 0 0.864789731791
36.89 0 0.867030037611
36.9 0 0.869016930568
36.91 0 0.871862619959
36.92 0 0.872676319252
36.93 0 0.877375125827
36.94 0 0.877732450572
36.95 0 0.879017670669
36.96 0 0.879402955621
36.97 0 0.879886102631
36.98 0 0.879886102631
36.99 0 0.880399289424
37.0 0 0.881237474371
37.01 0 0.885647793972
37.02 0 0.885627729617
37.03 0 0.885627729617
37.04 0 0.887481306718
37.05 0 0.889479313394
37.06 0 0.889782995463
37.07 0 0.890371893174
37.08 0 0.889980214151
37.09 0 0.889345594062
37.1 0 0.888736669735
37.11 0 0.887514969743
37.12 0 0.887109527155
37.13 0 0.888668866558
37.14 0 0.888072278045
37.15 0 0.886282234325
37.16 0 0.882672907082
37.17 0 0.880994343765
37.18 0 0.875541637358
37.19 0 0.874665650678
37.2 0 0.872817043603
37.21 0 0.872817043603
37.22 0 0.86827873227
37.23 0 0.866582605711
37.24 0 0.865826374237
37.25 0 0.865953415195
37.26 0 0.865501859937
37.27 0 0.864421565065
37.28 0 0.864421565065
37.29 0 0.863009833115
37.3 0 0.861272260281
37.31 0 0.861272260281
37.32 0 0.860192780463
37.33 0 0.858819062354
37.34 0 0.858819062354
37.35 0 0.858819062354
37.36 0 0.858819062354
37.37 0 0.855359676278
37.38 0 0.856580605971
37.39 0 0.856020363812
37.4 0 0.857493340202
37.41 0 0.857628096834
37.42 0 0.859587638441
37.43 0 0.859587638441
37.44 0 0.859587638441
37.45 0 0.859587638441
37.46 0 0.862608792671
37.47 0 0.862608792671
37.48 0 0.864197759621
37.49 0 0.864271622957
37.5 0 0.863916269501
37.51 0 0.863843517056
37.52 0 0.863988581298
37.53 0 0.864388359791
37.54 0 0.866596634011
37.55 0 0.866047519334
37.56 0 0.873741823078
37.57 0 0.874196479247
37.58 0 0.87452634667
37.59 0 0.87452634667
37.6 0 0.883221288137
37.61 0 0.883221288137
37.62 0 0.883221288137
37.63 0 0.879368896374
37.64 0 0.879368896374
37.65 0 0.879368896374
37.66 0 0.879368896374
37.67 0 0.879368896374
37.68 0 0.879454975339
37.69 0 0.885956466262
37.7 0 0.883948985374
37.71 0 0.881586478469
37.72 0 0.880368088292
37.73 0 0.878942753726
37.74 0 0.88383756597
37.75 0 0.88383756597
37.76 0 0.882395673887
37.77 0 0.893640392034
37.78 0 0.894256840733
37.79 0 0.895662018803
37.8 0 0.899293304224
37.81 0 0.899293304224
37.82 0 0.898976277298
37.83 0 0.900874064463
37.84 0 0.900874064463
37.85 0 0.904827625729
37.86 0 0.904982974097
37.87 0 0.905137037563
37.88 0 0.904656007373
37.89 0 0.904846751221
37.9 0 0.903750096317
37.91 0 0.902803347702
37.92 0 0.902289912736
37.93 0 0.902041128287
37.94 0 0.90284809066
37.95 0 0.902093462029
37.96 0 0.902921752002
37.97 0 0.902565249382
37.98 0 0.902273566709
37.99 0 0.897113242305
38.0 0 0.895997810444
38.01 0 0.895997810444
38.02 0 0.895997810444
38.03 0 0.892366687853
38.04 0 0.892366687853
38.05 0 0.892366687853
38.06 0 0.892366687853
38.07 0 0.892366687853
38.08 0 0.880094251825
38.09 0 0.878874319203
38.1 0 0.877280432465
38.11 0 0.876616128699
38.12 0 0.872039413366
38.13 0 0.869992767838
38.14 0 0.866584015403
38.15 0 0.864634643175
38.16 0 0.864111780664
38.17 0 0.86432358735
38.18 0 0.86394511991
38.19 0 0.863665840362
38.2 0 0.862845250207
38.21 0 0.862551502427
38.22 0 0.861639265068
38.23 0 0.862905869251
38.24 0 0.86343922121
38.25 0 0.864375137847
38.26 0 0.865563297295
38.27 0 0.865563297295
38.28 0 0.865563297295
38.29 0 0.865108530077
38.3 0 0.863877236908
38.31 0 0.863254876049
38.32 0 0.863653346794
38.33 0 0.867988937125
38.34 0 0.869350879035
38.35 0 0.871500264583
38.36 0 0.874176386294
38.37 0 0.876507306199
38.38 0 0.877574819532
38.39 0 0.877574819532
38.4 0 0.877574819532
38.41 0 0.877574819532
38.42 0 0.879334667102
38.43 0 0.879334667102
38.44 0 0.8757915724
38.45 0 0.876167563449
38.46 0 0.875309217028
38.47 0 0.876382618224
38.48 0 0.87291285448
38.49 0 0.878755120958
38.5 0 0.879053723086
38.51 0 0.887229773134
38.52 0 0.880796572674
38.53 0 0.880982520396
38.54 0 0.883822222935
38.55 0 0.888149330363
38.56 0 0.893036041849
38.57 0 0.894571998781
38.58 0 0.895390000953
38.59 0 0.897905515613
38.6 0 0.897905515613
38.61 0 0.900177605953
38.62 0 0.901558685212
38.63 0 0.901574265637
38.64 0 0.901643425388
38.65 0 0.901643425388
38.66 0 0.901643425388
38.67 0 0.901643425388
38.68 0 0.89923904679
38.69 0 0.89923904679
38.7 0 0.89923904679
38.71 0 0.899491706119
38.72 0 0.899491706119
38.73 0 0.89873916069
38.74 0 0.898393585304
38.75 0 0.897487276917
38.76 0 0.897511164367
38.77 0 0.892793973162
38.78 0 0.892072115745
38.79 0 0.890665182596
38.8 0 0.891108626761
38.81 0 0.890811437274
38.82 0 0.890375096918
38.83 0 0.88928032676
38.84 0 0.887733053593
38.85 0 0.887067084766
38.86 0 0.886009527907
38.87 0 0.886009527907
38.88 0 0.886009527907
38.89 0 0.878150901208
38.9 0 0.870730931359
38.91 0 0.869991802264
38.92 0 0.862692254881
38.93 0 0.862827529761
38.94 0 0.863549800859
38.95 0 0.863779866971
38.96 0 0.86368317234
38.97 0 0.863959153195
38.98 0 0.864430317554
38.99 0 0.8639988391
39.0 0 0.864173061863
