time index height
0.01 0 0.0
0.02 0 0.0260046159962
0.03 0 0.0271952461474
0.04 0 0.028748180978
0.05 0 0.028748180978
0.06 0 0.028748180978
0.07 0 0.0425673579601
0.08 0 0.0471585823649
0.09 0 0.051578565774
0.1 0 0.0543021156658
0.11 0 0.058978858242
0.12 0 0.0648537790485
0.13 0 0.0693201370901
0.14 0 0.0745946760673
0.15 0 0.0769882641674
0.16 0 0.0779704178268
0.17 0 0.0815854531053
0.18 0 0.0820744609952
0.19 0 0.0829396957786
0.2 0 0.0827546131307
0.21 0 0.0817914220044
0.22 0 0.081392769233
0.23 0 0.0789683473032
0.24 0 0.077773703261
0.25 0 0.0739777802372
0.26 0 0.0690102516074
0.27 0 0.0665227012771
0.28 0 0.0590962465056
0.29 0 0.0533567577777
0.3 0 0.0442377814046
0.31 0 0.0381622049245
0.32 0 0.0304475035363
0.33 0 0.0299058120251
0.34 0 0.0297928461027
0.35 0 0.0297674396307
0.36 0 0.0297519622249
0.37 0 0.0297519622249
0.38 0 0.0303678429386
0.39 0 0.0308843099977
0.4 0 0.0315579725162
0.41 0 0.0334031131013
0.42 0 0.0334031131013
0.43 0 0.0349675774498
0.44 0 0.0362740126952
0.45 0 0.0380792950346
0.46 0 0.0395814580291
0.47 0 0.039916177761
0.48 0 0.0407596763368
0.49 0 0.0410675133604
0.5 0 0.0409626316586
0.51 0 0.0409150622255
0.52 0 0.0403524340594
0.53 0 0.0402540778467
0.54 0 0.0388452586628
0.55 0 0.0388452586628
0.56 0 0.0384087095899
0.57 0 0.0374777131628
0.58 0 0.0374777131628
0.59 0 0.0382594870679
0.6 0 0.0387269589601
0.61 0 0.0395318108231
0.62 0 0.0396422893108
0.63 0 0.0404130756941
0.64 0 0.0405580312603
0.65 0 0.0403360014733
0.66 0 0.0401340476315
0.67 0 0.0399640371974
0.68 0 0.0399305361703
0.69 0 0.0399680714104
0.7 0 0.0401902023994
0.71 0 0.0404162542359
0.72 0 0.0406538879086
0.73 0 0.0408988564047
0.74 0 0.0411300298725
0.75 0 0.0411987528348
0.76 0 0.0415786472327
0.77 0 0.0418815713899
0.78 0 0.042140117823
0.79 0 0.0419796376593
0.8 0 0.0418291104477
0.81 0 0.0415003191391
0.82 0 0.0413320703676
0.83 0 0.0405552793836
0.84 0 0.0404827193118
0.85 0 0.0397647772864
0.86 0 0.0397647772864
0.87 0 0.0393972248834
0.88 0 0.039103620463
0.89 0 0.0389949603087
0.9 0 0.0390457469297
0.91 0 0.0391893684619
0.92 0 0.0402267683925
0.93 0 0.0417552383654
0.94 0 0.0429854994625
0.95 0 0.044562235362
0.96 0 0.0480313417228
0.97 0 0.048550458963
0.98 0 0.0522309853222
0.99 0 0.0532382323933
1.0 0 0.0535601010718
1.01 0 0.054896036673
1.02 0 0.0553278128124
1.03 0 0.055392324521
1.04 0 0.055530064099
1.05 0 0.0554732406848
1.06 0 0.0550637942755
1.07 0 0.0545735056209
1.08 0 0.0545624473051
1.09 0 0.0545380039414
1.1 0 0.0546231196919
1.11 0 0.0545201765616
1.12 0 0.0546519744239
1.13 0 0.0549977806278
1.14 0 0.0552965160607
1.15 0 0.055325411689
1.16 0 0.0552193683556
1.17 0 0.0552306762156
1.18 0 0.0552920191986
1.19 0 0.0551393992625
1.2 0 0.0548166761586
1.21 0 0.054818653179
1.22 0 0.0548371191406
1.23 0 0.0547564314948
1.24 0 0.0543937282886
1.25 0 0.0540080000571
1.26 0 0.0539593559013
1.27 0 0.053889636863
1.28 0 0.0537454110639
1.29 0 0.0528067479229
1.3 0 0.0522088016222
1.31 0 0.0514540107485
1.32 0 0.0498450614801
1.33 0 0.0493613392698
1.34 0 0.048981270838
1.35 0 0.0483231449654
1.36 0 0.0478800447799
1.37 0 0.0478800447799
1.38 0 0.0452724238126
1.39 0 0.0451594775965
1.4 0 0.0451594775965
1.41 0 0.0451594775965
1.42 0 0.046586707057
1.43 0 0.0471500116999
1.44 0 0.0476329814297
1.45 0 0.0487655095461
1.46 0 0.0496012996018
1.47 0 0.0503706268851
1.48 0 0.0504706832754
1.49 0 0.0509356964844
1.5 0 0.0509325242982
1.51 0 0.0511866301706
1.52 0 0.0511866301706
1.53 0 0.0512959186422
1.54 0 0.0523280350763
1.55 0 0.0522670093681
1.56 0 0.052708268728
1.57 0 0.0536817108561
1.58 0 0.0544551589392
1.59 0 0.0548953143277
1.6 0 0.0554702896735
1.61 0 0.0556811501291
1.62 0 0.0561664275364
1.63 0 0.0561947451199
1.64 0 0.0566074349274
1.65 0 0.0565484562677
1.66 0 0.0557954871252
1.67 0 0.055657436698
1.68 0 0.0558698263212
1.69 0 0.0551380163923
1.7 0 0.0545286112095
1.71 0 0.0541449081032
1.72 0 0.05303751067
1.73 0 0.0527325693379
1.74 0 0.0533480732942
1.75 0 0.0559129891283
1.76 0 0.0563433575231
1.77 0 0.0578669684897
1.78 0 0.0605131335387
1.79 0 0.0608803465679
1.8 0 0.063444818269
1.81 0 0.0653315317693
1.82 0 0.0662903773816
1.83 0 0.0668521386873
1.84 0 0.067615118302
1.85 0 0.0681682869985
1.86 0 0.0687769076507
1.87 0 0.0687769076507
1.88 0 0.0692321879905
1.89 0 0.0696471340103
1.9 0 0.0701852741675
1.91 0 0.0708679565485
1.92 0 0.0709015752325
1.93 0 0.0711895836427
1.94 0 0.0712982572365
1.95 0 0.0722706758051
1.96 0 0.072718933421
1.97 0 0.0730663568967
1.98 0 0.0733956925314
1.99 0 0.0740808173886
2.0 0 0.0743581911498
2.01 0 0.0741879693136
2.02 0 0.0741434210009
2.03 0 0.0741434210009
2.04 0 0.0740158784785
2.05 0 0.0739605365814
2.06 0 0.0737030866411
2.07 0 0.0731584815726
2.08 0 0.0728034029836
2.09 0 0.0722145195505
2.1 0 0.0719447469288
2.11 0 0.0714524973106
2.12 0 0.069467945462
2.13 0 0.068548153293
2.14 0 0.0670127552267
2.15 0 0.0663208528329
2.16 0 0.065364698804
2.17 0 0.0651073087725
2.18 0 0.0651467991802
2.19 0 0.0655306312078
2.2 0 0.0656660847002
2.21 0 0.0656729375254
2.22 0 0.0654674163203
2.23 0 0.0654674163203
2.24 0 0.0654674163203
2.25 0 0.0640258861203
2.26 0 0.0640390550488
2.27 0 0.0640366888788
2.28 0 0.0643356093276
2.29 0 0.0649586578159
2.3 0 0.0659172235853
2.31 0 0.0665839576073
2.32 0 0.068282864722
2.33 0 0.0691882511699
2.34 0 0.070168596282
2.35 0 0.0723140025007
2.36 0 0.0734678874848
2.37 0 0.074749616795
2.38 0 0.0766836202751
2.39 0 0.0779513563025
2.4 0 0.0804709758135
2.41 0 0.0818759170417
2.42 0 0.0852849522436
2.43 0 0.0866038612288
2.44 0 0.0871825748278
2.45 0 0.0891343537237
2.46 0 0.0917939133198
2.47 0 0.0925600623351
2.48 0 0.0948157052406
2.49 0 0.0949685411181
2.5 0 0.0953166105115
2.51 0 0.0963501069521
2.52 0 0.0970255212185
2.53 0 0.0969667630743
2.54 0 0.0981296200974
2.55 0 0.0985481707137
2.56 0 0.0985481707137
2.57 0 0.0985481707137
2.58 0 0.100034171399
2.59 0 0.100815830631
2.6 0 0.100875985235
2.61 0 0.101661723493
2.62 0 0.101922939142
2.63 0 0.102060475558
2.64 0 0.102186392785
2.65 0 0.101543903271
2.66 0 0.101442454797
2.67 0 0.101218581584
2.68 0 0.100631052655
2.69 0 0.10029062282
2.7 0 0.100031707861
2.71 0 0.0998103440217
2.72 0 0.099126658499
2.73 0 0.0978994414396
2.74 0 0.0971244658524
2.75 0 0.0968433700798
2.76 0 0.0968883207786
2.77 0 0.0963757082162
2.78 0 0.0962923184473
2.79 0 0.0961970828141
2.8 0 0.0961312161749
2.81 0 0.0959928505339
2.82 0 0.0962393301845
2.83 0 0.0957672544083
2.84 0 0.0956690590601
2.85 0 0.0955680544533
2.86 0 0.0955612245741
2.87 0 0.0956543746034
2.88 0 0.0956543746034
2.89 0 0.0956543746034
2.9 0 0.0956543746034
2.91 0 0.0950871390805
2.92 0 0.0950871390805
2.93 0 0.0947762710975
2.94 0 0.0937241208543
2.95 0 0.0932451098425
2.96 0 0.0923989212932
2.97 0 0.0917104223818
2.98 0 0.0924150229023
2.99 0 0.0924150229023
3.0 0 0.0931760247678
3.01 0 0.0938275901775
3.02 0 0.0954393024951
3.03 0 0.0971003655634
3.04 0 0.0988971551142
3.05 0 0.100168434922
3.06 0 0.102299556466
3.07 0 0.105528732498
3.08 0 0.107817460322
3.09 0 0.11077167478
3.1 0 0.113061204052
3.11 0 0.114530549415
3.12 0 0.117776350694
3.13 0 0.121000870985
3.14 0 0.123156703495
3.15 0 0.126448256045
3.16 0 0.128390729122
3.17 0 0.131181811985
3.18 0 0.133751820519
3.19 0 0.134697428514
3.2 0 0.135551360271
3.21 0 0.138079924162
3.22 0 0.137745903008
3.23 0 0.139566114724
3.24 0 0.140252856067
3.25 0 0.139235106183
3.26 0 0.138813318896
3.27 0 0.140128936537
3.28 0 0.140108328568
3.29 0 0.13629037697
3.3 0 0.134006793532
3.31 0 0.134006793532
3.32 0 0.134006793532
3.33 0 0.129884154523
3.34 0 0.129895347317
3.35 0 0.128909121764
3.36 0 0.129985534631
3.37 0 0.13133342543
3.38 0 0.132090024921
3.39 0 0.132527889175
3.4 0 0.132767451582
3.41 0 0.132761160525
3.42 0 0.132060170231
3.43 0 0.132060170231
3.44 0 0.132060170231
3.45 0 0.129867993547
3.46 0 0.129867993547
3.47 0 0.129867993547
3.48 0 0.129761716489
3.49 0 0.129761716489
3.5 0 0.129761716489
3.51 0 0.129761716489
3.52 0 0.133792874777
3.53 0 0.135081321378
3.54 0 0.135081321378
3.55 0 0.136509273032
3.56 0 0.139375960396
3.57 0 0.141415282672
3.58 0 0.141780084521
3.59 0 0.143184486612
3.6 0 0.144767519886
3.61 0 0.148355767148
3.62 0 0.152039721243
3.63 0 0.153033757607
3.64 0 0.155137550385
3.65 0 0.155518702853
3.66 0 0.156424158693
3.67 0 0.15643168053
3.68 0 0.15620512677
3.69 0 0.156239212545
3.7 0 0.15637272206
3.71 0 0.156252582216
3.72 0 0.155011427175
3.73 0 0.15297407728
3.74 0 0.151893485186
3.75 0 0.151893485186
3.76 0 0.151893485186
3.77 0 0.147212789257
3.78 0 0.146088559073
3.79 0 0.145809131006
3.8 0 0.145504643279
3.81 0 0.145777633563
3.82 0 0.147828566148
3.83 0 0.147828566148
3.84 0 0.151037513846
3.85 0 0.1519252604
3.86 0 0.153018668084
3.87 0 0.156610527314
3.88 0 0.158215816793
3.89 0 0.158585336211
3.9 0 0.162537757622
3.91 0 0.164283960041
3.92 0 0.166634337583
3.93 0 0.168811252966
3.94 0 0.170901732457
3.95 0 0.172625773322
3.96 0 0.176449022374
3.97 0 0.17725210239
3.98 0 0.17920737253
3.99 0 0.179074271984
4.0 0 0.179286402149
4.01 0 0.180573109457
4.02 0 0.179464052299
4.03 0 0.17752408332
4.04 0 0.172311410762
4.05 0 0.172311410762
4.06 0 0.16790133247
4.07 0 0.165504182503
4.08 0 0.163844342244
4.09 0 0.162616137358
4.1 0 0.156995481543
4.11 0 0.154463240593
4.12 0 0.151510322364
4.13 0 0.148600772552
4.14 0 0.144390049187
4.15 0 0.13779787922
4.16 0 0.13334572066
4.17 0 0.13000757141
4.18 0 0.126932926964
4.19 0 0.125565720914
4.2 0 0.1231806512
4.21 0 0.122920854721
4.22 0 0.121614363741
4.23 0 0.121723815332
4.24 0 0.122704105897
4.25 0 0.123009205911
4.26 0 0.124229302148
4.27 0 0.125320717967
4.28 0 0.126103671138
4.29 0 0.127037381428
4.3 0 0.127687031159
4.31 0 0.128453926815
4.32 0 0.129004650625
4.33 0 0.129893930304
4.34 0 0.130657340206
4.35 0 0.13294607635
4.36 0 0.133875263559
4.37 0 0.134251144426
4.38 0 0.135208771201
4.39 0 0.135758735022
4.4 0 0.136731127261
4.41 0 0.136993526718
4.42 0 0.137044775937
4.43 0 0.137216022682
4.44 0 0.137457129477
4.45 0 0.137755626563
4.46 0 0.137532814043
4.47 0 0.137326488305
4.48 0 0.137078756743
4.49 0 0.13701079604
4.5 0 0.136871916383
4.51 0 0.136865274412
4.52 0 0.136886079096
4.53 0 0.136017927098
4.54 0 0.136170514961
4.55 0 0.135551250393
4.56 0 0.135290322164
4.57 0 0.134995155785
4.58 0 0.132951135587
4.59 0 0.132430542592
4.6 0 0.130299528192
4.61 0 0.127090275111
4.62 0 0.126278565397
4.63 0 0.125674726652
4.64 0 0.12592062076
4.65 0 0.126381819681
4.66 0 0.128577831511
4.67 0 0.12804458943
4.68 0 0.13026159761
4.69 0 0.131731067505
4.7 0 0.132816053972
4.71 0 0.135528623898
4.72 0 0.139008999495
4.73 0 0.13934965232
4.74 0 0.143556555907
4.75 0 0.144261472945
4.76 0 0.149022469569
4.77 0 0.151679425181
4.78 0 0.153166870117
4.79 0 0.156056212439
4.8 0 0.160446103118
4.81 0 0.161405911969
4.82 0 0.16333855782
4.83 0 0.164076452066
4.84 0 0.164570140798
4.85 0 0.167770797694
4.86 0 0.168158514856
4.87 0 0.16706872913
4.88 0 0.167301899804
4.89 0 0.16814587073
4.9 0 0.169134466371
4.91 0 0.168267913826
4.92 0 0.16771127824
4.93 0 0.16591615104
4.94 0 0.164395964431
4.95 0 0.164695070497
4.96 0 0.162566119566
4.97 0 0.160699086134
4.98 0 0.159580749358
4.99 0 0.157769911352
5.0 0 0.15574881081
5.01 0 0.154738069105
5.02 0 0.149891446381
5.03 0 0.146573930046
5.04 0 0.146150152026
5.05 0 0.144200384931
5.06 0 0.144585765923
5.07 0 0.144744632138
5.08 0 0.145752997388
5.09 0 0.146667545549
5.1 0 0.146956222072
5.11 0 0.14713566644
5.12 0 0.147194013282
5.13 0 0.146781894414
5.14 0 0.146160500909
5.15 0 0.145375802677
5.16 0 0.144011387289
5.17 0 0.143508742745
5.18 0 0.143620528533
5.19 0 0.143143990455
5.2 0 0.141773109401
5.21 0 0.140768145226
5.22 0 0.139543047196
5.23 0 0.13888849901
5.24 0 0.137481645116
5.25 0 0.137189341116
5.26 0 0.137081219594
5.27 0 0.136936493384
5.28 0 0.136936493384
5.29 0 0.136936493384
5.3 0 0.135917396161
5.31 0 0.135434372669
5.32 0 0.13430277468
5.33 0 0.13364549355
5.34 0 0.133515694399
5.35 0 0.133535799245
5.36 0 0.133959836561
5.37 0 0.133131520658
5.38 0 0.132758609507
5.39 0 0.132489436029
5.4 0 0.132233305092
5.41 0 0.131727462482
5.42 0 0.131804338581
5.43 0 0.133428567632
5.44 0 0.133292700558
5.45 0 0.134424604425
5.46 0 0.133566422932
5.47 0 0.13480806577
5.48 0 0.135822478036
5.49 0 0.135018616907
5.5 0 0.136642730661
5.51 0 0.13960613064
5.52 0 0.140353933944
5.53 0 0.140353933944
5.54 0 0.145714132236
5.55 0 0.145714132236
5.56 0 0.147341132852
5.57 0 0.147341132852
5.58 0 0.147341132852
5.59 0 0.156179150209
5.6 0 0.156179150209
5.61 0 0.156179150209
5.62 0 0.165510992405
5.63 0 0.168211678993
5.64 0 0.167372233011
5.65 0 0.168256662612
5.66 0 0.168256662612
5.67 0 0.168256662612
5.68 0 0.168256662612
5.69 0 0.172028679038
5.7 0 0.172028679038
5.71 0 0.172028679038
5.72 0 0.170330501766
5.73 0 0.169787872979
5.74 0 0.169467961119
5.75 0 0.168564865931
5.76 0 0.168322185504
5.77 0 0.167519318687
5.78 0 0.164772627176
5.79 0 0.161908655463
5.8 0 0.161481290738
5.81 0 0.159434477027
5.82 0 0.156942164693
5.83 0 0.155237960904
5.84 0 0.153218739373
5.85 0 0.152759469292
5.86 0 0.153120369956
5.87 0 0.152727886923
5.88 0 0.152490054282
5.89 0 0.152344301101
5.9 0 0.152344301101
5.91 0 0.152344301101
5.92 0 0.151851788336
5.93 0 0.151488163066
5.94 0 0.151488163066
5.95 0 0.151488163066
5.96 0 0.147966436899
5.97 0 0.147966436899
5.98 0 0.141313392213
5.99 0 0.140326803806
6.0 0 0.13915726424
6.01 0 0.13868744784
6.02 0 0.138402129354
6.03 0 0.138106712209
6.04 0 0.13739276275
6.05 0 0.136464252699
6.06 0 0.136287622278
6.07 0 0.1346355593
6.08 0 0.134796253752
6.09 0 0.134449169979
6.1 0 0.133174599704
6.11 0 0.132926468397
6.12 0 0.132926468397
6.13 0 0.132922157744
6.14 0 0.133212163967
6.15 0 0.132756432457
6.16 0 0.132070410946
6.17 0 0.132666338944
6.18 0 0.133485202536
6.19 0 0.13403720027
6.2 0 0.135721736031
6.21 0 0.135826829789
6.22 0 0.135826829789
6.23 0 0.135826829789
6.24 0 0.142947561099
6.25 0 0.147475071933
6.26 0 0.151180742415
6.27 0 0.153367353377
6.28 0 0.158505095968
6.29 0 0.162448079861
6.3 0 0.164833118172
6.31 0 0.165830921427
6.32 0 0.164718959859
6.33 0 0.165364832581
6.34 0 0.166223676227
6.35 0 0.167160840582
6.36 0 0.168121622934
6.37 0 0.16839823544
6.38 0 0.171046740559
6.39 0 0.169892279154
6.4 0 0.170116830904
6.41 0 0.170116830904
6.42 0 0.170116830904
6.43 0 0.17443468403
6.44 0 0.171414152129
6.45 0 0.169776030394
6.46 0 0.170173869393
6.47 0 0.167970290718
6.48 0 0.164599468269
6.49 0 0.162667551386
6.5 0 0.163054336748
6.51 0 0.161224193509
6.52 0 0.15685977494
6.53 0 0.155647515818
6.54 0 0.155647515818
6.55 0 0.153120618172
6.56 0 0.150262319167
6.57 0 0.149357512721
6.58 0 0.148387962436
6.59 0 0.14725318862
6.6 0 0.14659502289
6.61 0 0.144419842855
6.62 0 0.139943220126
6.63 0 0.139136662746
6.64 0 0.137881491716
6.65 0 0.13655802202
6.66 0 0.133823131385
6.67 0 0.133349200598
6.68 0 0.132549418511
6.69 0 0.13225689337
6.7 0 0.132119280385
6.71 0 0.131916673477
6.72 0 0.132513612085
6.73 0 0.133301335163
6.74 0 0.134831508656
6.75 0 0.135690508942
6.76 0 0.136097922461
6.77 0 0.137896561724
6.78 0 0.139703776313
6.79 0 0.140872068108
6.8 0 0.141536349208
6.81 0 0.142335146016
6.82 0 0.142302552623
6.83 0 0.143079589318
6.84 0 0.143655991711
6.85 0 0.143819587248
6.86 0 0.144249441928
6.87 0 0.145256897583
6.88 0 0.14705425085
6.89 0 0.148143182657
6.9 0 0.149086964295
6.91 0 0.149879569138
6.92 0 0.150520732398
6.93 0 0.152798112438
6.94 0 0.153254380004
6.95 0 0.153360891654
6.96 0 0.152734833393
6.97 0 0.152291950159
6.98 0 0.152235253319
6.99 0 0.151509555616
7.0 0 0.15212548631
7.01 0 0.153113369164
7.02 0 0.15418676491
7.03 0 0.15418676491
7.04 0 0.15418676491
7.05 0 0.157403832048
7.06 0 0.157403832048
7.07 0 0.157403832048
7.08 0 0.157403832048
7.09 0 0.170509203035
7.1 0 0.172326870383
7.11 0 0.171862485997
7.12 0 0.175760304279
7.13 0 0.176291111042
7.14 0 0.176721880278
7.15 0 0.176721880278
7.16 0 0.176721880278
7.17 0 0.177814000597
7.18 0 0.177812344787
7.19 0 0.174770163588
7.2 0 0.176947783594
7.21 0 0.176513198883
7.22 0 0.176190269728
7.23 0 0.176570510798
7.24 0 0.176578613039
7.25 0 0.176578613039
7.26 0 0.176578613039
7.27 0 0.176578613039
7.28 0 0.179446489972
7.29 0 0.179446489972
7.3 0 0.181589982281
7.31 0 0.181910357149
7.32 0 0.181353828767
7.33 0 0.181353828767
7.34 0 0.178571014119
7.35 0 0.17705638166
7.36 0 0.176443270939
7.37 0 0.174375593098
7.38 0 0.173616533885
7.39 0 0.172058766763
7.4 0 0.17074844224
7.41 0 0.16930638449
7.42 0 0.167160554319
7.43 0 0.1608428565
7.44 0 0.159924375673
7.45 0 0.153635545562
7.46 0 0.149081023883
7.47 0 0.147765518848
7.48 0 0.140143989352
7.49 0 0.139633361706
7.5 0 0.139633361706
7.51 0 0.136903976223
7.52 0 0.134849298232
7.53 0 0.13462889019
7.54 0 0.135417440045
7.55 0 0.136103234986
7.56 0 0.136879603317
7.57 0 0.139411579792
7.58 0 0.140782758635
7.59 0 0.141772725931
7.6 0 0.143265699569
7.61 0 0.144497487042
7.62 0 0.145831219402
7.63 0 0.145880713096
7.64 0 0.146219848353
7.65 0 0.147207204848
7.66 0 0.147169410801
7.67 0 0.147377664486
7.68 0 0.147070489692
7.69 0 0.14730425726
7.7 0 0.147322358006
7.71 0 0.147322358006
7.72 0 0.147322358006
7.73 0 0.148582753609
7.74 0 0.149050574236
7.75 0 0.149000116102
7.76 0 0.149845881027
7.77 0 0.150103555716
7.78 0 0.150103555716
7.79 0 0.150063630708
7.8 0 0.151854985011
7.81 0 0.151528594748
7.82 0 0.152189140378
7.83 0 0.152510915114
7.84 0 0.153890235118
7.85 0 0.154728748177
7.86 0 0.15615580879
7.87 0 0.15903297842
7.88 0 0.158745367913
7.89 0 0.161101566903
7.9 0 0.163735369948
7.91 0 0.166540138888
7.92 0 0.171763364695
7.93 0 0.172052200362
7.94 0 0.176219849978
7.95 0 0.180581611169
7.96 0 0.182130248902
7.97 0 0.185932732342
7.98 0 0.188579217304
7.99 0 0.191299472024
8.0 0 0.193869878702
8.01 0 0.193642263279
8.02 0 0.193875600383
8.03 0 0.195387447314
8.04 0 0.19491675371
8.05 0 0.195833078527
8.06 0 0.197330218218
8.07 0 0.198291662472
8.08 0 0.197819944004
8.09 0 0.195933522617
8.1 0 0.194937479286
8.11 0 0.193593526869
8.12 0 0.189856227631
8.13 0 0.186105456202
8.14 0 0.182485871296
8.15 0 0.178854455966
8.16 0 0.178823681158
8.17 0 0.178701542245
8.18 0 0.179120774197
8.19 0 0.179450781451
8.2 0 0.179456773733
8.21 0 0.178663730123
8.22 0 0.179189206012
8.23 0 0.179489235589
8.24 0 0.179151668823
8.25 0 0.179454836919
8.26 0 0.181065863439
8.27 0 0.181059890718
8.28 0 0.182002782258
8.29 0 0.182447079635
8.3 0 0.182447079635
8.31 0 0.18228719345
8.32 0 0.183839089578
8.33 0 0.183561190073
8.34 0 0.182309714947
8.35 0 0.179847323365
8.36 0 0.176938012395
8.37 0 0.176784092881
8.38 0 0.17311823946
8.39 0 0.172906019646
8.4 0 0.173144021779
8.41 0 0.172823146928
8.42 0 0.172483546371
8.43 0 0.171981964851
8.44 0 0.167302577429
8.45 0 0.166557951959
8.46 0 0.165199336874
8.47 0 0.165199336874
8.48 0 0.165202188999
8.49 0 0.165631614462
8.5 0 0.167450111346
8.51 0 0.16715683085
8.52 0 0.167904940106
8.53 0 0.169466723757
8.54 0 0.170282224949
8.55 0 0.16948974401
8.56 0 0.170046158513
8.57 0 0.169977596082
8.58 0 0.171145598986
8.59 0 0.17418208721
8.6 0 0.175371167196
8.61 0 0.175606418694
8.62 0 0.17673030827
8.63 0 0.177375828142
8.64 0 0.177847954142
8.65 0 0.179623443817
8.66 0 0.183160146617
8.67 0 0.181408848958
8.68 0 0.184204856092
8.69 0 0.182111907621
8.7 0 0.183502825885
8.71 0 0.185367771809
8.72 0 0.186486473528
8.73 0 0.19242968256
8.74 0 0.19012171824
8.75 0 0.193710898475
8.76 0 0.192172616651
8.77 0 0.197319898122
8.78 0 0.199118094566
8.79 0 0.199124098664
8.8 0 0.199242142397
8.81 0 0.202127344901
8.82 0 0.201522952295
8.83 0 0.200556941656
8.84 0 0.200556941656
8.85 0 0.199039098564
8.86 0 0.199039098564
8.87 0 0.197068900214
8.88 0 0.19611340772
8.89 0 0.18959755879
8.9 0 0.186794390956
8.91 0 0.185893431661
8.92 0 0.186009288548
8.93 0 0.185898403981
8.94 0 0.185683944332
8.95 0 0.18644529125
8.96 0 0.187226741509
8.97 0 0.187945966629
8.98 0 0.190283474963
8.99 0 0.190380558976
9.0 0 0.190828094677
9.01 0 0.191965833585
9.02 0 0.191965833585
9.03 0 0.192577141288
9.04 0 0.19263827579
9.05 0 0.193470939075
9.06 0 0.194440604185
9.07 0 0.194726635076
9.08 0 0.195082391507
9.09 0 0.1959429149
9.1 0 0.19610674421
9.11 0 0.19624786511
9.12 0 0.195162279255
9.13 0 0.194941971697
9.14 0 0.195876876057
9.15 0 0.195863031998
9.16 0 0.196092693883
9.17 0 0.196174929271
9.18 0 0.197296616324
9.19 0 0.198742067122
9.2 0 0.198742067122
9.21 0 0.198742067122
9.22 0 0.198742067122
9.23 0 0.202002213025
9.24 0 0.202002213025
9.25 0 0.202002213025
9.26 0 0.202002213025
9.27 0 0.203022449076
9.28 0 0.204637742127
9.29 0 0.205300859675
9.3 0 0.20821195333
9.31 0 0.209094088588
9.32 0 0.212261540715
9.33 0 0.213265947252
9.34 0 0.216370921173
9.35 0 0.216173184903
9.36 0 0.220419232887
9.37 0 0.221698309788
9.38 0 0.223557627708
9.39 0 0.223557627708
9.4 0 0.225228075517
9.41 0 0.224793887766
9.42 0 0.225060393337
9.43 0 0.225157012811
9.44 0 0.226134507565
9.45 0 0.228042726013
9.46 0 0.229350267731
9.47 0 0.231878457303
9.48 0 0.234083167576
9.49 0 0.235215132611
9.5 0 0.234452382912
9.51 0 0.240074710297
9.52 0 0.242221513573
9.53 0 0.242221513573
9.54 0 0.246527394571
9.55 0 0.247357323202
9.56 0 0.249463716068
9.57 0 0.249463716068
9.58 0 0.250777625422
9.59 0 0.251951124289
9.6 0 0.252308907923
9.61 0 0.253995172525
9.62 0 0.253604530703
9.63 0 0.253571975415
9.64 0 0.253222321822
9.65 0 0.25246677023
9.66 0 0.247757426378
9.67 0 0.247757426378
9.68 0 0.245332610709
9.69 0 0.244088086557
9.7 0 0.243496084642
9.71 0 0.242688582991
9.72 0 0.241387642345
9.73 0 0.242232209308
9.74 0 0.24385967228
9.75 0 0.24385967228
9.76 0 0.247522732696
9.77 0 0.247925061466
9.78 0 0.249339158118
9.79 0 0.249581203491
9.8 0 0.249277112
9.81 0 0.247109740182
9.82 0 0.243633248415
9.83 0 0.242210795707
9.84 0 0.23935445382
9.85 0 0.232776734118
9.86 0 0.227706537076
9.87 0 0.227091307222
9.88 0 0.223249860346
9.89 0 0.221739406485
9.9 0 0.217563739286
9.91 0 0.213950181198
9.92 0 0.212392652064
9.93 0 0.209705516408
9.94 0 0.206153024364
9.95 0 0.201277302036
9.96 0 0.200375687731
9.97 0 0.197864678064
9.98 0 0.196466339476
9.99 0 0.195426257629
10.0 0 0.193655722838
10.01 0 0.193655722838
10.02 0 0.193655722838
10.03 0 0.193948649497
10.04 0 0.194038575999
10.05 0 0.194164337015
10.06 0 0.195262728774
10.07 0 0.195840115528
10.08 0 0.196724569326
10.09 0 0.196992135387
10.1 0 0.196860548472
10.11 0 0.199565008291
10.12 0 0.201057222404
10.13 0 0.202019343616
10.14 0 0.204696505789
10.15 0 0.206728633328
10.16 0 0.212135764325
10.17 0 0.211809124948
10.18 0 0.213057005164
10.19 0 0.21618702845
10.2 0 0.21618702845
10.21 0 0.21812474098
10.22 0 0.21812474098
10.23 0 0.21812474098
10.24 0 0.21812474098
10.25 0 0.219793046783
10.26 0 0.219793046783
10.27 0 0.219793046783
10.28 0 0.219793046783
10.29 0 0.219553937578
10.3 0 0.219553937578
10.31 0 0.219553937578
10.32 0 0.228896820405
10.33 0 0.228896820405
10.34 0 0.237034375105
10.35 0 0.236602462304
10.36 0 0.236602462304
10.37 0 0.232370770222
10.38 0 0.232370770222
10.39 0 0.23128967126
10.4 0 0.229138148294
10.41 0 0.227291102598
10.42 0 0.226084103775
10.43 0 0.224527539922
10.44 0 0.22348923342
10.45 0 0.221641652751
10.46 0 0.22148221711
10.47 0 0.222507025528
10.48 0 0.224799901534
10.49 0 0.22480496164
10.5 0 0.224130198073
10.51 0 0.22410307494
10.52 0 0.223243672156
10.53 0 0.222996206945
10.54 0 0.22267036975
10.55 0 0.222759767322
10.56 0 0.222733408044
10.57 0 0.222345271207
10.58 0 0.223132355542
10.59 0 0.223851589231
10.6 0 0.224412803716
10.61 0 0.223912972451
10.62 0 0.222604703878
10.63 0 0.220091103772
10.64 0 0.218973152977
10.65 0 0.219656331979
10.66 0 0.218850541792
10.67 0 0.218013688082
10.68 0 0.217489470544
10.69 0 0.217309104881
10.7 0 0.217307422287
10.71 0 0.217114870158
10.72 0 0.217709524083
10.73 0 0.218776063882
10.74 0 0.219666212036
10.75 0 0.220033853174
10.76 0 0.222689140566
10.77 0 0.223710393673
10.78 0 0.224915011496
10.79 0 0.22555648616
10.8 0 0.226704186888
10.81 0 0.227056828701
10.82 0 0.228609784746
10.83 0 0.232516796603
10.84 0 0.232516796603
10.85 0 0.234585561918
10.86 0 0.235319969755
10.87 0 0.23664082562
10.88 0 0.237476417298
10.89 0 0.238470753399
10.9 0 0.241103642395
10.91 0 0.24071252361
10.92 0 0.24071252361
10.93 0 0.247546123192
10.94 0 0.247546123192
10.95 0 0.247546123192
10.96 0 0.254764307792
10.97 0 0.257024697973
10.98 0 0.258740394135
10.99 0 0.261062853768
11.0 0 0.264057098604
11.01 0 0.262408993404
11.02 0 0.265027155738
11.03 0 0.264071132872
11.04 0 0.263209809819
11.05 0 0.262222552795
11.06 0 0.262447760051
11.07 0 0.261253359366
11.08 0 0.259643209112
11.09 0 0.260358118575
11.1 0 0.261463323309
11.11 0 0.261336931044
11.12 0 0.263522743627
11.13 0 0.262359193729
11.14 0 0.263244449331
11.15 0 0.263152840938
11.16 0 0.261239446403
11.17 0 0.261442855385
11.18 0 0.261728390547
11.19 0 0.262513109886
11.2 0 0.262513109886
11.21 0 0.26186878855
11.22 0 0.261626950401
11.23 0 0.260273894253
11.24 0 0.25709338549
11.25 0 0.255922080176
11.26 0 0.248724054437
11.27 0 0.248782862565
11.28 0 0.248413796206
11.29 0 0.247483321681
11.3 0 0.248086614078
11.31 0 0.248086614078
11.32 0 0.248086614078
11.33 0 0.248086614078
11.34 0 0.248086614078
11.35 0 0.251823952339
11.36 0 0.251823952339
11.37 0 0.251823952339
11.38 0 0.251573832088
11.39 0 0.251573832088
11.4 0 0.247232139938
11.41 0 0.245739552899
11.42 0 0.245691793725
11.43 0 0.245721965614
11.44 0 0.246927816062
11.45 0 0.248021941732
11.46 0 0.248454191931
11.47 0 0.24901316817
11.48 0 0.248769588021
11.49 0 0.248577066042
11.5 0 0.248577066042
11.51 0 0.248577066042
11.52 0 0.253260528554
11.53 0 0.253260528554
11.54 0 0.253260528554
11.55 0 0.257534852274
11.56 0 0.257676795893
11.57 0 0.258386330514
11.58 0 0.259131063087
11.59 0 0.259460380588
11.6 0 0.259460380588
11.61 0 0.259460380588
11.62 0 0.264415011049
11.63 0 0.267381713
11.64 0 0.267399431713
11.65 0 0.270719410605
11.66 0 0.271831524513
11.67 0 0.271831524513
11.68 0 0.271831524513
11.69 0 0.279530795998
11.7 0 0.279530795998
11.71 0 0.279530795998
11.72 0 0.280209731676
11.73 0 0.280209731676
11.74 0 0.281676463184
11.75 0 0.281670617567
11.76 0 0.27865010202
11.77 0 0.277522119508
11.78 0 0.285797029787
11.79 0 0.285797029787
11.8 0 0.285797029787
11.81 0 0.289679756667
11.82 0 0.290487797802
11.83 0 0.290487797802
11.84 0 0.297425331824
11.85 0 0.302754716075
11.86 0 0.302944463219
11.87 0 0.305603920234
11.88 0 0.304463683914
11.89 0 0.306271643645
11.9 0 0.307004598956
11.91 0 0.30927823132
11.92 0 0.30927823132
11.93 0 0.30927823132
11.94 0 0.30927823132
11.95 0 0.309464373689
11.96 0 0.309464373689
11.97 0 0.309464373689
11.98 0 0.298623535029
11.99 0 0.294383168365
12.0 0 0.289835080428
12.01 0 0.286316706467
12.02 0 0.281862224817
12.03 0 0.280856400196
12.04 0 0.275255678575
12.05 0 0.271799324997
12.06 0 0.265259885544
12.07 0 0.262909000955
12.08 0 0.259115457223
12.09 0 0.258214080345
12.1 0 0.254786391485
12.11 0 0.254786391485
12.12 0 0.251562400468
12.13 0 0.250835322601
12.14 0 0.251158162955
12.15 0 0.251372447807
12.16 0 0.25127552584
12.17 0 0.250649500574
12.18 0 0.249870626603
12.19 0 0.248960876158
12.2 0 0.248313009991
12.21 0 0.247356880492
12.22 0 0.248321748384
12.23 0 0.248485024287
12.24 0 0.248369096337
12.25 0 0.246801844587
12.26 0 0.245241395258
12.27 0 0.242371767975
12.28 0 0.242371767975
12.29 0 0.242371767975
12.3 0 0.237311620709
12.31 0 0.237311620709
12.32 0 0.237311620709
12.33 0 0.237311620709
12.34 0 0.239274004014
12.35 0 0.23990083703
12.36 0 0.240376069104
12.37 0 0.240376069104
12.38 0 0.240376069104
12.39 0 0.240376069104
12.4 0 0.243220805149
12.41 0 0.243220805149
12.42 0 0.245866546693
12.43 0 0.245866546693
12.44 0 0.245866546693
12.45 0 0.245866546693
12.46 0 0.251702379704
12.47 0 0.251702379704
12.48 0 0.261821807979
12.49 0 0.26091399098
12.5 0 0.262657500042
12.51 0 0.261749973438
12.52 0 0.265741077259
12.53 0 0.265835451255
12.54 0 0.270662999451
12.55 0 0.274079789576
12.56 0 0.274529398458
12.57 0 0.279062741584
12.58 0 0.279310046905
12.59 0 0.283950954966
12.6 0 0.285597106144
12.61 0 0.290716998804
12.62 0 0.290716998804
12.63 0 0.290716998804
12.64 0 0.290716998804
12.65 0 0.28935743972
12.66 0 0.28935743972
12.67 0 0.28935743972
12.68 0 0.294356932211
12.69 0 0.29292528272
12.7 0 0.296723750999
12.71 0 0.299758700949
12.72 0 0.30002291033
12.73 0 0.300076863552
12.74 0 0.298807723822
12.75 0 0.297580061298
12.76 0 0.292316068006
12.77 0 0.291380354173
12.78 0 0.287788263869
12.79 0 0.286487120792
12.8 0 0.285786120223
12.81 0 0.283159262649
12.82 0 0.273388362879
12.83 0 0.26993201467
12.84 0 0.264453986194
12.85 0 0.261846404862
12.86 0 0.258603136364
12.87 0 0.256742152854
12.88 0 0.25530906811
12.89 0 0.25446522833
12.9 0 0.254358284758
12.91 0 0.254382256219
12.92 0 0.253935560264
12.93 0 0.253862614521
12.94 0 0.253652077818
12.95 0 0.252980798452
12.96 0 0.252165744439
12.97 0 0.250974033351
12.98 0 0.250994127262
12.99 0 0.250678060723
13.0 0 0.249622628151
13.01 0 0.246759319298
13.02 0 0.246190596756
13.03 0 0.245898159796
13.04 0 0.245566325416
13.05 0 0.245105068695
13.06 0 0.244698154068
13.07 0 0.245218788225
13.08 0 0.246685087056
13.09 0 0.246898493021
13.1 0 0.247474545437
13.11 0 0.247589581167
13.12 0 0.247737341722
13.13 0 0.248580411344
13.14 0 0.248598206831
13.15 0 0.250903547036
13.16 0 0.251011436676
13.17 0 0.251413745031
13.18 0 0.253876840091
13.19 0 0.255038519733
13.2 0 0.255038519733
13.21 0 0.255038519733
13.22 0 0.260069448734
13.23 0 0.262150384459
13.24 0 0.265447915247
13.25 0 0.266628925559
13.26 0 0.271706965957
13.27 0 0.275000218998
13.28 0 0.275000218998
13.29 0 0.275000218998
13.3 0 0.276729783506
13.31 0 0.27964306367
13.32 0 0.280874884124
13.33 0 0.283689452868
13.34 0 0.281921076767
13.35 0 0.287985980874
13.36 0 0.289506979041
13.37 0 0.290764734002
13.38 0 0.294028369449
13.39 0 0.295636622317
13.4 0 0.299723433964
13.41 0 0.300909302013
13.42 0 0.300909302013
13.43 0 0.304188499532
13.44 0 0.304188499532
13.45 0 0.303255477901
13.46 0 0.304558757577
13.47 0 0.304410063775
13.48 0 0.303374385557
13.49 0 0.30276654852
13.5 0 0.307149665027
13.51 0 0.308486859652
13.52 0 0.309689336371
13.53 0 0.309233785963
13.54 0 0.304317926607
13.55 0 0.303029374142
13.56 0 0.300403593627
13.57 0 0.298240006006
13.58 0 0.296808650903
13.59 0 0.291888403506
13.6 0 0.291888403506
13.61 0 0.289112348863
13.62 0 0.285362832199
13.63 0 0.280039528346
13.64 0 0.277748138266
13.65 0 0.274876668175
13.66 0 0.272042435689
13.67 0 0.2696516023
13.68 0 0.26475818223
13.69 0 0.263952313635
13.7 0 0.26363553325
13.71 0 0.263621927275
13.72 0 0.263679214611
13.73 0 0.26364764112
13.74 0 0.263795037287
13.75 0 0.263179973003
13.76 0 0.263253245146
13.77 0 0.263062076828
13.78 0 0.262882013537
13.79 0 0.262164322087
13.8 0 0.262250383127
13.81 0 0.262089436506
13.82 0 0.261666778081
13.83 0 0.26016854674
13.84 0 0.25980693214
13.85 0 0.25980693214
13.86 0 0.260007640419
13.87 0 0.25969736878
13.88 0 0.259732660385
13.89 0 0.259965303004
13.9 0 0.259007418174
13.91 0 0.258782071122
13.92 0 0.260318765131
13.93 0 0.260318765131
13.94 0 0.260318765131
13.95 0 0.262372445544
13.96 0 0.263580283554
13.97 0 0.2659052726
13.98 0 0.265460135756
13.99 0 0.268215480364
14.0 0 0.268552969423
14.01 0 0.270202205609
14.02 0 0.272034869768
14.03 0 0.277815430143
14.04 0 0.279215421843
14.05 0 0.281439486779
14.06 0 0.286337940923
14.07 0 0.286337940923
14.08 0 0.286337940923
14.09 0 0.286337940923
14.1 0 0.295131404393
14.11 0 0.295131404393
14.12 0 0.295131404393
14.13 0 0.297929380938
14.14 0 0.296825702964
14.15 0 0.292214074393
14.16 0 0.28907653215
14.17 0 0.295177866925
14.18 0 0.297965843361
14.19 0 0.298312522043
14.2 0 0.304528356323
14.21 0 0.311216062962
14.22 0 0.313030543264
14.23 0 0.313030543264
14.24 0 0.31626026346
14.25 0 0.316663170748
14.26 0 0.317352802558
14.27 0 0.319278345931
14.28 0 0.320262763703
14.29 0 0.32060312638
14.3 0 0.3200367292
14.31 0 0.319520379354
14.32 0 0.319240437605
14.33 0 0.318233377237
14.34 0 0.317579385648
14.35 0 0.314238418425
14.36 0 0.311742365058
14.37 0 0.310092141029
14.38 0 0.309907900074
14.39 0 0.304961625278
14.4 0 0.303394024583
14.41 0 0.300029630731
14.42 0 0.299324426297
14.43 0 0.296778730023
14.44 0 0.293613218996
14.45 0 0.292164279272
14.46 0 0.28901067652
14.47 0 0.287804315431
14.48 0 0.287723510832
14.49 0 0.287134274307
14.5 0 0.286484422134
14.51 0 0.286058825425
14.52 0 0.285768546829
14.53 0 0.285941999005
14.54 0 0.286932433962
14.55 0 0.287267516173
14.56 0 0.287750720173
14.57 0 0.288151984364
14.58 0 0.288646990058
14.59 0 0.288693165882
14.6 0 0.289878607581
14.61 0 0.290462578743
14.62 0 0.29071485607
14.63 0 0.29071485607
14.64 0 0.29071485607
14.65 0 0.290374528674
14.66 0 0.289181556165
14.67 0 0.287553627515
14.68 0 0.28662926868
14.69 0 0.284893787402
14.7 0 0.284724551899
14.71 0 0.285363620285
14.72 0 0.28580404181
14.73 0 0.286300940792
14.74 0 0.287120582111
14.75 0 0.287908588127
14.76 0 0.288331898512
14.77 0 0.289581014934
14.78 0 0.289079327271
14.79 0 0.291434602502
14.8 0 0.296766297791
14.81 0 0.296732944831
14.82 0 0.298374063748
14.83 0 0.303508194597
14.84 0 0.306048677821
14.85 0 0.305821923044
14.86 0 0.306094067997
14.87 0 0.307254939116
14.88 0 0.307917687015
14.89 0 0.309427010592
14.9 0 0.312502410621
14.91 0 0.314656008179
14.92 0 0.314417558963
14.93 0 0.31464709732
14.94 0 0.314983360565
14.95 0 0.31973941834
14.96 0 0.316499861019
14.97 0 0.325598187364
14.98 0 0.326810754135
14.99 0 0.328319364816
15.0 0 0.333317698338
15.01 0 0.336195384657
15.02 0 0.337878654919
15.03 0 0.338336005287
15.04 0 0.339927708262
15.05 0 0.34082755619
15.06 0 0.340344089518
15.07 0 0.337835952836
15.08 0 0.336001416178
15.09 0 0.332408985567
15.1 0 0.332098185666
15.11 0 0.329368442107
15.12 0 0.325842535044
15.13 0 0.324423596837
15.14 0 0.323348534092
15.15 0 0.322662822513
15.16 0 0.318695843651
15.17 0 0.316697022415
15.18 0 0.313209708738
15.19 0 0.31189188039
15.2 0 0.308463601185
15.21 0 0.308031589271
15.22 0 0.306726756478
15.23 0 0.303481425723
15.24 0 0.303243403559
15.25 0 0.302450097048
15.26 0 0.30231938564
15.27 0 0.302441840518
15.28 0 0.303774374567
15.29 0 0.303774374567
15.3 0 0.304566594867
15.31 0 0.305264626129
15.32 0 0.305346876137
15.33 0 0.305963840783
15.34 0 0.306110367056
15.35 0 0.30632949564
15.36 0 0.306909452084
15.37 0 0.307664888629
15.38 0 0.307597175521
15.39 0 0.307468399843
15.4 0 0.307717116447
15.41 0 0.307385239307
15.42 0 0.307385239307
15.43 0 0.307385239307
15.44 0 0.307385239307
15.45 0 0.307385239307
15.46 0 0.309873647458
15.47 0 0.309873647458
15.48 0 0.309873647458
15.49 0 0.307605755258
15.5 0 0.307605755258
15.51 0 0.307605755258
15.52 0 0.309080176241
15.53 0 0.312465979937
15.54 0 0.313369165412
15.55 0 0.313147248342
15.56 0 0.314242549376
15.57 0 0.315461128275
15.58 0 0.31863944845
15.59 0 0.317606709197
15.6 0 0.318253075013
15.61 0 0.319561079697
15.62 0 0.321114648601
15.63 0 0.323417373325
15.64 0 0.32697114849
15.65 0 0.329898787143
15.66 0 0.329898787143
15.67 0 0.335182068851
15.68 0 0.33462025779
15.69 0 0.332556941477
15.7 0 0.333178622058
15.71 0 0.332646596026
15.72 0 0.335586045332
15.73 0 0.333673509578
15.74 0 0.335349666456
15.75 0 0.335349666456
15.76 0 0.335349666456
15.77 0 0.34723267766
15.78 0 0.34723267766
15.79 0 0.34723267766
15.8 0 0.34723267766
15.81 0 0.355576907786
15.82 0 0.355576907786
15.83 0 0.355576907786
15.84 0 0.359466523164
15.85 0 0.361312904699
15.86 0 0.361770409585
15.87 0 0.362104517727
15.88 0 0.362491533509
15.89 0 0.362238310049
15.9 0 0.360819450262
15.91 0 0.360163039406
15.92 0 0.359057085464
15.93 0 0.357511845188
15.94 0 0.356757296989
15.95 0 0.354240116376
15.96 0 0.354087534216
15.97 0 0.352965196626
15.98 0 0.352482131855
15.99 0 0.349824120098
16.0 0 0.349006152803
16.01 0 0.349733396848
16.02 0 0.350516457493
16.03 0 0.351714766668
16.04 0 0.351241081127
16.05 0 0.350605932152
16.06 0 0.350594306553
16.07 0 0.348649027255
16.08 0 0.347845886544
16.09 0 0.347958914866
16.1 0 0.347654909117
16.11 0 0.347252637642
16.12 0 0.346330707222
16.13 0 0.346357597567
16.14 0 0.346119349509
16.15 0 0.346216396713
16.16 0 0.346360375808
16.17 0 0.346874916777
16.18 0 0.347503241819
16.19 0 0.34811543734
16.2 0 0.348581680236
16.21 0 0.349558908808
16.22 0 0.350210100227
16.23 0 0.350494907311
16.24 0 0.34994318244
16.25 0 0.348731488419
16.26 0 0.346887773106
16.27 0 0.34689626006
16.28 0 0.347546239718
16.29 0 0.347635917836
16.3 0 0.348032457729
16.31 0 0.349413644439
16.32 0 0.350424812512
16.33 0 0.351707709279
16.34 0 0.354810140771
16.35 0 0.356947023975
16.36 0 0.358365130837
16.37 0 0.360841292447
16.38 0 0.359670912989
16.39 0 0.360171921853
16.4 0 0.364205886929
16.41 0 0.367736105251
16.42 0 0.367736105251
16.43 0 0.370778964993
16.44 0 0.371487710287
16.45 0 0.373067184708
16.46 0 0.372027605628
16.47 0 0.372714276569
16.48 0 0.372714276569
16.49 0 0.372714276569
16.5 0 0.377764454835
16.51 0 0.380713390528
16.52 0 0.382552407372
16.53 0 0.381324857871
16.54 0 0.382873163937
16.55 0 0.385686178464
16.56 0 0.38536971054
16.57 0 0.383077604931
16.58 0 0.377677131151
16.59 0 0.379642751823
16.6 0 0.373320657172
16.61 0 0.376814943141
16.62 0 0.375277479705
16.63 0 0.382869852491
16.64 0 0.382869852491
16.65 0 0.383866834735
16.66 0 0.383833473709
16.67 0 0.383669727545
16.68 0 0.384293641987
16.69 0 0.385111286584
16.7 0 0.385642636315
16.71 0 0.385580198811
16.72 0 0.384877624131
16.73 0 0.384829841848
16.74 0 0.383457455413
16.75 0 0.383470725369
16.76 0 0.383050533807
16.77 0 0.383050533807
16.78 0 0.383050533807
16.79 0 0.383050533807
16.8 0 0.379282773426
16.81 0 0.379282773426
16.82 0 0.379282773426
16.83 0 0.374275327761
16.84 0 0.373200575158
16.85 0 0.372809124756
16.86 0 0.371400050941
16.87 0 0.370562363751
16.88 0 0.366496950549
16.89 0 0.366361516788
16.9 0 0.364784643567
16.91 0 0.36383301357
16.92 0 0.363041626999
16.93 0 0.362253712281
16.94 0 0.362269777015
16.95 0 0.361782917186
16.96 0 0.364077188303
16.97 0 0.365252341795
16.98 0 0.367362487301
16.99 0 0.368158229074
17.0 0 0.369733840477
17.01 0 0.369951989915
17.02 0 0.370623639445
17.03 0 0.370827957233
17.04 0 0.371290236032
17.05 0 0.373105150505
17.06 0 0.373300124439
17.07 0 0.374943167164
17.08 0 0.375126287232
17.09 0 0.377093983434
17.1 0 0.378314621647
17.11 0 0.378794007362
17.12 0 0.379133701826
17.13 0 0.380006341377
17.14 0 0.382058214052
17.15 0 0.383310583549
17.16 0 0.385423203261
17.17 0 0.38776901691
17.18 0 0.393307572622
17.19 0 0.393307572622
17.2 0 0.394527319141
17.21 0 0.397734374336
17.22 0 0.401941954772
17.23 0 0.400999529608
17.24 0 0.405231030472
17.25 0 0.407673358788
17.26 0 0.408977376337
17.27 0 0.408977376337
17.28 0 0.408977376337
17.29 0 0.410608427679
17.3 0 0.410561221129
17.31 0 0.410358936807
17.32 0 0.411997836251
17.33 0 0.414692200396
17.34 0 0.414968221764
17.35 0 0.418959693863
17.36 0 0.420218787092
17.37 0 0.422639742707
17.38 0 0.423124230161
17.39 0 0.424044911969
17.4 0 0.425845722453
17.41 0 0.425368268621
17.42 0 0.427781722121
17.43 0 0.427781722121
17.44 0 0.427781722121
17.45 0 0.429014684979
17.46 0 0.42889302642
17.47 0 0.42790011643
17.48 0 0.427279450095
17.49 0 0.428609956033
17.5 0 0.426253373391
17.51 0 0.426701501974
17.52 0 0.426412541802
17.53 0 0.424193893979
17.54 0 0.424314165566
17.55 0 0.422180608217
17.56 0 0.421758749237
17.57 0 0.418618729464
17.58 0 0.418618729464
17.59 0 0.418618729464
17.6 0 0.418618729464
17.61 0 0.415632331007
17.62 0 0.413847828414
17.63 0 0.41192585768
17.64 0 0.410818703107
17.65 0 0.409642385158
17.66 0 0.409642385158
17.67 0 0.409642385158
17.68 0 0.400483412003
17.69 0 0.396824596321
17.7 0 0.393519439186
17.71 0 0.392986863716
17.72 0 0.393707388038
17.73 0 0.393549290066
17.74 0 0.39394231939
17.75 0 0.394843397332
17.76 0 0.394995170549
17.77 0 0.395734307559
17.78 0 0.397352111755
17.79 0 0.397947359429
17.8 0 0.399571836795
17.81 0 0.399758985203
17.82 0 0.40036368289
17.83 0 0.401200867399
17.84 0 0.402189222125
17.85 0 0.402595084433
17.86 0 0.403084547406
17.87 0 0.403429468042
17.88 0 0.405051687365
17.89 0 0.404821421982
17.9 0 0.407765979812
17.91 0 0.409097993853
17.92 0 0.410487034755
17.93 0 0.411245611498
17.94 0 0.413112916227
17.95 0 0.413858697554
17.96 0 0.413858697554
17.97 0 0.413858697554
17.98 0 0.419106797784
17.99 0 0.419106797784
18.0 0 0.427435213865
18.01 0 0.427435213865
18.02 0 0.430116604851
18.03 0 0.43074023547
18.04 0 0.430928559134
18.05 0 0.435347744424
18.06 0 0.436720352852
18.07 0 0.436191943347
18.08 0 0.437100099367
18.09 0 0.443863933976
18.1 0 0.44399345292
18.11 0 0.449638547208
18.12 0 0.450370326469
18.13 0 0.4525916857
18.14 0 0.452356240752
18.15 0 0.454407433586
18.16 0 0.45513595933
18.17 0 0.45448166971
18.18 0 0.454649264747
18.19 0 0.455225746914
18.2 0 0.455447028097
18.21 0 0.45519502593
18.22 0 0.455314865058
18.23 0 0.454686265863
18.24 0 0.453955740999
18.25 0 0.452548159629
18.26 0 0.451622197
18.27 0 0.451667363564
18.28 0 0.451482317973
18.29 0 0.452165480824
18.3 0 0.451434488154
18.31 0 0.450103375821
18.32 0 0.450046953563
18.33 0 0.4476494908
18.34 0 0.443394060316
18.35 0 0.443208322068
18.36 0 0.442498496327
18.37 0 0.441731142008
18.38 0 0.441539049049
18.39 0 0.440109336492
18.4 0 0.439904876634
18.41 0 0.439894068147
18.42 0 0.439589928862
18.43 0 0.437720147453
18.44 0 0.437549563706
18.45 0 0.435703046774
18.46 0 0.434858455766
18.47 0 0.433483058439
18.48 0 0.432966868074
18.49 0 0.430258370328
18.5 0 0.429941223649
18.51 0 0.429836451461
18.52 0 0.429836451461
18.53 0 0.429836451461
18.54 0 0.429836451461
18.55 0 0.429293541585
18.56 0 0.429293541585
18.57 0 0.432892005048
18.58 0 0.433257132046
18.59 0 0.435039764165
18.6 0 0.4354403655
18.61 0 0.437430865738
18.62 0 0.437430865738
18.63 0 0.437430865738
18.64 0 0.437430865738
18.65 0 0.439168428814
18.66 0 0.439168428814
18.67 0 0.439168428814
18.68 0 0.439168428814
18.69 0 0.441186710186
18.7 0 0.441186710186
18.71 0 0.441186710186
18.72 0 0.446017524874
18.73 0 0.446017524874
18.74 0 0.445034708646
18.75 0 0.448961939412
18.76 0 0.449386651036
18.77 0 0.454103679776
18.78 0 0.458726271942
18.79 0 0.459410093309
18.8 0 0.461663154826
18.81 0 0.461663154826
18.82 0 0.466904044706
18.83 0 0.467904236817
18.84 0 0.467379955338
18.85 0 0.467631499344
18.86 0 0.469066934239
18.87 0 0.479265684165
18.88 0 0.4808511562
18.89 0 0.481454736607
18.9 0 0.479635868666
18.91 0 0.481761106657
18.92 0 0.482373040183
18.93 0 0.483380984083
18.94 0 0.483368510386
18.95 0 0.485658954464
18.96 0 0.487258867298
18.97 0 0.489303186475
18.98 0 0.489777704029
18.99 0 0.492116602969
19.0 0 0.492544617281
19.01 0 0.492965456239
19.02 0 0.491595806704
19.03 0 0.491784192809
19.04 0 0.491601555501
19.05 0 0.490606327662
19.06 0 0.489093154388
19.07 0 0.488239749192
19.08 0 0.485266710113
19.09 0 0.485266710113
19.1 0 0.485266710113
19.11 0 0.485266710113
19.12 0 0.477550754551
19.13 0 0.477550754551
19.14 0 0.473522459744
19.15 0 0.473522459744
19.16 0 0.474468088812
19.17 0 0.473990412914
19.18 0 0.473584735719
19.19 0 0.472457013074
19.2 0 0.472457013074
19.21 0 0.472457013074
19.22 0 0.472457013074
19.23 0 0.472457013074
19.24 0 0.470225158755
19.25 0 0.470225158755
19.26 0 0.470225158755
19.27 0 0.459937928665
19.28 0 0.459374862802
19.29 0 0.457981214709
19.3 0 0.454591059563
19.31 0 0.454286758199
19.32 0 0.454614581972
19.33 0 0.454592527413
19.34 0 0.453843177557
19.35 0 0.453400485436
19.36 0 0.451623838257
19.37 0 0.451623838257
19.38 0 0.450765835796
19.39 0 0.450633937354
19.4 0 0.451325130668
19.41 0 0.451325130668
19.42 0 0.451325130668
19.43 0 0.451325130668
19.44 0 0.452434413228
19.45 0 0.452434413228
19.46 0 0.452434413228
19.47 0 0.455983307431
19.48 0 0.458387269626
19.49 0 0.458269927206
19.5 0 0.460659973022
19.51 0 0.463029615548
19.52 0 0.464962268528
19.53 0 0.467089651446
19.54 0 0.469148570247
19.55 0 0.468540995763
19.56 0 0.473973471858
19.57 0 0.472685795991
19.58 0 0.475996733844
19.59 0 0.4755941328
19.6 0 0.477616353959
19.61 0 0.480442049937
19.62 0 0.478112939413
19.63 0 0.478864092341
19.64 0 0.485248732045
19.65 0 0.491969091603
19.66 0 0.494134268542
19.67 0 0.495754230691
19.68 0 0.495754230691
19.69 0 0.49650566625
19.7 0 0.495760116491
19.71 0 0.497267486663
19.72 0 0.496773316924
19.73 0 0.499514243868
19.74 0 0.501250271354
19.75 0 0.50292177977
19.76 0 0.502357141025
19.77 0 0.504695100752
19.78 0 0.504824823765
19.79 0 0.505647721344
19.8 0 0.505735167495
19.81 0 0.505218272511
19.82 0 0.50555374956
19.83 0 0.504905762295
19.84 0 0.503578962003
19.85 0 0.501518135313
19.86 0 0.501814621466
19.87 0 0.499836593411
19.88 0 0.49984833413
19.89 0 0.501113864222
19.9 0 0.499224548033
19.91 0 0.499224548033
19.92 0 0.499224548033
19.93 0 0.499224548033
19.94 0 0.501225480324
19.95 0 0.501225480324
19.96 0 0.501225480324
19.97 0 0.501225480324
19.98 0 0.497167778071
19.99 0 0.496424101564
20.0 0 0.492968362346
20.01 0 0.492798087518
20.02 0 0.490973838579
20.03 0 0.490685427444
20.04 0 0.49129386528
20.05 0 0.491454456416
20.06 0 0.491310886983
20.07 0 0.490635858672
20.08 0 0.490635858672
20.09 0 0.4899908425
20.1 0 0.489464193144
20.11 0 0.48828178572
20.12 0 0.489152162142
20.13 0 0.489693428285
20.14 0 0.491323117994
20.15 0 0.491568337379
20.16 0 0.491439524099
20.17 0 0.491244372184
20.18 0 0.491150928373
20.19 0 0.491970562771
20.2 0 0.492413703692
20.21 0 0.492275870849
20.22 0 0.492479290397
20.23 0 0.493548555594
20.24 0 0.494084986109
20.25 0 0.496989389504
20.26 0 0.497780871899
20.27 0 0.499601154997
20.28 0 0.50062028723
20.29 0 0.503574369419
20.3 0 0.503372324001
20.31 0 0.506246693022
20.32 0 0.509179738999
20.33 0 0.509341212305
20.34 0 0.510330594702
20.35 0 0.509015151941
20.36 0 0.510041722801
20.37 0 0.510998119596
20.38 0 0.510998119596
20.39 0 0.510998119596
20.4 0 0.510998119596
20.41 0 0.508468369935
20.42 0 0.513670519804
20.43 0 0.512524059308
20.44 0 0.507804081889
20.45 0 0.506882954878
20.46 0 0.511185086447
20.47 0 0.510282049219
20.48 0 0.508785898155
20.49 0 0.5152574031
20.5 0 0.511926777886
20.51 0 0.522532780853
20.52 0 0.523058603924
20.53 0 0.523931288045
20.54 0 0.525875127373
20.55 0 0.525875127373
20.56 0 0.525875127373
20.57 0 0.525875127373
20.58 0 0.527606871827
20.59 0 0.52606038015
20.6 0 0.525998482375
20.61 0 0.526406037515
20.62 0 0.527467386009
20.63 0 0.527547529956
20.64 0 0.528468274474
20.65 0 0.525852838226
20.66 0 0.524414440669
20.67 0 0.520409129784
20.68 0 0.518303566957
20.69 0 0.518221393941
20.7 0 0.519715214398
20.71 0 0.52027102829
20.72 0 0.520436224105
20.73 0 0.520079301877
20.74 0 0.51961304787
20.75 0 0.519390126005
20.76 0 0.518868639595
20.77 0 0.519021544151
20.78 0 0.518513203349
20.79 0 0.518284217429
20.8 0 0.5178396373
20.81 0 0.517203939448
20.82 0 0.516820179593
20.83 0 0.516681362261
20.84 0 0.517704281833
20.85 0 0.517947266391
20.86 0 0.518344435004
20.87 0 0.518344435004
20.88 0 0.518861947103
20.89 0 0.520446557028
20.9 0 0.521016982504
20.91 0 0.521650611077
20.92 0 0.522111207748
20.93 0 0.52253866436
20.94 0 0.524869654512
20.95 0 0.525455807311
20.96 0 0.52562085836
20.97 0 0.52622792239
20.98 0 0.528248072978
20.99 0 0.528248072978
21.0 0 0.529219824506
21.01 0 0.529957866552
21.02 0 0.530510442487
21.03 0 0.531962698432
21.04 0 0.532631450809
21.05 0 0.533055932739
21.06 0 0.534758836802
21.07 0 0.535057980082
21.08 0 0.536746080598
21.09 0 0.540255805253
21.1 0 0.543352827254
21.11 0 0.547462018859
21.12 0 0.549577110483
21.13 0 0.550750754716
21.14 0 0.553362599905
21.15 0 0.552524459022
21.16 0 0.552906762404
21.17 0 0.554436117129
21.18 0 0.559303986944
21.19 0 0.559334768662
21.2 0 0.563185225435
21.21 0 0.55964515149
21.22 0 0.56332703493
21.23 0 0.559223281438
21.24 0 0.56013845528
21.25 0 0.563743924234
21.26 0 0.5657025008
21.27 0 0.565610582664
21.28 0 0.568359523822
21.29 0 0.572835845119
21.3 0 0.575074698892
21.31 0 0.576723969821
21.32 0 0.578932043825
21.33 0 0.582133331334
21.34 0 0.582286291973
21.35 0 0.582387084255
21.36 0 0.581810547794
21.37 0 0.580682822733
21.38 0 0.579553436362
21.39 0 0.578801469562
21.4 0 0.577836277259
21.41 0 0.577057496485
21.42 0 0.577210602866
21.43 0 0.575686829829
21.44 0 0.573074694486
21.45 0 0.572544921461
21.46 0 0.569800757766
21.47 0 0.568609574413
21.48 0 0.568609574413
21.49 0 0.568068461391
21.5 0 0.569271140482
21.51 0 0.569747952117
21.52 0 0.569250130495
21.53 0 0.568971090484
21.54 0 0.567945188252
21.55 0 0.567945188252
21.56 0 0.567945188252
21.57 0 0.563762906739
21.58 0 0.561347966775
21.59 0 0.557816290722
21.6 0 0.555268160474
21.61 0 0.552553463864
21.62 0 0.551958190117
21.63 0 0.551958190117
21.64 0 0.550024962643
21.65 0 0.549819114446
21.66 0 0.549167814802
21.67 0 0.551019413846
21.68 0 0.55164601618
21.69 0 0.552908542122
21.7 0 0.554941730827
21.71 0 0.55684696133
21.72 0 0.558048723764
21.73 0 0.558239733545
21.74 0 0.559054085444
21.75 0 0.559490882331
21.76 0 0.55952924037
21.77 0 0.559646639895
21.78 0 0.560601578936
21.79 0 0.561377462491
21.8 0 0.561377462491
21.81 0 0.561377462491
21.82 0 0.561377462491
21.83 0 0.562370940433
21.84 0 0.562370940433
21.85 0 0.562370940433
21.86 0 0.56848763381
21.87 0 0.570658470118
21.88 0 0.571991748084
21.89 0 0.57416242426
21.9 0 0.579024384789
21.91 0 0.578786118068
21.92 0 0.577888546269
21.93 0 0.577331725812
21.94 0 0.577331725812
21.95 0 0.577331725812
21.96 0 0.577331725812
21.97 0 0.589097936863
21.98 0 0.589097936863
21.99 0 0.589097936863
22.0 0 0.594632006796
22.01 0 0.599159251763
22.02 0 0.599159251763
22.03 0 0.599159251763
22.04 0 0.603446034992
22.05 0 0.604037350816
22.06 0 0.603612041168
22.07 0 0.603931484503
22.08 0 0.602838740914
22.09 0 0.602838740914
22.1 0 0.602838740914
22.11 0 0.605423273831
22.12 0 0.606846165124
22.13 0 0.609265576495
22.14 0 0.609985604487
22.15 0 0.609684871978
22.16 0 0.60881130819
22.17 0 0.60885447882
22.18 0 0.608540039735
22.19 0 0.607861964697
22.2 0 0.607643254132
22.21 0 0.607347709862
22.22 0 0.606246169794
22.23 0 0.606308444412
22.24 0 0.603859733664
22.25 0 0.60411479576
22.26 0 0.604003219562
22.27 0 0.600535842189
22.28 0 0.600481896653
22.29 0 0.601948024763
22.3 0 0.601948024763
22.31 0 0.6009717911
22.32 0 0.600482912203
22.33 0 0.600669920691
22.34 0 0.600718886575
22.35 0 0.600718886575
22.36 0 0.600718886575
22.37 0 0.595294745584
22.38 0 0.594084581793
22.39 0 0.592603815388
22.4 0 0.58745737195
22.41 0 0.587104753655
22.42 0 0.586709344792
22.43 0 0.586696761581
22.44 0 0.586141688375
22.45 0 0.586303345037
22.46 0 0.587111079853
22.47 0 0.587705908454
22.48 0 0.588306296774
22.49 0 0.588899579128
22.5 0 0.590146535229
22.51 0 0.592374038643
22.52 0 0.593512172922
22.53 0 0.594304773461
22.54 0 0.594409522517
22.55 0 0.596311819878
22.56 0 0.596876217229
22.57 0 0.597025515657
22.58 0 0.596929757136
22.59 0 0.596929757136
22.6 0 0.596929757136
22.61 0 0.596929757136
22.62 0 0.596113703791
22.63 0 0.596113703791
22.64 0 0.596113703791
22.65 0 0.59825739815
22.66 0 0.59825739815
22.67 0 0.59825739815
22.68 0 0.606123489391
22.69 0 0.606670829491
22.7 0 0.607227161549
22.71 0 0.605890705024
22.72 0 0.605726966351
22.73 0 0.605629231298
22.74 0 0.603126278608
22.75 0 0.603149757917
22.76 0 0.611446196844
22.77 0 0.612564153541
22.78 0 0.615184666129
22.79 0 0.616096561566
22.8 0 0.612643900047
22.81 0 0.612823526015
22.82 0 0.613057762536
22.83 0 0.618126069269
22.84 0 0.621682796716
22.85 0 0.623673323931
22.86 0 0.625752760381
22.87 0 0.625959839479
22.88 0 0.626335764533
22.89 0 0.630205764152
22.9 0 0.630592110901
22.91 0 0.634580077725
22.92 0 0.63466847238
22.93 0 0.634043207462
22.94 0 0.633176947197
22.95 0 0.632537344713
22.96 0 0.631885811441
22.97 0 0.631106660649
22.98 0 0.630656423032
22.99 0 0.629723365915
23.0 0 0.629146156084
23.01 0 0.627957243481
23.02 0 0.627718894963
23.03 0 0.627145744173
23.04 0 0.62684584347
23.05 0 0.626093140285
23.06 0 0.625986316377
23.07 0 0.625986316377
23.08 0 0.623915399682
23.09 0 0.624642316713
23.1 0 0.625144450671
23.11 0 0.626505354081
23.12 0 0.625459100227
23.13 0 0.624822992834
23.14 0 0.624381952312
23.15 0 0.624381952312
23.16 0 0.624381952312
23.17 0 0.621526814372
23.18 0 0.621526814372
23.19 0 0.621526814372
23.2 0 0.616530001474
23.21 0 0.616052800497
23.22 0 0.615729102764
23.23 0 0.615253911195
23.24 0 0.615793481393
23.25 0 0.615793481393
23.26 0 0.617401579011
23.27 0 0.617885693677
23.28 0 0.619803699782
23.29 0 0.620617091926
23.3 0 0.621914094724
23.31 0 0.622331519783
23.32 0 0.623316592074
23.33 0 0.623619477468
23.34 0 0.623687906594
23.35 0 0.624031325588
23.36 0 0.623980863933
23.37 0 0.62551605325
23.38 0 0.62551605325
23.39 0 0.628175118795
23.4 0 0.628510701528
23.41 0 0.630128743392
23.42 0 0.632404658469
23.43 0 0.633554509368
23.44 0 0.634732972139
23.45 0 0.636609863296
23.46 0 0.637365277878
23.47 0 0.638053973586
23.48 0 0.63907971678
23.49 0 0.641312977286
23.5 0 0.642193738428
23.51 0 0.639622072708
23.52 0 0.638370723842
23.53 0 0.639201155752
23.54 0 0.639617847605
23.55 0 0.643677035857
23.56 0 0.642845071274
23.57 0 0.645131481092
23.58 0 0.641413549954
23.59 0 0.641705336317
23.6 0 0.641705336317
23.61 0 0.637495063183
23.62 0 0.645350603312
23.63 0 0.643430145032
23.64 0 0.643430145032
23.65 0 0.647867168328
23.66 0 0.648772383205
23.67 0 0.65374414278
23.68 0 0.656229301168
23.69 0 0.659764158805
23.7 0 0.661800322436
23.71 0 0.662248899805
23.72 0 0.661986467155
23.73 0 0.660873351325
23.74 0 0.660127000486
23.75 0 0.660561587949
23.76 0 0.660304997858
23.77 0 0.661217502353
23.78 0 0.660862495835
23.79 0 0.661036793088
23.8 0 0.658655840272
23.81 0 0.659554503906
23.82 0 0.658634204884
23.83 0 0.655837173894
23.84 0 0.655669692771
23.85 0 0.654787870813
23.86 0 0.655430325671
23.87 0 0.656696472387
23.88 0 0.65708167535
23.89 0 0.656730050467
23.9 0 0.656102875956
23.91 0 0.653589485902
23.92 0 0.651180658929
23.93 0 0.647331267901
23.94 0 0.645302305593
23.95 0 0.644980951641
23.96 0 0.642380498869
23.97 0 0.641410710407
23.98 0 0.640922667193
23.99 0 0.640555526352
24.0 0 0.640192241334
24.01 0 0.641138143439
24.02 0 0.642192251294
24.03 0 0.642528120934
24.04 0 0.642649377702
24.05 0 0.64373873163
24.06 0 0.64479283262
24.07 0 0.64479283262
24.08 0 0.64479283262
24.09 0 0.648142652479
24.1 0 0.648142652479
24.11 0 0.648142652479
24.12 0 0.65154736506
24.13 0 0.652203049971
24.14 0 0.652849199649
24.15 0 0.653925099753
24.16 0 0.654143050888
24.17 0 0.652698567992
24.18 0 0.652549866335
24.19 0 0.653242737992
24.2 0 0.654278161844
24.21 0 0.6569811135
24.22 0 0.656699895125
24.23 0 0.656699895125
24.24 0 0.65864776646
24.25 0 0.667488098745
24.26 0 0.668528705989
24.27 0 0.667848159727
24.28 0 0.668266028785
24.29 0 0.668088300152
24.3 0 0.667714399004
24.31 0 0.668623208738
24.32 0 0.67164506823
24.33 0 0.670109303947
24.34 0 0.671510263221
24.35 0 0.669193078037
24.36 0 0.669103308599
24.37 0 0.669103308599
24.38 0 0.675400058964
24.39 0 0.675400058964
24.4 0 0.679600092073
24.41 0 0.681595005988
24.42 0 0.681672931254
24.43 0 0.681728920338
24.44 0 0.683631774861
24.45 0 0.683925944848
24.46 0 0.683925944848
24.47 0 0.683925944848
24.48 0 0.683925944848
24.49 0 0.690843010789
24.5 0 0.691135052833
24.51 0 0.690965710672
24.52 0 0.690221707418
24.53 0 0.689495772821
24.54 0 0.688294356656
24.55 0 0.688176037256
24.56 0 0.688176037256
24.57 0 0.685163114398
24.58 0 0.6858704481
24.59 0 0.684571640828
24.6 0 0.683624304041
24.61 0 0.683663326617
24.62 0 0.680146908325
24.63 0 0.680146908325
24.64 0 0.679782480948
24.65 0 0.680389498936
24.66 0 0.680295919194
24.67 0 0.679727851921
24.68 0 0.678638239863
24.69 0 0.678161573811
24.7 0 0.677635856688
24.71 0 0.67536695119
24.72 0 0.672401972223
24.73 0 0.668309469675
24.74 0 0.665719472551
24.75 0 0.662574894912
24.76 0 0.660701059066
24.77 0 0.658914123407
24.78 0 0.658873727837
24.79 0 0.658772000958
24.8 0 0.658471543866
24.81 0 0.659274854666
24.82 0 0.660000769098
24.83 0 0.661315113602
24.84 0 0.662778305217
24.85 0 0.663692408291
24.86 0 0.663939977556
24.87 0 0.665636079717
24.88 0 0.666309381589
24.89 0 0.667167956116
24.9 0 0.668126701203
24.91 0 0.668937671548
24.92 0 0.670477800762
24.93 0 0.671489230986
24.94 0 0.671599012084
24.95 0 0.673058625327
24.96 0 0.673589972229
24.97 0 0.673128080754
24.98 0 0.674228471271
24.99 0 0.674877251611
25.0 0 0.678259008071
25.01 0 0.678656752027
25.02 0 0.680718843879
25.03 0 0.684817567745
25.04 0 0.687113821691
25.05 0 0.686136089409
25.06 0 0.685250303039
25.07 0 0.685250303039
25.08 0 0.68477586434
25.09 0 0.683564928436
25.1 0 0.684952081711
25.11 0 0.688140578602
25.12 0 0.688140578602
25.13 0 0.690233061795
25.14 0 0.689304927859
25.15 0 0.689011538926
25.16 0 0.691821310808
25.17 0 0.688191447987
25.18 0 0.689944818251
25.19 0 0.69635360742
25.2 0 0.698162631869
25.21 0 0.699987127301
25.22 0 0.702730728743
25.23 0 0.704291033579
25.24 0 0.706719046706
25.25 0 0.708149689767
25.26 0 0.711268429167
25.27 0 0.711616992298
25.28 0 0.712026519836
25.29 0 0.711446794799
25.3 0 0.711395149685
25.31 0 0.711070642355
25.32 0 0.709849203213
25.33 0 0.708540950115
25.34 0 0.710288178445
25.35 0 0.710288178445
25.36 0 0.710999197747
25.37 0 0.710742441184
25.38 0 0.710742441184
25.39 0 0.710742441184
25.4 0 0.709121203479
25.41 0 0.708714376981
25.42 0 0.708390162994
25.43 0 0.707743106499
25.44 0 0.704880978161
25.45 0 0.704594987017
25.46 0 0.70425492613
25.47 0 0.704307410465
25.48 0 0.703859766993
25.49 0 0.702114383054
25.5 0 0.696552043066
25.51 0 0.696552043066
25.52 0 0.693957176369
25.53 0 0.690655231786
25.54 0 0.690655231786
25.55 0 0.690655231786
25.56 0 0.690655231786
25.57 0 0.690655231786
25.58 0 0.685728395606
25.59 0 0.685728395606
25.6 0 0.685728395606
25.61 0 0.682462104059
25.62 0 0.681667459994
25.63 0 0.681134866233
25.64 0 0.680967940083
25.65 0 0.680915792225
25.66 0 0.681714323813
25.67 0 0.683382432227
25.68 0 0.685117677787
25.69 0 0.685003883322
25.7 0 0.687249907476
25.71 0 0.688007346892
25.72 0 0.687997181322
25.73 0 0.688387338087
25.74 0 0.68720320669
25.75 0 0.686670514238
25.76 0 0.688334216072
25.77 0 0.689900259513
25.78 0 0.692956558263
25.79 0 0.692524264616
25.8 0 0.693431730982
25.81 0 0.693431730982
25.82 0 0.693431730982
25.83 0 0.700705960728
25.84 0 0.700705960728
25.85 0 0.700705960728
25.86 0 0.702407224723
25.87 0 0.700816324841
25.88 0 0.702854845258
25.89 0 0.703098414033
25.9 0 0.706683390624
25.91 0 0.709506957423
25.92 0 0.709506957423
25.93 0 0.709506957423
25.94 0 0.711119252982
25.95 0 0.711119252982
25.96 0 0.711119252982
25.97 0 0.711119252982
25.98 0 0.704795186602
25.99 0 0.704795186602
26.0 0 0.712588891359
26.01 0 0.717073508103
26.02 0 0.71961949165
26.03 0 0.721006199256
26.04 0 0.721438969687
26.05 0 0.725096985754
26.06 0 0.725096985754
26.07 0 0.72469015218
26.08 0 0.724156684095
26.09 0 0.72324192096
26.1 0 0.722320093249
26.11 0 0.720820216097
26.12 0 0.720175060811
26.13 0 0.721195991006
26.14 0 0.720423028793
26.15 0 0.720423028793
26.16 0 0.720423028793
26.17 0 0.720423028793
26.18 0 0.719016771314
26.19 0 0.719016771314
26.2 0 0.719016771314
26.21 0 0.715829718654
26.22 0 0.715829718654
26.23 0 0.715829718654
26.24 0 0.715098283339
26.25 0 0.715098283339
26.26 0 0.715098283339
26.27 0 0.707852294682
26.28 0 0.706900460763
26.29 0 0.70478342445
26.3 0 0.702867332705
26.31 0 0.700738701829
26.32 0 0.700281154665
26.33 0 0.696964357685
26.34 0 0.696964357685
26.35 0 0.690909714047
26.36 0 0.689477789192
26.37 0 0.68974116256
26.38 0 0.690928988138
26.39 0 0.69119182764
26.4 0 0.69119182764
26.41 0 0.691872497072
26.42 0 0.692648347539
26.43 0 0.692593197973
26.44 0 0.692606723336
26.45 0 0.69262633133
26.46 0 0.69505825866
26.47 0 0.695256068602
26.48 0 0.695977535707
26.49 0 0.696654164466
26.5 0 0.697500150086
26.51 0 0.697825224313
26.52 0 0.698498154607
26.53 0 0.697442692888
26.54 0 0.696749293345
26.55 0 0.700052165717
26.56 0 0.701679515835
26.57 0 0.702949167878
26.58 0 0.705506836314
26.59 0 0.710540700463
26.6 0 0.711684250764
26.61 0 0.711512412176
26.62 0 0.711185725222
26.63 0 0.710852183093
26.64 0 0.711062985627
26.65 0 0.711062985627
26.66 0 0.711062985627
26.67 0 0.707520030267
26.68 0 0.713137828517
26.69 0 0.711006532384
26.7 0 0.718637940185
26.71 0 0.718637940185
26.72 0 0.720400129621
26.73 0 0.719343309309
26.74 0 0.716581766606
26.75 0 0.716987378544
26.76 0 0.720860338128
26.77 0 0.724060407412
26.78 0 0.725380771793
26.79 0 0.728877299798
26.8 0 0.729278700273
26.81 0 0.731550774043
26.82 0 0.733182355664
26.83 0 0.735439591583
26.84 0 0.735606848207
26.85 0 0.736051999155
26.86 0 0.735574332624
26.87 0 0.734129168335
26.88 0 0.733863534849
26.89 0 0.732006259853
26.9 0 0.732097632178
26.91 0 0.73228990175
26.92 0 0.732704334969
26.93 0 0.732809283441
26.94 0 0.731681087552
26.95 0 0.727981735278
26.96 0 0.727981735278
26.97 0 0.725554969867
26.98 0 0.725554969867
26.99 0 0.725554969867
27.0 0 0.725554969867
27.01 0 0.72240504248
27.02 0 0.72240504248
27.03 0 0.72240504248
27.04 0 0.723642900866
27.05 0 0.723642900866
27.06 0 0.723642900866
27.07 0 0.723642900866
27.08 0 0.719771771913
27.09 0 0.719129425051
27.1 0 0.716309170582
27.11 0 0.714938253106
27.12 0 0.713325419063
27.13 0 0.71289599656
27.14 0 0.71289599656
27.15 0 0.71289599656
27.16 0 0.710039922932
27.17 0 0.710039922932
27.18 0 0.710039922932
27.19 0 0.710039922932
27.2 0 0.714240871992
27.21 0 0.714960892787
27.22 0 0.716017303536
27.23 0 0.716187125671
27.24 0 0.717151729436
27.25 0 0.719629818579
27.26 0 0.719834963181
27.27 0 0.720484677443
27.28 0 0.721836496525
27.29 0 0.722244449369
27.3 0 0.721630283399
27.31 0 0.720717185686
27.32 0 0.719564908127
27.33 0 0.71997155237
27.34 0 0.723679094969
27.35 0 0.726835993774
27.36 0 0.729636471535
27.37 0 0.732386117693
27.38 0 0.736957716348
27.39 0 0.737268820647
27.4 0 0.736434944596
27.41 0 0.734978499299
27.42 0 0.734394634192
27.43 0 0.734394634192
27.44 0 0.732080962502
27.45 0 0.7294919305
27.46 0 0.734756323815
27.47 0 0.735312282069
27.48 0 0.735312282069
27.49 0 0.735312282069
27.5 0 0.73652406326
27.51 0 0.73652406326
27.52 0 0.73652406326
27.53 0 0.743984838155
27.54 0 0.743984838155
27.55 0 0.743984838155
27.56 0 0.749132262639
27.57 0 0.7501347481
27.58 0 0.753999865061
27.59 0 0.754806327252
27.6 0 0.754806327252
27.61 0 0.754806327252
27.62 0 0.754806327252
27.63 0 0.758236895272
27.64 0 0.758236895272
27.65 0 0.758236895272
27.66 0 0.757089783845
27.67 0 0.75638506212
27.68 0 0.756483584703
27.69 0 0.757194581426
27.7 0 0.75819315216
27.71 0 0.757548676356
27.72 0 0.757531175192
27.73 0 0.757531175192
27.74 0 0.757531175192
27.75 0 0.755864595317
27.76 0 0.755864595317
27.77 0 0.754823094786
27.78 0 0.754823094786
27.79 0 0.754823094786
27.8 0 0.754823094786
27.81 0 0.754347025777
27.82 0 0.75419461937
27.83 0 0.75419461937
27.84 0 0.75419461937
27.85 0 0.75419461937
27.86 0 0.75216432766
27.87 0 0.75216432766
27.88 0 0.75216432766
27.89 0 0.747417411875
27.9 0 0.747417411875
27.91 0 0.742187719214
27.92 0 0.742187719214
27.93 0 0.741772605173
27.94 0 0.741498648853
27.95 0 0.74208964496
27.96 0 0.742204567634
27.97 0 0.742990312944
27.98 0 0.743118133913
27.99 0 0.74392716865
28.0 0 0.743379980762
28.01 0 0.743182916364
28.02 0 0.743063667784
28.03 0 0.744100287516
28.04 0 0.744737497234
28.05 0 0.744258814249
28.06 0 0.744318657586
28.07 0 0.743155313908
28.08 0 0.741780333849
28.09 0 0.741197449699
28.1 0 0.740900741314
28.11 0 0.74196608507
28.12 0 0.742300055397
28.13 0 0.743551709264
28.14 0 0.748016338194
28.15 0 0.748715018371
28.16 0 0.753887543142
28.17 0 0.756001918505
28.18 0 0.756610936834
28.19 0 0.756152893031
28.2 0 0.754999923268
28.21 0 0.755766218635
28.22 0 0.753973797596
28.23 0 0.7522642812
28.24 0 0.749066788852
28.25 0 0.749863560864
28.26 0 0.752034385867
28.27 0 0.750816799053
28.28 0 0.758161784324
28.29 0 0.762853710071
28.3 0 0.759181025857
28.31 0 0.764752368724
28.32 0 0.764752368724
28.33 0 0.764752368724
28.34 0 0.764752368724
28.35 0 0.77065797584
28.36 0 0.77065797584
28.37 0 0.77065797584
28.38 0 0.770818648605
28.39 0 0.770223756035
28.4 0 0.770840320221
28.41 0 0.771395834681
28.42 0 0.770831010338
28.43 0 0.769764692563
28.44 0 0.769764692563
28.45 0 0.767951655176
28.46 0 0.766029164812
28.47 0 0.765864375921
28.48 0 0.765864375921
28.49 0 0.765864375921
28.5 0 0.765864375921
28.51 0 0.765864375921
28.52 0 0.763788274158
28.53 0 0.761905346128
28.54 0 0.761905346128
28.55 0 0.761905346128
28.56 0 0.760859966566
28.57 0 0.762337304522
28.58 0 0.762283093326
28.59 0 0.762886402258
28.6 0 0.762593224707
28.61 0 0.761168741656
28.62 0 0.758839007853
28.63 0 0.753931826985
28.64 0 0.753274781907
28.65 0 0.75181044798
28.66 0 0.75028027592
28.67 0 0.748176762459
28.68 0 0.746388089104
28.69 0 0.743620056206
28.7 0 0.742345921749
28.71 0 0.742345921749
28.72 0 0.742345921749
28.73 0 0.742345921749
28.74 0 0.742345921749
28.75 0 0.741957031353
28.76 0 0.741957031353
28.77 0 0.742354427859
28.78 0 0.742357266635
28.79 0 0.742368926693
28.8 0 0.742940363902
28.81 0 0.744600254935
28.82 0 0.74493971496
28.83 0 0.746228369705
28.84 0 0.747940099006
28.85 0 0.748197171079
28.86 0 0.749156863518
28.87 0 0.749292151229
28.88 0 0.746331456425
28.89 0 0.745532135669
28.9 0 0.746189071108
28.91 0 0.750363531333
28.92 0 0.751969917207
28.93 0 0.752725970898
28.94 0 0.754961185923
28.95 0 0.758691777874
28.96 0 0.760591119073
28.97 0 0.760833791784
28.98 0 0.761888875565
28.99 0 0.763395223225
29.0 0 0.761482036486
29.01 0 0.763899323961
29.02 0 0.761390031842
29.03 0 0.761390031842
29.04 0 0.757741534588
29.05 0 0.761322549258
29.06 0 0.765842035726
29.07 0 0.766590031872
29.08 0 0.768338964381
29.09 0 0.768338964381
29.1 0 0.761821072587
29.11 0 0.761821072587
29.12 0 0.764443606479
29.13 0 0.772201344263
29.14 0 0.774445748708
29.15 0 0.775114100625
29.16 0 0.771128850703
29.17 0 0.771741667175
29.18 0 0.775778953622
29.19 0 0.777357995437
29.2 0 0.777090229163
29.21 0 0.77618625238
29.22 0 0.775391834191
29.23 0 0.775311278782
29.24 0 0.775664440987
29.25 0 0.775546515158
29.26 0 0.776230024035
29.27 0 0.776870441073
29.28 0 0.777085885357
29.29 0 0.777443159046
29.3 0 0.776480095516
29.31 0 0.776966731325
29.32 0 0.776952634164
29.33 0 0.772546625458
29.34 0 0.771988021806
29.35 0 0.771485998855
29.36 0 0.770572194164
29.37 0 0.769747605906
29.38 0 0.769747605906
29.39 0 0.769747605906
29.4 0 0.768048967137
29.41 0 0.768048967137
29.42 0 0.768048967137
29.43 0 0.763292620029
29.44 0 0.763292620029
29.45 0 0.763292620029
29.46 0 0.763292620029
29.47 0 0.753426727252
29.48 0 0.753426727252
29.49 0 0.752349977534
29.5 0 0.750931929692
29.51 0 0.750310139574
29.52 0 0.750310139574
29.53 0 0.750310139574
29.54 0 0.750310139574
29.55 0 0.750249993598
29.56 0 0.750249993598
29.57 0 0.75232683483
29.58 0 0.75232683483
29.59 0 0.752814068677
29.6 0 0.753145969218
29.61 0 0.753605055126
29.62 0 0.753920883049
29.63 0 0.755200345831
29.64 0 0.757797600493
29.65 0 0.757702503003
29.66 0 0.756995856149
29.67 0 0.756995856149
29.68 0 0.760302831366
29.69 0 0.760611218051
29.7 0 0.761045685844
29.71 0 0.762859340752
29.72 0 0.765653880721
29.73 0 0.767510414125
29.74 0 0.776740293178
29.75 0 0.777009323635
29.76 0 0.776790599432
29.77 0 0.773595671265
29.78 0 0.770041239765
29.79 0 0.769540547536
29.8 0 0.768491634885
29.81 0 0.764599881945
29.82 0 0.763133551428
29.83 0 0.767737469609
29.84 0 0.770183957532
29.85 0 0.771074072633
29.86 0 0.76759462819
29.87 0 0.767436756739
29.88 0 0.765568440916
29.89 0 0.765753492422
29.9 0 0.767740792454
29.91 0 0.767740792454
29.92 0 0.775618183757
29.93 0 0.776470521161
29.94 0 0.782518563882
29.95 0 0.782518563882
29.96 0 0.782518563882
29.97 0 0.786542894312
29.98 0 0.787552025867
29.99 0 0.788223894014
30.0 0 0.788754868655
30.01 0 0.78625032544
30.02 0 0.786191930972
30.03 0 0.785051701311
30.04 0 0.785014854652
30.05 0 0.785504762743
30.06 0 0.786259782713
30.07 0 0.786056782238
30.08 0 0.785818339333
30.09 0 0.784406181415
30.1 0 0.785044068785
30.11 0 0.783743085849
30.12 0 0.783624326962
30.13 0 0.783624326962
30.14 0 0.783624326962
30.15 0 0.783624326962
30.16 0 0.782547757761
30.17 0 0.782547757761
30.18 0 0.782547757761
30.19 0 0.779803636984
30.2 0 0.775653448311
30.21 0 0.775292537228
30.22 0 0.773676500524
30.23 0 0.765889486112
30.24 0 0.764462050759
30.25 0 0.759360100124
30.26 0 0.759360100124
30.27 0 0.759360100124
30.28 0 0.759360100124
30.29 0 0.754996559989
30.3 0 0.754996559989
30.31 0 0.754996559989
30.32 0 0.753162374415
30.33 0 0.753162374415
30.34 0 0.753162374415
30.35 0 0.751057917307
30.36 0 0.751057917307
30.37 0 0.751057917307
30.38 0 0.751057917307
30.39 0 0.753623882061
30.4 0 0.753651507104
30.41 0 0.7560741782
30.42 0 0.75652532455
30.43 0 0.756178931518
30.44 0 0.756237505997
30.45 0 0.755964731662
30.46 0 0.756085076583
30.47 0 0.756085076583
30.48 0 0.758782298218
30.49 0 0.758782298218
30.5 0 0.758782298218
30.51 0 0.758782298218
30.52 0 0.758782298218
30.53 0 0.76519129888
30.54 0 0.76519129888
30.55 0 0.76519129888
30.56 0 0.766097855263
30.57 0 0.764427455457
30.58 0 0.76432329893
30.59 0 0.76137813219
30.6 0 0.76137813219
30.61 0 0.761190202266
30.62 0 0.76420766662
30.63 0 0.769587666045
30.64 0 0.769317459388
30.65 0 0.772074670443
30.66 0 0.772002397913
30.67 0 0.774403682633
30.68 0 0.771143235836
30.69 0 0.775689441798
30.7 0 0.780419439201
30.71 0 0.78291973115
30.72 0 0.783268256799
30.73 0 0.784166457637
30.74 0 0.785879849329
30.75 0 0.785879849329
30.76 0 0.789209805605
30.77 0 0.789981164141
30.78 0 0.789981164141
30.79 0 0.788702993713
30.8 0 0.788702993713
30.81 0 0.787242321184
30.82 0 0.786643083669
30.83 0 0.786643083669
30.84 0 0.786935538923
30.85 0 0.786835426169
30.86 0 0.786158583011
30.87 0 0.78417310263
30.88 0 0.783379277617
30.89 0 0.783296787053
30.9 0 0.783075379961
30.91 0 0.783926583101
30.92 0 0.783796073717
30.93 0 0.782984486943
30.94 0 0.782905505581
30.95 0 0.782219539684
30.96 0 0.782487263788
30.97 0 0.782032837145
30.98 0 0.779047614146
30.99 0 0.778479780227
31.0 0 0.778029991103
31.01 0 0.773127460768
31.02 0 0.771621905195
31.03 0 0.766089060123
31.04 0 0.763618688395
31.05 0 0.761998254508
31.06 0 0.758745602662
31.07 0 0.758280160403
31.08 0 0.758457024371
31.09 0 0.759000694147
31.1 0 0.759961343917
31.11 0 0.760530482011
31.12 0 0.760751572007
31.13 0 0.760895660283
31.14 0 0.760833808265
31.15 0 0.761786749457
31.16 0 0.764194376975
31.17 0 0.764832698687
31.18 0 0.765052910123
31.19 0 0.765863386927
31.2 0 0.765863386927
31.21 0 0.76942471559
31.22 0 0.769292202322
31.23 0 0.768760818117
31.24 0 0.768618774228
31.25 0 0.771522329059
31.26 0 0.7720144471
31.27 0 0.773584820828
31.28 0 0.777933790962
31.29 0 0.779528594732
31.3 0 0.780417716545
31.31 0 0.785024982765
31.32 0 0.785733806644
31.33 0 0.785032514295
31.34 0 0.783662184592
31.35 0 0.784595565144
31.36 0 0.784595565144
31.37 0 0.784595565144
31.38 0 0.779251273676
31.39 0 0.779251273676
31.4 0 0.779251273676
31.41 0 0.778321801635
31.42 0 0.781028835326
31.43 0 0.781197396597
31.44 0 0.787416084303
31.45 0 0.787416084303
31.46 0 0.787416084303
31.47 0 0.787416084303
31.48 0 0.783283379641
31.49 0 0.783283379641
31.5 0 0.798088389389
31.51 0 0.800830179055
31.52 0 0.801345376617
31.53 0 0.803454278717
31.54 0 0.803865787767
31.55 0 0.803760131073
31.56 0 0.803789432274
31.57 0 0.802224387519
31.58 0 0.801234800176
31.59 0 0.801934660759
31.6 0 0.799777004099
31.61 0 0.79997665928
31.62 0 0.799916803212
31.63 0 0.799551161799
31.64 0 0.799451133283
31.65 0 0.798986553264
31.66 0 0.796409762899
31.67 0 0.796499048686
31.68 0 0.795177369576
31.69 0 0.795109287829
31.7 0 0.793146086116
31.71 0 0.791936020571
31.72 0 0.790379904359
31.73 0 0.789859987244
31.74 0 0.790423198322
31.75 0 0.788946973318
31.76 0 0.788811447134
31.77 0 0.788376941756
31.78 0 0.787962999741
31.79 0 0.78638021783
31.8 0 0.784131329241
31.81 0 0.780694072845
31.82 0 0.780126057161
31.83 0 0.777586646409
31.84 0 0.777381831392
31.85 0 0.77580952467
31.86 0 0.771616148522
31.87 0 0.771280043005
31.88 0 0.772221885517
31.89 0 0.771876524052
31.9 0 0.772363753522
31.91 0 0.772676872506
31.92 0 0.772667307753
31.93 0 0.772405263694
31.94 0 0.772911848887
31.95 0 0.774436936206
31.96 0 0.774436936206
31.97 0 0.7766591894
31.98 0 0.776728558758
31.99 0 0.777887000053
32.0 0 0.777570639569
32.01 0 0.777570639569
32.02 0 0.777545844444
32.03 0 0.778331810298
32.04 0 0.779849173629
32.05 0 0.78290986366
32.06 0 0.784350183711
32.07 0 0.786758209547
32.08 0 0.786758209547
32.09 0 0.786758209547
32.1 0 0.793327469889
32.11 0 0.79929413271
32.12 0 0.798679358295
32.13 0 0.799212177549
32.14 0 0.795608159775
32.15 0 0.791408907535
32.16 0 0.790429752564
32.17 0 0.792244192489
32.18 0 0.793915784297
32.19 0 0.800335957858
32.2 0 0.800335957858
32.21 0 0.802868789016
32.22 0 0.800359888378
32.23 0 0.80323901919
32.24 0 0.801434673925
32.25 0 0.798059126532
32.26 0 0.802472735817
32.27 0 0.802472735817
32.28 0 0.802472735817
32.29 0 0.809561923381
32.3 0 0.809561923381
32.31 0 0.809561923381
32.32 0 0.814644601571
32.33 0 0.814644601571
32.34 0 0.814644601571
32.35 0 0.814644601571
32.36 0 0.81885107767
32.37 0 0.818735736337
32.38 0 0.818664260233
32.39 0 0.817201212907
32.4 0 0.816688254638
32.41 0 0.818406816652
32.42 0 0.818877477498
32.43 0 0.820169232939
32.44 0 0.81984881455
32.45 0 0.820110233893
32.46 0 0.819420195011
32.47 0 0.818790849539
32.48 0 0.815952496067
32.49 0 0.815889325021
32.5 0 0.813967142078
32.51 0 0.813649846514
32.52 0 0.81215175348
32.53 0 0.811152823005
32.54 0 0.810915726939
32.55 0 0.807223288104
32.56 0 0.806018509591
32.57 0 0.801882716282
32.58 0 0.801697502835
32.59 0 0.80170609555
32.6 0 0.800580624236
32.61 0 0.800230821246
32.62 0 0.798881895178
32.63 0 0.797485648726
32.64 0 0.797335751058
32.65 0 0.796610591538
32.66 0 0.79444812485
32.67 0 0.79444812485
32.68 0 0.79444812485
32.69 0 0.79444812485
32.7 0 0.795014266813
32.71 0 0.795014266813
32.72 0 0.795014266813
32.73 0 0.794902646649
32.74 0 0.794902646649
32.75 0 0.797055216106
32.76 0 0.798284758431
32.77 0 0.798822940449
32.78 0 0.799110970825
32.79 0 0.79801387773
32.8 0 0.796748373889
32.81 0 0.796135655211
32.82 0 0.795997972659
32.83 0 0.799473930249
32.84 0 0.802193243755
32.85 0 0.805354825323
32.86 0 0.806294201455
32.87 0 0.811628521261
32.88 0 0.813801824331
32.89 0 0.813839372809
32.9 0 0.813839372809
32.91 0 0.812505643555
32.92 0 0.811154632409
32.93 0 0.811216377864
32.94 0 0.810064552084
32.95 0 0.80865362588
32.96 0 0.808902197813
32.97 0 0.813269736573
32.98 0 0.811704991561
32.99 0 0.814862421377
33.0 0 0.812359644936
33.01 0 0.812738814664
33.02 0 0.813672738278
33.03 0 0.809445649248
33.04 0 0.812635694972
33.05 0 0.809903252336
33.06 0 0.813756113321
33.07 0 0.812653917718
33.08 0 0.812653917718
33.09 0 0.822160692263
33.1 0 0.821816761742
33.11 0 0.823372486682
33.12 0 0.827645552884
33.13 0 0.828551778413
33.14 0 0.828730850258
33.15 0 0.82811424044
33.16 0 0.826612042888
33.17 0 0.826612042888
33.18 0 0.825776055944
33.19 0 0.825652358122
33.2 0 0.825761287376
33.21 0 0.825761287376
33.22 0 0.825761287376
33.23 0 0.825761287376
33.24 0 0.823614522206
33.25 0 0.823614522206
33.26 0 0.823614522206
33.27 0 0.820594820517
33.28 0 0.820594820517
33.29 0 0.820594820517
33.3 0 0.820594820517
33.31 0 0.819415111255
33.32 0 0.820137528378
33.33 0 0.820137528378
33.34 0 0.815123093426
33.35 0 0.815123093426
33.36 0 0.815123093426
33.37 0 0.815123093426
33.38 0 0.812078019703
33.39 0 0.80724242154
33.4 0 0.80724242154
33.41 0 0.80724242154
33.42 0 0.804672428252
33.43 0 0.804672428252
33.44 0 0.804672428252
33.45 0 0.800683120422
33.46 0 0.801351275844
33.47 0 0.801951724945
33.48 0 0.802106386509
33.49 0 0.802529006691
33.5 0 0.802529006691
33.51 0 0.802529006691
33.52 0 0.802529006691
33.53 0 0.801885778487
33.54 0 0.801885778487
33.55 0 0.801885778487
33.56 0 0.807369298258
33.57 0 0.807369298258
33.58 0 0.807369298258
33.59 0 0.808011254021
33.6 0 0.80792476516
33.61 0 0.807861411122
33.62 0 0.80722629955
33.63 0 0.808632440932
33.64 0 0.811545841116
33.65 0 0.813416169473
33.66 0 0.818220268596
33.67 0 0.818220268596
33.68 0 0.822724992254
33.69 0 0.822972841939
33.7 0 0.822028166772
33.71 0 0.82120713503
33.72 0 0.82285088523
33.73 0 0.822627511625
33.74 0 0.822627511625
33.75 0 0.822118706024
33.76 0 0.822118706024
33.77 0 0.825304028812
33.78 0 0.82728712371
33.79 0 0.82728712371
33.8 0 0.8316849772
33.81 0 0.833146411913
33.82 0 0.834307116949
33.83 0 0.836134764321
33.84 0 0.835263290577
33.85 0 0.838705922525
33.86 0 0.842058472327
33.87 0 0.843865470925
33.88 0 0.846523296832
33.89 0 0.846523296832
33.9 0 0.846523296832
33.91 0 0.846523296832
33.92 0 0.851891674953
33.93 0 0.851891674953
33.94 0 0.853813307643
33.95 0 0.853813307643
33.96 0 0.853813307643
33.97 0 0.853813307643
33.98 0 0.849662000957
33.99 0 0.849153479513
34.0 0 0.849226076126
34.01 0 0.849226076126
34.02 0 0.848542775732
34.03 0 0.84864172712
34.04 0 0.84735863218
34.05 0 0.845466019203
34.06 0 0.844905317341
34.07 0 0.844545958965
34.08 0 0.841001960664
34.09 0 0.83497015388
34.1 0 0.83497015388
34.11 0 0.83497015388
34.12 0 0.830776379347
34.13 0 0.828814190866
34.14 0 0.826719124709
34.15 0 0.824503835935
34.16 0 0.822224289274
34.17 0 0.820871217104
34.18 0 0.820991248114
34.19 0 0.820995036036
34.2 0 0.820317939381
34.21 0 0.819316943073
34.22 0 0.818055040403
34.23 0 0.81786392727
34.24 0 0.817215449665
34.25 0 0.818094200889
34.26 0 0.817838436561
34.27 0 0.81860468967
34.28 0 0.817824274668
34.29 0 0.81561785613
34.3 0 0.814618584752
34.31 0 0.814225425315
34.32 0 0.81466194884
34.33 0 0.815129388582
34.34 0 0.81604490829
34.35 0 0.818374723094
34.36 0 0.819001523695
34.37 0 0.819367849793
34.38 0 0.819495878542
34.39 0 0.820139732794
34.4 0 0.820965562388
34.41 0 0.821158493589
34.42 0 0.822886840669
34.43 0 0.826063427679
34.44 0 0.828037895489
34.45 0 0.830842411605
34.46 0 0.831951497762
34.47 0 0.833921337936
34.48 0 0.836293349745
34.49 0 0.835907405808
34.5 0 0.835163903743
34.51 0 0.835357754142
34.52 0 0.836963378339
34.53 0 0.839475525815
34.54 0 0.839041766453
34.55 0 0.839636565758
34.56 0 0.840541230857
34.57 0 0.840393376828
34.58 0 0.844083601922
34.59 0 0.847221132563
34.6 0 0.846751720379
34.61 0 0.848483517368
34.62 0 0.848483517368
34.63 0 0.850750240442
34.64 0 0.854500148542
34.65 0 0.856029631707
34.66 0 0.856300578018
34.67 0 0.858920379589
34.68 0 0.861018247692
34.69 0 0.861862080709
34.7 0 0.863664132246
34.71 0 0.862984208471
34.72 0 0.862723648749
34.73 0 0.862365926942
34.74 0 0.861555025229
34.75 0 0.859528670908
34.76 0 0.858691120643
34.77 0 0.858658468073
34.78 0 0.85858790355
34.79 0 0.858541830986
34.8 0 0.858541830986
34.81 0 0.853797884228
34.82 0 0.853344780641
34.83 0 0.853392032306
34.84 0 0.853392032306
34.85 0 0.855011719239
34.86 0 0.855394937304
34.87 0 0.856013925814
34.88 0 0.857547421694
34.89 0 0.857284348053
34.9 0 0.856000185903
34.91 0 0.855935048765
34.92 0 0.854075311926
34.93 0 0.852381203359
34.94 0 0.850451908298
34.95 0 0.84864445149
34.96 0 0.847930943079
34.97 0 0.846923790323
34.98 0 0.846486202949
34.99 0 0.846641229954
35.0 0 0.844232546512
35.01 0 0.842842936325
35.02 0 0.837832091119
35.03 0 0.834881752862
35.04 0 0.833947311945
35.05 0 0.83405767963
35.06 0 0.833476852138
35.07 0 0.832793129642
35.08 0 0.832793129642
35.09 0 0.829686309819
35.1 0 0.828519001776
35.11 0 0.827672294874
35.12 0 0.825112393687
35.13 0 0.823093354894
35.14 0 0.82084384439
35.15 0 0.82084384439
35.16 0 0.819195562653
35.17 0 0.819195562653
35.18 0 0.819195562653
35.19 0 0.817773043273
35.2 0 0.816111238859
35.21 0 0.817959471651
35.22 0 0.817959471651
35.23 0 0.830260855734
35.24 0 0.830247033912
35.25 0 0.830247033912
35.26 0 0.830571361047
35.27 0 0.830598568971
35.28 0 0.828814695275
35.29 0 0.828814695275
35.3 0 0.827240843128
35.31 0 0.827240843128
35.32 0 0.826950456282
35.33 0 0.825020422309
35.34 0 0.824270239127
35.35 0 0.836139029499
35.36 0 0.836139029499
35.37 0 0.835793048501
35.38 0 0.835095476018
35.39 0 0.83067684791
35.4 0 0.837977311718
35.41 0 0.841062250748
35.42 0 0.841916489866
35.43 0 0.842229561473
35.44 0 0.843941664181
35.45 0 0.843941664181
35.46 0 0.844158339676
35.47 0 0.844018683741
35.48 0 0.845556388462
35.49 0 0.845556388462
35.5 0 0.845344616576
35.51 0 0.844497479783
35.52 0 0.843538828333
35.53 0 0.842835930141
35.54 0 0.841604232866
35.55 0 0.841098512792
35.56 0 0.84059775113
35.57 0 0.839397492699
35.58 0 0.84081706937
35.59 0 0.841753890235
35.6 0 0.842229837481
35.61 0 0.841255007573
35.62 0 0.839506601077
35.63 0 0.834991297321
35.64 0 0.833491948069
35.65 0 0.834153642168
35.66 0 0.834038153688
35.67 0 0.832690674581
35.68 0 0.832485433311
35.69 0 0.832485433311
35.7 0 0.832485433311
35.71 0 0.82961791984
35.72 0 0.82961791984
35.73 0 0.82961791984
35.74 0 0.82961791984
35.75 0 0.82961791984
35.76 0 0.82497997867
35.77 0 0.82497997867
35.78 0 0.819175616425
35.79 0 0.818306620296
35.8 0 0.818306620296
35.81 0 0.818306620296
35.82 0 0.817686484272
35.83 0 0.817686484272
35.84 0 0.817686484272
35.85 0 0.819031412139
35.86 0 0.820133892097
35.87 0 0.820425653638
35.88 0 0.82006470809
35.89 0 0.821123950495
35.9 0 0.821647204926
35.91 0 0.822679551685
35.92 0 0.823193531059
35.93 0 0.823656275714
35.94 0 0.823572888374
35.95 0 0.823318256356
35.96 0 0.822498029355
35.97 0 0.820856936298
35.98 0 0.821136734566
35.99 0 0.824534721811
36.0 0 0.826330705477
36.01 0 0.832352040828
36.02 0 0.833106030577
36.03 0 0.841162874556
36.04 0 0.841319656091
36.05 0 0.84197432882
36.06 0 0.841243597337
36.07 0 0.836577330386
36.08 0 0.836233844163
36.09 0 0.836531558357
36.1 0 0.833642797947
36.11 0 0.838786696579
36.12 0 0.841401537563
36.13 0 0.841081726616
36.14 0 0.840887557915
36.15 0 0.83696091081
36.16 0 0.835451457318
36.17 0 0.840513502512
36.18 0 0.838808587618
36.19 0 0.84159843446
36.2 0 0.847940892434
36.21 0 0.84672911482
36.22 0 0.85084713533
36.23 0 0.851025425572
36.24 0 0.852107968145
36.25 0 0.853835657703
36.26 0 0.857736350016
36.27 0 0.857743156879
36.28 0 0.857773623934
36.29 0 0.856558397684
36.3 0 0.856127816643
36.31 0 0.855434108053
36.32 0 0.855434108053
36.33 0 0.855434108053
36.34 0 0.855434108053
36.35 0 0.853791010895
36.36 0 0.853791010895
36.37 0 0.853791010895
36.38 0 0.85665596028
36.39 0 0.856421936176
36.4 0 0.855730474838
36.41 0 0.852918118774
36.42 0 0.851962107481
36.43 0 0.851348093309
36.44 0 0.848816221046
36.45 0 0.848816221046
36.46 0 0.847930772256
36.47 0 0.847930772256
36.48 0 0.844857901171
36.49 0 0.844857901171
36.5 0 0.837406864076
36.51 0 0.836137077591
36.52 0 0.836137077591
36.53 0 0.830879515193
36.54 0 0.830311214876
36.55 0 0.830311214876
36.56 0 0.829295754666
36.57 0 0.82817544328
36.58 0 0.826949234235
36.59 0 0.827077398034
36.6 0 0.827038833554
36.61 0 0.828723129852
36.62 0 0.828933727268
36.63 0 0.828933727268
36.64 0 0.828933727268
36.65 0 0.828933727268
36.66 0 0.829728603499
36.67 0 0.829728603499
36.68 0 0.829728603499
36.69 0 0.829728603499
36.7 0 0.829151542451
36.71 0 0.829151542451
36.72 0 0.829151542451
36.73 0 0.831206609935
36.74 0 0.831206609935
36.75 0 0.831430314113
36.76 0 0.831430314113
36.77 0 0.832362045847
36.78 0 0.832362045847
36.79 0 0.833224129985
36.8 0 0.837126115745
36.81 0 0.838340414292
36.82 0 0.846292534029
36.83 0 0.848363820602
36.84 0 0.847509067508
36.85 0 0.847067161321
36.86 0 0.847067161321
36.87 0 0.843750377953
36.88 0 0.842023885202
36.89 0 0.847438119364
36.9 0 0.850362389387
36.91 0 0.850823733595
36.92 0 0.851184470281
36.93 0 0.851103673235
36.94 0 0.853110417264
36.95 0 0.859071539664
36.96 0 0.857657342365
36.97 0 0.855934061209
36.98 0 0.85759814093
36.99 0 0.85759814093
37.0 0 0.858831691837
37.01 0 0.86085020167
37.02 0 0.861446548429
37.03 0 0.862455035334
37.04 0 0.865280399075
37.05 0 0.865965503308
37.06 0 0.869191566969
37.07 0 0.869191566969
37.08 0 0.868555439132
37.09 0 0.866838065412
37.1 0 0.866762087059
37.11 0 0.865923586926
37.12 0 0.86519622832
37.13 0 0.866016862395
37.14 0 0.865735411168
37.15 0 0.864597690348
37.16 0 0.863683213973
37.17 0 0.863451553856
37.18 0 0.863503813244
37.19 0 0.862360050453
37.2 0 0.861179449889
37.21 0 0.861129494883
37.22 0 0.861062505125
37.23 0 0.859621696364
37.24 0 0.859621696364
37.25 0 0.859621696364
37.26 0 0.859621696364
37.27 0 0.854859212076
37.28 0 0.852387583913
37.29 0 0.851242783853
37.3 0 0.850473594898
37.31 0 0.849101394608
37.32 0 0.848930873978
37.33 0 0.848892555077
37.34 0 0.847818530043
37.35 0 0.846970976388
37.36 0 0.845978217093
37.37 0 0.845995492377
37.38 0 0.844039000351
37.39 0 0.843988904121
37.4 0 0.845673796028
37.41 0 0.846864804474
37.42 0 0.848314440442
37.43 0 0.848616032484
37.44 0 0.849498822761
37.45 0 0.849889548602
37.46 0 0.850826510553
37.47 0 0.85120890243
37.48 0 0.851700755165
37.49 0 0.852279426605
37.5 0 0.853013942352
37.51 0 0.854454751082
37.52 0 0.854960744921
37.53 0 0.854928144329
37.54 0 0.854928144329
37.55 0 0.854928144329
37.56 0 0.854208966808
37.57 0 0.856337394913
37.58 0 0.858876017982
37.59 0 0.860838666537
37.6 0 0.861899969659
37.61 0 0.862554793971
37.62 0 0.862010800624
37.63 0 0.861965184903
37.64 0 0.858210468327
37.65 0 0.858806051815
37.66 0 0.855578627838
37.67 0 0.852113803852
37.68 0 0.852113803852
37.69 0 0.859021595718
37.7 0 0.86444247096
37.71 0 0.869724242938
37.72 0 0.868074806931
37.73 0 0.8664433509
37.74 0 0.868917282832
37.75 0 0.863092630685
37.76 0 0.863444354651
37.77 0 0.864382406196
37.78 0 0.869308469617
37.79 0 0.869308469617
37.8 0 0.869308469617
37.81 0 0.869308469617
37.82 0 0.87348988261
37.83 0 0.87348988261
37.84 0 0.87567544809
37.85 0 0.874723033055
37.86 0 0.873865856365
37.87 0 0.872493282665
37.88 0 0.872765466865
37.89 0 0.871722078057
37.9 0 0.872156293479
37.91 0 0.873943426825
37.92 0 0.874018703661
37.93 0 0.874163797537
37.94 0 0.875285477267
37.95 0 0.875793130685
37.96 0 0.875604404989
37.97 0 0.873922468144
37.98 0 0.874011707102
37.99 0 0.873047361701
38.0 0 0.87167863047
38.01 0 0.870699662158
38.02 0 0.870586295802
38.03 0 0.870201552648
38.04 0 0.868510815016
38.05 0 0.868273729905
38.06 0 0.866816232354
38.07 0 0.862991619262
38.08 0 0.862991619262
38.09 0 0.861257061864
38.1 0 0.859552461265
38.11 0 0.856244773957
38.12 0 0.855685352467
38.13 0 0.85430278477
38.14 0 0.852784784925
38.15 0 0.850734031595
38.16 0 0.850599920311
38.17 0 0.85105514281
38.18 0 0.851960625445
38.19 0 0.850855410473
38.2 0 0.852153355682
38.21 0 0.852511270851
38.22 0 0.852519801479
38.23 0 0.851133014309
38.24 0 0.850837975695
38.25 0 0.850837975695
38.26 0 0.850837975695
38.27 0 0.851242172629
38.28 0 0.851242172629
38.29 0 0.857725917159
38.3 0 0.859189065636
38.31 0 0.858855916973
38.32 0 0.858855916973
38.33 0 0.858855916973
38.34 0 0.858855916973
38.35 0 0.858855916973
38.36 0 0.858438873193
38.37 0 0.858438873193
38.38 0 0.858438873193
38.39 0 0.867407035838
38.4 0 0.871815315564
38.41 0 0.872776789761
38.42 0 0.872976768209
38.43 0 0.873140292567
38.44 0 0.871689119432
38.45 0 0.871722469032
38.46 0 0.871722469032
38.47 0 0.870315741447
38.48 0 0.872858617031
38.49 0 0.873286711429
38.5 0 0.873031703979
38.51 0 0.879779196243
38.52 0 0.877997644346
38.53 0 0.880379601985
38.54 0 0.87985701009
38.55 0 0.880663885881
38.56 0 0.882327155255
38.57 0 0.883442608002
38.58 0 0.885983549445
38.59 0 0.887261189013
38.6 0 0.887320259494
38.61 0 0.891158225321
38.62 0 0.894017890212
38.63 0 0.899517690656
38.64 0 0.900320976926
38.65 0 0.899246488771
38.66 0 0.898283329291
38.67 0 0.898043534439
38.68 0 0.896775723346
38.69 0 0.895936588405
38.7 0 0.895465161915
38.71 0 0.896395820462
38.72 0 0.896797208935
38.73 0 0.896264408771
38.74 0 0.897778641781
38.75 0 0.897090100434
38.76 0 0.896133444509
38.77 0 0.89589835494
38.78 0 0.895619852174
38.79 0 0.894919301402
38.8 0 0.893761475838
38.81 0 0.893761475838
38.82 0 0.892406621031
38.83 0 0.891439544693
38.84 0 0.890794995446
38.85 0 0.889213139636
38.86 0 0.887879307634
38.87 0 0.885134420414
38.88 0 0.883371218216
38.89 0 0.879584115513
38.9 0 0.879584115513
38.91 0 0.878753870522
38.92 0 0.878601130381
38.93 0 0.878601130381
38.94 0 0.876405541771
38.95 0 0.875417750533
38.96 0 0.875183743811
38.97 0 0.875477970165
38.98 0 0.876137238721
38.99 0 0.876199034361
39.0 0 0.87541126738
