time index height
0.01 0 0.0
0.02 0 0.0259993775359
0.03 0 0.0259993775359
0.04 0 0.0292264339508
0.05 0 0.034099162063
0.06 0 0.0377006493835
0.07 0 0.0400613200619
0.08 0 0.0454113465437
0.09 0 0.0490337575497
0.1 0 0.0545501779418
0.11 0 0.06031309242
0.12 0 0.0661795753245
0.13 0 0.0689161351475
0.14 0 0.0714332024487
0.15 0 0.075796229359
0.16 0 0.078757708083
0.17 0 0.0804532278911
0.18 0 0.0821347769388
0.19 0 0.0835243283703
0.2 0 0.0837655130322
0.21 0 0.0836308256148
0.22 0 0.0826526607387
0.23 0 0.0812885281887
0.24 0 0.079190941978
0.25 0 0.0773937447515
0.26 0 0.0748623238876
0.27 0 0.0703579760091
0.28 0 0.0650543466371
0.29 0 0.0614140066221
0.3 0 0.0539715905099
0.31 0 0.0459271862152
0.32 0 0.0396072592382
0.33 0 0.0328204764292
0.34 0 0.0299506473362
0.35 0 0.029868354061
0.36 0 0.0298561681989
0.37 0 0.0298891555795
0.38 0 0.0302550054206
0.39 0 0.0306927409153
0.4 0 0.0313582000223
0.41 0 0.032125159891
0.42 0 0.0332093818545
0.43 0 0.0346062293437
0.44 0 0.0356538527416
0.45 0 0.0367206800393
0.46 0 0.0384133574144
0.47 0 0.0397830730065
0.48 0 0.040445095835
0.49 0 0.0406164267372
0.5 0 0.0407412541127
0.51 0 0.0407438922184
0.52 0 0.0406117127195
0.53 0 0.0403291536362
0.54 0 0.0400144358188
0.55 0 0.0393303524023
0.56 0 0.0390197253252
0.57 0 0.0383753575753
0.58 0 0.038449903104
0.59 0 0.0388299437261
0.6 0 0.0390670620555
0.61 0 0.039593314154
0.62 0 0.0400353855903
0.63 0 0.0405135404366
0.64 0 0.0406416556023
0.65 0 0.0406416556023
0.66 0 0.0405713481623
0.67 0 0.0405713481623
0.68 0 0.0405713481623
0.69 0 0.0399460181524
0.7 0 0.0399593707981
0.71 0 0.0402997363087
0.72 0 0.0403719876033
0.73 0 0.0404925539956
0.74 0 0.0404925539956
0.75 0 0.0404925539956
0.76 0 0.0406458713939
0.77 0 0.0407464409447
0.78 0 0.0406541466401
0.79 0 0.040563430124
0.8 0 0.04060317586
0.81 0 0.0404543491607
0.82 0 0.0400502655116
0.83 0 0.0399784195042
0.84 0 0.0396886883025
0.85 0 0.0393015091235
0.86 0 0.0390708025346
0.87 0 0.0387616458785
0.88 0 0.0386178159418
0.89 0 0.0385605970406
0.9 0 0.0385605970406
0.91 0 0.0392484355547
0.92 0 0.0400762191358
0.93 0 0.0413798772883
0.94 0 0.043435265611
0.95 0 0.0454067716815
0.96 0 0.0476243997183
0.97 0 0.0505766291298
0.98 0 0.0520631437678
0.99 0 0.0532525030969
1.0 0 0.0538600788105
1.01 0 0.0543672880764
1.02 0 0.0546721611739
1.03 0 0.0551872070674
1.04 0 0.05548989037
1.05 0 0.055836654783
1.06 0 0.0560265688036
1.07 0 0.056398320568
1.08 0 0.0569718367209
1.09 0 0.0571562288001
1.1 0 0.0573075116861
1.11 0 0.0573317535292
1.12 0 0.057364880947
1.13 0 0.0572134267207
1.14 0 0.0569378396556
1.15 0 0.0568031792336
1.16 0 0.0565085135801
1.17 0 0.0561318484577
1.18 0 0.0558616336398
1.19 0 0.0556968037232
1.2 0 0.0549542829172
1.21 0 0.0546325317462
1.22 0 0.0543640339729
1.23 0 0.0541594232991
1.24 0 0.0539918566853
1.25 0 0.0537127077409
1.26 0 0.0524641732447
1.27 0 0.051483266859
1.28 0 0.0511569120603
1.29 0 0.050665753868
1.3 0 0.0500721997848
1.31 0 0.0489745701293
1.32 0 0.0483246378968
1.33 0 0.0479626045598
1.34 0 0.0474859641904
1.35 0 0.0470390540636
1.36 0 0.0467838783191
1.37 0 0.0462229518598
1.38 0 0.0456139302986
1.39 0 0.0453379354537
1.4 0 0.0458297707174
1.41 0 0.0461376408689
1.42 0 0.0471470246321
1.43 0 0.0480153690065
1.44 0 0.049244277538
1.45 0 0.0496481484237
1.46 0 0.0501521506047
1.47 0 0.0514994588692
1.48 0 0.0517676986019
1.49 0 0.0522059570123
1.5 0 0.0525066940662
1.51 0 0.0523602233522
1.52 0 0.0525350921345
1.53 0 0.0525350921345
1.54 0 0.052886046647
1.55 0 0.053921793565
1.56 0 0.0545030191424
1.57 0 0.0551472199711
1.58 0 0.0566025751659
1.59 0 0.0568391266073
1.6 0 0.0567809983083
1.61 0 0.0563010594377
1.62 0 0.0559365602183
1.63 0 0.0561703768561
1.64 0 0.0555080009083
1.65 0 0.0553370741631
1.66 0 0.0551854230243
1.67 0 0.0550691477795
1.68 0 0.0549960668518
1.69 0 0.0536887939274
1.7 0 0.053302729468
1.71 0 0.052860492523
1.72 0 0.0524823200739
1.73 0 0.052005906062
1.74 0 0.0531451770863
1.75 0 0.0545170408196
1.76 0 0.057904995468
1.77 0 0.0590727276006
1.78 0 0.0607320596102
1.79 0 0.0626248055921
1.8 0 0.0640588198925
1.81 0 0.0667065484455
1.82 0 0.0681024941861
1.83 0 0.0686251070112
1.84 0 0.0688593838955
1.85 0 0.0699935089858
1.86 0 0.0704098797503
1.87 0 0.0708109056056
1.88 0 0.0717528930897
1.89 0 0.0721024768893
1.9 0 0.0727278937047
1.91 0 0.0732459137578
1.92 0 0.0738751045029
1.93 0 0.0744142071072
1.94 0 0.0745888922592
1.95 0 0.0742723148013
1.96 0 0.0740409832314
1.97 0 0.0741639318933
1.98 0 0.0745558288302
1.99 0 0.0752603528531
2.0 0 0.0754535515124
2.01 0 0.075716438026
2.02 0 0.075716438026
2.03 0 0.0752882805953
2.04 0 0.0743159316149
2.05 0 0.0741384131877
2.06 0 0.0740023003574
2.07 0 0.0734840143661
2.08 0 0.073371347002
2.09 0 0.0728779744816
2.1 0 0.0723525540584
2.11 0 0.07153336234
2.12 0 0.0711266222946
2.13 0 0.0706165032896
2.14 0 0.0702340329567
2.15 0 0.0702803818342
2.16 0 0.0703598351915
2.17 0 0.0707848942062
2.18 0 0.0709646446557
2.19 0 0.0697281831988
2.2 0 0.069115514805
2.21 0 0.0679961997579
2.22 0 0.0667459903349
2.23 0 0.0646458955662
2.24 0 0.0644015611914
2.25 0 0.0638657127938
2.26 0 0.0641619356807
2.27 0 0.0650260358133
2.28 0 0.0661345959012
2.29 0 0.0669605465401
2.3 0 0.0684328544338
2.31 0 0.0696194352436
2.32 0 0.0704434499397
2.33 0 0.0711932589755
2.34 0 0.0719002781181
2.35 0 0.0736863637085
2.36 0 0.0742667192871
2.37 0 0.0763728206177
2.38 0 0.0776116448791
2.39 0 0.0798026471452
2.4 0 0.0813108027927
2.41 0 0.0828527695166
2.42 0 0.084294829222
2.43 0 0.0855965142606
2.44 0 0.086850500168
2.45 0 0.0883596581888
2.46 0 0.0895706683363
2.47 0 0.091255030694
2.48 0 0.0926981474566
2.49 0 0.0941961768163
2.5 0 0.0947106166208
2.51 0 0.0965190503409
2.52 0 0.0974464090803
2.53 0 0.0985139692916
2.54 0 0.0989177826715
2.55 0 0.0994647428481
2.56 0 0.0993427814974
2.57 0 0.100130634131
2.58 0 0.100215864034
2.59 0 0.100159920315
2.6 0 0.100365084132
2.61 0 0.100414868135
2.62 0 0.100864986362
2.63 0 0.100646457476
2.64 0 0.100478772543
2.65 0 0.100159275577
2.66 0 0.0996753919853
2.67 0 0.0992504704502
2.68 0 0.0992935415497
2.69 0 0.099111365489
2.7 0 0.0990000262436
2.71 0 0.0989399608257
2.72 0 0.0989265773184
2.73 0 0.0983192716911
2.74 0 0.0978841943355
2.75 0 0.0975431408105
2.76 0 0.097360371073
2.77 0 0.0972818960328
2.78 0 0.09763097069
2.79 0 0.0972507729347
2.8 0 0.0968282714891
2.81 0 0.0962910507063
2.82 0 0.0959163248462
2.83 0 0.095542328236
2.84 0 0.0954285840912
2.85 0 0.0949307509038
2.86 0 0.0949328985399
2.87 0 0.0951831176305
2.88 0 0.0953693918351
2.89 0 0.0954412598916
2.9 0 0.0955547866103
2.91 0 0.0952641681059
2.92 0 0.0945420567047
2.93 0 0.0939820547504
2.94 0 0.0938678986435
2.95 0 0.0938665009263
2.96 0 0.0937333203768
2.97 0 0.093487940068
2.98 0 0.093740154902
2.99 0 0.0941569143557
3.0 0 0.094388191381
3.01 0 0.0950765993558
3.02 0 0.0954754623014
3.03 0 0.0964093386912
3.04 0 0.0976103813103
3.05 0 0.09846402434
3.06 0 0.0991504019439
3.07 0 0.100436264074
3.08 0 0.102198196995
3.09 0 0.103774536437
3.1 0 0.106647926287
3.11 0 0.108785367371
3.12 0 0.112195349012
3.13 0 0.114489868909
3.14 0 0.117081850151
3.15 0 0.119749457943
3.16 0 0.12469442528
3.17 0 0.126997347366
3.18 0 0.129182979604
3.19 0 0.132010418536
3.2 0 0.132687793475
3.21 0 0.13583551194
3.22 0 0.136692976189
3.23 0 0.138539864461
3.24 0 0.141029846831
3.25 0 0.141835953712
3.26 0 0.14409867632
3.27 0 0.14549618883
3.28 0 0.147342041472
3.29 0 0.14754659865
3.3 0 0.148484738673
3.31 0 0.148685621941
3.32 0 0.150446245213
3.33 0 0.152148288927
3.34 0 0.153631704551
3.35 0 0.154885597675
3.36 0 0.155690566838
3.37 0 0.156026935947
3.38 0 0.156680962453
3.39 0 0.157239976537
3.4 0 0.157781039382
3.41 0 0.157990415724
3.42 0 0.157885464186
3.43 0 0.157742638306
3.44 0 0.157514586823
3.45 0 0.157160897699
3.46 0 0.156743920639
3.47 0 0.15671366744
3.48 0 0.156732078747
3.49 0 0.157077506606
3.5 0 0.157042019858
3.51 0 0.157064392871
3.52 0 0.157694353065
3.53 0 0.157937536926
3.54 0 0.157851225233
3.55 0 0.158113809958
3.56 0 0.158037356978
3.57 0 0.157836247979
3.58 0 0.157997718462
3.59 0 0.157762987329
3.6 0 0.157720693389
3.61 0 0.157720693389
3.62 0 0.157720693389
3.63 0 0.157099833376
3.64 0 0.156063392496
3.65 0 0.154999955091
3.66 0 0.154371157478
3.67 0 0.153167756151
3.68 0 0.152817366982
3.69 0 0.152649952269
3.7 0 0.152423585486
3.71 0 0.152125460728
3.72 0 0.152141148269
3.73 0 0.151815029462
3.74 0 0.151954311004
3.75 0 0.151524744976
3.76 0 0.151510863121
3.77 0 0.151328600072
3.78 0 0.151466575725
3.79 0 0.151948053606
3.8 0 0.152057405046
3.81 0 0.151803126779
3.82 0 0.152029994742
3.83 0 0.152198035179
3.84 0 0.152556834746
3.85 0 0.153616055988
3.86 0 0.155121677109
3.87 0 0.15568570876
3.88 0 0.156714249543
3.89 0 0.157543769898
3.9 0 0.160290571193
3.91 0 0.16234234908
3.92 0 0.163387839052
3.93 0 0.165634045561
3.94 0 0.168059988284
3.95 0 0.170352733771
3.96 0 0.172466102928
3.97 0 0.173909592144
3.98 0 0.176131480339
3.99 0 0.176263163615
4.0 0 0.178176739888
4.01 0 0.181235467821
4.02 0 0.184139637318
4.03 0 0.184823605744
4.04 0 0.186564281605
4.05 0 0.189566644064
4.06 0 0.189859245778
4.07 0 0.191414111883
4.08 0 0.191945633371
4.09 0 0.192548159718
4.1 0 0.192338583161
4.11 0 0.19278429932
4.12 0 0.193388862099
4.13 0 0.194130935648
4.14 0 0.194416276514
4.15 0 0.19417659685
4.16 0 0.194233070416
4.17 0 0.194002714682
4.18 0 0.193513014522
4.19 0 0.193513014522
4.2 0 0.193513014522
4.21 0 0.193513014522
4.22 0 0.192192997862
4.23 0 0.192453054274
4.24 0 0.19263959414
4.25 0 0.192556620846
4.26 0 0.19239339097
4.27 0 0.191945539562
4.28 0 0.191813733026
4.29 0 0.191197782412
4.3 0 0.191032314743
4.31 0 0.190941640681
4.32 0 0.192090707223
4.33 0 0.192196449714
4.34 0 0.192358453757
4.35 0 0.192704151609
4.36 0 0.192934181581
4.37 0 0.193332914615
4.38 0 0.193560203375
4.39 0 0.193524270836
4.4 0 0.193587180284
4.41 0 0.193759591196
4.42 0 0.194085247841
4.43 0 0.194255328041
4.44 0 0.194944221041
4.45 0 0.195560986614
4.46 0 0.195650097246
4.47 0 0.195808716981
4.48 0 0.195857891888
4.49 0 0.196108914977
4.5 0 0.196061537472
4.51 0 0.195604439639
4.52 0 0.194893662009
4.53 0 0.194589575559
4.54 0 0.19359329417
4.55 0 0.193228341081
4.56 0 0.192786039651
4.57 0 0.191992764574
4.58 0 0.192175728551
4.59 0 0.192744742274
4.6 0 0.191823502711
4.61 0 0.191941823443
4.62 0 0.192489752735
4.63 0 0.193324951986
4.64 0 0.193833694612
4.65 0 0.194448024205
4.66 0 0.195966820123
4.67 0 0.195675489689
4.68 0 0.195340818842
4.69 0 0.196052664507
4.7 0 0.196670588518
4.71 0 0.198194447221
4.72 0 0.198888505132
4.73 0 0.199881168478
4.74 0 0.202168881984
4.75 0 0.202168881984
4.76 0 0.202168881984
4.77 0 0.203176749809
4.78 0 0.204422039946
4.79 0 0.206748135144
4.8 0 0.206045542928
4.81 0 0.211135273565
4.82 0 0.211522585752
4.83 0 0.211740554478
4.84 0 0.211441595301
4.85 0 0.210336020084
4.86 0 0.209365467118
4.87 0 0.208009112976
4.88 0 0.206636544746
4.89 0 0.206016753602
4.9 0 0.20524243732
4.91 0 0.204137988882
4.92 0 0.202194649208
4.93 0 0.200566238729
4.94 0 0.19963386778
4.95 0 0.199481872082
4.96 0 0.19665584785
4.97 0 0.195307840342
4.98 0 0.194697296305
4.99 0 0.194697296305
5.0 0 0.194697296305
5.01 0 0.190435301826
5.02 0 0.189843280057
5.03 0 0.189392785671
5.04 0 0.188414286593
5.05 0 0.18766380733
5.06 0 0.187438211786
5.07 0 0.186923228956
5.08 0 0.18574566369
5.09 0 0.185529556412
5.1 0 0.184354354487
5.11 0 0.184149707006
5.12 0 0.18440717838
5.13 0 0.185290929764
5.14 0 0.186576982141
5.15 0 0.187317734276
5.16 0 0.18900184389
5.17 0 0.189167174207
5.18 0 0.190238719754
5.19 0 0.191061521459
5.2 0 0.1920715969
5.21 0 0.193970415487
5.22 0 0.194811652423
5.23 0 0.196718743761
5.24 0 0.198037519663
5.25 0 0.199243393281
5.26 0 0.199994533719
5.27 0 0.200816247383
5.28 0 0.203419324178
5.29 0 0.205209896444
5.3 0 0.207250018435
5.31 0 0.207961333858
5.32 0 0.208367628661
5.33 0 0.209269407606
5.34 0 0.210056626739
5.35 0 0.211131888634
5.36 0 0.211024572616
5.37 0 0.210517522894
5.38 0 0.210953522771
5.39 0 0.209619656789
5.4 0 0.208748639172
5.41 0 0.207234449431
5.42 0 0.207234449431
5.43 0 0.200088464251
5.44 0 0.197904597784
5.45 0 0.196336414542
5.46 0 0.192981032022
5.47 0 0.19298960256
5.48 0 0.192523519232
5.49 0 0.19070377371
5.5 0 0.189936879578
5.51 0 0.191256277485
5.52 0 0.190407694383
5.53 0 0.189157006128
5.54 0 0.191683283689
5.55 0 0.191398931803
5.56 0 0.194811383053
5.57 0 0.195355477863
5.58 0 0.196550109269
5.59 0 0.196801066847
5.6 0 0.199644991353
5.61 0 0.198132197895
5.62 0 0.203578947776
5.63 0 0.204824349924
5.64 0 0.203773695031
5.65 0 0.203700107853
5.66 0 0.202495204312
5.67 0 0.201321060113
5.68 0 0.198223474304
5.69 0 0.195010153955
5.7 0 0.191872486241
5.71 0 0.190074257978
5.72 0 0.187568946366
5.73 0 0.184951990674
5.74 0 0.17779399739
5.75 0 0.175501446838
5.76 0 0.175277237588
5.77 0 0.175824458263
5.78 0 0.176041209359
5.79 0 0.176288609275
5.8 0 0.174575058197
5.81 0 0.173648201645
5.82 0 0.172168980737
5.83 0 0.170896332533
5.84 0 0.169776997942
5.85 0 0.168848760855
5.86 0 0.168741189808
5.87 0 0.168530145257
5.88 0 0.167832699053
5.89 0 0.168026643308
5.9 0 0.168265204243
5.91 0 0.167714981233
5.92 0 0.167560919047
5.93 0 0.167560919047
5.94 0 0.167560919047
5.95 0 0.167560919047
5.96 0 0.161090179389
5.97 0 0.158440017782
5.98 0 0.156132471575
5.99 0 0.15349725002
6.0 0 0.150761216011
6.01 0 0.149193837042
6.02 0 0.144995861294
6.03 0 0.144051951144
6.04 0 0.141922987258
6.05 0 0.139324320011
6.06 0 0.138568902163
6.07 0 0.137875310211
6.08 0 0.136999909051
6.09 0 0.135965353419
6.1 0 0.13571863472
6.11 0 0.134466630814
6.12 0 0.133643981537
6.13 0 0.133076199179
6.14 0 0.133250180282
6.15 0 0.132710819852
6.16 0 0.131908575117
6.17 0 0.131790384142
6.18 0 0.132460592268
6.19 0 0.133057717922
6.2 0 0.135196633803
6.21 0 0.136415463051
6.22 0 0.137178739676
6.23 0 0.136630481632
6.24 0 0.138467885117
6.25 0 0.1398142221
6.26 0 0.1398142221
6.27 0 0.142320026873
6.28 0 0.142691044042
6.29 0 0.144430019088
6.3 0 0.146166650342
6.31 0 0.147089869672
6.32 0 0.146420085325
6.33 0 0.146769167318
6.34 0 0.149454113312
6.35 0 0.150024815942
6.36 0 0.150549786679
6.37 0 0.151479033815
6.38 0 0.15390059883
6.39 0 0.157525424544
6.4 0 0.157744091127
6.41 0 0.156900680062
6.42 0 0.158461699023
6.43 0 0.158461699023
6.44 0 0.158461699023
6.45 0 0.1569656012
6.46 0 0.1569656012
6.47 0 0.157438837915
6.48 0 0.157438837915
6.49 0 0.157127001033
6.5 0 0.15810187177
6.51 0 0.155361423818
6.52 0 0.155328643103
6.53 0 0.152506786276
6.54 0 0.149432460669
6.55 0 0.147691205005
6.56 0 0.144685123459
6.57 0 0.142866341515
6.58 0 0.139473286925
6.59 0 0.138287775396
6.6 0 0.137399029448
6.61 0 0.136712618272
6.62 0 0.137121543804
6.63 0 0.137475953609
6.64 0 0.1375204041
6.65 0 0.137347642
6.66 0 0.137764284979
6.67 0 0.138155652435
6.68 0 0.138790154029
6.69 0 0.139540141177
6.7 0 0.13971614728
6.71 0 0.140381924213
6.72 0 0.140590493223
6.73 0 0.141355140586
6.74 0 0.141854063187
6.75 0 0.141967919834
6.76 0 0.141967919834
6.77 0 0.141967919834
6.78 0 0.141907042447
6.79 0 0.141592315759
6.8 0 0.142428369483
6.81 0 0.143067902734
6.82 0 0.143178899486
6.83 0 0.142466095562
6.84 0 0.141505416704
6.85 0 0.140899208236
6.86 0 0.140691837837
6.87 0 0.141131928593
6.88 0 0.141111006543
6.89 0 0.142497766862
6.9 0 0.142797988356
6.91 0 0.142764024843
6.92 0 0.142979117945
6.93 0 0.143612943825
6.94 0 0.144335899663
6.95 0 0.145579013046
6.96 0 0.145497925121
6.97 0 0.146948150667
6.98 0 0.148572663285
6.99 0 0.149880825168
7.0 0 0.150549622486
7.01 0 0.152250627153
7.02 0 0.154457531644
7.03 0 0.154830373625
7.04 0 0.156231636792
7.05 0 0.156586318469
7.06 0 0.15852460817
7.07 0 0.162202761401
7.08 0 0.16278841469
7.09 0 0.165283637848
7.1 0 0.164344713337
7.11 0 0.164986592226
7.12 0 0.167733011682
7.13 0 0.1679347938
7.14 0 0.17410079021
7.15 0 0.178092556289
7.16 0 0.179993804604
7.17 0 0.183778980503
7.18 0 0.184380252924
7.19 0 0.186363901404
7.2 0 0.189897904019
7.21 0 0.192023168438
7.22 0 0.192203618589
7.23 0 0.19287911817
7.24 0 0.193313471773
7.25 0 0.196973692766
7.26 0 0.198219889845
7.27 0 0.198208454497
7.28 0 0.196511093904
7.29 0 0.194252637003
7.3 0 0.192323155127
7.31 0 0.190527905207
7.32 0 0.188531378095
7.33 0 0.188531378095
7.34 0 0.188531378095
7.35 0 0.178593151032
7.36 0 0.176081728542
7.37 0 0.175433383225
7.38 0 0.174892789814
7.39 0 0.174696339406
7.4 0 0.174768261198
7.41 0 0.174778590641
7.42 0 0.174754805252
7.43 0 0.174658555499
7.44 0 0.174617430478
7.45 0 0.174608608895
7.46 0 0.174568937143
7.47 0 0.174277069533
7.48 0 0.174076122066
7.49 0 0.173694616124
7.5 0 0.173538532267
7.51 0 0.172810059167
7.52 0 0.17287167796
7.53 0 0.17287167796
7.54 0 0.17287167796
7.55 0 0.173356324875
7.56 0 0.172878639302
7.57 0 0.172314734602
7.58 0 0.171401288517
7.59 0 0.170813851123
7.6 0 0.170176807335
7.61 0 0.169923702142
7.62 0 0.169598247172
7.63 0 0.169677624426
7.64 0 0.170326408241
7.65 0 0.170505766679
7.66 0 0.170544954885
7.67 0 0.171489356399
7.68 0 0.17157217953
7.69 0 0.171946486674
7.7 0 0.171597412658
7.71 0 0.171396649454
7.72 0 0.169854249712
7.73 0 0.169572807739
7.74 0 0.168272616714
7.75 0 0.167522945643
7.76 0 0.167800074737
7.77 0 0.167846667165
7.78 0 0.171040486106
7.79 0 0.171580036375
7.8 0 0.173120060571
7.81 0 0.175524062494
7.82 0 0.175104338706
7.83 0 0.177605726193
7.84 0 0.180424457151
7.85 0 0.181789016724
7.86 0 0.182856428358
7.87 0 0.186559018799
7.88 0 0.186715590885
7.89 0 0.188091772008
7.9 0 0.191035679185
7.91 0 0.192828058596
7.92 0 0.192017215635
7.93 0 0.193507400049
7.94 0 0.193875183144
7.95 0 0.193875183144
7.96 0 0.200299612802
7.97 0 0.20375816103
7.98 0 0.203454323949
7.99 0 0.204006180667
8.0 0 0.202553255544
8.01 0 0.201026089664
8.02 0 0.20058198847
8.03 0 0.200323935968
8.04 0 0.200604706187
8.05 0 0.196697765214
8.06 0 0.19701029466
8.07 0 0.19532084059
8.08 0 0.195704879309
8.09 0 0.193826893813
8.1 0 0.190729272363
8.11 0 0.190136369773
8.12 0 0.191102667371
8.13 0 0.190770500976
8.14 0 0.190114932874
8.15 0 0.189101092075
8.16 0 0.187278586265
8.17 0 0.186142235372
8.18 0 0.184224621174
8.19 0 0.183179348447
8.2 0 0.182035148824
8.21 0 0.18072407947
8.22 0 0.177052982097
8.23 0 0.175646354213
8.24 0 0.175125818243
8.25 0 0.174516204556
8.26 0 0.174113328194
8.27 0 0.174472599787
8.28 0 0.174018819714
8.29 0 0.172798117214
8.3 0 0.170247862744
8.31 0 0.169568888171
8.32 0 0.169374579465
8.33 0 0.168552561291
8.34 0 0.168440397903
8.35 0 0.168340105302
8.36 0 0.168387047385
8.37 0 0.168788905446
8.38 0 0.169406160743
8.39 0 0.170132377577
8.4 0 0.169998019922
8.41 0 0.169998124728
8.42 0 0.171330760139
8.43 0 0.173081940698
8.44 0 0.174669615535
8.45 0 0.176339087701
8.46 0 0.177595609931
8.47 0 0.178068807437
8.48 0 0.180096707092
8.49 0 0.180670039581
8.5 0 0.181581988746
8.51 0 0.182483063521
8.52 0 0.183604084571
8.53 0 0.184244551041
8.54 0 0.184263167455
8.55 0 0.185085299175
8.56 0 0.187658246944
8.57 0 0.190038243966
8.58 0 0.190770456722
8.59 0 0.194912715438
8.6 0 0.19760246752
8.61 0 0.200295366105
8.62 0 0.201873772596
8.63 0 0.203635070553
8.64 0 0.205727266904
8.65 0 0.208024991453
8.66 0 0.209391839966
8.67 0 0.209744134817
8.68 0 0.212957912309
8.69 0 0.215138156904
8.7 0 0.219861997885
8.71 0 0.220684485729
8.72 0 0.221956166818
8.73 0 0.223114454637
8.74 0 0.225050322234
8.75 0 0.228092433776
8.76 0 0.23084338262
8.77 0 0.231727359195
8.78 0 0.233936007796
8.79 0 0.234384478272
8.8 0 0.233707257725
8.81 0 0.232838749134
8.82 0 0.232048887795
8.83 0 0.231341015067
8.84 0 0.229627435729
8.85 0 0.228048728193
8.86 0 0.227639438343
8.87 0 0.226839206584
8.88 0 0.225783833437
8.89 0 0.225305585006
8.9 0 0.224295613621
8.91 0 0.222980210788
8.92 0 0.22229040563
8.93 0 0.22229040563
8.94 0 0.223836720267
8.95 0 0.227047440301
8.96 0 0.227665019878
8.97 0 0.229568433082
8.98 0 0.230782007479
8.99 0 0.232653052291
9.0 0 0.232881885861
9.01 0 0.231857663704
9.02 0 0.229678448196
9.03 0 0.225829344526
9.04 0 0.223436954568
9.05 0 0.220249912462
9.06 0 0.21588305124
9.07 0 0.215306100491
9.08 0 0.21296458587
9.09 0 0.212279654528
9.1 0 0.207224031236
9.11 0 0.204964969014
9.12 0 0.203210178028
9.13 0 0.201112238701
9.14 0 0.199715351151
9.15 0 0.198377309424
9.16 0 0.196277681147
9.17 0 0.19511888874
9.18 0 0.19407860593
9.19 0 0.192499083306
9.2 0 0.19185520975
9.21 0 0.191723039094
9.22 0 0.19218281221
9.23 0 0.192214154416
9.24 0 0.192928280428
9.25 0 0.193477626582
9.26 0 0.194264667106
9.27 0 0.194515523549
9.28 0 0.195200329847
9.29 0 0.195168046904
9.3 0 0.196584590776
9.31 0 0.19751071267
9.32 0 0.199753186131
9.33 0 0.200581846378
9.34 0 0.203240499717
9.35 0 0.205382662747
9.36 0 0.206753207911
9.37 0 0.207234375753
9.38 0 0.209493057776
9.39 0 0.212242071278
9.4 0 0.213983186849
9.41 0 0.213929215128
9.42 0 0.213929215128
9.43 0 0.213929215128
9.44 0 0.217906288739
9.45 0 0.217157065382
9.46 0 0.218316078607
9.47 0 0.220766174838
9.48 0 0.221857813164
9.49 0 0.224183319231
9.5 0 0.226894344907
9.51 0 0.227556705307
9.52 0 0.227521727518
9.53 0 0.229934215654
9.54 0 0.22979567744
9.55 0 0.230953970754
9.56 0 0.230953970754
9.57 0 0.232556374904
9.58 0 0.233123798633
9.59 0 0.232832886191
9.6 0 0.232378748313
9.61 0 0.23258567
9.62 0 0.232138844633
9.63 0 0.231701257124
9.64 0 0.231539321541
9.65 0 0.231381238608
9.66 0 0.230831527307
9.67 0 0.229484542157
9.68 0 0.229435498436
9.69 0 0.229314441672
9.7 0 0.229827958231
9.71 0 0.22989539157
9.72 0 0.228973973063
9.73 0 0.228119246993
9.74 0 0.226284387946
9.75 0 0.226273863247
9.76 0 0.22606861932
9.77 0 0.225574897038
9.78 0 0.22494838169
9.79 0 0.224877574395
9.8 0 0.224148723398
9.81 0 0.223247851435
9.82 0 0.223583788382
9.83 0 0.22257518733
9.84 0 0.222384254197
9.85 0 0.221397412204
9.86 0 0.219878144405
9.87 0 0.218553779823
9.88 0 0.217244369646
9.89 0 0.218033117123
9.9 0 0.217906863565
9.91 0 0.21630919115
9.92 0 0.215229425575
9.93 0 0.21371959984
9.94 0 0.21317837855
9.95 0 0.212369443273
9.96 0 0.211849814711
9.97 0 0.212426110803
9.98 0 0.214182827826
9.99 0 0.214182827826
10.0 0 0.214047082294
10.01 0 0.214739825362
10.02 0 0.215178687879
10.03 0 0.215135203059
10.04 0 0.214186631252
10.05 0 0.215323604694
10.06 0 0.213897600314
10.07 0 0.215272767876
10.08 0 0.214683357909
10.09 0 0.216543811935
10.1 0 0.217882157154
10.11 0 0.220730275663
10.12 0 0.221470593983
10.13 0 0.221815964371
10.14 0 0.223260463075
10.15 0 0.224927547535
10.16 0 0.22588952404
10.17 0 0.227102758661
10.18 0 0.229505689532
10.19 0 0.229561774317
10.2 0 0.230389060543
10.21 0 0.23055718197
10.22 0 0.23106653274
10.23 0 0.233203929265
10.24 0 0.234304604513
10.25 0 0.238371095585
10.26 0 0.237603149366
10.27 0 0.241294497144
10.28 0 0.243211011775
10.29 0 0.245036205553
10.3 0 0.246959040962
10.31 0 0.250075999525
10.32 0 0.250254791204
10.33 0 0.250440785262
10.34 0 0.25015727474
10.35 0 0.249415924356
10.36 0 0.249149121486
10.37 0 0.247240431463
10.38 0 0.245988239979
10.39 0 0.24649424176
10.4 0 0.246880369315
10.41 0 0.247546159025
10.42 0 0.247267083395
10.43 0 0.245862201197
10.44 0 0.243698490323
10.45 0 0.241067201622
10.46 0 0.241674067925
10.47 0 0.241187150033
10.48 0 0.240964376061
10.49 0 0.240130376667
10.5 0 0.240117128387
10.51 0 0.239826476963
10.52 0 0.240231876122
10.53 0 0.241143601574
10.54 0 0.241156698607
10.55 0 0.241451989078
10.56 0 0.24131767595
10.57 0 0.24182948616
10.58 0 0.241839557029
10.59 0 0.241718108673
10.6 0 0.24145514077
10.61 0 0.241001850155
10.62 0 0.239404574005
10.63 0 0.237382584417
10.64 0 0.234398890436
10.65 0 0.232135444896
10.66 0 0.231120218867
10.67 0 0.23087893164
10.68 0 0.229295299316
10.69 0 0.228002070757
10.7 0 0.226736607015
10.71 0 0.225710314995
10.72 0 0.225326748012
10.73 0 0.223615104937
10.74 0 0.223571662298
10.75 0 0.223846228034
10.76 0 0.224435477143
10.77 0 0.224833575984
10.78 0 0.22566131428
10.79 0 0.225413269465
10.8 0 0.225413269465
10.81 0 0.226928952453
10.82 0 0.228336858286
10.83 0 0.228839963215
10.84 0 0.228642409439
10.85 0 0.230528284167
10.86 0 0.230700009608
10.87 0 0.231472591309
10.88 0 0.231559069277
10.89 0 0.233013549833
10.9 0 0.234674871694
10.91 0 0.236247335286
10.92 0 0.236247335286
10.93 0 0.236247335286
10.94 0 0.238571409852
10.95 0 0.2414221372
10.96 0 0.243728351851
10.97 0 0.246969682723
10.98 0 0.246133717682
10.99 0 0.247434403924
11.0 0 0.247618269686
11.01 0 0.251406289902
11.02 0 0.252159954445
11.03 0 0.252226398644
11.04 0 0.254190170321
11.05 0 0.253456545435
11.06 0 0.253456545435
11.07 0 0.255616641343
11.08 0 0.255717575043
11.09 0 0.257900548964
11.1 0 0.259502650331
11.11 0 0.259962388933
11.12 0 0.264096439633
11.13 0 0.265067479988
11.14 0 0.266343419925
11.15 0 0.266340200571
11.16 0 0.266455741685
11.17 0 0.264627146255
11.18 0 0.262656238724
11.19 0 0.26257909931
11.2 0 0.262782329386
11.21 0 0.262776251237
11.22 0 0.261718419608
11.23 0 0.260757250644
11.24 0 0.259094146932
11.25 0 0.256771725063
11.26 0 0.255350677148
11.27 0 0.254153220198
11.28 0 0.253913735464
11.29 0 0.252246205701
11.3 0 0.251297532355
11.31 0 0.251117161236
11.32 0 0.25167522709
11.33 0 0.251874961411
11.34 0 0.251868402398
11.35 0 0.251627864637
11.36 0 0.249809494052
11.37 0 0.249764668179
11.38 0 0.249686182348
11.39 0 0.250075256304
11.4 0 0.251666278542
11.41 0 0.251782946908
11.42 0 0.251624770484
11.43 0 0.251624770484
11.44 0 0.250563065502
11.45 0 0.250847874081
11.46 0 0.250847874081
11.47 0 0.250847874081
11.48 0 0.248471950527
11.49 0 0.248471950527
11.5 0 0.249697154763
11.51 0 0.249922001852
11.52 0 0.250139084888
11.53 0 0.250139084888
11.54 0 0.254434393072
11.55 0 0.254434393072
11.56 0 0.255797434306
11.57 0 0.256223427291
11.58 0 0.256888169567
11.59 0 0.257631600515
11.6 0 0.258771188075
11.61 0 0.261544683027
11.62 0 0.263912904307
11.63 0 0.264831981844
11.64 0 0.267435451475
11.65 0 0.268910646418
11.66 0 0.27111270223
11.67 0 0.2754254738
11.68 0 0.276154182948
11.69 0 0.281079495118
11.7 0 0.282345247138
11.71 0 0.285436458617
11.72 0 0.284694166804
11.73 0 0.282850912862
11.74 0 0.285019766286
11.75 0 0.283390481754
11.76 0 0.283390481754
11.77 0 0.283390481754
11.78 0 0.283165554734
11.79 0 0.283165554734
11.8 0 0.292495987385
11.81 0 0.29262313546
11.82 0 0.291153427225
11.83 0 0.296610739763
11.84 0 0.298038609387
11.85 0 0.300408123249
11.86 0 0.297668271078
11.87 0 0.300120927172
11.88 0 0.297889008742
11.89 0 0.300060394725
11.9 0 0.300060394725
11.91 0 0.300060394725
11.92 0 0.303425326886
11.93 0 0.303425326886
11.94 0 0.303425326886
11.95 0 0.301227934602
11.96 0 0.298790149611
11.97 0 0.294986127692
11.98 0 0.291754794902
11.99 0 0.289488214752
12.0 0 0.284880973576
12.01 0 0.281949642633
12.02 0 0.281949642633
12.03 0 0.272481163751
12.04 0 0.271049933329
12.05 0 0.267093908995
12.06 0 0.259259810523
12.07 0 0.254166080824
12.08 0 0.253674569046
12.09 0 0.255763657188
12.1 0 0.255763657188
12.11 0 0.256676649189
12.12 0 0.261089813269
12.13 0 0.261089813269
12.14 0 0.26326850448
12.15 0 0.26421028624
12.16 0 0.264225726279
12.17 0 0.264430593179
12.18 0 0.264567658904
12.19 0 0.264567658904
12.2 0 0.264567658904
12.21 0 0.260786706249
12.22 0 0.259938701833
12.23 0 0.259231696579
12.24 0 0.257354794246
12.25 0 0.256054399236
12.26 0 0.254594569381
12.27 0 0.252761553379
12.28 0 0.251620173482
12.29 0 0.249881601919
12.3 0 0.248308418033
12.31 0 0.247033531217
12.32 0 0.243408328287
12.33 0 0.243153674278
12.34 0 0.242799853245
12.35 0 0.242313184061
12.36 0 0.24289634618
12.37 0 0.243345225871
12.38 0 0.243345225871
12.39 0 0.245915678091
12.4 0 0.246789657105
12.41 0 0.250609353656
12.42 0 0.252796139208
12.43 0 0.254355885908
12.44 0 0.256962191619
12.45 0 0.259086986383
12.46 0 0.260346223446
12.47 0 0.261693210554
12.48 0 0.262760423248
12.49 0 0.266349411114
12.5 0 0.266973603949
12.51 0 0.267755125825
12.52 0 0.268887237578
12.53 0 0.267950594084
12.54 0 0.26975805628
12.55 0 0.270342591049
12.56 0 0.267461022071
12.57 0 0.269662228477
12.58 0 0.271641207505
12.59 0 0.281572589881
12.6 0 0.288340238275
12.61 0 0.287836722885
12.62 0 0.284557941059
12.63 0 0.290282076758
12.64 0 0.287870196366
12.65 0 0.294666550176
12.66 0 0.292578531317
12.67 0 0.298593171327
12.68 0 0.300357215223
12.69 0 0.303811060552
12.7 0 0.305040532213
12.71 0 0.306478985431
12.72 0 0.306482497211
12.73 0 0.305792337597
12.74 0 0.305032582182
12.75 0 0.300935485378
12.76 0 0.298165028989
12.77 0 0.295084027909
12.78 0 0.290395352804
12.79 0 0.284915274292
12.8 0 0.282914289293
12.81 0 0.276193549484
12.82 0 0.269734380611
12.83 0 0.266264507549
12.84 0 0.264021590085
12.85 0 0.261099078064
12.86 0 0.259076893618
12.87 0 0.258778331541
12.88 0 0.258423982036
12.89 0 0.25832690169
12.9 0 0.258518624715
12.91 0 0.258518624715
12.92 0 0.258518624715
12.93 0 0.258518624715
12.94 0 0.257549737811
12.95 0 0.258800810335
12.96 0 0.259572722221
12.97 0 0.260672421598
12.98 0 0.260533625384
12.99 0 0.259507786623
13.0 0 0.258538364918
13.01 0 0.254926156315
13.02 0 0.25372311463
13.03 0 0.253642121888
13.04 0 0.253256872938
13.05 0 0.253180850837
13.06 0 0.253466246319
13.07 0 0.254822090586
13.08 0 0.254802787637
13.09 0 0.255214525579
13.1 0 0.255361164479
13.11 0 0.254753305943
13.12 0 0.25481238706
13.13 0 0.254769026121
13.14 0 0.255413250514
13.15 0 0.257774631063
13.16 0 0.261371346716
13.17 0 0.263537001491
13.18 0 0.264573737642
13.19 0 0.265269623336
13.2 0 0.266575044694
13.21 0 0.267254581697
13.22 0 0.271043770102
13.23 0 0.27337940331
13.24 0 0.272811382305
13.25 0 0.275528248656
13.26 0 0.278854649505
13.27 0 0.28193352628
13.28 0 0.280688684549
13.29 0 0.281268207304
13.3 0 0.281518056523
13.31 0 0.281952923249
13.32 0 0.282879860771
13.33 0 0.283101244684
13.34 0 0.285509341239
13.35 0 0.282609300767
13.36 0 0.285383987914
13.37 0 0.285648871068
13.38 0 0.290342711472
13.39 0 0.290804748846
13.4 0 0.295762270782
13.41 0 0.299101325689
13.42 0 0.299101325689
13.43 0 0.30394709301
13.44 0 0.306517377393
13.45 0 0.306517377393
13.46 0 0.308563657134
13.47 0 0.309980103309
13.48 0 0.309980103309
13.49 0 0.309980103309
13.5 0 0.309980103309
13.51 0 0.313598023805
13.52 0 0.313598023805
13.53 0 0.313598023805
13.54 0 0.310541631499
13.55 0 0.30768930173
13.56 0 0.306255123731
13.57 0 0.30272515767
13.58 0 0.30272515767
13.59 0 0.296977204852
13.6 0 0.296977204852
13.61 0 0.294351174059
13.62 0 0.283282531849
13.63 0 0.280170838424
13.64 0 0.275361779429
13.65 0 0.272835476388
13.66 0 0.27049105561
13.67 0 0.269527893508
13.68 0 0.269270450578
13.69 0 0.269026389392
13.7 0 0.269181539187
13.71 0 0.269788561763
13.72 0 0.270148631752
13.73 0 0.270791994639
13.74 0 0.270899805794
13.75 0 0.271033618963
13.76 0 0.271006788004
13.77 0 0.270937801616
13.78 0 0.270937801616
13.79 0 0.270827875671
13.8 0 0.26859659768
13.81 0 0.267986147936
13.82 0 0.266672692145
13.83 0 0.266025228566
13.84 0 0.263321859833
13.85 0 0.262992756645
13.86 0 0.262992756645
13.87 0 0.264095160632
13.88 0 0.263539845703
13.89 0 0.263539845703
13.9 0 0.263539845703
13.91 0 0.263539845703
13.92 0 0.261887566061
13.93 0 0.261887566061
13.94 0 0.262738816306
13.95 0 0.264027597224
13.96 0 0.266325494663
13.97 0 0.266876212491
13.98 0 0.26835270072
13.99 0 0.26835270072
14.0 0 0.273928827212
14.01 0 0.273928827212
14.02 0 0.282626545167
14.03 0 0.282851238587
14.04 0 0.287449594025
14.05 0 0.286464771835
14.06 0 0.287455711117
14.07 0 0.28671256599
14.08 0 0.288087246937
14.09 0 0.289994213424
14.1 0 0.289662417863
14.11 0 0.28739029863
14.12 0 0.289102148231
14.13 0 0.291393453408
14.14 0 0.292260892146
14.15 0 0.293411883471
14.16 0 0.298648232997
14.17 0 0.30216684129
14.18 0 0.303954181054
14.19 0 0.306672777129
14.2 0 0.310683817685
14.21 0 0.314555015345
14.22 0 0.319662229781
14.23 0 0.32190882507
14.24 0 0.326394757076
14.25 0 0.326875667036
14.26 0 0.326995332993
14.27 0 0.327029412608
14.28 0 0.327218893821
14.29 0 0.327218893821
14.3 0 0.327218893821
14.31 0 0.32388841102
14.32 0 0.3235803302
14.33 0 0.323123776965
14.34 0 0.320353393299
14.35 0 0.318696860894
14.36 0 0.318130985817
14.37 0 0.315412721282
14.38 0 0.311287496717
14.39 0 0.306541451144
14.4 0 0.303627535284
14.41 0 0.302790649191
14.42 0 0.302790649191
14.43 0 0.294047646458
14.44 0 0.293324551838
14.45 0 0.293324551838
14.46 0 0.293324551838
14.47 0 0.293324551838
14.48 0 0.291439589434
14.49 0 0.290840633542
14.5 0 0.289952508592
14.51 0 0.288572399492
14.52 0 0.287891186863
14.53 0 0.28804001813
14.54 0 0.288610724105
14.55 0 0.289344754806
14.56 0 0.289412307351
14.57 0 0.290800454475
14.58 0 0.291352240134
14.59 0 0.290105039635
14.6 0 0.289446374834
14.61 0 0.290136554558
14.62 0 0.290136554558
14.63 0 0.290136554558
14.64 0 0.291960840002
14.65 0 0.291960840002
14.66 0 0.291960840002
14.67 0 0.291960840002
14.68 0 0.291960840002
14.69 0 0.293491622414
14.7 0 0.293631902412
14.71 0 0.293559898653
14.72 0 0.293559898653
14.73 0 0.296080970484
14.74 0 0.296395190284
14.75 0 0.296742024048
14.76 0 0.298522114003
14.77 0 0.299177358827
14.78 0 0.300414541952
14.79 0 0.302057825683
14.8 0 0.304184931346
14.81 0 0.305728708664
14.82 0 0.308893968896
14.83 0 0.308773430318
14.84 0 0.313910719882
14.85 0 0.31933095541
14.86 0 0.318831739566
14.87 0 0.321406991146
14.88 0 0.318186378698
14.89 0 0.325162063807
14.9 0 0.327371847721
14.91 0 0.327788847991
14.92 0 0.333746230186
14.93 0 0.33098186597
14.94 0 0.334363912475
14.95 0 0.330062294812
14.96 0 0.324429811786
14.97 0 0.334330429686
14.98 0 0.334330429686
14.99 0 0.342836655606
15.0 0 0.345628054452
15.01 0 0.345628054452
15.02 0 0.337354872212
15.03 0 0.342589362439
15.04 0 0.344410130675
15.05 0 0.344668830433
15.06 0 0.343755662818
15.07 0 0.342987619927
15.08 0 0.342677655048
15.09 0 0.341557672867
15.1 0 0.33930642741
15.11 0 0.339008612215
15.12 0 0.337980016075
15.13 0 0.338469664325
15.14 0 0.339443114124
15.15 0 0.340943237081
15.16 0 0.341212917147
15.17 0 0.341059526932
15.18 0 0.340781961898
15.19 0 0.340013435598
15.2 0 0.339495877965
15.21 0 0.338984054251
15.22 0 0.336608655525
15.23 0 0.334623173599
15.24 0 0.331905915796
15.25 0 0.330431610355
15.26 0 0.328139291905
15.27 0 0.328139291905
15.28 0 0.328139291905
15.29 0 0.321514952434
15.3 0 0.317889536678
15.31 0 0.317355499421
15.32 0 0.315011502298
15.33 0 0.314538077659
15.34 0 0.313588104642
15.35 0 0.311981114498
15.36 0 0.309473714547
15.37 0 0.308525761416
15.38 0 0.307207396056
15.39 0 0.306900465184
15.4 0 0.306517155597
15.41 0 0.306747041962
15.42 0 0.306724628299
15.43 0 0.306724628299
15.44 0 0.307106590942
15.45 0 0.309030129884
15.46 0 0.309409674891
15.47 0 0.30960792388
15.48 0 0.30960792388
15.49 0 0.30960792388
15.5 0 0.30960792388
15.51 0 0.309190852956
15.52 0 0.307989279854
15.53 0 0.308377137659
15.54 0 0.309785346443
15.55 0 0.310619944467
15.56 0 0.309606017031
15.57 0 0.309853413402
15.58 0 0.311206181657
15.59 0 0.31350215913
15.6 0 0.317444890351
15.61 0 0.319193093661
15.62 0 0.323285406253
15.63 0 0.328590650789
15.64 0 0.329297451254
15.65 0 0.329857958734
15.66 0 0.333180040508
15.67 0 0.331725016698
15.68 0 0.335156852708
15.69 0 0.335056040368
15.7 0 0.334224834778
15.71 0 0.336840344547
15.72 0 0.338556604602
15.73 0 0.338556604602
15.74 0 0.338556604602
15.75 0 0.352874897732
15.76 0 0.352874897732
15.77 0 0.352874897732
15.78 0 0.36076248168
15.79 0 0.362001160928
15.8 0 0.362185400799
15.81 0 0.363681141598
15.82 0 0.363623799328
15.83 0 0.363088205593
15.84 0 0.364608544163
15.85 0 0.369002460563
15.86 0 0.370429929419
15.87 0 0.370364964572
15.88 0 0.370314099869
15.89 0 0.369989603336
15.9 0 0.367791189226
15.91 0 0.366525210607
15.92 0 0.36493319628
15.93 0 0.364259986379
15.94 0 0.363147679905
15.95 0 0.361907404821
15.96 0 0.360807528669
15.97 0 0.359845773527
15.98 0 0.357034001203
15.99 0 0.355597966871
16.0 0 0.354619776735
16.01 0 0.355206803628
16.02 0 0.35528264095
16.03 0 0.355198479363
16.04 0 0.354540223673
16.05 0 0.352402609165
16.06 0 0.352199416784
16.07 0 0.349332159796
16.08 0 0.348320843912
16.09 0 0.347417791369
16.1 0 0.345860428982
16.11 0 0.343536771584
16.12 0 0.336871333004
16.13 0 0.335803249829
16.14 0 0.334757673768
16.15 0 0.333015499759
16.16 0 0.33055604397
16.17 0 0.330024176749
16.18 0 0.330024176749
16.19 0 0.330024176749
16.2 0 0.328705929226
16.21 0 0.328705929226
16.22 0 0.328705929226
16.23 0 0.327876393565
16.24 0 0.328091899944
16.25 0 0.328504625944
16.26 0 0.328840458856
16.27 0 0.328508143757
16.28 0 0.328400887468
16.29 0 0.328512207919
16.3 0 0.327925137079
16.31 0 0.328101410029
16.32 0 0.328721378075
16.33 0 0.332128408399
16.34 0 0.332328885788
16.35 0 0.332328885788
16.36 0 0.332724195889
16.37 0 0.334579406248
16.38 0 0.336876893986
16.39 0 0.338573913242
16.4 0 0.341902122062
16.41 0 0.345600118597
16.42 0 0.350981603463
16.43 0 0.352719257537
16.44 0 0.348581672431
16.45 0 0.347243013465
16.46 0 0.351715352556
16.47 0 0.350245635998
16.48 0 0.351720392604
16.49 0 0.35661003584
16.5 0 0.358750090659
16.51 0 0.35799323893
16.52 0 0.357652292882
16.53 0 0.354176861248
16.54 0 0.370742410276
16.55 0 0.374546553597
16.56 0 0.375957860622
16.57 0 0.377135388517
16.58 0 0.37964999833
16.59 0 0.381309776845
16.6 0 0.382671573771
16.61 0 0.384455916524
16.62 0 0.386486723307
16.63 0 0.386486723307
16.64 0 0.386486723307
16.65 0 0.389147212887
16.66 0 0.389147212887
16.67 0 0.389147212887
16.68 0 0.385871803688
16.69 0 0.385468617872
16.7 0 0.382689033688
16.71 0 0.381823980987
16.72 0 0.381486772217
16.73 0 0.380896050307
16.74 0 0.380402439929
16.75 0 0.380047337313
16.76 0 0.378972128834
16.77 0 0.377601783836
16.78 0 0.375972276224
16.79 0 0.373361082862
16.8 0 0.372734210002
16.81 0 0.371334176824
16.82 0 0.370276607097
16.83 0 0.370064960713
16.84 0 0.368762093762
16.85 0 0.368210887598
16.86 0 0.365915506905
16.87 0 0.363081814375
16.88 0 0.363081814375
16.89 0 0.361819761764
16.9 0 0.360881082282
16.91 0 0.360094456373
16.92 0 0.359396751943
16.93 0 0.359536310452
16.94 0 0.35849533474
16.95 0 0.358457467026
16.96 0 0.358434126724
16.97 0 0.35798283524
16.98 0 0.357699459719
16.99 0 0.357509005735
17.0 0 0.357104692058
17.01 0 0.357373586271
17.02 0 0.35779007882
17.03 0 0.357890585246
17.04 0 0.361224565493
17.05 0 0.361527352287
17.06 0 0.36248846616
17.07 0 0.362258922679
17.08 0 0.363382137819
17.09 0 0.364751810737
17.1 0 0.365158651063
17.11 0 0.366339241619
17.12 0 0.370015012235
17.13 0 0.370015012235
17.14 0 0.371895547589
17.15 0 0.371895547589
17.16 0 0.371644817118
17.17 0 0.372989359466
17.18 0 0.378445941856
17.19 0 0.378445941856
17.2 0 0.380394080466
17.21 0 0.380394080466
17.22 0 0.380394080466
17.23 0 0.380394080466
17.24 0 0.387034224706
17.25 0 0.387034224706
17.26 0 0.392583334818
17.27 0 0.390695081005
17.28 0 0.392413779483
17.29 0 0.394918187558
17.3 0 0.397315891497
17.31 0 0.398531284033
17.32 0 0.39898795109
17.33 0 0.400790180707
17.34 0 0.400151845233
17.35 0 0.402515580007
17.36 0 0.400744461203
17.37 0 0.402522367932
17.38 0 0.404998693182
17.39 0 0.406550060647
17.4 0 0.406052616874
17.41 0 0.406087465206
17.42 0 0.408166357812
17.43 0 0.408166357812
17.44 0 0.408166357812
17.45 0 0.409131220534
17.46 0 0.409131220534
17.47 0 0.409131220534
17.48 0 0.40760296802
17.49 0 0.40760296802
17.5 0 0.40760296802
17.51 0 0.40736521569
17.52 0 0.407067539329
17.53 0 0.406983884587
17.54 0 0.40488982132
17.55 0 0.402853300765
17.56 0 0.400805727373
17.57 0 0.39997155902
17.58 0 0.399888632299
17.59 0 0.39991795313
17.6 0 0.399302810747
17.61 0 0.39862692424
17.62 0 0.39771297869
17.63 0 0.397368515071
17.64 0 0.39663704642
17.65 0 0.396421746396
17.66 0 0.396169658108
17.67 0 0.395498795837
17.68 0 0.394754552933
17.69 0 0.393748401959
17.7 0 0.393272142354
17.71 0 0.390515320914
17.72 0 0.390129535717
17.73 0 0.390129535717
17.74 0 0.390129535717
17.75 0 0.390129535717
17.76 0 0.391222752782
17.77 0 0.391222752782
17.78 0 0.391222752782
17.79 0 0.394382045593
17.8 0 0.397803868878
17.81 0 0.397803868878
17.82 0 0.397803868878
17.83 0 0.401882794933
17.84 0 0.40347004019
17.85 0 0.40347004019
17.86 0 0.40347004019
17.87 0 0.40347004019
17.88 0 0.403420548584
17.89 0 0.403420548584
17.9 0 0.403420548584
17.91 0 0.403420548584
17.92 0 0.403962210063
17.93 0 0.403962210063
17.94 0 0.409635286105
17.95 0 0.409635286105
17.96 0 0.412150116451
17.97 0 0.412704978094
17.98 0 0.416648630723
17.99 0 0.415997018728
18.0 0 0.419017857173
18.01 0 0.421743505312
18.02 0 0.42188191036
18.03 0 0.422457343925
18.04 0 0.423214439174
18.05 0 0.42747376536
18.06 0 0.428071576006
18.07 0 0.432877592464
18.08 0 0.43499358303
18.09 0 0.436190107749
18.1 0 0.43615184211
18.11 0 0.436518022296
18.12 0 0.43775938108
18.13 0 0.437946324939
18.14 0 0.437226166295
18.15 0 0.438709978816
18.16 0 0.437523602913
18.17 0 0.43914388056
18.18 0 0.439697837586
18.19 0 0.439964188464
18.2 0 0.439707001981
18.21 0 0.440269972634
18.22 0 0.442122920083
18.23 0 0.442368843635
18.24 0 0.44240854973
18.25 0 0.442489673221
18.26 0 0.442489673221
18.27 0 0.442489673221
18.28 0 0.441018843128
18.29 0 0.441018843128
18.3 0 0.439553589949
18.31 0 0.438993894161
18.32 0 0.437952711555
18.33 0 0.437985987325
18.34 0 0.433982434031
18.35 0 0.432948634653
18.36 0 0.432948634653
18.37 0 0.431955773121
18.38 0 0.431921367666
18.39 0 0.431316496624
18.4 0 0.430081716333
18.41 0 0.42924783764
18.42 0 0.429025233225
18.43 0 0.42805195723
18.44 0 0.425731157015
18.45 0 0.424201770266
18.46 0 0.42126321238
18.47 0 0.417449137095
18.48 0 0.417449137095
18.49 0 0.417449137095
18.5 0 0.410512560255
18.51 0 0.41073264714
18.52 0 0.410928389119
18.53 0 0.411155982222
18.54 0 0.411155982222
18.55 0 0.411471043229
18.56 0 0.411218696044
18.57 0 0.413937133471
18.58 0 0.415216640549
18.59 0 0.416258680954
18.6 0 0.417288146904
18.61 0 0.417672805823
18.62 0 0.419280263663
18.63 0 0.419925624148
18.64 0 0.42108016898
18.65 0 0.422165326375
18.66 0 0.422285325676
18.67 0 0.422841543336
18.68 0 0.424195159233
18.69 0 0.425534769506
18.7 0 0.426185233966
18.71 0 0.426344815064
18.72 0 0.426193422514
18.73 0 0.430209475185
18.74 0 0.431409095093
18.75 0 0.431771063241
18.76 0 0.438185615773
18.77 0 0.439112603996
18.78 0 0.441161537767
18.79 0 0.444973989272
18.8 0 0.445131193574
18.81 0 0.445131193574
18.82 0 0.445654115588
18.83 0 0.443225390014
18.84 0 0.447026079023
18.85 0 0.446894361223
18.86 0 0.452975149171
18.87 0 0.453631855552
18.88 0 0.453528882621
18.89 0 0.450059303176
18.9 0 0.456138680269
18.91 0 0.456138680269
18.92 0 0.453971502312
18.93 0 0.4562972832
18.94 0 0.453550239953
18.95 0 0.456993995717
18.96 0 0.455019369567
18.97 0 0.460387602256
18.98 0 0.462523721829
18.99 0 0.463903962908
19.0 0 0.464522639194
19.01 0 0.464937619545
19.02 0 0.464957741793
19.03 0 0.465042284561
19.04 0 0.465607350842
19.05 0 0.466373193305
19.06 0 0.466811847499
19.07 0 0.467510008309
19.08 0 0.468584390751
19.09 0 0.469667413994
19.1 0 0.469682348043
19.11 0 0.46974830091
19.12 0 0.469422228939
19.13 0 0.46897332771
19.14 0 0.468713948744
19.15 0 0.467126019091
19.16 0 0.465970362967
19.17 0 0.464748412434
19.18 0 0.464634162977
19.19 0 0.464393116514
19.2 0 0.464393116514
19.21 0 0.464393116514
19.22 0 0.461011708791
19.23 0 0.461011708791
19.24 0 0.461011708791
19.25 0 0.456991095116
19.26 0 0.456991095116
19.27 0 0.456991095116
19.28 0 0.456991095116
19.29 0 0.449188980486
19.3 0 0.448289800495
19.31 0 0.448289800495
19.32 0 0.448289800495
19.33 0 0.445833252856
19.34 0 0.445833252856
19.35 0 0.445833252856
19.36 0 0.446104814005
19.37 0 0.446791979677
19.38 0 0.447700592952
19.39 0 0.448482771987
19.4 0 0.448527346903
19.41 0 0.448781506357
19.42 0 0.448781506357
19.43 0 0.451202992474
19.44 0 0.45051798133
19.45 0 0.452525653787
19.46 0 0.452965629286
19.47 0 0.454293374825
19.48 0 0.457018612228
19.49 0 0.456468197133
19.5 0 0.459080504536
19.51 0 0.459978038657
19.52 0 0.462537052181
19.53 0 0.465484654067
19.54 0 0.470230389678
19.55 0 0.471140859853
19.56 0 0.471995176314
19.57 0 0.478855583263
19.58 0 0.478855583263
19.59 0 0.476842293358
19.6 0 0.475042710502
19.61 0 0.475922136876
19.62 0 0.474744344425
19.63 0 0.474744344425
19.64 0 0.474744344425
19.65 0 0.474744344425
19.66 0 0.485311593572
19.67 0 0.489666019938
19.68 0 0.492572105123
19.69 0 0.494638139014
19.7 0 0.496857336869
19.71 0 0.497052530017
19.72 0 0.49735978367
19.73 0 0.499468062921
19.74 0 0.500087698868
19.75 0 0.50308768295
19.76 0 0.502962713232
19.77 0 0.506377255106
19.78 0 0.507542999185
19.79 0 0.50730989914
19.8 0 0.506490243709
19.81 0 0.505299668654
19.82 0 0.504317734336
19.83 0 0.503700724974
19.84 0 0.502589054578
19.85 0 0.501747104677
19.86 0 0.501898935197
19.87 0 0.498602651142
19.88 0 0.498052210315
19.89 0 0.496668317354
19.9 0 0.49133747711
19.91 0 0.490437113431
19.92 0 0.489931890209
19.93 0 0.490147379788
19.94 0 0.490654461656
19.95 0 0.491307781617
19.96 0 0.492246388593
19.97 0 0.491721720244
19.98 0 0.490767498819
19.99 0 0.489648516097
20.0 0 0.487987023641
20.01 0 0.486202768137
20.02 0 0.482508869641
20.03 0 0.481600748531
20.04 0 0.481130096287
20.05 0 0.48033526542
20.06 0 0.478294205684
20.07 0 0.476653960715
20.08 0 0.47444366689
20.09 0 0.474202067512
20.1 0 0.473826956431
20.11 0 0.473497975781
20.12 0 0.473691759345
20.13 0 0.475644462876
20.14 0 0.478419130372
20.15 0 0.478419130372
20.16 0 0.480913878963
20.17 0 0.481488413716
20.18 0 0.481971609617
20.19 0 0.483468903587
20.2 0 0.485130579454
20.21 0 0.485293361607
20.22 0 0.485546891126
20.23 0 0.486438086298
20.24 0 0.486438086298
20.25 0 0.485885684801
20.26 0 0.487418270901
20.27 0 0.487418270901
20.28 0 0.487418270901
20.29 0 0.488322763369
20.3 0 0.488322763369
20.31 0 0.488322763369
20.32 0 0.488322763369
20.33 0 0.501919543162
20.34 0 0.502348016471
20.35 0 0.503460014098
20.36 0 0.507355206872
20.37 0 0.506492982766
20.38 0 0.510147953036
20.39 0 0.512133724593
20.4 0 0.512441878935
20.41 0 0.513550236683
20.42 0 0.515008474908
20.43 0 0.51512410028
20.44 0 0.518868902701
20.45 0 0.52167426259
20.46 0 0.519508904234
20.47 0 0.521438928695
20.48 0 0.527947456355
20.49 0 0.529757698598
20.5 0 0.529757698598
20.51 0 0.529757698598
20.52 0 0.532547276112
20.53 0 0.533218442911
20.54 0 0.533472637745
20.55 0 0.53406073538
20.56 0 0.53406073538
20.57 0 0.53406073538
20.58 0 0.533790168571
20.59 0 0.532936204737
20.6 0 0.532780375111
20.61 0 0.531422414743
20.62 0 0.530383617171
20.63 0 0.531210837948
20.64 0 0.530193849951
20.65 0 0.530546765848
20.66 0 0.529573673423
20.67 0 0.527535811302
20.68 0 0.526739499268
20.69 0 0.524809469008
20.7 0 0.524910776291
20.71 0 0.524822774208
20.72 0 0.524931186583
20.73 0 0.524838243006
20.74 0 0.525074382287
20.75 0 0.525250595225
20.76 0 0.525560181353
20.77 0 0.526378373054
20.78 0 0.526352702825
20.79 0 0.526686445513
20.8 0 0.526301709802
20.81 0 0.525735417363
20.82 0 0.525079413153
20.83 0 0.524068052606
20.84 0 0.523588214745
20.85 0 0.524201263592
20.86 0 0.524592379168
20.87 0 0.525260235846
20.88 0 0.525216025538
20.89 0 0.525367283132
20.9 0 0.525378227458
20.91 0 0.526136677836
20.92 0 0.526928638216
20.93 0 0.527749459414
20.94 0 0.528005175616
20.95 0 0.528005175616
20.96 0 0.530003848266
20.97 0 0.530019259542
20.98 0 0.530575071583
20.99 0 0.531494948503
21.0 0 0.531894473261
21.01 0 0.532791395475
21.02 0 0.532256455817
21.03 0 0.533273576192
21.04 0 0.532824296955
21.05 0 0.532646935057
21.06 0 0.534019140001
21.07 0 0.535610154549
21.08 0 0.537451123651
21.09 0 0.540745667457
21.1 0 0.543730063231
21.11 0 0.543861883957
21.12 0 0.544314664121
21.13 0 0.546129340538
21.14 0 0.546982225943
21.15 0 0.546982225943
21.16 0 0.544781438187
21.17 0 0.545643587973
21.18 0 0.549014730497
21.19 0 0.549014730497
21.2 0 0.550337959303
21.21 0 0.550818424651
21.22 0 0.553470964525
21.23 0 0.555730796349
21.24 0 0.559769856747
21.25 0 0.558202892248
21.26 0 0.560951319146
21.27 0 0.563975593341
21.28 0 0.563975593341
21.29 0 0.563975593341
21.3 0 0.568618360958
21.31 0 0.568618360958
21.32 0 0.568618360958
21.33 0 0.574367852948
21.34 0 0.574367852948
21.35 0 0.574367852948
21.36 0 0.58181799179
21.37 0 0.580321694545
21.38 0 0.580174095589
21.39 0 0.579203059363
21.4 0 0.578806913507
21.41 0 0.578025346938
21.42 0 0.578860389245
21.43 0 0.578474943733
21.44 0 0.577629791588
21.45 0 0.577672863634
21.46 0 0.576274332069
21.47 0 0.575127786217
21.48 0 0.573465231229
21.49 0 0.572337447004
21.5 0 0.57209086668
21.51 0 0.571413323715
21.52 0 0.571526474843
21.53 0 0.571812576018
21.54 0 0.571528431889
21.55 0 0.570303116938
21.56 0 0.569654797667
21.57 0 0.567887722844
21.58 0 0.566936103187
21.59 0 0.564715544823
21.6 0 0.564417276601
21.61 0 0.562815290574
21.62 0 0.562815290574
21.63 0 0.562239349572
21.64 0 0.5624246204
21.65 0 0.56199866244
21.66 0 0.562085077925
21.67 0 0.561624984566
21.68 0 0.561836324155
21.69 0 0.563531116671
21.7 0 0.563531116671
21.71 0 0.563531116671
21.72 0 0.565623672656
21.73 0 0.565928960017
21.74 0 0.566942003203
21.75 0 0.567408096289
21.76 0 0.569390341336
21.77 0 0.570320809692
21.78 0 0.571978992053
21.79 0 0.572875940712
21.8 0 0.573150880113
21.81 0 0.574134494206
21.82 0 0.575878258251
21.83 0 0.576022103441
21.84 0 0.577564806051
21.85 0 0.57809590213
21.86 0 0.58085824202
21.87 0 0.581425124509
21.88 0 0.584943430561
21.89 0 0.587154352019
21.9 0 0.588358388457
21.91 0 0.588950624111
21.92 0 0.589026070425
21.93 0 0.588813697281
21.94 0 0.588813697281
21.95 0 0.588813697281
21.96 0 0.589703195837
21.97 0 0.589703195837
21.98 0 0.591656231774
21.99 0 0.594498997997
22.0 0 0.593401890068
22.01 0 0.59694890143
22.02 0 0.594798161257
22.03 0 0.598889174035
22.04 0 0.600668902966
22.05 0 0.605011675647
22.06 0 0.605443687798
22.07 0 0.610962300859
22.08 0 0.610985120762
22.09 0 0.611245031244
22.1 0 0.612290637999
22.11 0 0.612504220623
22.12 0 0.615122428681
22.13 0 0.615223945881
22.14 0 0.615536952724
22.15 0 0.614591129615
22.16 0 0.614328719074
22.17 0 0.612921753459
22.18 0 0.612244222855
22.19 0 0.611458440932
22.2 0 0.610137134433
22.21 0 0.610137134433
22.22 0 0.609124843224
22.23 0 0.607894758406
22.24 0 0.606715276631
22.25 0 0.606843347945
22.26 0 0.605193722869
22.27 0 0.604128981673
22.28 0 0.604263420355
22.29 0 0.604840339937
22.3 0 0.606177556593
22.31 0 0.605566832677
22.32 0 0.604631464137
22.33 0 0.604405377725
22.34 0 0.601520228356
22.35 0 0.600651036445
22.36 0 0.600153238833
22.37 0 0.592515988531
22.38 0 0.59128678619
22.39 0 0.590621188158
22.4 0 0.58702216345
22.41 0 0.58684946476
22.42 0 0.586298313324
22.43 0 0.585081169082
22.44 0 0.58504540689
22.45 0 0.586491393239
22.46 0 0.587571434529
22.47 0 0.588693409226
22.48 0 0.589847673823
22.49 0 0.591158109185
22.5 0 0.592138160795
22.51 0 0.594902005032
22.52 0 0.595736797638
22.53 0 0.596325946426
22.54 0 0.597045889885
22.55 0 0.597614974709
22.56 0 0.597470676031
22.57 0 0.597950087717
22.58 0 0.597524908594
22.59 0 0.597380831759
22.6 0 0.597410907138
22.61 0 0.596734653727
22.62 0 0.596734653727
22.63 0 0.601833941248
22.64 0 0.605035669846
22.65 0 0.60574090004
22.66 0 0.606345309245
22.67 0 0.610009786797
22.68 0 0.611536182948
22.69 0 0.612585496034
22.7 0 0.611362373114
22.71 0 0.606596316925
22.72 0 0.606483088805
22.73 0 0.606362014086
22.74 0 0.607165521265
22.75 0 0.609558886811
22.76 0 0.612489843514
22.77 0 0.616123072817
22.78 0 0.6134478396
22.79 0 0.615746262851
22.8 0 0.615746262851
22.81 0 0.615962665392
22.82 0 0.621384816347
22.83 0 0.617498307283
22.84 0 0.621296787358
22.85 0 0.624882071048
22.86 0 0.625136713946
22.87 0 0.629328762828
22.88 0 0.629328762828
22.89 0 0.631803280581
22.9 0 0.632017041942
22.91 0 0.631800414657
22.92 0 0.631174536895
22.93 0 0.631174536895
22.94 0 0.631174536895
22.95 0 0.629642480131
22.96 0 0.630203256544
22.97 0 0.630203256544
22.98 0 0.628960096425
22.99 0 0.628189709009
23.0 0 0.62807958865
23.01 0 0.62807958865
23.02 0 0.62807958865
23.03 0 0.622115368358
23.04 0 0.622115368358
23.05 0 0.622115368358
23.06 0 0.618847570256
23.07 0 0.618847570256
23.08 0 0.618847570256
23.09 0 0.617486207564
23.1 0 0.617003737043
23.11 0 0.616906969148
23.12 0 0.616529082135
23.13 0 0.614645048279
23.14 0 0.614645048279
23.15 0 0.613485199762
23.16 0 0.612829173166
23.17 0 0.612172304706
23.18 0 0.611704811534
23.19 0 0.610831395592
23.2 0 0.610150694019
23.21 0 0.610150694019
23.22 0 0.610150694019
23.23 0 0.610150694019
23.24 0 0.610882915612
23.25 0 0.610882915612
23.26 0 0.612490652029
23.27 0 0.612513271722
23.28 0 0.615284555475
23.29 0 0.615284555475
23.3 0 0.616891946601
23.31 0 0.617810432469
23.32 0 0.618394596879
23.33 0 0.619156914813
23.34 0 0.621388291528
23.35 0 0.623399548187
23.36 0 0.624473167505
23.37 0 0.625545675679
23.38 0 0.626011962816
23.39 0 0.626040957801
23.4 0 0.626004755047
23.41 0 0.62585229102
23.42 0 0.627579206911
23.43 0 0.629691131612
23.44 0 0.631459534029
23.45 0 0.634259528977
23.46 0 0.634923965124
23.47 0 0.635147490766
23.48 0 0.635241559406
23.49 0 0.635750330049
23.5 0 0.63359724125
23.51 0 0.633668957998
23.52 0 0.635314755951
23.53 0 0.637309242243
23.54 0 0.642304785212
23.55 0 0.643601206761
23.56 0 0.648195768278
23.57 0 0.648243082965
23.58 0 0.648442573926
23.59 0 0.645144652753
23.6 0 0.650455175978
23.61 0 0.649762715771
23.62 0 0.647433493759
23.63 0 0.655984071587
23.64 0 0.657044444323
23.65 0 0.657510983149
23.66 0 0.658893801362
23.67 0 0.659371926909
23.68 0 0.659567448177
23.69 0 0.659567448177
23.7 0 0.659567448177
23.71 0 0.663525931216
23.72 0 0.663525931216
23.73 0 0.663525931216
23.74 0 0.662298911228
23.75 0 0.662298911228
23.76 0 0.662298911228
23.77 0 0.662010844467
23.78 0 0.662010844467
23.79 0 0.662371523307
23.8 0 0.662062400532
23.81 0 0.661902331561
23.82 0 0.661061989109
23.83 0 0.656096553989
23.84 0 0.656096553989
23.85 0 0.656200488412
23.86 0 0.656226005271
23.87 0 0.655411784765
23.88 0 0.655449076481
23.89 0 0.655384650202
23.9 0 0.655303520353
23.91 0 0.655316997318
23.92 0 0.654697543588
23.93 0 0.652803437103
23.94 0 0.651662021466
23.95 0 0.649837080862
23.96 0 0.645662952544
23.97 0 0.645137288447
23.98 0 0.645020434268
23.99 0 0.644582766938
24.0 0 0.643201090234
24.01 0 0.643396597756
24.02 0 0.645826136496
24.03 0 0.646026160919
24.04 0 0.64600476968
24.05 0 0.64706326994
24.06 0 0.647718995462
24.07 0 0.648178120752
24.08 0 0.648537333818
24.09 0 0.650604236792
24.1 0 0.650784402405
24.11 0 0.651587223823
24.12 0 0.652795549568
24.13 0 0.654245729226
24.14 0 0.654772533113
24.15 0 0.655280305327
24.16 0 0.655478468189
24.17 0 0.655478468189
24.18 0 0.657322181871
24.19 0 0.657089775717
24.2 0 0.66006099441
24.21 0 0.661146088098
24.22 0 0.666729719051
24.23 0 0.665886789917
24.24 0 0.666624914677
24.25 0 0.667895179157
24.26 0 0.671329172411
24.27 0 0.673401563729
24.28 0 0.672515719673
24.29 0 0.671772941826
24.3 0 0.666114429309
24.31 0 0.668651909493
24.32 0 0.674205087647
24.33 0 0.676982969839
24.34 0 0.680345491509
24.35 0 0.6812865476
24.36 0 0.679555488691
24.37 0 0.678578909606
24.38 0 0.679853730457
24.39 0 0.676098027547
24.4 0 0.680670746471
24.41 0 0.681640794881
24.42 0 0.682968122112
24.43 0 0.684839216375
24.44 0 0.683884325634
24.45 0 0.689938640804
24.46 0 0.692675265881
24.47 0 0.695125232314
24.48 0 0.698151556925
24.49 0 0.698180850697
24.5 0 0.697998494828
24.51 0 0.697998494828
24.52 0 0.697116487595
24.53 0 0.696420028304
24.54 0 0.69562185831
24.55 0 0.695731161372
24.56 0 0.693792347101
24.57 0 0.693792347101
24.58 0 0.692587322055
24.59 0 0.690788585989
24.6 0 0.689269638747
24.61 0 0.688718056945
24.62 0 0.688755767368
24.63 0 0.688674275302
24.64 0 0.687973294275
24.65 0 0.687973294275
24.66 0 0.687973294275
24.67 0 0.687973294275
24.68 0 0.689053210308
24.69 0 0.689053210308
24.7 0 0.684507419958
24.71 0 0.682514137047
24.72 0 0.679801068481
24.73 0 0.678281475091
24.74 0 0.676206875033
24.75 0 0.675166800124
24.76 0 0.675166800124
24.77 0 0.675166800124
24.78 0 0.675166800124
24.79 0 0.672830233741
24.8 0 0.672830233741
24.81 0 0.672830233741
24.82 0 0.672830233741
24.83 0 0.670977904499
24.84 0 0.670901573936
24.85 0 0.672651854098
24.86 0 0.672483421022
24.87 0 0.672497348875
24.88 0 0.672978118781
24.89 0 0.674298913141
24.9 0 0.675552555009
24.91 0 0.675638086808
24.92 0 0.677057782813
24.93 0 0.677150567739
24.94 0 0.677359476179
24.95 0 0.676681623105
24.96 0 0.673705305639
24.97 0 0.673705305639
24.98 0 0.675776107558
24.99 0 0.677388113711
25.0 0 0.68114263653
25.01 0 0.684254551646
25.02 0 0.685627867095
25.03 0 0.689000095941
25.04 0 0.689673996098
25.05 0 0.6886950052
25.06 0 0.6886950052
25.07 0 0.687950735509
25.08 0 0.689482032951
25.09 0 0.686620552436
25.1 0 0.688054949201
25.11 0 0.686620550309
25.12 0 0.69159643017
25.13 0 0.695517783377
25.14 0 0.696157989044
25.15 0 0.694229166657
25.16 0 0.691916639804
25.17 0 0.691958361486
25.18 0 0.691935209857
25.19 0 0.696082621949
25.2 0 0.700690816977
25.21 0 0.704054283464
25.22 0 0.70529785728
25.23 0 0.70786514338
25.24 0 0.709420479448
25.25 0 0.710226591574
25.26 0 0.713787173735
25.27 0 0.713787173735
25.28 0 0.713645669877
25.29 0 0.713619418299
25.3 0 0.712347781299
25.31 0 0.71233903195
25.32 0 0.712166545851
25.33 0 0.71114328435
25.34 0 0.71114328435
25.35 0 0.710896396629
25.36 0 0.711851649815
25.37 0 0.71330266686
25.38 0 0.713648762041
25.39 0 0.713648762041
25.4 0 0.711914912939
25.41 0 0.711644090868
25.42 0 0.711605407883
25.43 0 0.710261311791
25.44 0 0.707243131111
25.45 0 0.705332221686
25.46 0 0.704392136828
25.47 0 0.702847740579
25.48 0 0.701678982998
25.49 0 0.698946927335
25.5 0 0.696971735072
25.51 0 0.693100675901
25.52 0 0.69286580534
25.53 0 0.689722325429
25.54 0 0.687386527641
25.55 0 0.687317554892
25.56 0 0.686597577632
25.57 0 0.686033047457
25.58 0 0.686208868392
25.59 0 0.684005756482
25.6 0 0.684045975956
25.61 0 0.683947442433
25.62 0 0.683264361103
25.63 0 0.683511159714
25.64 0 0.684790972352
25.65 0 0.684943525026
25.66 0 0.686010598942
25.67 0 0.686756823165
25.68 0 0.688421251508
25.69 0 0.688776954298
25.7 0 0.690255950795
25.71 0 0.690047845965
25.72 0 0.690950219276
25.73 0 0.692023702539
25.74 0 0.692391362141
25.75 0 0.692255055138
25.76 0 0.691931888723
25.77 0 0.691832436813
25.78 0 0.6942489426
25.79 0 0.697301744701
25.8 0 0.69662204878
25.81 0 0.702564334319
25.82 0 0.703368104337
25.83 0 0.703687978635
25.84 0 0.703833521131
25.85 0 0.704810313043
25.86 0 0.705050483177
25.87 0 0.70256061372
25.88 0 0.704910916423
25.89 0 0.704910916423
25.9 0 0.704910916423
25.91 0 0.71789853072
25.92 0 0.720923733065
25.93 0 0.719146689028
25.94 0 0.721672729861
25.95 0 0.719614358981
25.96 0 0.716310462483
25.97 0 0.715942665162
25.98 0 0.722025847973
25.99 0 0.725177823576
26.0 0 0.726194088911
26.01 0 0.727016701029
26.02 0 0.728529870437
26.03 0 0.72960292928
26.04 0 0.731392683048
26.05 0 0.73231811379
26.06 0 0.732885582312
26.07 0 0.731969767178
26.08 0 0.732031785318
26.09 0 0.730370372763
26.1 0 0.729567420899
26.11 0 0.72927038257
26.12 0 0.729564543443
26.13 0 0.729551440849
26.14 0 0.729390742398
26.15 0 0.730066396637
26.16 0 0.729905254431
26.17 0 0.727675983087
26.18 0 0.727614204339
26.19 0 0.725959105335
26.2 0 0.724888977
26.21 0 0.725192567248
26.22 0 0.72540506121
26.23 0 0.72508899813
26.24 0 0.724891598376
26.25 0 0.724204182919
26.26 0 0.724053659585
26.27 0 0.723345130298
26.28 0 0.723345130298
26.29 0 0.722222493583
26.3 0 0.72229200261
26.31 0 0.721518879795
26.32 0 0.719100747921
26.33 0 0.715146203017
26.34 0 0.712765980058
26.35 0 0.712765980058
26.36 0 0.705619271063
26.37 0 0.705619271063
26.38 0 0.705535310061
26.39 0 0.706149012356
26.4 0 0.706149012356
26.41 0 0.706149012356
26.42 0 0.706149012356
26.43 0 0.706891242057
26.44 0 0.706891242057
26.45 0 0.706891242057
26.46 0 0.7082097306
26.47 0 0.7082097306
26.48 0 0.7082097306
26.49 0 0.711726371236
26.5 0 0.711845534675
26.51 0 0.713103727454
26.52 0 0.713601540928
26.53 0 0.714240546842
26.54 0 0.714240546842
26.55 0 0.716488674381
26.56 0 0.716488674381
26.57 0 0.718750928532
26.58 0 0.718750928532
26.59 0 0.720791134571
26.6 0 0.721586979738
26.61 0 0.723035475451
26.62 0 0.725547233728
26.63 0 0.725547233728
26.64 0 0.72423733302
26.65 0 0.724296828181
26.66 0 0.726341511148
26.67 0 0.723144133809
26.68 0 0.727535039186
26.69 0 0.734690666305
26.7 0 0.738248962979
26.71 0 0.737422796492
26.72 0 0.734123330559
26.73 0 0.734055590601
26.74 0 0.737276914878
26.75 0 0.738919578862
26.76 0 0.743666942945
26.77 0 0.743666942945
26.78 0 0.743666942945
26.79 0 0.743666942945
26.8 0 0.747498774809
26.81 0 0.74792555858
26.82 0 0.750489479943
26.83 0 0.751284286089
26.84 0 0.751456834855
26.85 0 0.751873648894
26.86 0 0.751175081221
26.87 0 0.751533401235
26.88 0 0.751273137157
26.89 0 0.751273137157
26.9 0 0.751273137157
26.91 0 0.751273137157
26.92 0 0.752089529287
26.93 0 0.751729713544
26.94 0 0.751688441842
26.95 0 0.750391251409
26.96 0 0.750439521367
26.97 0 0.746397309512
26.98 0 0.74569763016
26.99 0 0.744375815508
27.0 0 0.744190217294
27.01 0 0.744387595642
27.02 0 0.744441474256
27.03 0 0.744049765102
27.04 0 0.743405520788
27.05 0 0.741687129399
27.06 0 0.740772782361
27.07 0 0.737380722723
27.08 0 0.736710030099
27.09 0 0.734964443876
27.1 0 0.731614585184
27.11 0 0.731614585184
27.12 0 0.728306259561
27.13 0 0.727121700576
27.14 0 0.724888619413
27.15 0 0.724263926385
27.16 0 0.722178446374
27.17 0 0.722030361752
27.18 0 0.723087944079
27.19 0 0.723121059388
27.2 0 0.723589893484
27.21 0 0.723812847126
27.22 0 0.723639189938
27.23 0 0.7228301615
27.24 0 0.724410174289
27.25 0 0.724486726349
27.26 0 0.724384247521
27.27 0 0.726565464975
27.28 0 0.726565128202
27.29 0 0.72804855286
27.3 0 0.727175400088
27.31 0 0.727175400088
27.32 0 0.728256603882
27.33 0 0.730618897683
27.34 0 0.731922721253
27.35 0 0.731367717361
27.36 0 0.735387608686
27.37 0 0.736631670139
27.38 0 0.737631385116
27.39 0 0.736627344323
27.4 0 0.737657295084
27.41 0 0.741732765732
27.42 0 0.743186270254
27.43 0 0.742506837492
27.44 0 0.744717098913
27.45 0 0.742308324974
27.46 0 0.74733354152
27.47 0 0.747756868504
27.48 0 0.750434817115
27.49 0 0.749363663994
27.5 0 0.749213424313
27.51 0 0.747991241502
27.52 0 0.747991241502
27.53 0 0.751253010064
27.54 0 0.755295068657
27.55 0 0.755295068657
27.56 0 0.758682734356
27.57 0 0.757796909683
27.58 0 0.758856394791
27.59 0 0.759350939429
27.6 0 0.760675720619
27.61 0 0.761128580028
27.62 0 0.761128580028
27.63 0 0.761128580028
27.64 0 0.762286616221
27.65 0 0.762286616221
27.66 0 0.760257032692
27.67 0 0.759090663432
27.68 0 0.758852431627
27.69 0 0.758169202953
27.7 0 0.758914628593
27.71 0 0.757813440771
27.72 0 0.75690180386
27.73 0 0.756313284868
27.74 0 0.756957453317
27.75 0 0.756160782732
27.76 0 0.75739595669
27.77 0 0.757272859707
27.78 0 0.757362596562
27.79 0 0.757550106559
27.8 0 0.757928575278
27.81 0 0.75777263115
27.82 0 0.757575291241
27.83 0 0.757230242427
27.84 0 0.756449280692
27.85 0 0.75575450558
27.86 0 0.755082027516
27.87 0 0.754720969446
27.88 0 0.754592014805
27.89 0 0.754256337669
27.9 0 0.754021293467
27.91 0 0.752912268905
27.92 0 0.751823527133
27.93 0 0.751823527133
27.94 0 0.751823527133
27.95 0 0.749979389393
27.96 0 0.749979389393
27.97 0 0.750153702084
27.98 0 0.750480114526
27.99 0 0.751246954773
28.0 0 0.752811131257
28.01 0 0.754060005492
28.02 0 0.755797161065
28.03 0 0.757338545051
28.04 0 0.758490713534
28.05 0 0.759368944733
28.06 0 0.761255152394
28.07 0 0.761845543116
28.08 0 0.762548945487
28.09 0 0.763324632107
28.1 0 0.764619524716
28.11 0 0.764619524716
28.12 0 0.765897216921
28.13 0 0.767050584871
28.14 0 0.768544019644
28.15 0 0.771548938574
28.16 0 0.772040520925
28.17 0 0.772416829935
28.18 0 0.774633891865
28.19 0 0.774257116256
28.2 0 0.774989074024
28.21 0 0.775137466539
28.22 0 0.775299588024
28.23 0 0.774542627947
28.24 0 0.772391640666
28.25 0 0.780878788324
28.26 0 0.78334632204
28.27 0 0.782668420444
28.28 0 0.783508203645
28.29 0 0.787633738715
28.3 0 0.787910975506
28.31 0 0.782948689731
28.32 0 0.790290529193
28.33 0 0.792119004263
28.34 0 0.795207527324
28.35 0 0.795933204175
28.36 0 0.79675716212
28.37 0 0.799938021385
28.38 0 0.801254012944
28.39 0 0.801524724695
28.4 0 0.801285648901
28.41 0 0.803229338162
28.42 0 0.804115702257
28.43 0 0.803397653952
28.44 0 0.803397653952
28.45 0 0.801306188255
28.46 0 0.801209826107
28.47 0 0.799280087343
28.48 0 0.798886669038
28.49 0 0.799682241511
28.5 0 0.798553288606
28.51 0 0.797139793553
28.52 0 0.796943773239
28.53 0 0.797833579702
28.54 0 0.798896229234
28.55 0 0.798123775584
28.56 0 0.797324108934
28.57 0 0.796036687708
28.58 0 0.795588295457
28.59 0 0.796941716744
28.6 0 0.796696808524
28.61 0 0.797288439584
28.62 0 0.796356483979
28.63 0 0.794630089262
28.64 0 0.794196425982
28.65 0 0.790768763289
28.66 0 0.789630450327
28.67 0 0.786861350406
28.68 0 0.784904112671
28.69 0 0.7824301753
28.7 0 0.78053219146
28.71 0 0.779778781448
28.72 0 0.779943733076
28.73 0 0.779998798202
28.74 0 0.781561132767
28.75 0 0.782366079135
28.76 0 0.784907369057
28.77 0 0.784907369057
28.78 0 0.785457993398
28.79 0 0.786536089784
28.8 0 0.787645933188
28.81 0 0.787599175852
28.82 0 0.7881082682
28.83 0 0.79076183619
28.84 0 0.791122383911
28.85 0 0.791798865373
28.86 0 0.793118227637
28.87 0 0.793501165723
28.88 0 0.791325707357
28.89 0 0.791154562051
28.9 0 0.790224282033
28.91 0 0.792077461429
28.92 0 0.795344584154
28.93 0 0.799168975678
28.94 0 0.803156146494
28.95 0 0.805416686457
28.96 0 0.809363033041
28.97 0 0.809349492385
28.98 0 0.809302915991
28.99 0 0.806747241555
29.0 0 0.805190482917
29.01 0 0.802693936702
29.02 0 0.804056346012
29.03 0 0.805054748957
29.04 0 0.803419167239
29.05 0 0.80706475635
29.06 0 0.807552919135
29.07 0 0.807500865399
29.08 0 0.814565395543
29.09 0 0.815352621768
29.1 0 0.81595095899
29.11 0 0.816821405813
29.12 0 0.814482128459
29.13 0 0.811762021738
29.14 0 0.811762021738
29.15 0 0.811762021738
29.16 0 0.811762021738
29.17 0 0.809504789334
29.18 0 0.809032335472
29.19 0 0.809032335472
29.2 0 0.809032335472
29.21 0 0.810485575132
29.22 0 0.811687021098
29.23 0 0.811606810185
29.24 0 0.81107977664
29.25 0 0.810319963504
29.26 0 0.810975213381
29.27 0 0.810623495887
29.28 0 0.810607580031
29.29 0 0.810418262801
29.3 0 0.810153120147
29.31 0 0.810159784987
29.32 0 0.809329168232
29.33 0 0.810578014417
29.34 0 0.81123325825
29.35 0 0.812733339791
29.36 0 0.811532890162
29.37 0 0.811662415489
29.38 0 0.81191980597
29.39 0 0.811812141587
29.4 0 0.812723434776
29.41 0 0.812850940664
29.42 0 0.812940747012
29.43 0 0.812065476792
29.44 0 0.810376885477
29.45 0 0.809529542765
29.46 0 0.809188066178
29.47 0 0.807089123457
29.48 0 0.804927407544
29.49 0 0.802011025528
29.5 0 0.797465178535
29.51 0 0.795390936306
29.52 0 0.794865951142
29.53 0 0.79512679738
29.54 0 0.795633906095
29.55 0 0.795220573166
29.56 0 0.795041815911
29.57 0 0.795060081146
29.58 0 0.795593268816
29.59 0 0.796019660576
29.6 0 0.796140589296
29.61 0 0.79786147407
29.62 0 0.798309964628
29.63 0 0.799461230719
29.64 0 0.800553984479
29.65 0 0.800672249316
29.66 0 0.800759871639
29.67 0 0.79879612577
29.68 0 0.799543589274
29.69 0 0.800622871426
29.7 0 0.80107679172
29.71 0 0.801962795264
29.72 0 0.80201664092
29.73 0 0.807044712307
29.74 0 0.810616081746
29.75 0 0.810393881222
29.76 0 0.817101125812
29.77 0 0.818836343418
29.78 0 0.81721903456
29.79 0 0.815603113507
29.8 0 0.813152966046
29.81 0 0.815553390219
29.82 0 0.811013896945
29.83 0 0.810016101064
29.84 0 0.809516374343
29.85 0 0.812337855276
29.86 0 0.814262316314
29.87 0 0.82331687687
29.88 0 0.822191358378
29.89 0 0.822214225658
29.9 0 0.821354012437
29.91 0 0.823757716889
29.92 0 0.823717538526
29.93 0 0.824523780384
29.94 0 0.826030619352
29.95 0 0.827953896599
29.96 0 0.827988823268
29.97 0 0.827988823268
29.98 0 0.826492004581
29.99 0 0.826492004581
30.0 0 0.826492004581
30.01 0 0.826331414052
30.02 0 0.825313013153
30.03 0 0.824573812653
30.04 0 0.823597420333
30.05 0 0.822889488364
30.06 0 0.822610262119
30.07 0 0.821760298347
30.08 0 0.822101496049
30.09 0 0.822101496049
30.1 0 0.821832045808
30.11 0 0.821185310892
30.12 0 0.819937334279
30.13 0 0.813106921198
30.14 0 0.811660586294
30.15 0 0.811288013043
30.16 0 0.810498687922
30.17 0 0.808193887385
30.18 0 0.807851072218
30.19 0 0.807240817428
30.2 0 0.806863334395
30.21 0 0.805984338619
30.22 0 0.804554438226
30.23 0 0.803271918831
30.24 0 0.800442755358
30.25 0 0.799933513082
30.26 0 0.799933513082
30.27 0 0.798590705467
30.28 0 0.796680321701
30.29 0 0.795186421226
30.3 0 0.795087149637
30.31 0 0.795071822687
30.32 0 0.797211941137
30.33 0 0.798117894363
30.34 0 0.798850008694
30.35 0 0.797527633549
30.36 0 0.79772847021
30.37 0 0.797495637511
30.38 0 0.797586121226
30.39 0 0.797883457311
30.4 0 0.798472632167
30.41 0 0.799706483369
30.42 0 0.800859821488
30.43 0 0.801379146145
30.44 0 0.8020353617
30.45 0 0.802735140703
30.46 0 0.803593185559
30.47 0 0.803867314138
30.48 0 0.804323461476
30.49 0 0.804852791869
30.5 0 0.807061633657
30.51 0 0.808224076085
30.52 0 0.810789935429
30.53 0 0.816622082285
30.54 0 0.817646154119
30.55 0 0.816799207803
30.56 0 0.821303592819
30.57 0 0.824214467035
30.58 0 0.82482601446
30.59 0 0.825563450263
30.6 0 0.827551214357
30.61 0 0.830462039795
30.62 0 0.830542731759
30.63 0 0.83557666717
30.64 0 0.840668385181
30.65 0 0.841432608345
30.66 0 0.841604217244
30.67 0 0.841604217244
30.68 0 0.841604217244
30.69 0 0.841604217244
30.7 0 0.839262489918
30.71 0 0.839262489918
30.72 0 0.839262489918
30.73 0 0.845457929588
30.74 0 0.844532896607
30.75 0 0.846359204346
30.76 0 0.846786296873
30.77 0 0.849030510374
30.78 0 0.850522515238
30.79 0 0.849685907651
30.8 0 0.84985293917
30.81 0 0.8491209544
30.82 0 0.848611010907
30.83 0 0.847771711834
30.84 0 0.848488654081
30.85 0 0.848488654081
30.86 0 0.848488654081
30.87 0 0.848488654081
30.88 0 0.850389492882
30.89 0 0.847049882158
30.9 0 0.842748407807
30.91 0 0.842259578135
30.92 0 0.841316371778
30.93 0 0.840932833139
30.94 0 0.840147784747
30.95 0 0.838572757602
30.96 0 0.837541963516
30.97 0 0.836551093846
30.98 0 0.834600984691
30.99 0 0.832664168908
31.0 0 0.830934791884
31.01 0 0.828091858472
31.02 0 0.826639338327
31.03 0 0.824121622829
31.04 0 0.822063471188
31.05 0 0.8214696184
31.06 0 0.820642222113
31.07 0 0.819613396455
31.08 0 0.818791140116
31.09 0 0.814772493457
31.1 0 0.814019933788
31.11 0 0.813273396168
31.12 0 0.812600149321
31.13 0 0.812653360135
31.14 0 0.812698937791
31.15 0 0.811822192966
31.16 0 0.810706494915
31.17 0 0.810452294655
31.18 0 0.81009121637
31.19 0 0.810600615343
31.2 0 0.812030838898
31.21 0 0.812138976829
31.22 0 0.812352936247
31.23 0 0.812118211646
31.24 0 0.81285568256
31.25 0 0.812291482503
31.26 0 0.813800898581
31.27 0 0.814466129768
31.28 0 0.815257593292
31.29 0 0.817874316719
31.3 0 0.820244282634
31.31 0 0.823995320455
31.32 0 0.826703905262
31.33 0 0.82633594053
31.34 0 0.828705885602
31.35 0 0.829803580909
31.36 0 0.832820737722
31.37 0 0.830777680622
31.38 0 0.830777680622
31.39 0 0.830777680622
31.4 0 0.836767969874
31.41 0 0.836767969874
31.42 0 0.836767969874
31.43 0 0.847468744413
31.44 0 0.847766821656
31.45 0 0.846317776338
31.46 0 0.846242284619
31.47 0 0.846949581376
31.48 0 0.847905218867
31.49 0 0.847905218867
31.5 0 0.847976638157
31.51 0 0.849162109014
31.52 0 0.851084060494
31.53 0 0.851459833046
31.54 0 0.853630443082
31.55 0 0.859256560395
31.56 0 0.864217867236
31.57 0 0.86598132709
31.58 0 0.865574323298
31.59 0 0.864117285018
31.6 0 0.863486855028
31.61 0 0.862677108246
31.62 0 0.862051938045
31.63 0 0.862094471606
31.64 0 0.862187195969
31.65 0 0.862216517844
31.66 0 0.861723864211
31.67 0 0.861544319795
31.68 0 0.861582565663
31.69 0 0.85742444372
31.7 0 0.85742444372
31.71 0 0.85742444372
31.72 0 0.855191854325
31.73 0 0.854267295111
31.74 0 0.854267295111
31.75 0 0.854267295111
31.76 0 0.851000250618
31.77 0 0.851000250618
31.78 0 0.848048085851
31.79 0 0.848048085851
31.8 0 0.848048085851
31.81 0 0.848048085851
31.82 0 0.843465269206
31.83 0 0.843465269206
31.84 0 0.843465269206
31.85 0 0.839131197098
31.86 0 0.839131197098
31.87 0 0.839131197098
31.88 0 0.833437156237
31.89 0 0.832225965467
31.9 0 0.833650574675
31.91 0 0.833073361406
31.92 0 0.834133811194
31.93 0 0.834521745563
31.94 0 0.834201630477
31.95 0 0.834038642359
31.96 0 0.834603959033
31.97 0 0.836052642656
31.98 0 0.837322151627
31.99 0 0.838551137699
32.0 0 0.839157983246
32.01 0 0.838763137292
32.02 0 0.8391748155
32.03 0 0.839290777858
32.04 0 0.839552671738
32.05 0 0.840982258736
32.06 0 0.841046315979
32.07 0 0.843433236287
32.08 0 0.845883191624
32.09 0 0.847654315615
32.1 0 0.847652298319
32.11 0 0.850784000855
32.12 0 0.853842767289
32.13 0 0.856059084746
32.14 0 0.857550853556
32.15 0 0.858660275721
32.16 0 0.855842357273
32.17 0 0.857915148314
32.18 0 0.863965400181
32.19 0 0.869928883554
32.2 0 0.87054342815
32.21 0 0.871016553027
32.22 0 0.869618402531
32.23 0 0.871236618517
32.24 0 0.871070450038
32.25 0 0.871070450038
32.26 0 0.871070450038
32.27 0 0.871070450038
32.28 0 0.871519644089
32.29 0 0.871519644089
32.3 0 0.873442848615
32.31 0 0.874900469932
32.32 0 0.873966357377
32.33 0 0.87406398422
32.34 0 0.871072474768
32.35 0 0.871914053574
32.36 0 0.871506330348
32.37 0 0.874617385525
32.38 0 0.874295720061
32.39 0 0.873944547811
32.4 0 0.873944547811
32.41 0 0.87414058338
32.42 0 0.874492308428
32.43 0 0.874890848244
32.44 0 0.876298703413
32.45 0 0.87649004089
32.46 0 0.875639669525
32.47 0 0.875551334575
32.48 0 0.875570060391
32.49 0 0.874249342501
32.5 0 0.872901580694
32.51 0 0.870973838923
32.52 0 0.868788217832
32.53 0 0.867443035485
32.54 0 0.867443035485
32.55 0 0.864745962818
32.56 0 0.863615232697
32.57 0 0.862345424034
32.58 0 0.860010853133
32.59 0 0.859603326052
32.6 0 0.857786873645
32.61 0 0.857353858468
32.62 0 0.85706584275
32.63 0 0.856930608349
32.64 0 0.856657188216
32.65 0 0.855813937443
32.66 0 0.855813937443
32.67 0 0.855741954345
32.68 0 0.855772034725
32.69 0 0.855507513438
32.7 0 0.857456945156
32.71 0 0.85756164499
32.72 0 0.857308005497
32.73 0 0.857359583151
32.74 0 0.857233832241
32.75 0 0.857045012016
32.76 0 0.860371658064
32.77 0 0.86121392896
32.78 0 0.862628733516
32.79 0 0.864501749599
32.8 0 0.865805964813
32.81 0 0.866388943771
32.82 0 0.866855005643
32.83 0 0.866689208051
32.84 0 0.866969803685
32.85 0 0.868199880272
32.86 0 0.871276715087
32.87 0 0.870155935059
32.88 0 0.87453821146
32.89 0 0.877833262673
32.9 0 0.87839065532
32.91 0 0.881924183441
32.92 0 0.884654109899
32.93 0 0.884781314061
32.94 0 0.884644731264
32.95 0 0.886701833197
32.96 0 0.88452995363
32.97 0 0.883958671439
32.98 0 0.887342678369
32.99 0 0.893951439853
33.0 0 0.894388555364
33.01 0 0.894388555364
33.02 0 0.89443069671
33.03 0 0.893441432048
33.04 0 0.894464305747
33.05 0 0.89622434081
33.06 0 0.896150131127
33.07 0 0.895994478354
33.08 0 0.895488125146
33.09 0 0.892379406131
33.1 0 0.89199974536
33.11 0 0.895259143844
33.12 0 0.89538291029
33.13 0 0.89538291029
33.14 0 0.901343343344
33.15 0 0.901268557601
33.16 0 0.901268557601
33.17 0 0.901268557601
33.18 0 0.899176253063
33.19 0 0.899176253063
33.2 0 0.896755010246
33.21 0 0.896497655637
33.22 0 0.896371766314
33.23 0 0.896046329084
33.24 0 0.896284187856
33.25 0 0.894992701552
33.26 0 0.894992701552
33.27 0 0.894753852013
33.28 0 0.892574686919
33.29 0 0.891507187371
33.3 0 0.889450883706
33.31 0 0.88673046436
33.32 0 0.883213443034
33.33 0 0.882709039413
33.34 0 0.881123736809
33.35 0 0.880657063481
33.36 0 0.878623330945
33.37 0 0.878407659699
33.38 0 0.873993277517
33.39 0 0.873993277517
33.4 0 0.872615797397
33.41 0 0.872615797397
33.42 0 0.872615797397
33.43 0 0.870234345913
33.44 0 0.870234345913
33.45 0 0.867001479781
33.46 0 0.865915754976
33.47 0 0.866527046719
33.48 0 0.865882973311
33.49 0 0.865656711686
33.5 0 0.865654582116
33.51 0 0.866727074165
33.52 0 0.866816132833
33.53 0 0.869285628063
33.54 0 0.869460537387
33.55 0 0.870174328929
33.56 0 0.871795125652
33.57 0 0.875283928111
33.58 0 0.876149186279
33.59 0 0.876906995325
33.6 0 0.877048316829
33.61 0 0.877073595644
33.62 0 0.878527143596
33.63 0 0.879584047725
33.64 0 0.879953772201
33.65 0 0.881514908366
33.66 0 0.884709383669
33.67 0 0.884105499712
33.68 0 0.8888695146
33.69 0 0.890564716673
33.7 0 0.893967177993
33.71 0 0.895317883158
33.72 0 0.89734573973
33.73 0 0.895658924148
33.74 0 0.901029311226
33.75 0 0.897390352171
33.76 0 0.900096942934
33.77 0 0.902630353291
33.78 0 0.904797126216
33.79 0 0.910226972283
33.8 0 0.911671108798
33.81 0 0.909715093241
33.82 0 0.908137852622
33.83 0 0.90636416866
33.84 0 0.910887456308
33.85 0 0.915699790852
33.86 0 0.915470529337
33.87 0 0.918670505327
33.88 0 0.92265977378
33.89 0 0.923914055399
33.9 0 0.92615123591
33.91 0 0.927955693406
33.92 0 0.930032985292
33.93 0 0.930076206378
33.94 0 0.930076206378
33.95 0 0.930076206378
33.96 0 0.927493487305
33.97 0 0.927493487305
33.98 0 0.924759369398
33.99 0 0.924576959121
34.0 0 0.924576959121
34.01 0 0.924576959121
34.02 0 0.927134495584
34.03 0 0.927134495584
34.04 0 0.927134495584
34.05 0 0.921854611888
34.06 0 0.921854611888
34.07 0 0.921854611888
34.08 0 0.921854611888
34.09 0 0.920747416549
34.1 0 0.920747416549
34.11 0 0.920747416549
34.12 0 0.910094264133
34.13 0 0.910094264133
34.14 0 0.910094264133
34.15 0 0.900506582091
34.16 0 0.899382303099
34.17 0 0.898598170481
34.18 0 0.897101021401
34.19 0 0.895725966484
34.2 0 0.893481194584
34.21 0 0.893481194584
34.22 0 0.893481194584
34.23 0 0.893481194584
34.24 0 0.887821330705
34.25 0 0.890103858246
34.26 0 0.889739367071
34.27 0 0.890158208501
34.28 0 0.890251958612
34.29 0 0.888971363252
34.3 0 0.888620091143
34.31 0 0.888372690254
34.32 0 0.88934303754
34.33 0 0.890416797327
34.34 0 0.890829089449
34.35 0 0.891970049308
34.36 0 0.891818652591
34.37 0 0.892008720186
34.38 0 0.89193008439
34.39 0 0.891926691668
34.4 0 0.892395874719
34.41 0 0.895587527819
34.42 0 0.898881421731
34.43 0 0.899191677203
34.44 0 0.902550221622
34.45 0 0.906807852322
34.46 0 0.907827932186
34.47 0 0.909411358313
34.48 0 0.91003256115
34.49 0 0.91003256115
34.5 0 0.91003256115
34.51 0 0.906553027144
34.52 0 0.904694595676
34.53 0 0.903593281223
34.54 0 0.901408833249
34.55 0 0.903659497177
34.56 0 0.906512511229
34.57 0 0.91199500947
34.58 0 0.91115335781
34.59 0 0.911632287521
34.6 0 0.913100216613
34.61 0 0.913935318395
34.62 0 0.917118002688
34.63 0 0.918463609421
34.64 0 0.918629503881
34.65 0 0.919148673547
34.66 0 0.919006725958
34.67 0 0.917977944324
34.68 0 0.921079438926
34.69 0 0.92187908986
34.7 0 0.923928029791
34.71 0 0.925978109043
34.72 0 0.926601985715
34.73 0 0.925446799931
34.74 0 0.925399754127
34.75 0 0.924270245923
34.76 0 0.924270245923
34.77 0 0.924270245923
34.78 0 0.92343721329
34.79 0 0.92343721329
34.8 0 0.92343721329
34.81 0 0.92343721329
34.82 0 0.921265720569
34.83 0 0.921265720569
34.84 0 0.918116541453
34.85 0 0.916546243428
34.86 0 0.916546243428
34.87 0 0.916382720799
34.88 0 0.916109296913
34.89 0 0.915265057582
34.9 0 0.914005586277
34.91 0 0.910950702659
34.92 0 0.910950702659
34.93 0 0.909498666294
34.94 0 0.90790398919
34.95 0 0.902583108038
34.96 0 0.902381134575
34.97 0 0.901371399465
34.98 0 0.899169800206
34.99 0 0.898150726726
35.0 0 0.894489782151
35.01 0 0.894391196359
35.02 0 0.894287244634
35.03 0 0.894287244634
35.04 0 0.894287244634
35.05 0 0.895845093903
35.06 0 0.895845093903
35.07 0 0.895845093903
35.08 0 0.896468383762
35.09 0 0.896809923646
35.1 0 0.898922283474
35.11 0 0.898882100906
35.12 0 0.897291185334
35.13 0 0.896890249222
35.14 0 0.89532976073
35.15 0 0.893439942757
35.16 0 0.892506461036
35.17 0 0.893162643643
35.18 0 0.899891474545
35.19 0 0.900728440728
35.2 0 0.899850529859
35.21 0 0.905934344973
35.22 0 0.904422314158
35.23 0 0.908222886795
35.24 0 0.910197516862
35.25 0 0.910138656009
35.26 0 0.910138656009
35.27 0 0.906790755965
35.28 0 0.904084414047
35.29 0 0.899630390959
35.3 0 0.895461871343
35.31 0 0.898167881443
35.32 0 0.900913116382
35.33 0 0.904313230409
35.34 0 0.906212023204
35.35 0 0.911916297644
35.36 0 0.911916297644
35.37 0 0.912032427058
35.38 0 0.913084992462
35.39 0 0.912333903447
35.4 0 0.911483900354
35.41 0 0.912721320545
35.42 0 0.91488793933
35.43 0 0.91488793933
35.44 0 0.91488793933
35.45 0 0.917993074336
35.46 0 0.923738051222
35.47 0 0.924249728807
35.48 0 0.924249728807
35.49 0 0.924493645484
35.5 0 0.925321360952
35.51 0 0.924861710416
35.52 0 0.923466885232
35.53 0 0.922236517442
35.54 0 0.92181334074
35.55 0 0.921600430921
35.56 0 0.920342642923
35.57 0 0.919043265826
35.58 0 0.919801699642
35.59 0 0.920074930579
35.6 0 0.921160136723
35.61 0 0.921040088437
35.62 0 0.920406475294
35.63 0 0.920406475294
35.64 0 0.920406475294
35.65 0 0.920406475294
35.66 0 0.919505238593
35.67 0 0.919505238593
35.68 0 0.916372510756
35.69 0 0.915649872878
35.7 0 0.913458991621
35.71 0 0.912678489579
35.72 0 0.909159982577
35.73 0 0.906648348575
35.74 0 0.905407093768
35.75 0 0.902908934037
35.76 0 0.901381204077
35.77 0 0.899378619334
35.78 0 0.896512339354
35.79 0 0.896779652813
35.8 0 0.89771031654
35.81 0 0.898614490133
35.82 0 0.898721048586
35.83 0 0.899436472852
35.84 0 0.899291623167
35.85 0 0.899855152711
35.86 0 0.900345401934
35.87 0 0.901327662534
35.88 0 0.902924525807
35.89 0 0.902658764991
35.9 0 0.90353022453
35.91 0 0.904769361962
35.92 0 0.905726040213
35.93 0 0.90554499005
35.94 0 0.904678001435
35.95 0 0.904677481912
35.96 0 0.905117929909
35.97 0 0.905163763808
35.98 0 0.905163763808
35.99 0 0.911660844469
36.0 0 0.913176786293
36.01 0 0.913323453016
36.02 0 0.915837340602
36.03 0 0.920205418375
36.04 0 0.918982650123
36.05 0 0.919683550682
36.06 0 0.916457930835
36.07 0 0.91848974726
36.08 0 0.918071631771
36.09 0 0.920445581997
36.1 0 0.91895691267
36.11 0 0.924894966418
36.12 0 0.923092752285
36.13 0 0.922799700596
36.14 0 0.925347724308
36.15 0 0.928375616988
36.16 0 0.927813453262
36.17 0 0.928172914946
36.18 0 0.928214285837
36.19 0 0.929874688698
36.2 0 0.931274557221
36.21 0 0.932219541602
36.22 0 0.932627794443
36.23 0 0.931820244308
36.24 0 0.932914809679
36.25 0 0.931962796484
36.26 0 0.935541993732
36.27 0 0.938850824797
36.28 0 0.941128081272
36.29 0 0.941128081272
36.3 0 0.94224279345
36.31 0 0.94226490009
36.32 0 0.942020623175
36.33 0 0.941765242368
36.34 0 0.941471516301
36.35 0 0.940238804743
36.36 0 0.939882829384
36.37 0 0.939407571825
36.38 0 0.936932842267
36.39 0 0.936527949799
36.4 0 0.93508596992
36.41 0 0.934876734348
36.42 0 0.93348223915
36.43 0 0.93348223915
36.44 0 0.925324871027
36.45 0 0.925324871027
36.46 0 0.925324871027
36.47 0 0.925324871027
36.48 0 0.921337466922
36.49 0 0.921337466922
36.5 0 0.917700333968
36.51 0 0.915581179242
36.52 0 0.914435497759
36.53 0 0.911436234502
36.54 0 0.911090407835
36.55 0 0.909364985873
36.56 0 0.907291684331
36.57 0 0.907327140916
36.58 0 0.907327140916
36.59 0 0.907327140916
36.6 0 0.907327140916
36.61 0 0.906064865632
36.62 0 0.906064865632
36.63 0 0.906512675329
36.64 0 0.906512675329
36.65 0 0.906512675329
36.66 0 0.906512675329
36.67 0 0.907683508362
36.68 0 0.907683508362
36.69 0 0.912660225491
36.7 0 0.913525880099
36.71 0 0.91480409362
36.72 0 0.915111028269
36.73 0 0.914500065442
36.74 0 0.915724573795
36.75 0 0.916919747018
36.76 0 0.918283065002
36.77 0 0.919627702424
36.78 0 0.921086546751
36.79 0 0.92378265276
36.8 0 0.92378265276
36.81 0 0.929798903432
36.82 0 0.929048863446
36.83 0 0.929621745139
36.84 0 0.92980141506
36.85 0 0.931134874578
36.86 0 0.931922414364
36.87 0 0.931940811457
36.88 0 0.930702092218
36.89 0 0.930308918221
36.9 0 0.931473276805
36.91 0 0.936920586903
36.92 0 0.937384136677
36.93 0 0.937384136677
36.94 0 0.937706449129
36.95 0 0.937569407955
36.96 0 0.937569407955
36.97 0 0.940962665852
36.98 0 0.942249544378
36.99 0 0.943538152297
37.0 0 0.945064628192
37.01 0 0.947029330069
37.02 0 0.945435240198
37.03 0 0.944954287231
37.04 0 0.944954287231
37.05 0 0.950025644153
37.06 0 0.953382384577
37.07 0 0.95380641916
37.08 0 0.953464412366
37.09 0 0.952049895796
37.1 0 0.95131779056
37.11 0 0.950791964569
37.12 0 0.950736267288
37.13 0 0.951350682427
37.14 0 0.950796992204
37.15 0 0.950796992204
37.16 0 0.948427322401
37.17 0 0.944202003809
37.18 0 0.942448058155
37.19 0 0.940391779481
37.2 0 0.938762596391
37.21 0 0.937001584586
37.22 0 0.935347140093
37.23 0 0.934674181379
37.24 0 0.934224450369
37.25 0 0.932622556021
37.26 0 0.931827165542
37.27 0 0.93094701762
37.28 0 0.928852649462
37.29 0 0.925060804074
37.3 0 0.923418919708
37.31 0 0.921974454959
37.32 0 0.921410449348
37.33 0 0.919384093733
37.34 0 0.91838819309
37.35 0 0.917244792334
37.36 0 0.916993357519
37.37 0 0.916993357519
37.38 0 0.917448513672
37.39 0 0.917448513672
37.4 0 0.919874255131
37.41 0 0.920196311131
37.42 0 0.921059617095
37.43 0 0.920839796963
37.44 0 0.922008453657
37.45 0 0.923328505245
37.46 0 0.924871554042
37.47 0 0.926744762489
37.48 0 0.927027541801
37.49 0 0.927061287486
37.5 0 0.927454366997
37.51 0 0.927690332018
37.52 0 0.928040076079
37.53 0 0.928273474527
37.54 0 0.928494005342
37.55 0 0.928494005342
37.56 0 0.928494005342
37.57 0 0.936374083186
37.58 0 0.936374083186
37.59 0 0.94231101078
37.6 0 0.942133428705
37.61 0 0.940241240517
37.62 0 0.937126796262
37.63 0 0.936250060594
37.64 0 0.935074007199
37.65 0 0.935155509661
37.66 0 0.935422156887
37.67 0 0.935197333149
37.68 0 0.938005217337
37.69 0 0.938507980865
37.7 0 0.938648618931
37.71 0 0.936201389604
37.72 0 0.936201389604
37.73 0 0.935003792406
37.74 0 0.940275854875
37.75 0 0.944345727871
37.76 0 0.944327120843
37.77 0 0.949007730565
37.78 0 0.95079019735
37.79 0 0.952858897071
37.8 0 0.95530169713
37.81 0 0.957018045554
37.82 0 0.957018045554
37.83 0 0.961924041663
37.84 0 0.962376452904
37.85 0 0.961260612892
37.86 0 0.961260612892
37.87 0 0.960533847831
37.88 0 0.959482358854
37.89 0 0.959141016912
37.9 0 0.958657213048
37.91 0 0.960064797193
37.92 0 0.960548700672
37.93 0 0.960372757717
37.94 0 0.960372757717
37.95 0 0.960372757717
37.96 0 0.960372757717
37.97 0 0.960844122759
37.98 0 0.960844122759
37.99 0 0.960844122759
38.0 0 0.954478283992
38.01 0 0.954478283992
38.02 0 0.954478283992
38.03 0 0.950177087606
38.04 0 0.949110299781
38.05 0 0.947098550661
38.06 0 0.942652696225
38.07 0 0.94116511316
38.08 0 0.94116511316
38.09 0 0.94116511316
38.1 0 0.935206174824
38.11 0 0.935206174824
38.12 0 0.935206174824
38.13 0 0.932914189181
38.14 0 0.932432554817
38.15 0 0.931004121567
38.16 0 0.932059013608
38.17 0 0.93220065572
38.18 0 0.933287064527
38.19 0 0.935723513096
38.2 0 0.936000847398
38.21 0 0.936700419191
38.22 0 0.93785667271
38.23 0 0.938022403753
38.24 0 0.939934103478
38.25 0 0.94087551171
38.26 0 0.941443737271
38.27 0 0.940790490686
38.28 0 0.941013643212
38.29 0 0.941349222419
38.3 0 0.94219016895
38.31 0 0.941883003829
38.32 0 0.943067289136
38.33 0 0.94824364031
38.34 0 0.94822370806
38.35 0 0.948359735118
38.36 0 0.953356002864
38.37 0 0.953838618881
38.38 0 0.953788441216
38.39 0 0.957184555097
38.4 0 0.956425924389
38.41 0 0.955230230903
38.42 0 0.954779239659
38.43 0 0.956158309323
38.44 0 0.949632324725
38.45 0 0.95599652595
38.46 0 0.95839195769
38.47 0 0.961452144158
38.48 0 0.966075039046
38.49 0 0.966978503063
38.5 0 0.961347145537
38.51 0 0.965263208504
38.52 0 0.962023791578
38.53 0 0.962023791578
38.54 0 0.973365604121
38.55 0 0.975821636564
38.56 0 0.975821636564
38.57 0 0.978952378032
38.58 0 0.979303970858
38.59 0 0.980157834877
38.6 0 0.980157834877
38.61 0 0.980157834877
38.62 0 0.984360148389
38.63 0 0.984360148389
38.64 0 0.984360148389
38.65 0 0.985318238273
38.66 0 0.984950478762
38.67 0 0.984199604593
38.68 0 0.983811518289
38.69 0 0.986227287266
38.7 0 0.985571461014
38.71 0 0.986306146769
38.72 0 0.986009294105
38.73 0 0.985436296111
38.74 0 0.985185274926
38.75 0 0.98410342439
38.76 0 0.983090285673
38.77 0 0.983455543864
38.78 0 0.982874658075
38.79 0 0.979535368207
38.8 0 0.978666834684
38.81 0 0.978181758013
38.82 0 0.97755473991
38.83 0 0.9771554407
38.84 0 0.974502401673
38.85 0 0.971997908885
38.86 0 0.9704582278
38.87 0 0.9704582278
38.88 0 0.9704582278
38.89 0 0.960720157572
38.9 0 0.960720157572
38.91 0 0.955088714
38.92 0 0.954305505961
38.93 0 0.954305505961
38.94 0 0.954305505961
38.95 0 0.9521928451
38.96 0 0.952661746243
38.97 0 0.951412725862
38.98 0 0.95094423064
38.99 0 0.948864762924
39.0 0 0.949324234909
