time index height
0.01 0 0.0
0.02 0 0.0260054060606
0.03 0 0.0260054060606
0.04 0 0.0283031454843
0.05 0 0.031774360391
0.06 0 0.03739392407
0.07 0 0.0394413877771
0.08 0 0.0445713875182
0.09 0 0.0474689124755
0.1 0 0.0520759072283
0.11 0 0.0565285091818
0.12 0 0.0565285091818
0.13 0 0.0565285091818
0.14 0 0.0687006593708
0.15 0 0.0687006593708
0.16 0 0.0687006593708
0.17 0 0.0801830570466
0.18 0 0.0829109846964
0.19 0 0.0829109846964
0.2 0 0.0829109846964
0.21 0 0.0829109846964
0.22 0 0.0880418042796
0.23 0 0.0880418042796
0.24 0 0.0944687765125
0.25 0 0.0980422024238
0.26 0 0.100354947849
0.27 0 0.101678922567
0.28 0 0.10371052191
0.29 0 0.105490125252
0.3 0 0.106303752278
0.31 0 0.107144612738
0.32 0 0.107469940496
0.33 0 0.107238045998
0.34 0 0.106968429386
0.35 0 0.106210184867
0.36 0 0.10473396567
0.37 0 0.104529317683
0.38 0 0.103453314471
0.39 0 0.101579848151
0.4 0 0.0993291618762
0.41 0 0.0973740905962
0.42 0 0.0921755411858
0.43 0 0.0918350735583
0.44 0 0.0894021199349
0.45 0 0.0848473365603
0.46 0 0.0802335321053
0.47 0 0.0802335321053
0.48 0 0.0802335321053
0.49 0 0.0636671576131
0.5 0 0.0636671576131
0.51 0 0.0636671576131
0.52 0 0.0636671576131
0.53 0 0.0412654848184
0.54 0 0.0412654848184
0.55 0 0.0412654848184
0.56 0 0.0315256002876
0.57 0 0.0315256002876
0.58 0 0.0326268318657
0.59 0 0.0333584748365
0.6 0 0.0340350750356
0.61 0 0.0352086443669
0.62 0 0.0360500946625
0.63 0 0.0369922568356
0.64 0 0.0378077076705
0.65 0 0.0382110884867
0.66 0 0.0386007400131
0.67 0 0.0395452711216
0.68 0 0.0399447621762
0.69 0 0.0402146916267
0.7 0 0.0405558604647
0.71 0 0.0408537058729
0.72 0 0.0409602427027
0.73 0 0.0412590137215
0.74 0 0.0414161789882
0.75 0 0.0414901268687
0.76 0 0.0411932505228
0.77 0 0.0410617600189
0.78 0 0.0410540409102
0.79 0 0.0410427083888
0.8 0 0.0408927188173
0.81 0 0.0404374464343
0.82 0 0.0402673430266
0.83 0 0.0397586100996
0.84 0 0.0396155885503
0.85 0 0.0391406450768
0.86 0 0.0382817200263
0.87 0 0.0373708813794
0.88 0 0.0373140275332
0.89 0 0.0374457049681
0.9 0 0.0374058722535
0.91 0 0.0377224537825
0.92 0 0.0386392209437
0.93 0 0.0386392209437
0.94 0 0.0405983264497
0.95 0 0.0423835057572
0.96 0 0.0444064280503
0.97 0 0.0471241062898
0.98 0 0.0498326044528
0.99 0 0.0508781376475
1.0 0 0.0517035426668
1.01 0 0.0517035426668
1.02 0 0.0533605883719
1.03 0 0.0535102842469
1.04 0 0.0535102842469
1.05 0 0.0535102842469
1.06 0 0.0535102842469
1.07 0 0.054414592565
1.08 0 0.054414592565
1.09 0 0.0541349358178
1.1 0 0.0540778181008
1.11 0 0.05436525944
1.12 0 0.05436525944
1.13 0 0.05436525944
1.14 0 0.05436525944
1.15 0 0.0550086845488
1.16 0 0.0552232512862
1.17 0 0.0551685274091
1.18 0 0.0555590465833
1.19 0 0.0555590465833
1.2 0 0.0555590465833
1.21 0 0.0555590465833
1.22 0 0.0547984075185
1.23 0 0.0540670636196
1.24 0 0.0534800304839
1.25 0 0.0526196547701
1.26 0 0.0515098263332
1.27 0 0.0507775806787
1.28 0 0.0499028515758
1.29 0 0.0491665516992
1.3 0 0.0487070316385
1.31 0 0.0481813632722
1.32 0 0.0480667280049
1.33 0 0.0477417234883
1.34 0 0.0456361319035
1.35 0 0.0440460797915
1.36 0 0.0429193997685
1.37 0 0.0421227780881
1.38 0 0.042131833239
1.39 0 0.0432891856713
1.4 0 0.0439008164716
1.41 0 0.0455112127993
1.42 0 0.0474155473686
1.43 0 0.0475166500664
1.44 0 0.0485975303844
1.45 0 0.0489193374606
1.46 0 0.049718378997
1.47 0 0.0502696296067
1.48 0 0.0505839623676
1.49 0 0.0507347587165
1.5 0 0.0506958484113
1.51 0 0.0514331512991
1.52 0 0.0520502746599
1.53 0 0.0528515702022
1.54 0 0.0536072528509
1.55 0 0.0538174622103
1.56 0 0.0541350819438
1.57 0 0.0545028749804
1.58 0 0.0544514232345
1.59 0 0.055476935534
1.6 0 0.0564832597224
1.61 0 0.0565015881557
1.62 0 0.0565791541889
1.63 0 0.0563917853797
1.64 0 0.0555529537195
1.65 0 0.0542643547124
1.66 0 0.0540354090485
1.67 0 0.053226741484
1.68 0 0.0534721984202
1.69 0 0.053206841597
1.7 0 0.0524467777372
1.71 0 0.0519217549049
1.72 0 0.0510147750668
1.73 0 0.0507931834261
1.74 0 0.051780589474
1.75 0 0.0524957905796
1.76 0 0.0531310773445
1.77 0 0.0552347286873
1.78 0 0.0558483507641
1.79 0 0.0580283588149
1.8 0 0.0595183277572
1.81 0 0.0612688314865
1.82 0 0.0649397072421
1.83 0 0.0649397072421
1.84 0 0.0661711843501
1.85 0 0.0668416434156
1.86 0 0.0682198194054
1.87 0 0.0688743512194
1.88 0 0.0694981651809
1.89 0 0.0701573070662
1.9 0 0.0702597836462
1.91 0 0.0705022828426
1.92 0 0.0708334943594
1.93 0 0.0712318717669
1.94 0 0.0713421604011
1.95 0 0.0716150193792
1.96 0 0.0716150193792
1.97 0 0.0716150193792
1.98 0 0.0734231234839
1.99 0 0.0734231234839
2.0 0 0.0732354483205
2.01 0 0.0728135054154
2.02 0 0.0731365293622
2.03 0 0.0732186361488
2.04 0 0.0730854429328
2.05 0 0.072868482825
2.06 0 0.0721509526802
2.07 0 0.0716413257708
2.08 0 0.0705073578233
2.09 0 0.0692871951909
2.1 0 0.0686564175765
2.11 0 0.0681009117644
2.12 0 0.0668663219953
2.13 0 0.0667493889991
2.14 0 0.065838051954
2.15 0 0.0657110146618
2.16 0 0.0649672815216
2.17 0 0.064751631847
2.18 0 0.064751631847
2.19 0 0.064751631847
2.2 0 0.0618060751202
2.21 0 0.0618060751202
2.22 0 0.0597907208965
2.23 0 0.0602452316202
2.24 0 0.0625312247318
2.25 0 0.0630412579849
2.26 0 0.0644865670935
2.27 0 0.0656299332266
2.28 0 0.0665529614361
2.29 0 0.0670948930779
2.3 0 0.0681812185915
2.31 0 0.0694044220197
2.32 0 0.0702330332582
2.33 0 0.0714087197743
2.34 0 0.0716044780598
2.35 0 0.072557729397
2.36 0 0.0726396413319
2.37 0 0.0757530250344
2.38 0 0.0760402391189
2.39 0 0.07675244912
2.4 0 0.0785376027115
2.41 0 0.0792569897672
2.42 0 0.0806840547139
2.43 0 0.0822831135528
2.44 0 0.0840349622126
2.45 0 0.0849756475779
2.46 0 0.0866320563162
2.47 0 0.0881121187818
2.48 0 0.0894224845897
2.49 0 0.0904861918938
2.5 0 0.0908822315603
2.51 0 0.0920656547921
2.52 0 0.0926395607401
2.53 0 0.0936058244893
2.54 0 0.0932680425926
2.55 0 0.0933430794313
2.56 0 0.0933196334617
2.57 0 0.093463090876
2.58 0 0.0940074484744
2.59 0 0.0943144524931
2.6 0 0.0950394150285
2.61 0 0.0954162742919
2.62 0 0.0958193935083
2.63 0 0.0965524875102
2.64 0 0.0968905936422
2.65 0 0.0965215301971
2.66 0 0.0964334176324
2.67 0 0.0963732215601
2.68 0 0.0964297116472
2.69 0 0.0964297116472
2.7 0 0.0964297116472
2.71 0 0.0959034290199
2.72 0 0.0959034290199
2.73 0 0.0959034290199
2.74 0 0.0953488401305
2.75 0 0.0953488401305
2.76 0 0.0949631317676
2.77 0 0.0951339198331
2.78 0 0.0948132858562
2.79 0 0.0946471415498
2.8 0 0.0944807584864
2.81 0 0.0940151170832
2.82 0 0.0947813207935
2.83 0 0.0947961646835
2.84 0 0.0950412687819
2.85 0 0.0946247399329
2.86 0 0.0943520000311
2.87 0 0.0946273394969
2.88 0 0.0948253083636
2.89 0 0.0950059552228
2.9 0 0.0951239302689
2.91 0 0.0952354112256
2.92 0 0.0953488249718
2.93 0 0.0948260604345
2.94 0 0.093442546393
2.95 0 0.092841680362
2.96 0 0.0925948304836
2.97 0 0.0919499580127
2.98 0 0.0910675436255
2.99 0 0.0903672308793
3.0 0 0.0905396791024
3.01 0 0.0905396791024
3.02 0 0.0905396791024
3.03 0 0.0908687087004
3.04 0 0.0908687087004
3.05 0 0.0927336159441
3.06 0 0.0931997998354
3.07 0 0.0953444179021
3.08 0 0.0979139672807
3.09 0 0.0994050565351
3.1 0 0.103029468931
3.11 0 0.103029468931
3.12 0 0.108013465198
3.13 0 0.110626096606
3.14 0 0.114445908458
3.15 0 0.118730937963
3.16 0 0.121787273337
3.17 0 0.123388676582
3.18 0 0.126353608817
3.19 0 0.125729968723
3.2 0 0.130410600464
3.21 0 0.131647459365
3.22 0 0.133116713158
3.23 0 0.132886751588
3.24 0 0.135246321047
3.25 0 0.136236500861
3.26 0 0.137061073059
3.27 0 0.13757254186
3.28 0 0.137392401056
3.29 0 0.137261206786
3.3 0 0.136258992
3.31 0 0.136655190533
3.32 0 0.136655190533
3.33 0 0.139531677502
3.34 0 0.140805175446
3.35 0 0.141668178105
3.36 0 0.142693112922
3.37 0 0.144233704274
3.38 0 0.145757315016
3.39 0 0.146884899808
3.4 0 0.147739662161
3.41 0 0.14873139006
3.42 0 0.149330672795
3.43 0 0.149651126434
3.44 0 0.150272351055
3.45 0 0.15033084625
3.46 0 0.15228229767
3.47 0 0.152934049893
3.48 0 0.153779216402
3.49 0 0.155375957649
3.5 0 0.155558656336
3.51 0 0.157615913478
3.52 0 0.158656514827
3.53 0 0.159523720195
3.54 0 0.160289291414
3.55 0 0.160341300865
3.56 0 0.160920525367
3.57 0 0.161014458112
3.58 0 0.161897906558
3.59 0 0.161809762538
3.6 0 0.161874475792
3.61 0 0.161979905728
3.62 0 0.161614376833
3.63 0 0.160442596425
3.64 0 0.159997335649
3.65 0 0.159248239597
3.66 0 0.158936652106
3.67 0 0.158328063431
3.68 0 0.158190350823
3.69 0 0.157834440441
3.7 0 0.157801574641
3.71 0 0.157694712925
3.72 0 0.157820893885
3.73 0 0.158222445742
3.74 0 0.158372476757
3.75 0 0.159240604471
3.76 0 0.159525216699
3.77 0 0.159667826987
3.78 0 0.160476026556
3.79 0 0.161509562107
3.8 0 0.16181314324
3.81 0 0.163004691345
3.82 0 0.163600451343
3.83 0 0.164617671724
3.84 0 0.165476681975
3.85 0 0.166598303441
3.86 0 0.167387769707
3.87 0 0.168408282921
3.88 0 0.168342143923
3.89 0 0.168342143923
3.9 0 0.168342143923
3.91 0 0.172850045811
3.92 0 0.174204293142
3.93 0 0.174977559116
3.94 0 0.176374374121
3.95 0 0.176547189538
3.96 0 0.178761141243
3.97 0 0.180828455595
3.98 0 0.181812520902
3.99 0 0.181744453129
4.0 0 0.184529023025
4.01 0 0.18651972886
4.02 0 0.187303069631
4.03 0 0.189092648785
4.04 0 0.190370066836
4.05 0 0.190946642832
4.06 0 0.193251684615
4.07 0 0.196158223018
4.08 0 0.196769914054
4.09 0 0.197693610061
4.1 0 0.198141288066
4.11 0 0.198812973789
4.12 0 0.199268184898
4.13 0 0.199467749419
4.14 0 0.200037642556
4.15 0 0.200266732988
4.16 0 0.200251838627
4.17 0 0.200226475709
4.18 0 0.199902201061
4.19 0 0.199961616292
4.2 0 0.198477774437
4.21 0 0.198272056002
4.22 0 0.197898645243
4.23 0 0.197557038814
4.24 0 0.197588582877
4.25 0 0.197835298953
4.26 0 0.198027389801
4.27 0 0.197980067934
4.28 0 0.198008989591
4.29 0 0.197892961081
4.3 0 0.197776643091
4.31 0 0.19808196647
4.32 0 0.198682830574
4.33 0 0.199890001681
4.34 0 0.200914516821
4.35 0 0.200914516821
4.36 0 0.200914516821
4.37 0 0.205464150907
4.38 0 0.206122197661
4.39 0 0.206193640172
4.4 0 0.206511618732
4.41 0 0.206793417043
4.42 0 0.207272702242
4.43 0 0.20743504676
4.44 0 0.207179648895
4.45 0 0.207439673727
4.46 0 0.208458256716
4.47 0 0.209104601675
4.48 0 0.209558107873
4.49 0 0.211096007511
4.5 0 0.211274540501
4.51 0 0.212164358627
4.52 0 0.212808457256
4.53 0 0.21312568573
4.54 0 0.21312568573
4.55 0 0.21312568573
4.56 0 0.212817856488
4.57 0 0.212470368451
4.58 0 0.212193020429
4.59 0 0.211811140561
4.6 0 0.211657433135
4.61 0 0.213332540132
4.62 0 0.213790894982
4.63 0 0.213790894982
4.64 0 0.21575531126
4.65 0 0.216752032204
4.66 0 0.216856677103
4.67 0 0.216904251164
4.68 0 0.216892330663
4.69 0 0.216456948809
4.7 0 0.217243272214
4.71 0 0.216538048192
4.72 0 0.214425506237
4.73 0 0.21460766772
4.74 0 0.211921806254
4.75 0 0.21218667558
4.76 0 0.211021297162
4.77 0 0.20806167145
4.78 0 0.207229952108
4.79 0 0.206160751494
4.8 0 0.206023331552
4.81 0 0.206536970996
4.82 0 0.20756051152
4.83 0 0.208758543494
4.84 0 0.211358006588
4.85 0 0.21398592752
4.86 0 0.214310351929
4.87 0 0.215002047711
4.88 0 0.217160230598
4.89 0 0.218193381847
4.9 0 0.219340552854
4.91 0 0.219775529131
4.92 0 0.219510557577
4.93 0 0.218430839631
4.94 0 0.217643756425
4.95 0 0.216860213063
4.96 0 0.215296366501
4.97 0 0.21291676698
4.98 0 0.210013525233
4.99 0 0.20832470519
5.0 0 0.206379908576
5.01 0 0.205241903955
5.02 0 0.204903985216
5.03 0 0.204878509124
5.04 0 0.204637376653
5.05 0 0.204902891473
5.06 0 0.204966497401
5.07 0 0.205286998082
5.08 0 0.205135204067
5.09 0 0.205135204067
5.1 0 0.205135204067
5.11 0 0.205591436133
5.12 0 0.205993122365
5.13 0 0.207251221841
5.14 0 0.207484698092
5.15 0 0.207753205922
5.16 0 0.208479610106
5.17 0 0.208856523376
5.18 0 0.208973651736
5.19 0 0.209340189365
5.2 0 0.209187662082
5.21 0 0.209667238121
5.22 0 0.209872497914
5.23 0 0.209819279203
5.24 0 0.210127946625
5.25 0 0.210129274344
5.26 0 0.211771658414
5.27 0 0.210935766244
5.28 0 0.209068555714
5.29 0 0.208345959856
5.3 0 0.205656173283
5.31 0 0.205130629648
5.32 0 0.204891262222
5.33 0 0.204120764327
5.34 0 0.204162033471
5.35 0 0.203180607012
5.36 0 0.202584905275
5.37 0 0.201810428672
5.38 0 0.201621388736
5.39 0 0.202249623994
5.4 0 0.201347949041
5.41 0 0.204052597977
5.42 0 0.206243269721
5.43 0 0.207846833154
5.44 0 0.207846833154
5.45 0 0.210768407472
5.46 0 0.210768407472
5.47 0 0.210768407472
5.48 0 0.210768407472
5.49 0 0.218004022979
5.5 0 0.218004022979
5.51 0 0.218004022979
5.52 0 0.228160825693
5.53 0 0.228160825693
5.54 0 0.228160825693
5.55 0 0.241664348409
5.56 0 0.242533085805
5.57 0 0.241823867184
5.58 0 0.242796006444
5.59 0 0.242063001959
5.6 0 0.243683274123
5.61 0 0.242721579309
5.62 0 0.241851726291
5.63 0 0.241779797421
5.64 0 0.240877528987
5.65 0 0.239328723448
5.66 0 0.237038795426
5.67 0 0.233594731045
5.68 0 0.231782107685
5.69 0 0.228248800841
5.7 0 0.226114208348
5.71 0 0.223511254778
5.72 0 0.222355106379
5.73 0 0.220645657562
5.74 0 0.216674996059
5.75 0 0.215547370647
5.76 0 0.212070497912
5.77 0 0.210234072368
5.78 0 0.20857453585
5.79 0 0.205141654922
5.8 0 0.202412413723
5.81 0 0.196567332444
5.82 0 0.193023112899
5.83 0 0.189172942108
5.84 0 0.188066105551
5.85 0 0.185037167769
5.86 0 0.184576847647
5.87 0 0.180133768222
5.88 0 0.178767669871
5.89 0 0.177736324415
5.9 0 0.176019058274
5.91 0 0.173515976441
5.92 0 0.170464929517
5.93 0 0.168146593755
5.94 0 0.165612179442
5.95 0 0.163032214802
5.96 0 0.15935651935
5.97 0 0.155722124549
5.98 0 0.154824278616
5.99 0 0.152940938067
6.0 0 0.149530876861
6.01 0 0.148468714323
6.02 0 0.146542040172
6.03 0 0.145620886314
6.04 0 0.144231803085
6.05 0 0.143720783271
6.06 0 0.142894742651
6.07 0 0.142244534578
6.08 0 0.142231336016
6.09 0 0.142748781728
6.1 0 0.142802179599
6.11 0 0.143362518253
6.12 0 0.143164870436
6.13 0 0.142717548318
6.14 0 0.142628012974
6.15 0 0.142377680627
6.16 0 0.14449390416
6.17 0 0.14449390416
6.18 0 0.144388901233
6.19 0 0.145756641403
6.2 0 0.149064100815
6.21 0 0.149802508029
6.22 0 0.152197915901
6.23 0 0.152197915901
6.24 0 0.156718409364
6.25 0 0.157810884628
6.26 0 0.16143679111
6.27 0 0.160835793822
6.28 0 0.164796347426
6.29 0 0.164179996575
6.3 0 0.164988169064
6.31 0 0.167807339551
6.32 0 0.166498515577
6.33 0 0.167076153921
6.34 0 0.167573810368
6.35 0 0.170860150566
6.36 0 0.170314885071
6.37 0 0.170314885071
6.38 0 0.172994596272
6.39 0 0.17114517628
6.4 0 0.171788778303
6.41 0 0.171949641568
6.42 0 0.173677579939
6.43 0 0.172630253276
6.44 0 0.172636412726
6.45 0 0.173176083106
6.46 0 0.171172915946
6.47 0 0.16888026043
6.48 0 0.167954397609
6.49 0 0.166395160765
6.5 0 0.166283134103
6.51 0 0.163880917842
6.52 0 0.16323769633
6.53 0 0.161097649814
6.54 0 0.158101849973
6.55 0 0.155075723291
6.56 0 0.15202464785
6.57 0 0.15202464785
6.58 0 0.15202464785
6.59 0 0.145424948518
6.6 0 0.145424948518
6.61 0 0.145424948518
6.62 0 0.142471311509
6.63 0 0.142471311509
6.64 0 0.142471311509
6.65 0 0.142471311509
6.66 0 0.143678252471
6.67 0 0.14338637914
6.68 0 0.143052684413
6.69 0 0.142778952033
6.7 0 0.143680137497
6.71 0 0.14555609569
6.72 0 0.146022894007
6.73 0 0.147622943241
6.74 0 0.147928291987
6.75 0 0.147924048236
6.76 0 0.14802741725
6.77 0 0.148536664739
6.78 0 0.148067590046
6.79 0 0.147567807256
6.8 0 0.145876410568
6.81 0 0.14549131654
6.82 0 0.145569487409
6.83 0 0.146133581002
6.84 0 0.145632589718
6.85 0 0.144949568701
6.86 0 0.144328425292
6.87 0 0.143935350048
6.88 0 0.142106395804
6.89 0 0.140141379466
6.9 0 0.140141379466
6.91 0 0.143720235072
6.92 0 0.143720235072
6.93 0 0.143864829933
6.94 0 0.145768447972
6.95 0 0.145663948084
6.96 0 0.145718108112
6.97 0 0.148121169864
6.98 0 0.14799408222
6.99 0 0.147641604082
7.0 0 0.147803977134
7.01 0 0.150215200096
7.02 0 0.151522512581
7.03 0 0.152013403713
7.04 0 0.154771087442
7.05 0 0.157942952079
7.06 0 0.157942952079
7.07 0 0.157716335576
7.08 0 0.160811190955
7.09 0 0.160932648376
7.1 0 0.160428928755
7.11 0 0.160434823439
7.12 0 0.159245970757
7.13 0 0.161026992489
7.14 0 0.161556650249
7.15 0 0.162155834871
7.16 0 0.165900279456
7.17 0 0.16801892111
7.18 0 0.168051981399
7.19 0 0.169949547875
7.2 0 0.171847055179
7.21 0 0.173682573497
7.22 0 0.174354904268
7.23 0 0.173659730796
7.24 0 0.172368726128
7.25 0 0.169423898762
7.26 0 0.16859805004
7.27 0 0.167380596488
7.28 0 0.166632386505
7.29 0 0.166924563817
7.3 0 0.166924563817
7.31 0 0.164522857885
7.32 0 0.164297483278
7.33 0 0.162115099471
7.34 0 0.161839974104
7.35 0 0.160881315829
7.36 0 0.156998317644
7.37 0 0.1562412286
7.38 0 0.15270979323
7.39 0 0.151606235169
7.4 0 0.148329863158
7.41 0 0.148329863158
7.42 0 0.145883614178
7.43 0 0.14589441828
7.44 0 0.145109225745
7.45 0 0.144741686034
7.46 0 0.144376758588
7.47 0 0.144002812302
7.48 0 0.144210934878
7.49 0 0.144304703448
7.5 0 0.144733929492
7.51 0 0.144733929492
7.52 0 0.144919898131
7.53 0 0.145131222223
7.54 0 0.145271175584
7.55 0 0.145367508854
7.56 0 0.145367508854
7.57 0 0.144595170457
7.58 0 0.144827257499
7.59 0 0.145022329071
7.6 0 0.144156022412
7.61 0 0.144161328913
7.62 0 0.142992166632
7.63 0 0.14255982085
7.64 0 0.141022467867
7.65 0 0.139539074556
7.66 0 0.138703307067
7.67 0 0.136536452931
7.68 0 0.133552085443
7.69 0 0.133175467109
7.7 0 0.132608182413
7.71 0 0.132930494658
7.72 0 0.13323605165
7.73 0 0.134211513328
7.74 0 0.13515098672
7.75 0 0.135920396842
7.76 0 0.136895574423
7.77 0 0.139012465039
7.78 0 0.140006692591
7.79 0 0.139944001887
7.8 0 0.138465146953
7.81 0 0.138475233029
7.82 0 0.140415656087
7.83 0 0.142062173643
7.84 0 0.141355704197
7.85 0 0.146347004096
7.86 0 0.146825430399
7.87 0 0.150697897461
7.88 0 0.150697897461
7.89 0 0.150697897461
7.9 0 0.150697897461
7.91 0 0.160888508562
7.92 0 0.160888508562
7.93 0 0.160888508562
7.94 0 0.173566895158
7.95 0 0.17540814435
7.96 0 0.179353911356
7.97 0 0.17981506565
7.98 0 0.182369868902
7.99 0 0.183017773411
8.0 0 0.184084712093
8.01 0 0.184084712093
8.02 0 0.183636323873
8.03 0 0.183554963762
8.04 0 0.18343713893
8.05 0 0.181619391959
8.06 0 0.181619391959
8.07 0 0.178068660025
8.08 0 0.177446600826
8.09 0 0.17466128789
8.1 0 0.172451809806
8.11 0 0.168015582905
8.12 0 0.164344259089
8.13 0 0.160051099881
8.14 0 0.157919627487
8.15 0 0.154015104135
8.16 0 0.15227007812
8.17 0 0.145078793819
8.18 0 0.141847226851
8.19 0 0.14038399404
8.2 0 0.137847256336
8.21 0 0.136623044145
8.22 0 0.136623044145
8.23 0 0.136623044145
8.24 0 0.136623044145
8.25 0 0.136502910449
8.26 0 0.136502910449
8.27 0 0.138846266369
8.28 0 0.1390704198
8.29 0 0.140735832454
8.3 0 0.140735832454
8.31 0 0.1427777062
8.32 0 0.145270925237
8.33 0 0.147459370434
8.34 0 0.147674822283
8.35 0 0.148745136424
8.36 0 0.14943228397
8.37 0 0.150100059344
8.38 0 0.150413347702
8.39 0 0.150474532274
8.4 0 0.151114931246
8.41 0 0.151114931246
8.42 0 0.150610772586
8.43 0 0.150159779243
8.44 0 0.149604288838
8.45 0 0.149438435111
8.46 0 0.149601634187
8.47 0 0.149847251443
8.48 0 0.150115545022
8.49 0 0.150115545022
8.5 0 0.150115545022
8.51 0 0.150115545022
8.52 0 0.150673507487
8.53 0 0.150673507487
8.54 0 0.153407158674
8.55 0 0.154657074253
8.56 0 0.154359206817
8.57 0 0.157445737421
8.58 0 0.159079062242
8.59 0 0.16045421096
8.6 0 0.16112535738
8.61 0 0.160034431609
8.62 0 0.161966572578
8.63 0 0.161416357129
8.64 0 0.163480773232
8.65 0 0.165783256055
8.66 0 0.166881863267
8.67 0 0.166160019846
8.68 0 0.168145162746
8.69 0 0.170775695737
8.7 0 0.172293993318
8.71 0 0.175376000058
8.72 0 0.17680910759
8.73 0 0.17801604795
8.74 0 0.179342170447
8.75 0 0.183211931448
8.76 0 0.18577972321
8.77 0 0.189166827856
8.78 0 0.18915537711
8.79 0 0.193862266565
8.8 0 0.193318979398
8.81 0 0.194114195235
8.82 0 0.19490097199
8.83 0 0.195632353646
8.84 0 0.196405775395
8.85 0 0.196465918257
8.86 0 0.196073829425
8.87 0 0.194150062345
8.88 0 0.192433754758
8.89 0 0.187726073099
8.9 0 0.186502727964
8.91 0 0.184976757472
8.92 0 0.182829797112
8.93 0 0.181520528876
8.94 0 0.178310207303
8.95 0 0.17772305661
8.96 0 0.17772305661
8.97 0 0.169723510258
8.98 0 0.169757699159
8.99 0 0.170265958737
9.0 0 0.170658617048
9.01 0 0.172331386909
9.02 0 0.174410902115
9.03 0 0.174112123251
9.04 0 0.173347027906
9.05 0 0.171037040783
9.06 0 0.169893791952
9.07 0 0.169594381339
9.08 0 0.169388455468
9.09 0 0.168494544411
9.1 0 0.168494544411
9.11 0 0.168494544411
9.12 0 0.168494544411
9.13 0 0.16719003602
9.14 0 0.166812349397
9.15 0 0.166500610382
9.16 0 0.166446330016
9.17 0 0.166738055335
9.18 0 0.167266463546
9.19 0 0.16783194286
9.2 0 0.168275008314
9.21 0 0.168461766089
9.22 0 0.168589507013
9.23 0 0.167143781453
9.24 0 0.167062367634
9.25 0 0.167060065062
9.26 0 0.167897560636
9.27 0 0.169732999573
9.28 0 0.171372665858
9.29 0 0.172241806923
9.3 0 0.173719611622
9.31 0 0.174286972502
9.32 0 0.174289875187
9.33 0 0.174845679347
9.34 0 0.175070624536
9.35 0 0.176036559662
9.36 0 0.176036559662
9.37 0 0.176036559662
9.38 0 0.176036559662
9.39 0 0.179400290628
9.4 0 0.177896413057
9.41 0 0.177809020851
9.42 0 0.179528891726
9.43 0 0.182561616974
9.44 0 0.182089981046
9.45 0 0.182199892658
9.46 0 0.186374751072
9.47 0 0.187466456805
9.48 0 0.191373414497
9.49 0 0.190904232384
9.5 0 0.19628648321
9.51 0 0.195803382972
9.52 0 0.199476349136
9.53 0 0.196209072973
9.54 0 0.202931761988
9.55 0 0.205682321752
9.56 0 0.20805717118
9.57 0 0.208923464085
9.58 0 0.209955108026
9.59 0 0.209784695606
9.6 0 0.209048919047
9.61 0 0.204932016261
9.62 0 0.202695537611
9.63 0 0.202656761326
9.64 0 0.200925423255
9.65 0 0.198716401405
9.66 0 0.199517673843
9.67 0 0.198017411959
9.68 0 0.198867555085
9.69 0 0.199233298047
9.7 0 0.20004999982
9.71 0 0.200259186113
9.72 0 0.200446970257
9.73 0 0.200433065559
9.74 0 0.200116003291
9.75 0 0.200116003291
9.76 0 0.200116003291
9.77 0 0.195252151694
9.78 0 0.191832434657
9.79 0 0.188161767334
9.8 0 0.188161767334
9.81 0 0.186890877514
9.82 0 0.183875940296
9.83 0 0.183879607688
9.84 0 0.184056134167
9.85 0 0.184773814316
9.86 0 0.185401741822
9.87 0 0.185486529463
9.88 0 0.186372712455
9.89 0 0.186781443145
9.9 0 0.187066331006
9.91 0 0.187600426798
9.92 0 0.188638563089
9.93 0 0.190529173621
9.94 0 0.190529173621
9.95 0 0.192323398291
9.96 0 0.193017749148
9.97 0 0.193028380548
9.98 0 0.19327906435
9.99 0 0.193914226178
10.0 0 0.194665320689
10.01 0 0.194796985126
10.02 0 0.195308459471
10.03 0 0.195220386617
10.04 0 0.196919840415
10.05 0 0.19782191814
10.06 0 0.198584976893
10.07 0 0.198595060913
10.08 0 0.198595060913
10.09 0 0.198595060913
10.1 0 0.203978959102
10.11 0 0.203978959102
10.12 0 0.203978959102
10.13 0 0.203978959102
10.14 0 0.206430264968
10.15 0 0.208602496658
10.16 0 0.209920364684
10.17 0 0.210409669809
10.18 0 0.209507899582
10.19 0 0.20947407719
10.2 0 0.20947407719
10.21 0 0.20947407719
10.22 0 0.210220408811
10.23 0 0.210932466662
10.24 0 0.213101458645
10.25 0 0.213885296389
10.26 0 0.216740029584
10.27 0 0.216272365216
10.28 0 0.218917806197
10.29 0 0.218922391991
10.3 0 0.218922391991
10.31 0 0.218922391991
10.32 0 0.228328728349
10.33 0 0.228328728349
10.34 0 0.228328728349
10.35 0 0.232757467249
10.36 0 0.232757467249
10.37 0 0.232757467249
10.38 0 0.234675052111
10.39 0 0.234103241364
10.4 0 0.234473545945
10.41 0 0.234761499026
10.42 0 0.234733675564
10.43 0 0.234748777725
10.44 0 0.235036186022
10.45 0 0.234677191976
10.46 0 0.234546145604
10.47 0 0.234912519529
10.48 0 0.233957882439
10.49 0 0.233810757294
10.5 0 0.234039768228
10.51 0 0.236931597395
10.52 0 0.237095752217
10.53 0 0.238692784368
10.54 0 0.238753925099
10.55 0 0.238919278234
10.56 0 0.238708041601
10.57 0 0.238490011448
10.58 0 0.23600565816
10.59 0 0.234461011251
10.6 0 0.232327841664
10.61 0 0.229027537057
10.62 0 0.225782167609
10.63 0 0.22099596128
10.64 0 0.218263728034
10.65 0 0.216978472136
10.66 0 0.21505377868
10.67 0 0.209667965827
10.68 0 0.207143357047
10.69 0 0.204514520466
10.7 0 0.198554334881
10.71 0 0.196942884847
10.72 0 0.196214408
10.73 0 0.192462000258
10.74 0 0.188691696027
10.75 0 0.187221345224
10.76 0 0.186457897164
10.77 0 0.185389950543
10.78 0 0.185283691207
10.79 0 0.185476338365
10.8 0 0.185588240542
10.81 0 0.186325047882
10.82 0 0.186690546892
10.83 0 0.188086807475
10.84 0 0.188120502969
10.85 0 0.188604365987
10.86 0 0.190030825466
10.87 0 0.190036886119
10.88 0 0.190206573123
10.89 0 0.191615331055
10.9 0 0.192261036018
10.91 0 0.192795620345
10.92 0 0.192877308876
10.93 0 0.194355608833
10.94 0 0.194696872096
10.95 0 0.197444926656
10.96 0 0.197254959983
10.97 0 0.199824647959
10.98 0 0.203871741182
10.99 0 0.206916434669
11.0 0 0.208883471778
11.01 0 0.208883471778
11.02 0 0.208883471778
11.03 0 0.208883471778
11.04 0 0.217182181307
11.05 0 0.221197929027
11.06 0 0.222432612207
11.07 0 0.222241178216
11.08 0 0.225911231985
11.09 0 0.223534867363
11.1 0 0.221560041619
11.11 0 0.226244203977
11.12 0 0.223122478483
11.13 0 0.223934961985
11.14 0 0.226986924282
11.15 0 0.224959271559
11.16 0 0.227603715592
11.17 0 0.229530137553
11.18 0 0.228804627809
11.19 0 0.227223037928
11.2 0 0.224952161284
11.21 0 0.223565800166
11.22 0 0.221927280267
11.23 0 0.220385789523
11.24 0 0.219314780704
11.25 0 0.218365181825
11.26 0 0.216943496971
11.27 0 0.216788528541
11.28 0 0.217117089255
11.29 0 0.217530257415
11.3 0 0.217080951028
11.31 0 0.216314608766
11.32 0 0.216229319462
11.33 0 0.214356753028
11.34 0 0.214132431276
11.35 0 0.213402222595
11.36 0 0.212885471073
11.37 0 0.212094265052
11.38 0 0.211538552812
11.39 0 0.210912550935
11.4 0 0.210933206746
11.41 0 0.211280100677
11.42 0 0.211439319106
11.43 0 0.211403206935
11.44 0 0.213650780396
11.45 0 0.213650780396
11.46 0 0.21962501136
11.47 0 0.219898914816
11.48 0 0.221072393656
11.49 0 0.222982695975
11.5 0 0.223671275938
11.51 0 0.224843051517
11.52 0 0.224855045848
11.53 0 0.224991191325
11.54 0 0.224891473882
11.55 0 0.224891473882
11.56 0 0.224891473882
11.57 0 0.228013807339
11.58 0 0.229466295021
11.59 0 0.230432706951
11.6 0 0.230276970922
11.61 0 0.23166888902
11.62 0 0.232306327507
11.63 0 0.232306327507
11.64 0 0.232306327507
11.65 0 0.235451591006
11.66 0 0.234793207237
11.67 0 0.239189230984
11.68 0 0.239603806321
11.69 0 0.241953427917
11.7 0 0.24613540096
11.71 0 0.249182872929
11.72 0 0.253708965323
11.73 0 0.253112002472
11.74 0 0.253112002472
11.75 0 0.262808448364
11.76 0 0.26342394398
11.77 0 0.265256165949
11.78 0 0.266121013659
11.79 0 0.267717318187
11.8 0 0.26468039906
11.81 0 0.26369421646
11.82 0 0.254314116451
11.83 0 0.266988205548
11.84 0 0.266988205548
11.85 0 0.273938531259
11.86 0 0.273833277966
11.87 0 0.275530409325
11.88 0 0.276760092298
11.89 0 0.279172717784
11.9 0 0.28252806734
11.91 0 0.283682125606
11.92 0 0.28354836089
11.93 0 0.283270605739
11.94 0 0.282033896398
11.95 0 0.279176293005
11.96 0 0.275401627355
11.97 0 0.275456395365
11.98 0 0.273209859217
11.99 0 0.271919824899
12.0 0 0.272110143081
12.01 0 0.272283430756
12.02 0 0.270926611594
12.03 0 0.269580709818
12.04 0 0.268485524397
12.05 0 0.267529101261
12.06 0 0.260929408897
12.07 0 0.260508450182
12.08 0 0.259058688962
12.09 0 0.258854205938
12.1 0 0.259449225368
12.11 0 0.259523898156
12.12 0 0.259022135559
12.13 0 0.258542255759
12.14 0 0.258065254563
12.15 0 0.258850681678
12.16 0 0.259314054282
12.17 0 0.260289197353
12.18 0 0.261443480597
12.19 0 0.261707022105
12.2 0 0.261956494375
12.21 0 0.261753179109
12.22 0 0.258415459423
12.23 0 0.258179186548
12.24 0 0.258219654048
12.25 0 0.257970656103
12.26 0 0.257781821275
12.27 0 0.257439383445
12.28 0 0.25610061366
12.29 0 0.253893410955
12.3 0 0.25210162558
12.31 0 0.250595717487
12.32 0 0.248797559234
12.33 0 0.248423070365
12.34 0 0.24906176212
12.35 0 0.249668546897
12.36 0 0.25075731546
12.37 0 0.251877367891
12.38 0 0.253811293594
12.39 0 0.254208966425
12.4 0 0.256199278083
12.41 0 0.257629521861
12.42 0 0.258938142052
12.43 0 0.261730364196
12.44 0 0.266419506904
12.45 0 0.267992660219
12.46 0 0.272314553489
12.47 0 0.274264191365
12.48 0 0.276642838409
12.49 0 0.276911497212
12.5 0 0.276911497212
12.51 0 0.276911497212
12.52 0 0.287633205793
12.53 0 0.289394574517
12.54 0 0.291988300712
12.55 0 0.290546349074
12.56 0 0.292385573506
12.57 0 0.290685032814
12.58 0 0.295633382549
12.59 0 0.293107054313
12.6 0 0.293107054313
12.61 0 0.296462999638
12.62 0 0.300847829151
12.63 0 0.302879912757
12.64 0 0.303062792095
12.65 0 0.306450134942
12.66 0 0.306760122403
12.67 0 0.307497780463
12.68 0 0.308807318379
12.69 0 0.308903777098
12.7 0 0.311303728503
12.71 0 0.312205887675
12.72 0 0.313594351466
12.73 0 0.313435320479
12.74 0 0.312858812942
12.75 0 0.310607526062
12.76 0 0.310053414916
12.77 0 0.308222175415
12.78 0 0.307191814863
12.79 0 0.305880644674
12.8 0 0.304496215281
12.81 0 0.303677792329
12.82 0 0.301560761971
12.83 0 0.3006954053
12.84 0 0.297976933391
12.85 0 0.292640098714
12.86 0 0.291386047782
12.87 0 0.286854282803
12.88 0 0.284713575542
12.89 0 0.283887719256
12.9 0 0.283174488083
12.91 0 0.283174488083
12.92 0 0.281320609546
12.93 0 0.281320609546
12.94 0 0.281320609546
12.95 0 0.27987637992
12.96 0 0.279460676297
12.97 0 0.278967680933
12.98 0 0.278248418121
12.99 0 0.277983019643
13.0 0 0.278111416411
13.01 0 0.27770751954
13.02 0 0.277496575023
13.03 0 0.279070707288
13.04 0 0.280675626736
13.05 0 0.280675626736
13.06 0 0.280723656466
13.07 0 0.282666845418
13.08 0 0.282666845418
13.09 0 0.283037258081
13.1 0 0.283688879743
13.11 0 0.283656318502
13.12 0 0.284779041527
13.13 0 0.284906417154
13.14 0 0.285110864744
13.15 0 0.285451300251
13.16 0 0.286695208054
13.17 0 0.28712394074
13.18 0 0.28740513253
13.19 0 0.287758887259
13.2 0 0.289024563405
13.21 0 0.289831694435
13.22 0 0.290172530873
13.23 0 0.292600902746
13.24 0 0.293184677744
13.25 0 0.295834147723
13.26 0 0.296961483036
13.27 0 0.298715176942
13.28 0 0.29867075593
13.29 0 0.303748784104
13.3 0 0.307004677358
13.31 0 0.307920030311
13.32 0 0.312977682876
13.33 0 0.314007812696
13.34 0 0.31638408764
13.35 0 0.318469425693
13.36 0 0.316898150241
13.37 0 0.323815601255
13.38 0 0.32567658772
13.39 0 0.325177382614
13.4 0 0.325121491381
13.41 0 0.324528102868
13.42 0 0.324019723137
13.43 0 0.325017934724
13.44 0 0.324108781797
13.45 0 0.324868421576
13.46 0 0.326626342045
13.47 0 0.326080118391
13.48 0 0.330531610344
13.49 0 0.330273350841
13.5 0 0.328739344213
13.51 0 0.328111483918
13.52 0 0.326580638462
13.53 0 0.323321384283
13.54 0 0.319741295578
13.55 0 0.317084765963
13.56 0 0.319135073385
13.57 0 0.321724981375
13.58 0 0.322043827844
13.59 0 0.321922025518
13.6 0 0.320667635757
13.61 0 0.318575943987
13.62 0 0.315957924664
13.63 0 0.313360421158
13.64 0 0.311055103747
13.65 0 0.309518528871
13.66 0 0.309202941334
13.67 0 0.308546377588
13.68 0 0.306698586637
13.69 0 0.303838101681
13.7 0 0.303379716937
13.71 0 0.30290931682
13.72 0 0.302681806321
13.73 0 0.30433777851
13.74 0 0.304657894765
13.75 0 0.305887207288
13.76 0 0.305903000643
13.77 0 0.30335211505
13.78 0 0.303384996054
13.79 0 0.303384996054
13.8 0 0.303717255777
13.81 0 0.303217669355
13.82 0 0.303217669355
13.83 0 0.302753569063
13.84 0 0.303485172246
13.85 0 0.303485172246
13.86 0 0.305515930207
13.87 0 0.305782476892
13.88 0 0.306629499177
13.89 0 0.307883026905
13.9 0 0.307582869002
13.91 0 0.307212726772
13.92 0 0.306843770997
13.93 0 0.307021765447
13.94 0 0.306295442445
13.95 0 0.307087025189
13.96 0 0.306905081767
13.97 0 0.306905081767
13.98 0 0.306905081767
13.99 0 0.30811320973
14.0 0 0.30811320973
14.01 0 0.31030565826
14.02 0 0.314729192642
14.03 0 0.314872835311
14.04 0 0.316285718237
14.05 0 0.320376435058
14.06 0 0.323994779935
14.07 0 0.32858639305
14.08 0 0.328662807115
14.09 0 0.331468270756
14.1 0 0.331468270756
14.11 0 0.328764497691
14.12 0 0.333239282843
14.13 0 0.3332097646
14.14 0 0.337051859598
14.15 0 0.332368789905
14.16 0 0.341316204145
14.17 0 0.345056393702
14.18 0 0.339059125571
14.19 0 0.353464850409
14.2 0 0.352252344967
14.21 0 0.352252344967
14.22 0 0.359363469827
14.23 0 0.361677472542
14.24 0 0.362160434916
14.25 0 0.364673604679
14.26 0 0.364968644001
14.27 0 0.366529130882
14.28 0 0.368574474388
14.29 0 0.368574474388
14.3 0 0.367638918461
14.31 0 0.36762082077
14.32 0 0.366385606033
14.33 0 0.364008728148
14.34 0 0.362385985752
14.35 0 0.362240941653
14.36 0 0.361540285862
14.37 0 0.355527161454
14.38 0 0.353416074764
14.39 0 0.350208742127
14.4 0 0.350208742127
14.41 0 0.34644052046
14.42 0 0.344647172307
14.43 0 0.34430765578
14.44 0 0.343007970024
14.45 0 0.341752676981
14.46 0 0.341348712432
14.47 0 0.339903167619
14.48 0 0.338772510595
14.49 0 0.335869927556
14.5 0 0.334368373202
14.51 0 0.334180483807
14.52 0 0.332744514213
14.53 0 0.332560527999
14.54 0 0.331217842729
14.55 0 0.331217842729
14.56 0 0.329414417493
14.57 0 0.329227352611
14.58 0 0.329524233784
14.59 0 0.329004747878
14.6 0 0.32880403224
14.61 0 0.328167813358
14.62 0 0.328721523737
14.63 0 0.330465820524
14.64 0 0.331140087007
14.65 0 0.331605122376
14.66 0 0.332259263049
14.67 0 0.332488003441
14.68 0 0.33260648524
14.69 0 0.333390926636
14.7 0 0.333727034692
14.71 0 0.333727034692
14.72 0 0.333727034692
14.73 0 0.333424390257
14.74 0 0.333424390257
14.75 0 0.333624436648
14.76 0 0.33381208682
14.77 0 0.336035668977
14.78 0 0.337117484088
14.79 0 0.338979121351
14.8 0 0.340519230084
14.81 0 0.343145494959
14.82 0 0.342157274836
14.83 0 0.344389081834
14.84 0 0.348858885152
14.85 0 0.349657419363
14.86 0 0.353854501594
14.87 0 0.353486372377
14.88 0 0.351510537459
14.89 0 0.355143941005
14.9 0 0.356246529041
14.91 0 0.357537247787
14.92 0 0.361149126363
14.93 0 0.358487574638
14.94 0 0.361162330124
14.95 0 0.363693983344
14.96 0 0.365364447549
14.97 0 0.367909925347
14.98 0 0.367909925347
14.99 0 0.367909925347
15.0 0 0.367952725525
15.01 0 0.367952725525
15.02 0 0.367952725525
15.03 0 0.373518301095
15.04 0 0.373518301095
15.05 0 0.373518301095
15.06 0 0.373518301095
15.07 0 0.379464258335
15.08 0 0.379464258335
15.09 0 0.380719282389
15.1 0 0.380780701341
15.11 0 0.37990323964
15.12 0 0.379858148276
15.13 0 0.379678484682
15.14 0 0.378279474872
15.15 0 0.377727293808
15.16 0 0.380897055929
15.17 0 0.380798864915
15.18 0 0.382689773071
15.19 0 0.38230176416
15.2 0 0.380830916066
15.21 0 0.380026156125
15.22 0 0.379879421787
15.23 0 0.379458016151
15.24 0 0.37904703665
15.25 0 0.378358787542
15.26 0 0.376167278913
15.27 0 0.375991409118
15.28 0 0.37470756231
15.29 0 0.371436035927
15.3 0 0.371436035927
15.31 0 0.369947357814
15.32 0 0.368728755012
15.33 0 0.367759711659
15.34 0 0.36750797597
15.35 0 0.365945215223
15.36 0 0.3660493538
15.37 0 0.36593210696
15.38 0 0.366217913262
15.39 0 0.367965607573
15.4 0 0.368079833268
15.41 0 0.369093676906
15.42 0 0.368242567669
15.43 0 0.369659958805
15.44 0 0.369906061727
15.45 0 0.371265343948
15.46 0 0.372554859902
15.47 0 0.372546287163
15.48 0 0.372679086046
15.49 0 0.373191832339
15.5 0 0.373542484734
15.51 0 0.374607583054
15.52 0 0.374914173819
15.53 0 0.375657738362
15.54 0 0.377562417862
15.55 0 0.378990691899
15.56 0 0.380440516106
15.57 0 0.38069332128
15.58 0 0.384240507926
15.59 0 0.383743525785
15.6 0 0.384171356845
15.61 0 0.385273995596
15.62 0 0.386134605263
15.63 0 0.388516341898
15.64 0 0.388498244863
15.65 0 0.38911902274
15.66 0 0.38911902274
15.67 0 0.387280379853
15.68 0 0.391794251222
15.69 0 0.388626917046
15.7 0 0.388626917046
15.71 0 0.393446081698
15.72 0 0.395958455445
15.73 0 0.398942426742
15.74 0 0.399260771481
15.75 0 0.405056446235
15.76 0 0.405865543296
15.77 0 0.406456691793
15.78 0 0.408799450079
15.79 0 0.408847650464
15.8 0 0.410889386332
15.81 0 0.41232505896
15.82 0 0.411710482997
15.83 0 0.410486078598
15.84 0 0.410486078598
15.85 0 0.410486078598
15.86 0 0.410486078598
15.87 0 0.411827545748
15.88 0 0.41330224403
15.89 0 0.412528872892
15.9 0 0.413359714913
15.91 0 0.412839650635
15.92 0 0.413444797289
15.93 0 0.414353831997
15.94 0 0.415102794621
15.95 0 0.413910444984
15.96 0 0.412658574506
15.97 0 0.411210152379
15.98 0 0.409430481374
15.99 0 0.409430481374
16.0 0 0.407099566518
16.01 0 0.406971884922
16.02 0 0.406956087827
16.03 0 0.407100020901
16.04 0 0.407750415037
16.05 0 0.408278455167
16.06 0 0.407821910603
16.07 0 0.406608318048
16.08 0 0.405512125162
16.09 0 0.403843810743
16.1 0 0.402692012936
16.11 0 0.400617759499
16.12 0 0.398208218083
16.13 0 0.396366778635
16.14 0 0.395826608801
16.15 0 0.39584645931
16.16 0 0.395227669966
16.17 0 0.393988972515
16.18 0 0.393722054116
16.19 0 0.393138961862
16.2 0 0.393164173224
16.21 0 0.394235906256
16.22 0 0.394565182128
16.23 0 0.395026142745
16.24 0 0.396621377092
16.25 0 0.396760989919
16.26 0 0.398321736699
16.27 0 0.398638779172
16.28 0 0.398623621044
16.29 0 0.399174590435
16.3 0 0.400040528117
16.31 0 0.400485780603
16.32 0 0.401031018905
16.33 0 0.402574307234
16.34 0 0.404201707741
16.35 0 0.406351706404
16.36 0 0.407884710042
16.37 0 0.406625456782
16.38 0 0.409579427814
16.39 0 0.412762412069
16.4 0 0.411876798778
16.41 0 0.41548401878
16.42 0 0.416118721449
16.43 0 0.416402737104
16.44 0 0.41735438115
16.45 0 0.417898709216
16.46 0 0.418278816365
16.47 0 0.421006731692
16.48 0 0.422347567093
16.49 0 0.421975108655
16.5 0 0.424671623981
16.51 0 0.426520715021
16.52 0 0.426534566702
16.53 0 0.431636621468
16.54 0 0.431490905101
16.55 0 0.431756221485
16.56 0 0.431756221485
16.57 0 0.431756221485
16.58 0 0.431756221485
16.59 0 0.433717534827
16.6 0 0.433717534827
16.61 0 0.433717534827
16.62 0 0.433717534827
16.63 0 0.435202020543
16.64 0 0.435202020543
16.65 0 0.436444681725
16.66 0 0.436444681725
16.67 0 0.437139100894
16.68 0 0.437808889128
16.69 0 0.438651435461
16.7 0 0.438651435461
16.71 0 0.438651435461
16.72 0 0.438651435461
16.73 0 0.436852309595
16.74 0 0.436852309595
16.75 0 0.436852309595
16.76 0 0.435920019317
16.77 0 0.43454521377
16.78 0 0.434355625608
16.79 0 0.433653139436
16.8 0 0.431585738363
16.81 0 0.430551875275
16.82 0 0.430158665876
16.83 0 0.42982774585
16.84 0 0.427381561482
16.85 0 0.426205496501
16.86 0 0.423936002904
16.87 0 0.421673638884
16.88 0 0.421673638884
16.89 0 0.421673638884
16.9 0 0.410869623053
16.91 0 0.408797160524
16.92 0 0.406543521929
16.93 0 0.405650481026
16.94 0 0.405714304734
16.95 0 0.405473874142
16.96 0 0.406572476343
16.97 0 0.407086252956
16.98 0 0.408531201103
16.99 0 0.410245590473
17.0 0 0.41209019138
17.01 0 0.41209019138
17.02 0 0.41363865935
17.03 0 0.41376005031
17.04 0 0.415024664266
17.05 0 0.415524891525
17.06 0 0.416903331499
17.07 0 0.417097012395
17.08 0 0.417073126741
17.09 0 0.417303445216
17.1 0 0.418408891067
17.11 0 0.419961958183
17.12 0 0.421453624452
17.13 0 0.421453624452
17.14 0 0.421453624452
17.15 0 0.425352534364
17.16 0 0.425596457771
17.17 0 0.428407309708
17.18 0 0.432874006917
17.19 0 0.433281124223
17.2 0 0.434082643122
17.21 0 0.434082643122
17.22 0 0.433906778013
17.23 0 0.437879020008
17.24 0 0.438842887307
17.25 0 0.438514664462
17.26 0 0.439676747493
17.27 0 0.441095965262
17.28 0 0.440761022213
17.29 0 0.443595661664
17.3 0 0.445813248453
17.31 0 0.453128923158
17.32 0 0.45341701952
17.33 0 0.45341701952
17.34 0 0.45495837212
17.35 0 0.454436771185
17.36 0 0.455915850249
17.37 0 0.455772466809
17.38 0 0.457602248735
17.39 0 0.459082594091
17.4 0 0.459082594091
17.41 0 0.461531011813
17.42 0 0.461531011813
17.43 0 0.46338320578
17.44 0 0.46338320578
17.45 0 0.463462751138
17.46 0 0.463306540189
17.47 0 0.463324918625
17.48 0 0.462762956991
17.49 0 0.46352135285
17.5 0 0.463033216029
17.51 0 0.462952990111
17.52 0 0.464146830479
17.53 0 0.463445988551
17.54 0 0.460827446689
17.55 0 0.460223627603
17.56 0 0.459028344182
17.57 0 0.458097705722
17.58 0 0.458347587374
17.59 0 0.458347587374
17.6 0 0.457991592676
17.61 0 0.457589152931
17.62 0 0.455962649794
17.63 0 0.455677618793
17.64 0 0.452958692456
17.65 0 0.452119847607
17.66 0 0.452119847607
17.67 0 0.451675476112
17.68 0 0.449300402764
17.69 0 0.448534670299
17.7 0 0.446972709189
17.71 0 0.445519839741
17.72 0 0.445402134516
17.73 0 0.446456182073
17.74 0 0.446600161575
17.75 0 0.446600161575
17.76 0 0.447477074624
17.77 0 0.448401323645
17.78 0 0.448444229754
17.79 0 0.448416772837
17.8 0 0.448941754959
17.81 0 0.450334293898
17.82 0 0.45203099183
17.83 0 0.451989862512
17.84 0 0.451996231095
17.85 0 0.45173896428
17.86 0 0.45173896428
17.87 0 0.45173896428
17.88 0 0.452259888783
17.89 0 0.452410472145
17.9 0 0.453770905975
17.91 0 0.454403651467
17.92 0 0.457036462817
17.93 0 0.458543558837
17.94 0 0.459404894938
17.95 0 0.461584812291
17.96 0 0.464225708041
17.97 0 0.46562720219
17.98 0 0.47039164811
17.99 0 0.469618653376
18.0 0 0.471135044928
18.01 0 0.477018775476
18.02 0 0.478953208492
18.03 0 0.482411444193
18.04 0 0.485857826584
18.05 0 0.485857826584
18.06 0 0.489747350418
18.07 0 0.489754015734
18.08 0 0.489568950516
18.09 0 0.490087644906
18.1 0 0.493152798192
18.11 0 0.497147059879
18.12 0 0.496981018964
18.13 0 0.498285821448
18.14 0 0.498285821448
18.15 0 0.500714107579
18.16 0 0.500816261512
18.17 0 0.500816261512
18.18 0 0.501609522307
18.19 0 0.502236083639
18.2 0 0.502894722242
18.21 0 0.504808571832
18.22 0 0.504424252733
18.23 0 0.503131702784
18.24 0 0.501973099793
18.25 0 0.500717293615
18.26 0 0.500304939508
18.27 0 0.499745585062
18.28 0 0.499646172838
18.29 0 0.498012376516
18.3 0 0.495075335406
18.31 0 0.495075335406
18.32 0 0.492008733932
18.33 0 0.486241186065
18.34 0 0.485154361174
18.35 0 0.485154361174
18.36 0 0.4863424517
18.37 0 0.486917135193
18.38 0 0.487099790513
18.39 0 0.487536765096
18.4 0 0.488536080918
18.41 0 0.487963695389
18.42 0 0.486056525887
18.43 0 0.483253740055
18.44 0 0.481051486866
18.45 0 0.480641866133
18.46 0 0.479156515205
18.47 0 0.478062588137
18.48 0 0.475377089499
18.49 0 0.472309338868
18.5 0 0.470630555306
18.51 0 0.470363646093
18.52 0 0.467905562661
18.53 0 0.467847738329
18.54 0 0.467167915499
18.55 0 0.465664637953
18.56 0 0.467468767649
18.57 0 0.467511228106
18.58 0 0.469170167493
18.59 0 0.469409370003
18.6 0 0.469464167818
18.61 0 0.471365210234
18.62 0 0.472907616213
18.63 0 0.473855870464
18.64 0 0.474997485057
18.65 0 0.476154802272
18.66 0 0.477475822431
18.67 0 0.477900299421
18.68 0 0.477882591143
18.69 0 0.478201082722
18.7 0 0.478096521163
18.71 0 0.478663248117
18.72 0 0.480175696054
18.73 0 0.481543226046
18.74 0 0.484659487016
18.75 0 0.484659487016
18.76 0 0.484659487016
18.77 0 0.484659487016
18.78 0 0.493461162612
18.79 0 0.49931375343
18.8 0 0.503569691964
18.81 0 0.501402190816
18.82 0 0.502268905304
18.83 0 0.507054412994
18.84 0 0.507579893373
18.85 0 0.505660721741
18.86 0 0.506797505568
18.87 0 0.51416194749
18.88 0 0.5157831344
18.89 0 0.516521813247
18.9 0 0.517292351391
18.91 0 0.517095057525
18.92 0 0.516350777826
18.93 0 0.516029583814
18.94 0 0.516291505761
18.95 0 0.516776820163
18.96 0 0.516776820163
18.97 0 0.516776820163
18.98 0 0.521524037232
18.99 0 0.522378221223
19.0 0 0.522270878907
19.01 0 0.520699583687
19.02 0 0.520125236609
19.03 0 0.519078581389
19.04 0 0.519097259101
19.05 0 0.5183418164
19.06 0 0.5183418164
19.07 0 0.5183418164
19.08 0 0.5183418164
19.09 0 0.518177916542
19.1 0 0.517950509351
19.11 0 0.51711193784
19.12 0 0.516540410547
19.13 0 0.514326140084
19.14 0 0.514265277094
19.15 0 0.514048026791
19.16 0 0.513607071068
19.17 0 0.513681822727
19.18 0 0.51315336887
19.19 0 0.51217468673
19.2 0 0.51186168223
19.21 0 0.51186168223
19.22 0 0.51186168223
19.23 0 0.51186168223
19.24 0 0.511077166089
19.25 0 0.511077166089
19.26 0 0.511077166089
19.27 0 0.506534657467
19.28 0 0.506534657467
19.29 0 0.50060447394
19.3 0 0.50060447394
19.31 0 0.50060447394
19.32 0 0.50060447394
19.33 0 0.497642561712
19.34 0 0.497642561712
19.35 0 0.497642561712
19.36 0 0.497642561712
19.37 0 0.500098384087
19.38 0 0.500555505046
19.39 0 0.501876326078
19.4 0 0.502622986696
19.41 0 0.50192376005
19.42 0 0.501532629292
19.43 0 0.501390302131
19.44 0 0.501606202307
19.45 0 0.502104932255
19.46 0 0.502337332287
19.47 0 0.503006320718
19.48 0 0.503536641714
19.49 0 0.503789563674
19.5 0 0.507026926009
19.51 0 0.508645091832
19.52 0 0.507467242937
19.53 0 0.510742648465
19.54 0 0.512149186223
19.55 0 0.513720105327
19.56 0 0.513720105327
19.57 0 0.513720105327
19.58 0 0.513720105327
19.59 0 0.516284542217
19.6 0 0.513716682177
19.61 0 0.517256353707
19.62 0 0.518762675103
19.63 0 0.519742727744
19.64 0 0.521428761955
19.65 0 0.522930816746
19.66 0 0.523895402763
19.67 0 0.521950311548
19.68 0 0.522768654791
19.69 0 0.523162673065
19.7 0 0.52144020818
19.71 0 0.533442424581
19.72 0 0.534038878031
19.73 0 0.535592078133
19.74 0 0.537896270153
19.75 0 0.539382974237
19.76 0 0.539703956466
19.77 0 0.540423107108
19.78 0 0.540423107108
19.79 0 0.540423107108
19.8 0 0.540423107108
19.81 0 0.538337370835
19.82 0 0.537675191837
19.83 0 0.536758957499
19.84 0 0.536148380189
19.85 0 0.535058947039
19.86 0 0.533421487717
19.87 0 0.530643076708
19.88 0 0.528151243543
19.89 0 0.525789553044
19.9 0 0.525009180363
19.91 0 0.525190370135
19.92 0 0.525413772445
19.93 0 0.525803877674
19.94 0 0.525894690742
19.95 0 0.525979020516
19.96 0 0.525250594394
19.97 0 0.524695976591
19.98 0 0.523922538489
19.99 0 0.522294893335
20.0 0 0.520941020012
20.01 0 0.518580994401
20.02 0 0.517912806605
20.03 0 0.517912806605
20.04 0 0.517912806605
20.05 0 0.512084181679
20.06 0 0.512084181679
20.07 0 0.512084181679
20.08 0 0.510708236987
20.09 0 0.51003442626
20.1 0 0.509739338903
20.11 0 0.509688704337
20.12 0 0.511058157476
20.13 0 0.512028990993
20.14 0 0.513559496416
20.15 0 0.514958322036
20.16 0 0.5170823241
20.17 0 0.517540000034
20.18 0 0.51816153605
20.19 0 0.520135276315
20.2 0 0.520534816954
20.21 0 0.520664760417
20.22 0 0.520148506382
20.23 0 0.519901639888
20.24 0 0.519901639888
20.25 0 0.519901639888
20.26 0 0.521616622355
20.27 0 0.521872796297
20.28 0 0.521872796297
20.29 0 0.529737243917
20.3 0 0.531892517645
20.31 0 0.531838213437
20.32 0 0.538384772049
20.33 0 0.540130672472
20.34 0 0.541461663491
20.35 0 0.541406972396
20.36 0 0.537914942895
20.37 0 0.540432516682
20.38 0 0.540183863408
20.39 0 0.545439381037
20.4 0 0.551115999892
20.41 0 0.558631603048
20.42 0 0.561045714327
20.43 0 0.561148658397
20.44 0 0.562061571841
20.45 0 0.561904480836
20.46 0 0.562062529874
20.47 0 0.562161803958
20.48 0 0.562161803958
20.49 0 0.562900765891
20.5 0 0.562900765891
20.51 0 0.563783668547
20.52 0 0.563942118366
20.53 0 0.563450497586
20.54 0 0.564345463707
20.55 0 0.566085545444
20.56 0 0.568820365003
20.57 0 0.570678171274
20.58 0 0.571259947604
20.59 0 0.571156800114
20.6 0 0.570590500704
20.61 0 0.57006436005
20.62 0 0.569095398028
20.63 0 0.568754085638
20.64 0 0.56876110549
20.65 0 0.56876110549
20.66 0 0.567238574041
20.67 0 0.564303740109
20.68 0 0.562345827264
20.69 0 0.56123902778
20.7 0 0.561343346897
20.71 0 0.56176036753
20.72 0 0.562401314847
20.73 0 0.5627091211
20.74 0 0.562161460495
20.75 0 0.560471624772
20.76 0 0.558487326587
20.77 0 0.557911612123
20.78 0 0.556526137888
20.79 0 0.55429855933
20.8 0 0.552988739869
20.81 0 0.551660110968
20.82 0 0.547600588992
20.83 0 0.546957959283
20.84 0 0.546675594351
20.85 0 0.546675594351
20.86 0 0.546675594351
20.87 0 0.545582552607
20.88 0 0.545582552607
20.89 0 0.545582552607
20.9 0 0.546582139017
20.91 0 0.54706675411
20.92 0 0.546974961988
20.93 0 0.547695207424
20.94 0 0.547766893441
20.95 0 0.54792982611
20.96 0 0.54792982611
20.97 0 0.54973424321
20.98 0 0.549955780064
20.99 0 0.550007863139
21.0 0 0.550007863139
21.01 0 0.550007863139
21.02 0 0.550007863139
21.03 0 0.550769211798
21.04 0 0.550769211798
21.05 0 0.550769211798
21.06 0 0.550769211798
21.07 0 0.550769211798
21.08 0 0.553895596662
21.09 0 0.553895596662
21.1 0 0.553895596662
21.11 0 0.563432089741
21.12 0 0.56730221441
21.13 0 0.568425498309
21.14 0 0.568650823062
21.15 0 0.567576682893
21.16 0 0.564806352513
21.17 0 0.565987783498
21.18 0 0.569326396425
21.19 0 0.567320332397
21.2 0 0.566426681322
21.21 0 0.565222654396
21.22 0 0.574455751695
21.23 0 0.574712619941
21.24 0 0.576790282056
21.25 0 0.57433656711
21.26 0 0.582001075867
21.27 0 0.577462529777
21.28 0 0.579762274032
21.29 0 0.576195557662
21.3 0 0.580603476432
21.31 0 0.579160496048
21.32 0 0.581917397158
21.33 0 0.586245016239
21.34 0 0.587421817062
21.35 0 0.587465944096
21.36 0 0.587534822698
21.37 0 0.5875032241
21.38 0 0.586959552567
21.39 0 0.586905884309
21.4 0 0.587020555768
21.41 0 0.587045485999
21.42 0 0.586581939872
21.43 0 0.586547530837
21.44 0 0.584564005434
21.45 0 0.582686548638
21.46 0 0.581192391665
21.47 0 0.57860449263
21.48 0 0.577404924953
21.49 0 0.577674268999
21.5 0 0.579686538259
21.51 0 0.580839689813
21.52 0 0.580903162235
21.53 0 0.580568709737
21.54 0 0.579961527341
21.55 0 0.57875601867
21.56 0 0.577127460408
21.57 0 0.575914926491
21.58 0 0.575406674771
21.59 0 0.572297238329
21.6 0 0.571342059126
21.61 0 0.567388980213
21.62 0 0.565710586555
21.63 0 0.563253807454
21.64 0 0.562858348746
21.65 0 0.563268540233
21.66 0 0.563627718159
21.67 0 0.564787201447
21.68 0 0.564949893711
21.69 0 0.564949893711
21.7 0 0.564949893711
21.71 0 0.56723609526
21.72 0 0.56723609526
21.73 0 0.572088506094
21.74 0 0.574212690836
21.75 0 0.575569961047
21.76 0 0.576878714688
21.77 0 0.577696026126
21.78 0 0.578819009818
21.79 0 0.57869556031
21.8 0 0.579080211715
21.81 0 0.5795576856
21.82 0 0.580031781531
21.83 0 0.580159084769
21.84 0 0.582957359513
21.85 0 0.585338960125
21.86 0 0.584473412381
21.87 0 0.587610279511
21.88 0 0.590097436755
21.89 0 0.589986769215
21.9 0 0.591662053809
21.91 0 0.590463445601
21.92 0 0.592730127902
21.93 0 0.593402540607
21.94 0 0.592633273617
21.95 0 0.591211179866
21.96 0 0.592126330723
21.97 0 0.594600828558
21.98 0 0.600042690688
21.99 0 0.600042690688
22.0 0 0.600042690688
22.01 0 0.600042690688
22.02 0 0.597907149349
22.03 0 0.597907149349
22.04 0 0.602557017962
22.05 0 0.602557017962
22.06 0 0.602557017962
22.07 0 0.607906142468
22.08 0 0.603882924889
22.09 0 0.607812602827
22.1 0 0.607812602827
22.11 0 0.610795790524
22.12 0 0.613785468601
22.13 0 0.615070971212
22.14 0 0.615931409058
22.15 0 0.615903060395
22.16 0 0.615274770612
22.17 0 0.614934536686
22.18 0 0.614520837975
22.19 0 0.615407481098
22.2 0 0.615690165661
22.21 0 0.615017504448
22.22 0 0.614472861708
22.23 0 0.613446167457
22.24 0 0.613626465381
22.25 0 0.610517838151
22.26 0 0.608916801503
22.27 0 0.606470585865
22.28 0 0.60819432628
22.29 0 0.612342650795
22.3 0 0.612989034572
22.31 0 0.613303370209
22.32 0 0.612762959069
22.33 0 0.612436958186
22.34 0 0.612484240888
22.35 0 0.612065821229
22.36 0 0.609528043045
22.37 0 0.606138227465
22.38 0 0.606138227465
22.39 0 0.603446004147
22.4 0 0.603446004147
22.41 0 0.602379135158
22.42 0 0.601973573508
22.43 0 0.601846337585
22.44 0 0.601870702242
22.45 0 0.602213968311
22.46 0 0.602630536969
22.47 0 0.603821007458
22.48 0 0.604147463903
22.49 0 0.605625686742
22.5 0 0.606190317997
22.51 0 0.606880939479
22.52 0 0.607583358834
22.53 0 0.608316706606
22.54 0 0.608438674107
22.55 0 0.609714114301
22.56 0 0.611264125292
22.57 0 0.611264125292
22.58 0 0.61106724543
22.59 0 0.611934598797
22.6 0 0.612376904232
22.61 0 0.612627601756
22.62 0 0.611909316415
22.63 0 0.612991342841
22.64 0 0.613667795457
22.65 0 0.613667795457
22.66 0 0.616801195745
22.67 0 0.617568652836
22.68 0 0.617576236904
22.69 0 0.620149240412
22.7 0 0.621776858985
22.71 0 0.622410407104
22.72 0 0.622486253602
22.73 0 0.621267493448
22.74 0 0.62185674941
22.75 0 0.62185674941
22.76 0 0.623027581605
22.77 0 0.62397899641
22.78 0 0.625348846556
22.79 0 0.629930643705
22.8 0 0.625798037382
22.81 0 0.6259340003
22.82 0 0.6259340003
22.83 0 0.6259340003
22.84 0 0.629666464741
22.85 0 0.629666464741
22.86 0 0.629666464741
22.87 0 0.629666464741
22.88 0 0.640205078336
22.89 0 0.64278024172
22.9 0 0.645795992993
22.91 0 0.646987595711
22.92 0 0.645796173631
22.93 0 0.64603047806
22.94 0 0.64603047806
22.95 0 0.6448903863
22.96 0 0.644473064811
22.97 0 0.642470449355
22.98 0 0.641614444283
22.99 0 0.637112547264
23.0 0 0.637543818654
23.01 0 0.63835712504
23.02 0 0.636744922006
23.03 0 0.631633665342
23.04 0 0.62738252167
23.05 0 0.627316652266
23.06 0 0.626998498325
23.07 0 0.627140366449
23.08 0 0.628442956512
23.09 0 0.629790448044
23.1 0 0.630037637785
23.11 0 0.629421080421
23.12 0 0.629041615064
23.13 0 0.629041615064
23.14 0 0.629041615064
23.15 0 0.624950015427
23.16 0 0.624950015427
23.17 0 0.619548588115
23.18 0 0.619548588115
23.19 0 0.618660319488
23.2 0 0.617425651884
23.21 0 0.61722537983
23.22 0 0.616445736868
23.23 0 0.617092953296
23.24 0 0.618012536867
23.25 0 0.621852991954
23.26 0 0.621852991954
23.27 0 0.622736894591
23.28 0 0.622692435457
23.29 0 0.623115168999
23.3 0 0.623668298316
23.31 0 0.624367085139
23.32 0 0.624096041328
23.33 0 0.627533357978
23.34 0 0.627533357978
23.35 0 0.631158246263
23.36 0 0.631158246263
23.37 0 0.632108749557
23.38 0 0.632324275778
23.39 0 0.634041178524
23.4 0 0.634371521059
23.41 0 0.635880866751
23.42 0 0.635880866751
23.43 0 0.635880866751
23.44 0 0.635880866751
23.45 0 0.639028550352
23.46 0 0.639028550352
23.47 0 0.646208875959
23.48 0 0.646208875959
23.49 0 0.646208875959
23.5 0 0.650832385433
23.51 0 0.650832385433
23.52 0 0.650832385433
23.53 0 0.650832385433
23.54 0 0.649020507306
23.55 0 0.649020507306
23.56 0 0.649020507306
23.57 0 0.658278699638
23.58 0 0.658353737406
23.59 0 0.658363440857
23.6 0 0.657519305034
23.61 0 0.661693749432
23.62 0 0.664908467427
23.63 0 0.666714665524
23.64 0 0.668260982681
23.65 0 0.670700170113
23.66 0 0.671802255891
23.67 0 0.671802255891
23.68 0 0.671802255891
23.69 0 0.673216551469
23.7 0 0.673081250627
23.71 0 0.672447436652
23.72 0 0.671962103693
23.73 0 0.671619901697
23.74 0 0.669104167251
23.75 0 0.670183231367
23.76 0 0.670366283465
23.77 0 0.670773972389
23.78 0 0.671565503861
23.79 0 0.671241451055
23.8 0 0.671307540443
23.81 0 0.672613191343
23.82 0 0.670768403744
23.83 0 0.670252043916
23.84 0 0.668942464174
23.85 0 0.668481472399
23.86 0 0.668064143131
23.87 0 0.669470705204
23.88 0 0.669907117038
23.89 0 0.669690256945
23.9 0 0.669297146869
23.91 0 0.669297146869
23.92 0 0.669205737879
23.93 0 0.668461687221
23.94 0 0.665316682224
23.95 0 0.66513077762
23.96 0 0.664045697254
23.97 0 0.664036483498
23.98 0 0.664243283934
23.99 0 0.663431855562
24.0 0 0.662623213435
24.01 0 0.662185828
24.02 0 0.661803180631
24.03 0 0.661313041866
24.04 0 0.661287848832
24.05 0 0.660896734417
24.06 0 0.661232272775
24.07 0 0.662060727891
24.08 0 0.663460793309
24.09 0 0.664770141968
24.1 0 0.665466604428
24.11 0 0.665466779849
24.12 0 0.665901949158
24.13 0 0.667566237798
24.14 0 0.668431889011
24.15 0 0.668431889011
24.16 0 0.668669811564
24.17 0 0.668790091539
24.18 0 0.671112475815
24.19 0 0.671112475815
24.2 0 0.671112475815
24.21 0 0.672201234369
24.22 0 0.673393189468
24.23 0 0.679980699323
24.24 0 0.682806960971
24.25 0 0.684207588264
24.26 0 0.685535388575
24.27 0 0.685175659617
24.28 0 0.688403822221
24.29 0 0.68741228843
24.3 0 0.688502246969
24.31 0 0.689491747408
24.32 0 0.689015443755
24.33 0 0.688709343078
24.34 0 0.687966083499
24.35 0 0.688415689154
24.36 0 0.688630473286
24.37 0 0.688366216558
24.38 0 0.690988367346
24.39 0 0.688007075459
24.4 0 0.689330722718
24.41 0 0.683876010762
24.42 0 0.685380765158
24.43 0 0.68681660413
24.44 0 0.69166001033
24.45 0 0.692107950037
24.46 0 0.693977563541
24.47 0 0.694771787392
24.48 0 0.693249623853
24.49 0 0.696904324012
24.5 0 0.698743606917
24.51 0 0.699835457019
24.52 0 0.69978299961
24.53 0 0.699839785936
24.54 0 0.700954721629
24.55 0 0.702350032834
24.56 0 0.702485474053
24.57 0 0.701974953997
24.58 0 0.702303075633
24.59 0 0.700766531287
24.6 0 0.700729875094
24.61 0 0.697785712088
24.62 0 0.69496458968
24.63 0 0.69496458968
24.64 0 0.69496458968
24.65 0 0.696851439616
24.66 0 0.698133376981
24.67 0 0.698331327514
24.68 0 0.698248464997
24.69 0 0.697670120868
24.7 0 0.697670120868
24.71 0 0.697670120868
24.72 0 0.694551287788
24.73 0 0.694551287788
24.74 0 0.694551287788
24.75 0 0.690806966597
24.76 0 0.687246746821
24.77 0 0.687249057976
24.78 0 0.686281178398
24.79 0 0.685175605509
24.8 0 0.68407184465
24.81 0 0.68394299062
24.82 0 0.685313266951
24.83 0 0.684864188592
24.84 0 0.685543520951
24.85 0 0.685202251094
24.86 0 0.684662725145
24.87 0 0.683932250186
24.88 0 0.683748792768
24.89 0 0.683352256923
24.9 0 0.684820439434
24.91 0 0.686151744893
24.92 0 0.687053547241
24.93 0 0.687739691673
24.94 0 0.687510538168
24.95 0 0.685607919523
24.96 0 0.68518903878
24.97 0 0.685666988
24.98 0 0.685641540623
24.99 0 0.689551637681
25.0 0 0.69079000048
25.01 0 0.696646278167
25.02 0 0.695685772965
25.03 0 0.699738159041
25.04 0 0.700484648609
25.05 0 0.703571407284
25.06 0 0.704867469963
25.07 0 0.706198989199
25.08 0 0.70366080135
25.09 0 0.704523260813
25.1 0 0.700364760528
25.11 0 0.699900803882
25.12 0 0.701883426648
25.13 0 0.704848451271
25.14 0 0.704542341014
25.15 0 0.70608692692
25.16 0 0.708114387601
25.17 0 0.710217444295
25.18 0 0.705889281634
25.19 0 0.705385581392
25.2 0 0.710906144021
25.21 0 0.713961990386
25.22 0 0.718159709993
25.23 0 0.722368331305
25.24 0 0.724488710603
25.25 0 0.725780290527
25.26 0 0.727315164215
25.27 0 0.727198499243
25.28 0 0.724893552036
25.29 0 0.723627234692
25.3 0 0.724647360681
25.31 0 0.723425735537
25.32 0 0.7225524579
25.33 0 0.720846625393
25.34 0 0.720862465397
25.35 0 0.723539278475
25.36 0 0.72319035869
25.37 0 0.722207132554
25.38 0 0.720382933184
25.39 0 0.720382933184
25.4 0 0.718533292551
25.41 0 0.717163743011
25.42 0 0.716819462856
25.43 0 0.715761397205
25.44 0 0.71481233623
25.45 0 0.71459840375
25.46 0 0.715083997109
25.47 0 0.716760238302
25.48 0 0.716646700811
25.49 0 0.716697665799
25.5 0 0.716697665799
25.51 0 0.716697665799
25.52 0 0.713302815479
25.53 0 0.711116739562
25.54 0 0.709404700579
25.55 0 0.705662730792
25.56 0 0.704181475662
25.57 0 0.702730357318
25.58 0 0.701035850712
25.59 0 0.700428686083
25.6 0 0.70287298842
25.61 0 0.705249010178
25.62 0 0.705403266105
25.63 0 0.705172147655
25.64 0 0.705236255489
25.65 0 0.70411702656
25.66 0 0.70413381632
25.67 0 0.705161003631
25.68 0 0.705694914868
25.69 0 0.706537256154
25.7 0 0.706537256154
25.71 0 0.706537256154
25.72 0 0.706537256154
25.73 0 0.708229967452
25.74 0 0.708229967452
25.75 0 0.709659466864
25.76 0 0.710702005478
25.77 0 0.711569988126
25.78 0 0.711131949605
25.79 0 0.711541282278
25.8 0 0.71548942069
25.81 0 0.71535715538
25.82 0 0.719749542972
25.83 0 0.722761017596
25.84 0 0.725839779662
25.85 0 0.725903435007
25.86 0 0.72730124499
25.87 0 0.731058492565
25.88 0 0.728891535531
25.89 0 0.72853042153
25.9 0 0.731948481138
25.91 0 0.729597180962
25.92 0 0.732340436083
25.93 0 0.733939015408
25.94 0 0.736977093718
25.95 0 0.739432318393
25.96 0 0.740718779694
25.97 0 0.740251176957
25.98 0 0.742426711925
25.99 0 0.743434200435
26.0 0 0.744439792858
26.01 0 0.744215878083
26.02 0 0.746128457163
26.03 0 0.746304237154
26.04 0 0.746579558528
26.05 0 0.748341638745
26.06 0 0.749108931181
26.07 0 0.749533169039
26.08 0 0.749880539712
26.09 0 0.749277325533
26.1 0 0.748351037646
26.11 0 0.748663551324
26.12 0 0.748663551324
26.13 0 0.748663551324
26.14 0 0.747521740979
26.15 0 0.748600292136
26.16 0 0.751087333119
26.17 0 0.753154616294
26.18 0 0.753575169527
26.19 0 0.750533145597
26.2 0 0.750533145597
26.21 0 0.74932482247
26.22 0 0.749583989407
26.23 0 0.749698502847
26.24 0 0.749398660967
26.25 0 0.74613927069
26.26 0 0.74613927069
26.27 0 0.74613927069
26.28 0 0.74613927069
26.29 0 0.74613927069
26.3 0 0.73957850835
26.31 0 0.73957850835
26.32 0 0.73957850835
26.33 0 0.728411813057
26.34 0 0.724522304757
26.35 0 0.723851606545
26.36 0 0.723851606545
26.37 0 0.723851606545
26.38 0 0.715387161126
26.39 0 0.715387161126
26.4 0 0.715387161126
26.41 0 0.715387161126
26.42 0 0.714274237824
26.43 0 0.71214078026
26.44 0 0.711727213027
26.45 0 0.708936251538
26.46 0 0.707478678198
26.47 0 0.708168443823
26.48 0 0.711029473584
26.49 0 0.711029473584
26.5 0 0.711029473584
26.51 0 0.711029473584
26.52 0 0.71542095161
26.53 0 0.71542095161
26.54 0 0.713826447523
26.55 0 0.71393391161
26.56 0 0.716690055564
26.57 0 0.717461112802
26.58 0 0.721404408613
26.59 0 0.724905547158
26.6 0 0.724905547158
26.61 0 0.727191241425
26.62 0 0.727191241425
26.63 0 0.727191241425
26.64 0 0.727191241425
26.65 0 0.726387185013
26.66 0 0.726387185013
26.67 0 0.726387185013
26.68 0 0.726387185013
26.69 0 0.724158680078
26.7 0 0.724158680078
26.71 0 0.724158680078
26.72 0 0.729869069996
26.73 0 0.731948786593
26.74 0 0.733412515208
26.75 0 0.735223665198
26.76 0 0.736551894896
26.77 0 0.733377321358
26.78 0 0.740597628645
26.79 0 0.74404446539
26.8 0 0.744994039254
26.81 0 0.746933172166
26.82 0 0.748383258449
26.83 0 0.749850632632
26.84 0 0.750456834592
26.85 0 0.750294325716
26.86 0 0.749323206666
26.87 0 0.749323206666
26.88 0 0.748062284418
26.89 0 0.74670510911
26.9 0 0.7453761737
26.91 0 0.744588716155
26.92 0 0.745586547788
26.93 0 0.74557073977
26.94 0 0.745863051995
26.95 0 0.745227215646
26.96 0 0.741721177778
26.97 0 0.738915102989
26.98 0 0.738246228974
26.99 0 0.736932778398
27.0 0 0.734562806822
27.01 0 0.734785591243
27.02 0 0.734482664496
27.03 0 0.734093377244
27.04 0 0.732960192952
27.05 0 0.730931420595
27.06 0 0.728565628549
27.07 0 0.726970914491
27.08 0 0.725896765782
27.09 0 0.724658710069
27.1 0 0.724462739151
27.11 0 0.722314024764
27.12 0 0.720234545027
27.13 0 0.720234545027
27.14 0 0.719410235045
27.15 0 0.719410235045
27.16 0 0.71740221519
27.17 0 0.717510763823
27.18 0 0.719048872439
27.19 0 0.718827152905
27.2 0 0.718867224132
27.21 0 0.719308095716
27.22 0 0.719597682509
27.23 0 0.717876386073
27.24 0 0.717363941062
27.25 0 0.716787765151
27.26 0 0.717016685786
27.27 0 0.718924408064
27.28 0 0.721623047439
27.29 0 0.722143648214
27.3 0 0.722134361812
27.31 0 0.72208546378
27.32 0 0.721883980742
27.33 0 0.721313583743
27.34 0 0.721833608511
27.35 0 0.720964599107
27.36 0 0.725323788364
27.37 0 0.726476138763
27.38 0 0.726893327642
27.39 0 0.730009536167
27.4 0 0.732773559753
27.41 0 0.731465493542
27.42 0 0.735465883692
27.43 0 0.732962778136
27.44 0 0.732962778136
27.45 0 0.732962778136
27.46 0 0.741012913115
27.47 0 0.74122550578
27.48 0 0.742168252928
27.49 0 0.74632467669
27.5 0 0.750700139707
27.51 0 0.750700139707
27.52 0 0.753751251774
27.53 0 0.753236378491
27.54 0 0.753414174411
27.55 0 0.753606147144
27.56 0 0.755648886085
27.57 0 0.755852392849
27.58 0 0.757407344721
27.59 0 0.758413559521
27.6 0 0.759079719709
27.61 0 0.760780311727
27.62 0 0.761007466826
27.63 0 0.763615837355
27.64 0 0.763289545445
27.65 0 0.762647319686
27.66 0 0.762647319686
27.67 0 0.760732949403
27.68 0 0.760326670447
27.69 0 0.760321464615
27.7 0 0.760072763379
27.71 0 0.760072763379
27.72 0 0.760072763379
27.73 0 0.760072763379
27.74 0 0.761744504718
27.75 0 0.762611566522
27.76 0 0.761114812451
27.77 0 0.7617396657
27.78 0 0.762202756075
27.79 0 0.762253054825
27.8 0 0.760221261712
27.81 0 0.759333056101
27.82 0 0.758529363291
27.83 0 0.757400261622
27.84 0 0.755309888669
27.85 0 0.753009304353
27.86 0 0.751568732562
27.87 0 0.750024229748
27.88 0 0.747892914327
27.89 0 0.746977621219
27.9 0 0.74580051008
27.91 0 0.74594578386
27.92 0 0.74546280775
27.93 0 0.744055747486
27.94 0 0.742704922173
27.95 0 0.742359767163
27.96 0 0.742687465163
27.97 0 0.744448837079
27.98 0 0.745949042208
27.99 0 0.746828177808
28.0 0 0.747129851438
28.01 0 0.747632072735
28.02 0 0.747632072735
28.03 0 0.748487982476
28.04 0 0.748952413376
28.05 0 0.749334775362
28.06 0 0.750381030384
28.07 0 0.75150716484
28.08 0 0.752440678588
28.09 0 0.752964309493
28.1 0 0.752327309707
28.11 0 0.750851633964
28.12 0 0.751966707199
28.13 0 0.754133302042
28.14 0 0.754648777824
28.15 0 0.758227029786
28.16 0 0.760365886507
28.17 0 0.763377259396
28.18 0 0.766945358762
28.19 0 0.767564124439
28.2 0 0.766620394167
28.21 0 0.763738289159
28.22 0 0.763756127321
28.23 0 0.763756127321
28.24 0 0.754523975934
28.25 0 0.754609490926
28.26 0 0.756229903794
28.27 0 0.763063473524
28.28 0 0.764159780485
28.29 0 0.760687409604
28.3 0 0.764866949015
28.31 0 0.763465889262
28.32 0 0.762080209542
28.33 0 0.769147143633
28.34 0 0.770047189854
28.35 0 0.772076546078
28.36 0 0.773553760181
28.37 0 0.772239688688
28.38 0 0.773812824395
28.39 0 0.775063758275
28.4 0 0.777526147133
28.41 0 0.781474880837
28.42 0 0.782555532814
28.43 0 0.782323796087
28.44 0 0.781882249542
28.45 0 0.781661809919
28.46 0 0.780602188514
28.47 0 0.780225820247
28.48 0 0.779851281031
28.49 0 0.780395931799
28.5 0 0.781487376575
28.51 0 0.781937434422
28.52 0 0.782231708253
28.53 0 0.78239037122
28.54 0 0.781220402193
28.55 0 0.780615432583
28.56 0 0.779976052354
28.57 0 0.779455470562
28.58 0 0.779396079369
28.59 0 0.774278747178
28.6 0 0.773065137509
28.61 0 0.77256575705
28.62 0 0.77114247012
28.63 0 0.770003783441
28.64 0 0.766788061986
28.65 0 0.765764328237
28.66 0 0.765381860466
28.67 0 0.765381860466
28.68 0 0.762199955513
28.69 0 0.762205652792
28.7 0 0.762097151291
28.71 0 0.759189888127
28.72 0 0.755840725832
28.73 0 0.75464438246
28.74 0 0.753980685173
28.75 0 0.754025420983
28.76 0 0.753346675948
28.77 0 0.752549655609
28.78 0 0.751104902087
28.79 0 0.749597586748
28.8 0 0.746584579868
28.81 0 0.7456323991
28.82 0 0.743568148964
28.83 0 0.743773341498
28.84 0 0.743410996308
28.85 0 0.74426426705
28.86 0 0.743439631933
28.87 0 0.743558336812
28.88 0 0.743558336812
28.89 0 0.744387150795
28.9 0 0.745817501125
28.91 0 0.746405152197
28.92 0 0.746543417652
28.93 0 0.748554546369
28.94 0 0.747998619661
28.95 0 0.752510256433
28.96 0 0.756181049958
28.97 0 0.75630114791
28.98 0 0.756918650593
28.99 0 0.759896104777
29.0 0 0.75782453668
29.01 0 0.7666281673
29.02 0 0.767264250845
29.03 0 0.770430555788
29.04 0 0.772136123704
29.05 0 0.776412506087
29.06 0 0.776845089401
29.07 0 0.777136419878
29.08 0 0.777353446899
29.09 0 0.775396740615
29.1 0 0.775800984575
29.11 0 0.775962941022
29.12 0 0.775912729669
29.13 0 0.776613812042
29.14 0 0.775353615727
29.15 0 0.776476099459
29.16 0 0.772574121994
29.17 0 0.77685843371
29.18 0 0.76947101494
29.19 0 0.786436479691
29.2 0 0.786706826175
29.21 0 0.786462627132
29.22 0 0.785520629125
29.23 0 0.784204267303
29.24 0 0.784204267303
29.25 0 0.782539546336
29.26 0 0.782031608407
29.27 0 0.782031608407
29.28 0 0.782184989021
29.29 0 0.782323159385
29.3 0 0.78210300219
29.31 0 0.780805319819
29.32 0 0.781043820484
29.33 0 0.780958874341
29.34 0 0.779894094141
29.35 0 0.776328453301
29.36 0 0.776328453301
29.37 0 0.773574597816
29.38 0 0.773028855628
29.39 0 0.77294111121
29.4 0 0.772766450157
29.41 0 0.772203022809
29.42 0 0.770552267193
29.43 0 0.769933281417
29.44 0 0.767128834142
29.45 0 0.766274898387
29.46 0 0.764619889678
29.47 0 0.763597491471
29.48 0 0.757963051012
29.49 0 0.75753344613
29.5 0 0.757216326836
29.51 0 0.755910715373
29.52 0 0.756370312314
29.53 0 0.757920603517
29.54 0 0.75870226057
29.55 0 0.759750772863
29.56 0 0.759119563822
29.57 0 0.758324559443
29.58 0 0.757602350904
29.59 0 0.758140080277
29.6 0 0.761020571445
29.61 0 0.762183972914
29.62 0 0.76288457731
29.63 0 0.764095034298
29.64 0 0.764426210468
29.65 0 0.765217728933
29.66 0 0.765217728933
29.67 0 0.765217728933
29.68 0 0.765217728933
29.69 0 0.764791954487
29.7 0 0.76572978299
29.71 0 0.765727705927
29.72 0 0.770155352169
29.73 0 0.770394419328
29.74 0 0.771958675349
29.75 0 0.772892512474
29.76 0 0.778435960992
29.77 0 0.776540855894
29.78 0 0.776540855894
29.79 0 0.776630382416
29.8 0 0.777854093406
29.81 0 0.779151817338
29.82 0 0.779151817338
29.83 0 0.779151817338
29.84 0 0.779151817338
29.85 0 0.78412473666
29.86 0 0.78412473666
29.87 0 0.78412473666
29.88 0 0.779500464504
29.89 0 0.779500464504
29.9 0 0.779500464504
29.91 0 0.790683410567
29.92 0 0.790683410567
29.93 0 0.790683410567
29.94 0 0.799499061432
29.95 0 0.799644188916
29.96 0 0.80152987959
29.97 0 0.802251532943
29.98 0 0.804077692839
29.99 0 0.803956740298
30.0 0 0.803532803078
30.01 0 0.802221773894
30.02 0 0.801356834973
30.03 0 0.800049320777
30.04 0 0.799485225587
30.05 0 0.80057627335
30.06 0 0.801904945583
30.07 0 0.801929571827
30.08 0 0.801813744627
30.09 0 0.80206953551
30.1 0 0.801188262856
30.11 0 0.797599065041
30.12 0 0.797599065041
30.13 0 0.791881829524
30.14 0 0.791881829524
30.15 0 0.791881829524
30.16 0 0.791881829524
30.17 0 0.793701925806
30.18 0 0.793652221804
30.19 0 0.793136181256
30.2 0 0.793136181256
30.21 0 0.7920970886
30.22 0 0.787786126374
30.23 0 0.785499379208
30.24 0 0.784723980154
30.25 0 0.783596364809
30.26 0 0.782778646129
30.27 0 0.779175030929
30.28 0 0.779175030929
30.29 0 0.774510170369
30.3 0 0.770605282105
30.31 0 0.770085943031
30.32 0 0.769339275855
30.33 0 0.769253571862
30.34 0 0.769239255861
30.35 0 0.769267976109
30.36 0 0.768298348013
30.37 0 0.767677510454
30.38 0 0.766971693674
30.39 0 0.766971693674
30.4 0 0.766971693674
30.41 0 0.770278047536
30.42 0 0.772580697168
30.43 0 0.772976335674
30.44 0 0.772363372339
30.45 0 0.772065749947
30.46 0 0.7724211762
30.47 0 0.772656136446
30.48 0 0.772365726063
30.49 0 0.773541120583
30.5 0 0.772669818782
30.51 0 0.773345072732
30.52 0 0.775440824677
30.53 0 0.777672690701
30.54 0 0.780284265332
30.55 0 0.787307783004
30.56 0 0.78973863498
30.57 0 0.791891346629
30.58 0 0.793669579085
30.59 0 0.791341338273
30.6 0 0.79399197847
30.61 0 0.793019565565
30.62 0 0.793019565565
30.63 0 0.793019565565
30.64 0 0.800567114231
30.65 0 0.807920110998
30.66 0 0.806711384234
30.67 0 0.807053043639
30.68 0 0.807584800465
30.69 0 0.807992942412
30.7 0 0.808978565947
30.71 0 0.809781703323
30.72 0 0.810144828341
30.73 0 0.810172703002
30.74 0 0.808985985226
30.75 0 0.804510749593
30.76 0 0.803660612375
30.77 0 0.802948879452
30.78 0 0.804595083079
30.79 0 0.804595083079
30.8 0 0.804595083079
30.81 0 0.804595083079
30.82 0 0.803126510517
30.83 0 0.803126510517
30.84 0 0.803126510517
30.85 0 0.803126510517
30.86 0 0.801463131022
30.87 0 0.802141182759
30.88 0 0.802096836949
30.89 0 0.80229222121
30.9 0 0.801282428931
30.91 0 0.800609424
30.92 0 0.799105697227
30.93 0 0.796334839681
30.94 0 0.794559256005
30.95 0 0.793825342748
30.96 0 0.793825342748
30.97 0 0.78947707077
30.98 0 0.78947707077
30.99 0 0.78947707077
31.0 0 0.78947707077
31.01 0 0.785801082202
31.02 0 0.785801082202
31.03 0 0.778889560898
31.04 0 0.776853800604
31.05 0 0.775853985972
31.06 0 0.773811077428
31.07 0 0.772288871482
31.08 0 0.771598428164
31.09 0 0.771776174279
31.1 0 0.772544434056
31.11 0 0.771165383634
31.12 0 0.771678138492
31.13 0 0.77182681497
31.14 0 0.772157002666
31.15 0 0.772537081058
31.16 0 0.773383926373
31.17 0 0.774049292465
31.18 0 0.778199938415
31.19 0 0.780605902427
31.2 0 0.782482774405
31.21 0 0.782376783949
31.22 0 0.782572897243
31.23 0 0.784517210848
31.24 0 0.785045699247
31.25 0 0.78685501618
31.26 0 0.787412512274
31.27 0 0.78695417764
31.28 0 0.78760333267
31.29 0 0.788147829722
31.3 0 0.791249296532
31.31 0 0.792313394006
31.32 0 0.795564941073
31.33 0 0.79773260448
31.34 0 0.798706968707
31.35 0 0.801179206516
31.36 0 0.80776525314
31.37 0 0.809326842817
31.38 0 0.808954078044
31.39 0 0.813778075379
31.4 0 0.812418750007
31.41 0 0.817542203229
31.42 0 0.820764224552
31.43 0 0.826229705076
31.44 0 0.826186209814
31.45 0 0.82594050141
31.46 0 0.826426514173
31.47 0 0.826709532832
31.48 0 0.826242488013
31.49 0 0.826508204324
31.5 0 0.829382049931
31.51 0 0.831639189493
31.52 0 0.833660746847
31.53 0 0.834811951673
31.54 0 0.83758121554
31.55 0 0.838537854022
31.56 0 0.842334312369
31.57 0 0.843255464136
31.58 0 0.842802353252
31.59 0 0.840963200352
31.6 0 0.83885221507
31.61 0 0.837794065442
31.62 0 0.836113311181
31.63 0 0.835666326644
31.64 0 0.835472954358
31.65 0 0.834888585834
31.66 0 0.833587625861
31.67 0 0.832765805566
31.68 0 0.832346084003
31.69 0 0.830539440784
31.7 0 0.830686623429
31.71 0 0.828644388148
31.72 0 0.82709089888
31.73 0 0.826698623185
31.74 0 0.825942191651
31.75 0 0.825942191651
31.76 0 0.825942191651
31.77 0 0.824853850737
31.78 0 0.824853850737
31.79 0 0.824853850737
31.8 0 0.81809714655
31.81 0 0.817656696063
31.82 0 0.816216194694
31.83 0 0.816216194694
31.84 0 0.813954802096
31.85 0 0.813054656484
31.86 0 0.810210015035
31.87 0 0.809910781621
31.88 0 0.810681887859
31.89 0 0.811879187154
31.9 0 0.812559234727
31.91 0 0.813268228097
31.92 0 0.813076938838
31.93 0 0.811354961126
31.94 0 0.809859089956
31.95 0 0.809494404496
31.96 0 0.810582310909
31.97 0 0.811413157722
31.98 0 0.812804007608
31.99 0 0.813604249639
32.0 0 0.813604249639
32.01 0 0.813604249639
32.02 0 0.813604249639
32.03 0 0.814907399286
32.04 0 0.814907399286
32.05 0 0.816263493057
32.06 0 0.817530693437
32.07 0 0.820032577648
32.08 0 0.824030679835
32.09 0 0.824381705781
32.1 0 0.824482842478
32.11 0 0.829212704126
32.12 0 0.827955031999
32.13 0 0.828110609008
32.14 0 0.825657794593
32.15 0 0.826648828235
32.16 0 0.824230498792
32.17 0 0.826188967995
32.18 0 0.828563597762
32.19 0 0.830293745482
32.2 0 0.831250678838
32.21 0 0.831250678838
32.22 0 0.835512057744
32.23 0 0.8352279974
32.24 0 0.835137044058
32.25 0 0.83368921974
32.26 0 0.835825151433
32.27 0 0.838763838174
32.28 0 0.839915003424
32.29 0 0.841428440248
32.3 0 0.839584245494
32.31 0 0.845886084961
32.32 0 0.848136932255
32.33 0 0.849867377067
32.34 0 0.849867377067
32.35 0 0.855274084345
32.36 0 0.855279060561
32.37 0 0.854958261408
32.38 0 0.854083079646
32.39 0 0.852905662438
32.4 0 0.850943658236
32.41 0 0.850603092262
32.42 0 0.850056210486
32.43 0 0.850025402949
32.44 0 0.848960070533
32.45 0 0.848284488453
32.46 0 0.84856364919
32.47 0 0.847238679444
32.48 0 0.846991036055
32.49 0 0.846215253544
32.5 0 0.844173130885
32.51 0 0.843972272177
32.52 0 0.843248222688
32.53 0 0.841757161921
32.54 0 0.839641373454
32.55 0 0.839260559559
32.56 0 0.838005199923
32.57 0 0.83699084463
32.58 0 0.83498978464
32.59 0 0.832888141529
32.6 0 0.830583690849
32.61 0 0.827487947016
32.62 0 0.825455693035
32.63 0 0.823298768734
32.64 0 0.819338068542
32.65 0 0.819124813884
32.66 0 0.81973139073
32.67 0 0.81973139073
32.68 0 0.81973139073
32.69 0 0.824052759574
32.7 0 0.824246679468
32.71 0 0.824919306488
32.72 0 0.825931144051
32.73 0 0.826812237214
32.74 0 0.828113376887
32.75 0 0.829455500354
32.76 0 0.83001445367
32.77 0 0.830929915271
32.78 0 0.831161715718
32.79 0 0.830948843279
32.8 0 0.829755957441
32.81 0 0.829825458108
32.82 0 0.830829006401
32.83 0 0.830829006401
32.84 0 0.835557323419
32.85 0 0.837953870236
32.86 0 0.837658279777
32.87 0 0.843316234925
32.88 0 0.843316234925
32.89 0 0.843316234925
32.9 0 0.843316234925
32.91 0 0.842494830479
32.92 0 0.842494830479
32.93 0 0.838128516081
32.94 0 0.835358409579
32.95 0 0.843516690045
32.96 0 0.84300765368
32.97 0 0.844559864696
32.98 0 0.84449290613
32.99 0 0.84068310606
33.0 0 0.845771324639
33.01 0 0.846548647014
33.02 0 0.846465097715
33.03 0 0.84908414158
33.04 0 0.851154806192
33.05 0 0.851990090668
33.06 0 0.854810516571
33.07 0 0.858186848236
33.08 0 0.859510532173
33.09 0 0.861475429492
33.1 0 0.863692603131
33.11 0 0.868016835108
33.12 0 0.86809122592
33.13 0 0.872865772582
33.14 0 0.872668537404
33.15 0 0.872576939944
33.16 0 0.87260857182
33.17 0 0.871739510364
33.18 0 0.869724512222
33.19 0 0.869562735875
33.2 0 0.869294694272
33.21 0 0.869635364672
33.22 0 0.86912927004
33.23 0 0.867698397442
33.24 0 0.867296756325
33.25 0 0.86564416165
33.26 0 0.86564416165
33.27 0 0.865085521019
33.28 0 0.864111417042
33.29 0 0.863366860152
33.3 0 0.862618724707
33.31 0 0.861249854273
33.32 0 0.859492205423
33.33 0 0.857611066873
33.34 0 0.857296090401
33.35 0 0.857064262592
33.36 0 0.853735112068
33.37 0 0.853619082291
33.38 0 0.851796520768
33.39 0 0.849717235764
33.4 0 0.848089447252
33.41 0 0.848089447252
33.42 0 0.846342564146
33.43 0 0.84575999971
33.44 0 0.84575999971
33.45 0 0.84575999971
33.46 0 0.844742973303
33.47 0 0.845421843472
33.48 0 0.845466455532
33.49 0 0.845932218875
33.5 0 0.845852374912
33.51 0 0.845657423663
33.52 0 0.84624515287
33.53 0 0.846353741292
33.54 0 0.846884015863
33.55 0 0.848550548457
33.56 0 0.848741959178
33.57 0 0.848823069849
33.58 0 0.847971015728
33.59 0 0.846385423648
33.6 0 0.846385423648
33.61 0 0.847967488607
33.62 0 0.851110656518
33.63 0 0.854354468066
33.64 0 0.854402934261
33.65 0 0.859509409577
33.66 0 0.859509409577
33.67 0 0.863124563102
33.68 0 0.86277623637
33.69 0 0.863420676315
33.7 0 0.862088776614
33.71 0 0.863007111485
33.72 0 0.861482692497
33.73 0 0.861482692497
33.74 0 0.861370426922
33.75 0 0.861370426922
33.76 0 0.863547568659
33.77 0 0.864272767653
33.78 0 0.861503998238
33.79 0 0.862806617642
33.8 0 0.864081352122
33.81 0 0.866651434211
33.82 0 0.868778699221
33.83 0 0.866822148228
33.84 0 0.869613708914
33.85 0 0.867069778279
33.86 0 0.867510178608
33.87 0 0.868290915357
33.88 0 0.871033824206
33.89 0 0.876601814833
33.9 0 0.876722171186
33.91 0 0.877184688817
33.92 0 0.877250765041
33.93 0 0.876730543713
33.94 0 0.876250722015
33.95 0 0.876523157702
33.96 0 0.876415296503
33.97 0 0.876749399078
33.98 0 0.87703869682
33.99 0 0.876624913274
34.0 0 0.875844783221
34.01 0 0.876116044996
34.02 0 0.875386729433
34.03 0 0.871702796631
34.04 0 0.869902128045
34.05 0 0.869740804561
34.06 0 0.868709780043
34.07 0 0.870986214022
34.08 0 0.87226306198
34.09 0 0.872752909033
34.1 0 0.87259092951
34.11 0 0.870736564575
34.12 0 0.870736564575
34.13 0 0.869393161317
34.14 0 0.86892386442
34.15 0 0.865775466256
34.16 0 0.865255680642
34.17 0 0.863759307038
34.18 0 0.863621323693
34.19 0 0.862981155615
34.2 0 0.862981155615
34.21 0 0.860766524648
34.22 0 0.860753138164
34.23 0 0.860139877548
34.24 0 0.860357041853
34.25 0 0.862106025913
34.26 0 0.862405566089
34.27 0 0.862760626578
34.28 0 0.863138770804
34.29 0 0.863104224401
34.3 0 0.862937265322
34.31 0 0.863159175533
34.32 0 0.865009925422
34.33 0 0.865198992364
34.34 0 0.866740812994
34.35 0 0.867556723907
34.36 0 0.867556723907
34.37 0 0.868054714773
34.38 0 0.868115096401
34.39 0 0.868205880358
34.4 0 0.868607594129
34.41 0 0.868607594129
34.42 0 0.868607594129
34.43 0 0.875146528158
34.44 0 0.875146528158
34.45 0 0.875146528158
34.46 0 0.880447244577
34.47 0 0.880447244577
34.48 0 0.880447244577
34.49 0 0.877757929005
34.5 0 0.878683340771
34.51 0 0.878375446115
34.52 0 0.875363448801
34.53 0 0.878558810673
34.54 0 0.882997670419
34.55 0 0.884851985977
34.56 0 0.884828534633
34.57 0 0.885909301798
34.58 0 0.885446804881
34.59 0 0.886550571761
34.6 0 0.882886358047
34.61 0 0.880245557748
34.62 0 0.880441687265
34.63 0 0.885449644056
34.64 0 0.885896944243
34.65 0 0.886514289384
34.66 0 0.8891182105
34.67 0 0.890739228355
34.68 0 0.89520856316
34.69 0 0.89566536377
34.7 0 0.896677382983
34.71 0 0.897020449061
34.72 0 0.897420817169
34.73 0 0.89694141529
34.74 0 0.896812185688
34.75 0 0.896720723544
34.76 0 0.897301327685
34.77 0 0.897760010199
34.78 0 0.896925322231
34.79 0 0.896098126229
34.8 0 0.895392823946
34.81 0 0.895139142182
34.82 0 0.894265767052
34.83 0 0.894265767052
34.84 0 0.894265767052
34.85 0 0.894265767052
34.86 0 0.889713192799
34.87 0 0.888349169741
34.88 0 0.887362801961
34.89 0 0.886994969005
34.9 0 0.886143057792
34.91 0 0.885248605325
34.92 0 0.883371849188
34.93 0 0.883371849188
34.94 0 0.883371849188
34.95 0 0.883371849188
34.96 0 0.879359561709
34.97 0 0.879359561709
34.98 0 0.872109653234
34.99 0 0.869878541037
35.0 0 0.869246613184
35.01 0 0.868903345623
35.02 0 0.869543581369
35.03 0 0.870518831368
35.04 0 0.870517532846
35.05 0 0.871131482117
35.06 0 0.871411240519
35.07 0 0.87194510297
35.08 0 0.872009437485
35.09 0 0.872173120851
35.1 0 0.872173120851
35.11 0 0.872920963127
35.12 0 0.873635927514
35.13 0 0.873850587941
35.14 0 0.873411720714
35.15 0 0.872266938892
35.16 0 0.871866634246
35.17 0 0.873504611875
35.18 0 0.874677216567
35.19 0 0.876689828234
35.2 0 0.879150935282
35.21 0 0.88244229094
35.22 0 0.883479761443
35.23 0 0.886928341892
35.24 0 0.888151548285
35.25 0 0.888648632169
35.26 0 0.888229113105
35.27 0 0.889536085043
35.28 0 0.886595955245
35.29 0 0.885279024698
35.3 0 0.885989170747
35.31 0 0.885000987142
35.32 0 0.890499040213
35.33 0 0.886670517157
35.34 0 0.889504886163
35.35 0 0.891586623216
35.36 0 0.887107987052
35.37 0 0.884706147784
35.38 0 0.892506351764
35.39 0 0.888661619678
35.4 0 0.889966372276
35.41 0 0.896252121334
35.42 0 0.900936146649
35.43 0 0.900313283102
35.44 0 0.90031626492
35.45 0 0.900006759551
35.46 0 0.899827885903
35.47 0 0.900375666227
35.48 0 0.900375666227
35.49 0 0.900273206558
35.5 0 0.899601619868
35.51 0 0.899601619868
35.52 0 0.899601619868
35.53 0 0.897591715134
35.54 0 0.899528590116
35.55 0 0.898838681095
35.56 0 0.899717091124
35.57 0 0.899910448793
35.58 0 0.897918445566
35.59 0 0.897148525358
35.6 0 0.897933209248
35.61 0 0.898105988621
35.62 0 0.898985620867
35.63 0 0.900430865566
35.64 0 0.900728259764
35.65 0 0.900040401263
35.66 0 0.898973896142
35.67 0 0.896410657127
35.68 0 0.89288437422
35.69 0 0.89276829203
35.7 0 0.89180077565
35.71 0 0.88988077391
35.72 0 0.886705466308
35.73 0 0.88359879587
35.74 0 0.882804106031
35.75 0 0.879407295277
35.76 0 0.879178653946
35.77 0 0.877538067224
35.78 0 0.877600246429
35.79 0 0.878097854544
35.8 0 0.879432841006
35.81 0 0.879941183717
35.82 0 0.882362939676
35.83 0 0.883142800663
35.84 0 0.883655589316
35.85 0 0.88437533051
35.86 0 0.884914258687
35.87 0 0.885081910175
35.88 0 0.884992529572
35.89 0 0.884992529572
35.9 0 0.884695252974
35.91 0 0.884695252974
35.92 0 0.884695252974
35.93 0 0.88593869817
35.94 0 0.88593869817
35.95 0 0.883563353385
35.96 0 0.885307493091
35.97 0 0.887306855847
35.98 0 0.888881006358
35.99 0 0.89106650077
36.0 0 0.891437076889
36.01 0 0.898405984511
36.02 0 0.900628236355
36.03 0 0.901261815877
36.04 0 0.901569450747
36.05 0 0.901093389152
36.06 0 0.895413311862
36.07 0 0.891782208615
36.08 0 0.892940447253
36.09 0 0.889062789115
36.1 0 0.889787546935
36.11 0 0.893608057537
36.12 0 0.90051347727
36.13 0 0.897816434666
36.14 0 0.894371550414
36.15 0 0.899491317194
36.16 0 0.894439310208
36.17 0 0.893219884544
36.18 0 0.898703292654
36.19 0 0.895226739897
36.2 0 0.89805085634
36.21 0 0.903849673818
36.22 0 0.904488099639
36.23 0 0.906103794919
36.24 0 0.908348119215
36.25 0 0.911428495223
36.26 0 0.912721131905
36.27 0 0.912897386539
36.28 0 0.912764620859
36.29 0 0.912047112059
36.3 0 0.911384970968
36.31 0 0.910739447449
36.32 0 0.910369568729
36.33 0 0.910138381718
36.34 0 0.910333759322
36.35 0 0.910689278409
36.36 0 0.909297770235
36.37 0 0.909639668331
36.38 0 0.908428809159
36.39 0 0.908532596232
36.4 0 0.906854064089
36.41 0 0.905593324369
36.42 0 0.905593324369
36.43 0 0.905593324369
36.44 0 0.905593324369
36.45 0 0.900898807867
36.46 0 0.901158052993
36.47 0 0.900295177487
36.48 0 0.897707012826
36.49 0 0.895836612692
36.5 0 0.895718285536
36.51 0 0.896299623678
36.52 0 0.896501275397
36.53 0 0.896489482284
36.54 0 0.896186738904
36.55 0 0.896004754813
36.56 0 0.896004754813
36.57 0 0.896004754813
36.58 0 0.89368522068
36.59 0 0.89368522068
36.6 0 0.89368522068
36.61 0 0.89368522068
36.62 0 0.891226713126
36.63 0 0.891226713126
36.64 0 0.892122601107
36.65 0 0.89201733971
36.66 0 0.89218075566
36.67 0 0.893973867042
36.68 0 0.894133657664
36.69 0 0.897057376138
36.7 0 0.898460913865
36.71 0 0.898983048937
36.72 0 0.898945550472
36.73 0 0.898032360724
36.74 0 0.897203677208
36.75 0 0.897426533462
36.76 0 0.898506008297
36.77 0 0.901832738071
36.78 0 0.903852460508
36.79 0 0.907370578259
36.8 0 0.908131416742
36.81 0 0.909724705142
36.82 0 0.912083450707
36.83 0 0.911942096815
36.84 0 0.913407411887
36.85 0 0.911991547832
36.86 0 0.910797126104
36.87 0 0.907831985653
36.88 0 0.906950394926
36.89 0 0.904242864087
36.9 0 0.909636573287
36.91 0 0.902749597259
36.92 0 0.91212856324
36.93 0 0.905385771803
36.94 0 0.915418253732
36.95 0 0.914165357037
36.96 0 0.917119101242
36.97 0 0.921194251136
36.98 0 0.918757540472
36.99 0 0.920298790785
37.0 0 0.919649150577
37.01 0 0.921270933124
37.02 0 0.924169233627
37.03 0 0.926139691001
37.04 0 0.927576681134
37.05 0 0.926876144088
37.06 0 0.926730230031
37.07 0 0.925107846086
37.08 0 0.923607788119
37.09 0 0.923296044539
37.1 0 0.921671468463
37.11 0 0.922321465849
37.12 0 0.92465474873
37.13 0 0.925891929983
37.14 0 0.926624625026
37.15 0 0.92659949097
37.16 0 0.926873857161
37.17 0 0.926692117986
37.18 0 0.926547764022
37.19 0 0.926547372727
37.2 0 0.925559148466
37.21 0 0.92357877534
37.22 0 0.920742294491
37.23 0 0.919400253086
37.24 0 0.917059068526
37.25 0 0.914727943302
37.26 0 0.913332624147
37.27 0 0.913332624147
37.28 0 0.905195785657
37.29 0 0.905195785657
37.3 0 0.905195785657
37.31 0 0.897019187045
37.32 0 0.895627952678
37.33 0 0.895627952678
37.34 0 0.895439821927
37.35 0 0.890494958006
37.36 0 0.890712256269
37.37 0 0.890065699803
37.38 0 0.890200820868
37.39 0 0.890701974787
37.4 0 0.890329421361
37.41 0 0.890521895926
37.42 0 0.890521895926
37.43 0 0.890521895926
37.44 0 0.884480477859
37.45 0 0.885379864957
37.46 0 0.886028927165
37.47 0 0.88747194726
37.48 0 0.889056008881
37.49 0 0.889666109555
37.5 0 0.89148458717
37.51 0 0.891652782092
37.52 0 0.891165868017
37.53 0 0.891323059142
37.54 0 0.891323059142
37.55 0 0.891323059142
37.56 0 0.895615603201
37.57 0 0.895615603201
37.58 0 0.895615603201
37.59 0 0.902567004125
37.6 0 0.905138971092
37.61 0 0.906591626892
37.62 0 0.906074666855
37.63 0 0.902039625147
37.64 0 0.898866102564
37.65 0 0.898311606286
37.66 0 0.89737596785
37.67 0 0.896453242336
37.68 0 0.893368158494
37.69 0 0.900545581501
37.7 0 0.905305786998
37.71 0 0.90880562987
37.72 0 0.908028070895
37.73 0 0.906492921749
37.74 0 0.908073289796
37.75 0 0.908547810427
37.76 0 0.906272994765
37.77 0 0.907832614268
37.78 0 0.91332000251
37.79 0 0.915121789332
37.8 0 0.915896724125
37.81 0 0.918457115523
37.82 0 0.922590697687
37.83 0 0.925238021396
37.84 0 0.925525351848
37.85 0 0.925525351848
37.86 0 0.925525351848
37.87 0 0.925525351848
37.88 0 0.922208570354
37.89 0 0.922208570354
37.9 0 0.922208570354
37.91 0 0.922208570354
37.92 0 0.922208570354
37.93 0 0.919422938337
37.94 0 0.91989026359
37.95 0 0.918730664266
37.96 0 0.917983984149
37.97 0 0.9168554492
37.98 0 0.917437889032
37.99 0 0.917211258611
38.0 0 0.917217263139
38.01 0 0.918744019615
38.02 0 0.918996305001
38.03 0 0.918413510133
38.04 0 0.917754613134
38.05 0 0.917754613134
38.06 0 0.914994499075
38.07 0 0.914994499075
38.08 0 0.911595817827
38.09 0 0.910424542961
38.1 0 0.909165635369
38.11 0 0.906736246997
38.12 0 0.905700393727
38.13 0 0.904817723339
38.14 0 0.898365640255
38.15 0 0.898230540726
38.16 0 0.897761486881
38.17 0 0.897160467068
38.18 0 0.896338833263
38.19 0 0.896942095454
38.2 0 0.896321394023
38.21 0 0.895922253117
38.22 0 0.894906616589
38.23 0 0.893428372643
38.24 0 0.893827792055
38.25 0 0.89459150329
38.26 0 0.895534506122
38.27 0 0.896790732317
38.28 0 0.897615871433
38.29 0 0.898951301279
38.3 0 0.898983777598
38.31 0 0.899107572388
38.32 0 0.898962187256
38.33 0 0.89951161644
38.34 0 0.899828655537
38.35 0 0.900335044588
38.36 0 0.901822621475
38.37 0 0.902806587419
38.38 0 0.90605250453
38.39 0 0.907193828926
38.4 0 0.908204939319
38.41 0 0.907862311149
38.42 0 0.913682330749
38.43 0 0.912715712541
38.44 0 0.913555837712
38.45 0 0.913750414524
38.46 0 0.917361974152
38.47 0 0.918149038255
38.48 0 0.917724332076
38.49 0 0.925347560535
38.5 0 0.927038322218
38.51 0 0.92575978429
38.52 0 0.92494742132
38.53 0 0.92722777972
38.54 0 0.92722777972
38.55 0 0.929090857812
38.56 0 0.928862723611
38.57 0 0.928862723611
38.58 0 0.928862723611
38.59 0 0.928862723611
38.6 0 0.932665796315
38.61 0 0.932665796315
38.62 0 0.932665796315
38.63 0 0.939233023987
38.64 0 0.939233023987
38.65 0 0.939233023987
38.66 0 0.94081737912
38.67 0 0.94081737912
38.68 0 0.937564651161
38.69 0 0.937568548417
38.7 0 0.937738267084
38.71 0 0.937738267084
38.72 0 0.935120510204
38.73 0 0.932708410359
38.74 0 0.929121511574
38.75 0 0.925692093749
38.76 0 0.924425888923
38.77 0 0.920868557959
38.78 0 0.919995211016
38.79 0 0.918280067193
38.8 0 0.917862441919
38.81 0 0.917862441919
38.82 0 0.917862441919
38.83 0 0.910751561406
38.84 0 0.908179221655
38.85 0 0.905451136115
38.86 0 0.903465580444
38.87 0 0.902061549727
38.88 0 0.900511034689
38.89 0 0.89993607794
38.9 0 0.897837977073
38.91 0 0.897573462339
38.92 0 0.897628607099
38.93 0 0.897739023157
38.94 0 0.898287854005
38.95 0 0.899231868425
38.96 0 0.900506561901
38.97 0 0.902807642458
38.98 0 0.903695669133
38.99 0 0.903842665243
39.0 0 0.902679671172
