time index height
0.01 0 0.0
0.02 0 0.0263787406249
0.03 0 0.0265172482798
0.04 0 0.0299975357266
0.05 0 0.0348276199266
0.06 0 0.0382349111194
0.07 0 0.0413624004873
0.08 0 0.0447946089575
0.09 0 0.0491027739108
0.1 0 0.0532633662791
0.11 0 0.0601560482201
0.12 0 0.0649156399045
0.13 0 0.0688119534439
0.14 0 0.0734442214329
0.15 0 0.0746200722386
0.16 0 0.0751937674956
0.17 0 0.078269271309
0.18 0 0.0804617009856
0.19 0 0.0823554260824
0.2 0 0.0835509114559
0.21 0 0.0843745020187
0.22 0 0.084115938672
0.23 0 0.0831317439417
0.24 0 0.0813747989626
0.25 0 0.0793366330577
0.26 0 0.0719296627875
0.27 0 0.06846208847
0.28 0 0.0647068627572
0.29 0 0.0627190845181
0.3 0 0.0532033065356
0.31 0 0.0469369181243
0.32 0 0.0427346022364
0.33 0 0.0334163575862
0.34 0 0.0300345766792
0.35 0 0.0297467776683
0.36 0 0.0294719667398
0.37 0 0.0291155824286
0.38 0 0.0290256457638
0.39 0 0.0289949933457
0.4 0 0.0291787384744
0.41 0 0.0293367776057
0.42 0 0.0297468641522
0.43 0 0.0303746020002
0.44 0 0.0319482212323
0.45 0 0.0325046563013
0.46 0 0.0335792871768
0.47 0 0.0354039526511
0.48 0 0.0365121021364
0.49 0 0.0376197773431
0.5 0 0.0383214591053
0.51 0 0.0386989498174
0.52 0 0.0408919637527
0.53 0 0.0422203502489
0.54 0 0.04295229669
0.55 0 0.0425467139556
0.56 0 0.0408017154081
0.57 0 0.0400256772212
0.58 0 0.0399264565194
0.59 0 0.0399467205654
0.6 0 0.0403121251031
0.61 0 0.0407741875575
0.62 0 0.0413205493943
0.63 0 0.0415426810753
0.64 0 0.0415454304908
0.65 0 0.0415454304908
0.66 0 0.0416544685083
0.67 0 0.0416544685083
0.68 0 0.041866890712
0.69 0 0.0419325053064
0.7 0 0.0419575845069
0.71 0 0.0421411611709
0.72 0 0.0420755045016
0.73 0 0.041921843704
0.74 0 0.041921843704
0.75 0 0.041921843704
0.76 0 0.041609237549
0.77 0 0.0416302986548
0.78 0 0.0413775430659
0.79 0 0.04103466082
0.8 0 0.0405909189013
0.81 0 0.0400070543802
0.82 0 0.038908207049
0.83 0 0.0385582337344
0.84 0 0.0382540436161
0.85 0 0.0376177708063
0.86 0 0.0373445150093
0.87 0 0.0373970459687
0.88 0 0.0376817641612
0.89 0 0.0382514856469
0.9 0 0.0382381205106
0.91 0 0.0385307070389
0.92 0 0.0385307070389
0.93 0 0.0443683484171
0.94 0 0.0452531340086
0.95 0 0.0485271489706
0.96 0 0.0514017986675
0.97 0 0.052830922411
0.98 0 0.0541876176322
0.99 0 0.0548097680519
1.0 0 0.0558952659314
1.01 0 0.056117590036
1.02 0 0.056057851171
1.03 0 0.056226439471
1.04 0 0.0563319708077
1.05 0 0.0565940008831
1.06 0 0.0565615496499
1.07 0 0.0563767529874
1.08 0 0.0561626375067
1.09 0 0.0558573938655
1.1 0 0.0555637744553
1.11 0 0.055435122384
1.12 0 0.0554162230944
1.13 0 0.0553417493366
1.14 0 0.055387475001
1.15 0 0.0554210063803
1.16 0 0.0551285751525
1.17 0 0.0547305438814
1.18 0 0.0546599612255
1.19 0 0.054606609655
1.2 0 0.0544774717751
1.21 0 0.0544408435824
1.22 0 0.0544408435824
1.23 0 0.0537439719731
1.24 0 0.0527531719635
1.25 0 0.0515339602923
1.26 0 0.050719176413
1.27 0 0.0500601996533
1.28 0 0.0490895935647
1.29 0 0.048237116883
1.3 0 0.047972555949
1.31 0 0.0478828308273
1.32 0 0.0479825351535
1.33 0 0.04795984795
1.34 0 0.0478228374642
1.35 0 0.0469122626448
1.36 0 0.0458513858362
1.37 0 0.0451559129759
1.38 0 0.0450199683229
1.39 0 0.0458175310884
1.4 0 0.0467691559196
1.41 0 0.0473885245397
1.42 0 0.0478288395594
1.43 0 0.0487642962448
1.44 0 0.049576578578
1.45 0 0.0501575519412
1.46 0 0.0515632134804
1.47 0 0.0518726432967
1.48 0 0.0518495177833
1.49 0 0.0520478892794
1.5 0 0.0522528739355
1.51 0 0.0522840190276
1.52 0 0.0522840190276
1.53 0 0.0527053634562
1.54 0 0.0537786751873
1.55 0 0.0545865079776
1.56 0 0.0548219331604
1.57 0 0.0553246176862
1.58 0 0.0557643746199
1.59 0 0.0561135019776
1.6 0 0.0559309041867
1.61 0 0.056185289289
1.62 0 0.0556282635462
1.63 0 0.0550409031701
1.64 0 0.0546546136198
1.65 0 0.0543783801423
1.66 0 0.0540900309352
1.67 0 0.0542595586625
1.68 0 0.0540343601843
1.69 0 0.0536939607568
1.7 0 0.0536185308776
1.71 0 0.054783439044
1.72 0 0.0565545861306
1.73 0 0.0591071570223
1.74 0 0.0603516658128
1.75 0 0.0616614117236
1.76 0 0.063528384219
1.77 0 0.064658394271
1.78 0 0.0653357070796
1.79 0 0.0673417615666
1.8 0 0.0685471170078
1.81 0 0.0685471170078
1.82 0 0.0707365349972
1.83 0 0.0712498572947
1.84 0 0.0712371900698
1.85 0 0.0714096848613
1.86 0 0.0716654803543
1.87 0 0.0718802930538
1.88 0 0.0725136301523
1.89 0 0.0729783432179
1.9 0 0.0733346931055
1.91 0 0.074421300532
1.92 0 0.0752856157173
1.93 0 0.0761558893729
1.94 0 0.0763553538974
1.95 0 0.0766126331861
1.96 0 0.0763432279654
1.97 0 0.0757157363694
1.98 0 0.0747204656848
1.99 0 0.0744483203881
2.0 0 0.074341234266
2.01 0 0.0738037469737
2.02 0 0.0725391559373
2.03 0 0.0718246098165
2.04 0 0.0708203128639
2.05 0 0.0687406073591
2.06 0 0.0673965458562
2.07 0 0.0665746400496
2.08 0 0.0656480154229
2.09 0 0.0640389799544
2.1 0 0.0629707585342
2.11 0 0.062517718307
2.12 0 0.0622414571133
2.13 0 0.0619996951726
2.14 0 0.0614777942466
2.15 0 0.0609051252479
2.16 0 0.0599958943134
2.17 0 0.0598187455088
2.18 0 0.0597369298535
2.19 0 0.0599362144595
2.2 0 0.0610776841931
2.21 0 0.0615420643621
2.22 0 0.0622227447855
2.23 0 0.0628036871739
2.24 0 0.0631752686717
2.25 0 0.0636702514466
2.26 0 0.0645809341214
2.27 0 0.0674901366742
2.28 0 0.0689998948704
2.29 0 0.0703278528709
2.3 0 0.0739956442269
2.31 0 0.0777586491015
2.32 0 0.0801868053706
2.33 0 0.0843639553133
2.34 0 0.0866639860632
2.35 0 0.0873309563582
2.36 0 0.0883329196478
2.37 0 0.0891317622098
2.38 0 0.0893744361169
2.39 0 0.0931034636928
2.4 0 0.0932609574329
2.41 0 0.0938096435409
2.42 0 0.0953190139478
2.43 0 0.0968341376037
2.44 0 0.0982074488981
2.45 0 0.0997589836746
2.46 0 0.100528555863
2.47 0 0.100030112759
2.48 0 0.100050868138
2.49 0 0.100632302251
2.5 0 0.0995156832587
2.51 0 0.0986527859986
2.52 0 0.0978996495858
2.53 0 0.0976256873293
2.54 0 0.0975766964476
2.55 0 0.0968844936286
2.56 0 0.0959723025021
2.57 0 0.0958349364895
2.58 0 0.0941179946294
2.59 0 0.0932758152507
2.6 0 0.0931354864709
2.61 0 0.0931999697781
2.62 0 0.0943989273405
2.63 0 0.0951146662511
2.64 0 0.096029522739
2.65 0 0.0962524159189
2.66 0 0.0962524159189
2.67 0 0.0965170534224
2.68 0 0.0960702920774
2.69 0 0.0960130957735
2.7 0 0.0954518279131
2.71 0 0.0954518279131
2.72 0 0.0954518279131
2.73 0 0.0958281777378
2.74 0 0.0964738643821
2.75 0 0.0970260960842
2.76 0 0.0977650464964
2.77 0 0.0985478005962
2.78 0 0.100068942889
2.79 0 0.10030936506
2.8 0 0.100749355297
2.81 0 0.10227884083
2.82 0 0.103456830396
2.83 0 0.103688818868
2.84 0 0.104257685513
2.85 0 0.104830414139
2.86 0 0.105354162198
2.87 0 0.105025205137
2.88 0 0.104894084971
2.89 0 0.10474136035
2.9 0 0.104504211109
2.91 0 0.104270741165
2.92 0 0.103788841553
2.93 0 0.103600026746
2.94 0 0.103595537038
2.95 0 0.103479681021
2.96 0 0.103479681021
2.97 0 0.103830202438
2.98 0 0.103982603352
2.99 0 0.103677400657
3.0 0 0.103244899439
3.01 0 0.102874146081
3.02 0 0.102874146081
3.03 0 0.102874146081
3.04 0 0.102874146081
3.05 0 0.103795468758
3.06 0 0.104754680082
3.07 0 0.106714795959
3.08 0 0.108191679961
3.09 0 0.112564037856
3.1 0 0.114871215042
3.11 0 0.116776796033
3.12 0 0.119365157043
3.13 0 0.120563659015
3.14 0 0.123739315869
3.15 0 0.126095215971
3.16 0 0.128660336826
3.17 0 0.130037762222
3.18 0 0.130350344252
3.19 0 0.132673690748
3.2 0 0.133236200878
3.21 0 0.134817616294
3.22 0 0.138090384594
3.23 0 0.138006023669
3.24 0 0.138962034351
3.25 0 0.140503095721
3.26 0 0.141288096739
3.27 0 0.143028107264
3.28 0 0.14319414857
3.29 0 0.142344026573
3.3 0 0.142583920133
3.31 0 0.142527348236
3.32 0 0.141253543294
3.33 0 0.141131882021
3.34 0 0.140923652259
3.35 0 0.140923652259
3.36 0 0.140923652259
3.37 0 0.137824695185
3.38 0 0.13593104347
3.39 0 0.135222951636
3.4 0 0.135222951636
3.41 0 0.13204956341
3.42 0 0.129828045379
3.43 0 0.125413728995
3.44 0 0.122767141581
3.45 0 0.120561555361
3.46 0 0.119138544157
3.47 0 0.11807607058
3.48 0 0.115066294678
3.49 0 0.114030563374
3.5 0 0.112669521545
3.51 0 0.11054795431
3.52 0 0.109855378864
3.53 0 0.109530571788
3.54 0 0.109530571788
3.55 0 0.107620591946
3.56 0 0.107916124821
3.57 0 0.108484639953
3.58 0 0.108580320321
3.59 0 0.108780137809
3.6 0 0.109262860087
3.61 0 0.109590644551
3.62 0 0.109794458472
3.63 0 0.109794458472
3.64 0 0.11160288546
3.65 0 0.11160288546
3.66 0 0.11160288546
3.67 0 0.111933735354
3.68 0 0.111625045478
3.69 0 0.110931731334
3.7 0 0.109898272484
3.71 0 0.109035373091
3.72 0 0.109107433594
3.73 0 0.109107433594
3.74 0 0.109107433594
3.75 0 0.107932266434
3.76 0 0.107560748834
3.77 0 0.106673401235
3.78 0 0.106419799619
3.79 0 0.10655823595
3.8 0 0.106691963855
3.81 0 0.107365453398
3.82 0 0.109181483212
3.83 0 0.110414737462
3.84 0 0.111682624424
3.85 0 0.113215859888
3.86 0 0.119187812887
3.87 0 0.120813068815
3.88 0 0.121916368616
3.89 0 0.121916368616
3.9 0 0.127831906105
3.91 0 0.133801547057
3.92 0 0.136150788475
3.93 0 0.138599133718
3.94 0 0.144158025444
3.95 0 0.145623953899
3.96 0 0.14844965514
3.97 0 0.152320795499
3.98 0 0.156902251016
3.99 0 0.157605591483
4.0 0 0.159628541903
4.01 0 0.160976035631
4.02 0 0.163901015999
4.03 0 0.164037161842
4.04 0 0.164346219334
4.05 0 0.16352548562
4.06 0 0.16352548562
4.07 0 0.162649300921
4.08 0 0.161902953898
4.09 0 0.1611938306
4.1 0 0.157737085489
4.11 0 0.156584052066
4.12 0 0.154420081908
4.13 0 0.150126155318
4.14 0 0.143288651217
4.15 0 0.139714402439
4.16 0 0.135602771402
4.17 0 0.133475602798
4.18 0 0.125864221385
4.19 0 0.120710611776
4.2 0 0.117765215968
4.21 0 0.114676112113
4.22 0 0.113226484335
4.23 0 0.107820022939
4.24 0 0.106856773213
4.25 0 0.10459992828
4.26 0 0.103971286047
4.27 0 0.102586552479
4.28 0 0.102392047012
4.29 0 0.103562577473
4.3 0 0.107784357591
4.31 0 0.112126149804
4.32 0 0.119116966374
4.33 0 0.123544828819
4.34 0 0.124172703333
4.35 0 0.126919514421
4.36 0 0.126919514421
4.37 0 0.133153995084
4.38 0 0.135496686735
4.39 0 0.137766163575
4.4 0 0.138554729456
4.41 0 0.142012865979
4.42 0 0.144305882553
4.43 0 0.145007556066
4.44 0 0.147616113957
4.45 0 0.149597590737
4.46 0 0.15001107653
4.47 0 0.15001107653
4.48 0 0.15001107653
4.49 0 0.151697640292
4.5 0 0.153312789899
4.51 0 0.15416732187
4.52 0 0.153907446906
4.53 0 0.153523847773
4.54 0 0.153221591997
4.55 0 0.152965678906
4.56 0 0.152074299229
4.57 0 0.152430151032
4.58 0 0.151951719833
4.59 0 0.151743681313
4.6 0 0.151157849033
4.61 0 0.151364942058
4.62 0 0.152212604547
4.63 0 0.153340989406
4.64 0 0.15494641764
4.65 0 0.15840528859
4.66 0 0.158494310856
4.67 0 0.159949596713
4.68 0 0.163474978824
4.69 0 0.168013163828
4.7 0 0.171644523891
4.71 0 0.177701670126
4.72 0 0.178581036061
4.73 0 0.179800829577
4.74 0 0.180401729737
4.75 0 0.180414878727
4.76 0 0.180898378543
4.77 0 0.182579680102
4.78 0 0.183668689703
4.79 0 0.184325120889
4.8 0 0.183516962188
4.81 0 0.189023520657
4.82 0 0.18952308782
4.83 0 0.189467521474
4.84 0 0.189409991956
4.85 0 0.188410925965
4.86 0 0.188137137314
4.87 0 0.185686157986
4.88 0 0.183776821783
4.89 0 0.179389193682
4.9 0 0.179389193682
4.91 0 0.174898382275
4.92 0 0.172236598669
4.93 0 0.168154116173
4.94 0 0.165516710564
4.95 0 0.164758868341
4.96 0 0.160823993493
4.97 0 0.157068617248
4.98 0 0.154917502332
4.99 0 0.153794502505
5.0 0 0.153371395009
5.01 0 0.152488984122
5.02 0 0.152004554318
5.03 0 0.151408749627
5.04 0 0.151517207874
5.05 0 0.152652795541
5.06 0 0.155435865474
5.07 0 0.157748336822
5.08 0 0.159821015138
5.09 0 0.16152634799
5.1 0 0.162363980502
5.11 0 0.163845420165
5.12 0 0.16422985073
5.13 0 0.164756824538
5.14 0 0.16513181281
5.15 0 0.166416939734
5.16 0 0.166019016186
5.17 0 0.163820886334
5.18 0 0.163211080022
5.19 0 0.161753646458
5.2 0 0.160537904789
5.21 0 0.158628070895
5.22 0 0.155507845158
5.23 0 0.151561201775
5.24 0 0.148449606404
5.25 0 0.146439249289
5.26 0 0.145133320437
5.27 0 0.143542304303
5.28 0 0.142365023548
5.29 0 0.14136597326
5.3 0 0.140906418823
5.31 0 0.140189713681
5.32 0 0.139771451501
5.33 0 0.140374116249
5.34 0 0.140894110223
5.35 0 0.140571173433
5.36 0 0.140775295986
5.37 0 0.139727430922
5.38 0 0.139425107279
5.39 0 0.139526471911
5.4 0 0.139555859252
5.41 0 0.139880564634
5.42 0 0.138712275552
5.43 0 0.139447541246
5.44 0 0.141018885898
5.45 0 0.138772410583
5.46 0 0.138390948305
5.47 0 0.138023989914
5.48 0 0.139014032328
5.49 0 0.139328908963
5.5 0 0.138527491109
5.51 0 0.139468878333
5.52 0 0.142811195622
5.53 0 0.14617771054
5.54 0 0.150884485977
5.55 0 0.152254642773
5.56 0 0.155592834977
5.57 0 0.160478058913
5.58 0 0.166494822309
5.59 0 0.169920200689
5.6 0 0.172725163287
5.61 0 0.174472976479
5.62 0 0.17599129116
5.63 0 0.179441200792
5.64 0 0.18042144946
5.65 0 0.181462518571
5.66 0 0.180406192853
5.67 0 0.180289639774
5.68 0 0.181590508879
5.69 0 0.180763966596
5.7 0 0.1797183018
5.71 0 0.179719008585
5.72 0 0.179205764055
5.73 0 0.176982740622
5.74 0 0.174312195929
5.75 0 0.173000654758
5.76 0 0.169525984776
5.77 0 0.169607023019
5.78 0 0.169447221283
5.79 0 0.169018258195
5.8 0 0.167920168306
5.81 0 0.16859952094
5.82 0 0.168992841796
5.83 0 0.16913642427
5.84 0 0.170306821553
5.85 0 0.172528226652
5.86 0 0.173353712361
5.87 0 0.174475028271
5.88 0 0.17465665278
5.89 0 0.175004824147
5.9 0 0.174813202976
5.91 0 0.173563526554
5.92 0 0.172610160964
5.93 0 0.172256962267
5.94 0 0.170533470783
5.95 0 0.168600715324
5.96 0 0.166033333976
5.97 0 0.164498433161
5.98 0 0.162472084454
5.99 0 0.161149066632
6.0 0 0.160411310105
6.01 0 0.159004938748
6.02 0 0.157860929431
6.03 0 0.15553805465
6.04 0 0.154286854797
6.05 0 0.153728425638
6.06 0 0.152858333164
6.07 0 0.151581051226
6.08 0 0.150095941637
6.09 0 0.148885179925
6.1 0 0.147969810279
6.11 0 0.147806851993
6.12 0 0.143553435915
6.13 0 0.141146638957
6.14 0 0.139303405628
6.15 0 0.137672580226
6.16 0 0.136276950605
6.17 0 0.136801953557
6.18 0 0.136723069424
6.19 0 0.136723069424
6.2 0 0.139455699119
6.21 0 0.140108988863
6.22 0 0.141393692737
6.23 0 0.141393692737
6.24 0 0.141393692737
6.25 0 0.145280061137
6.26 0 0.142696320352
6.27 0 0.143382911391
6.28 0 0.145505577868
6.29 0 0.147118819742
6.3 0 0.149796914163
6.31 0 0.150230608709
6.32 0 0.152083021124
6.33 0 0.156226216991
6.34 0 0.160748917248
6.35 0 0.165164789978
6.36 0 0.169104230154
6.37 0 0.170465523103
6.38 0 0.171314475345
6.39 0 0.171478532949
6.4 0 0.173275466349
6.41 0 0.173275466349
6.42 0 0.173983321509
6.43 0 0.173187537101
6.44 0 0.171123709506
6.45 0 0.168816924277
6.46 0 0.167221533115
6.47 0 0.165875978085
6.48 0 0.165875978085
6.49 0 0.165136257854
6.5 0 0.165498554806
6.51 0 0.166133909062
6.52 0 0.166099555275
6.53 0 0.16689556627
6.54 0 0.167147483468
6.55 0 0.167515754952
6.56 0 0.167834369154
6.57 0 0.167954989546
6.58 0 0.168076900487
6.59 0 0.167726269735
6.6 0 0.166755831969
6.61 0 0.166221786924
6.62 0 0.165704063383
6.63 0 0.165494436961
6.64 0 0.165669149454
6.65 0 0.1668242345
6.66 0 0.167565049151
6.67 0 0.168065443858
6.68 0 0.167994368281
6.69 0 0.167499160179
6.7 0 0.167503553731
6.71 0 0.166665762867
6.72 0 0.166447881333
6.73 0 0.164982959
6.74 0 0.162765733808
6.75 0 0.159818453095
6.76 0 0.157856839711
6.77 0 0.156990401617
6.78 0 0.154777221978
6.79 0 0.154777221978
6.8 0 0.154777221978
6.81 0 0.149564397196
6.82 0 0.14565543168
6.83 0 0.143925377091
6.84 0 0.142030192992
6.85 0 0.141123546602
6.86 0 0.136498450456
6.87 0 0.13495840573
6.88 0 0.133512990765
6.89 0 0.133616930814
6.9 0 0.134058942304
6.91 0 0.135375987041
6.92 0 0.136454220296
6.93 0 0.137284524736
6.94 0 0.137284524736
6.95 0 0.139025862344
6.96 0 0.140216154751
6.97 0 0.144592882835
6.98 0 0.146874492261
6.99 0 0.147094057505
7.0 0 0.148213754582
7.01 0 0.150114095893
7.02 0 0.150128626317
7.03 0 0.151337997903
7.04 0 0.151753709751
7.05 0 0.152121349196
7.06 0 0.155677906377
7.07 0 0.156825284939
7.08 0 0.156080579015
7.09 0 0.161380365194
7.1 0 0.161862134691
7.11 0 0.164013036216
7.12 0 0.165423254403
7.13 0 0.168639972491
7.14 0 0.170038867278
7.15 0 0.171077608601
7.16 0 0.173700256877
7.17 0 0.174237602269
7.18 0 0.174237602269
7.19 0 0.174190418947
7.2 0 0.173447084479
7.21 0 0.172679404633
7.22 0 0.172651104004
7.23 0 0.172848131724
7.24 0 0.171277541003
7.25 0 0.170981766675
7.26 0 0.170649292881
7.27 0 0.168447420476
7.28 0 0.165416113231
7.29 0 0.16516205877
7.3 0 0.161658498922
7.31 0 0.159329989958
7.32 0 0.156240741869
7.33 0 0.151760497227
7.34 0 0.151336028238
7.35 0 0.149645368932
7.36 0 0.15011489046
7.37 0 0.147088547075
7.38 0 0.146010003705
7.39 0 0.145264050667
7.4 0 0.144558361526
7.41 0 0.143711313244
7.42 0 0.143192729717
7.43 0 0.143422664661
7.44 0 0.143833285853
7.45 0 0.144118433127
7.46 0 0.14428677183
7.47 0 0.144274171583
7.48 0 0.143680354599
7.49 0 0.143105653374
7.5 0 0.144319451807
7.51 0 0.14386067098
7.52 0 0.143807432998
7.53 0 0.144090212632
7.54 0 0.14401595511
7.55 0 0.144182646268
7.56 0 0.141492814316
7.57 0 0.140164831807
7.58 0 0.140012121612
7.59 0 0.139923070011
7.6 0 0.138682536682
7.61 0 0.136020499771
7.62 0 0.134620420377
7.63 0 0.133490567044
7.64 0 0.132188389171
7.65 0 0.131457622438
7.66 0 0.132234216025
7.67 0 0.132233485317
7.68 0 0.1323866783
7.69 0 0.132281536702
7.7 0 0.132091667437
7.71 0 0.130954630862
7.72 0 0.129624840099
7.73 0 0.128886148978
7.74 0 0.127347457102
7.75 0 0.127642910449
7.76 0 0.127112132175
7.77 0 0.128684546534
7.78 0 0.128035849187
7.79 0 0.129374170562
7.8 0 0.130475901859
7.81 0 0.131997781951
7.82 0 0.132733419245
7.83 0 0.133967870562
7.84 0 0.134475847195
7.85 0 0.137564816592
7.86 0 0.137728007981
7.87 0 0.137100389498
7.88 0 0.138000430632
7.89 0 0.138224491362
7.9 0 0.140880394136
7.91 0 0.142918549384
7.92 0 0.14247864541
7.93 0 0.146886380733
7.94 0 0.150226219788
7.95 0 0.149607563049
7.96 0 0.153821225085
7.97 0 0.154721941596
7.98 0 0.156321022687
7.99 0 0.159730605536
8.0 0 0.162069092278
8.01 0 0.162642375735
8.02 0 0.162458239342
8.03 0 0.163500482582
8.04 0 0.167442363238
8.05 0 0.167846212096
8.06 0 0.168405812025
8.07 0 0.168338149457
8.08 0 0.16827607167
8.09 0 0.167954817855
8.1 0 0.166767688855
8.11 0 0.165899920517
8.12 0 0.161794259618
8.13 0 0.160305993163
8.14 0 0.157777326142
8.15 0 0.154525685712
8.16 0 0.152914293824
8.17 0 0.150259382432
8.18 0 0.149433369117
8.19 0 0.146892244786
8.2 0 0.146448459706
8.21 0 0.145155163532
8.22 0 0.145062784274
8.23 0 0.145153076384
8.24 0 0.145937963792
8.25 0 0.146559298958
8.26 0 0.147281607793
8.27 0 0.147382868137
8.28 0 0.147662579194
8.29 0 0.148000007728
8.3 0 0.148158483455
8.31 0 0.147841532419
8.32 0 0.148066880927
8.33 0 0.147840579019
8.34 0 0.147214303018
8.35 0 0.148588784884
8.36 0 0.148645215199
8.37 0 0.148009192005
8.38 0 0.147175500102
8.39 0 0.145753023564
8.4 0 0.143022052036
8.41 0 0.141814116642
8.42 0 0.141187459844
8.43 0 0.13942456049
8.44 0 0.138922931098
8.45 0 0.138285791504
8.46 0 0.136180420272
8.47 0 0.134853517995
8.48 0 0.133431515398
8.49 0 0.132501132685
8.5 0 0.132767065235
8.51 0 0.132965550022
8.52 0 0.132440215046
8.53 0 0.132498300646
8.54 0 0.133760964599
8.55 0 0.13389490388
8.56 0 0.134415576701
8.57 0 0.135214492743
8.58 0 0.137563048027
8.59 0 0.137483104126
8.6 0 0.140109473292
8.61 0 0.140524530435
8.62 0 0.143932652371
8.63 0 0.146737163832
8.64 0 0.147083386091
8.65 0 0.148690579612
8.66 0 0.150743650533
8.67 0 0.153689648815
8.68 0 0.155132584148
8.69 0 0.154847614064
8.7 0 0.156885319933
8.71 0 0.161656293533
8.72 0 0.164722249135
8.73 0 0.169841523026
8.74 0 0.170840059477
8.75 0 0.173461677172
8.76 0 0.174668601776
8.77 0 0.175887352864
8.78 0 0.177380108928
8.79 0 0.176852984609
8.8 0 0.176878701756
8.81 0 0.176000202569
8.82 0 0.173085512936
8.83 0 0.171771355627
8.84 0 0.169598772874
8.85 0 0.1675649743
8.86 0 0.166139887664
8.87 0 0.164193692428
8.88 0 0.162871120209
8.89 0 0.159967952667
8.9 0 0.158305690606
8.91 0 0.155892681282
8.92 0 0.152859198829
8.93 0 0.14759459107
8.94 0 0.144640890321
8.95 0 0.139831579652
8.96 0 0.134975599465
8.97 0 0.133359371036
8.98 0 0.13250636872
8.99 0 0.132233513614
9.0 0 0.131936805613
9.01 0 0.132587144163
9.02 0 0.13297638044
9.03 0 0.134303472837
9.04 0 0.134866349659
9.05 0 0.136584951891
9.06 0 0.137106214934
9.07 0 0.138124617922
9.08 0 0.139876805009
9.09 0 0.14181821509
9.1 0 0.142072494005
9.11 0 0.142157440503
9.12 0 0.142487651338
9.13 0 0.14317875514
9.14 0 0.1437672834
9.15 0 0.144161206925
9.16 0 0.143946097075
9.17 0 0.14340036214
9.18 0 0.142970761118
9.19 0 0.142760960024
9.2 0 0.142942940413
9.21 0 0.143286836757
9.22 0 0.143581409872
9.23 0 0.143970789869
9.24 0 0.144712845953
9.25 0 0.145237568973
9.26 0 0.145991597021
9.27 0 0.147151252757
9.28 0 0.148158573312
9.29 0 0.149348792154
9.3 0 0.150852742498
9.31 0 0.152466286066
9.32 0 0.153536859253
9.33 0 0.154977483966
9.34 0 0.156182572474
9.35 0 0.156125333907
9.36 0 0.155281639082
9.37 0 0.155611797214
9.38 0 0.154945582669
9.39 0 0.156298241012
9.4 0 0.157877071768
9.41 0 0.158956180056
9.42 0 0.164093623457
9.43 0 0.165858339263
9.44 0 0.167425623167
9.45 0 0.167983193555
9.46 0 0.167559916264
9.47 0 0.172071388556
9.48 0 0.174372834339
9.49 0 0.175659308541
9.5 0 0.178411894383
9.51 0 0.179480945009
9.52 0 0.181971937123
9.53 0 0.184618296441
9.54 0 0.186349499678
9.55 0 0.189818931292
9.56 0 0.19353729109
9.57 0 0.194854545179
9.58 0 0.193859112738
9.59 0 0.194446390224
9.6 0 0.193511526872
9.61 0 0.191312617306
9.62 0 0.189606069999
9.63 0 0.188205416382
9.64 0 0.186477668637
9.65 0 0.184371910538
9.66 0 0.177504538194
9.67 0 0.174574763549
9.68 0 0.17278442272
9.69 0 0.171272610297
9.7 0 0.167488273829
9.71 0 0.165399376846
9.72 0 0.162008692826
9.73 0 0.158615493911
9.74 0 0.156355280109
9.75 0 0.152863712547
9.76 0 0.150697795344
9.77 0 0.149759553454
9.78 0 0.149700184754
9.79 0 0.149760834504
9.8 0 0.150216685483
9.81 0 0.150262921864
9.82 0 0.150149920077
9.83 0 0.150396392974
9.84 0 0.151234733201
9.85 0 0.152255095873
9.86 0 0.152544916287
9.87 0 0.153185583581
9.88 0 0.153039906487
9.89 0 0.153856616563
9.9 0 0.153849939991
9.91 0 0.154021864723
9.92 0 0.154162215243
9.93 0 0.154807126479
9.94 0 0.154898505825
9.95 0 0.154393139282
9.96 0 0.154280622328
9.97 0 0.154009602311
9.98 0 0.154353008742
9.99 0 0.154410449314
10.0 0 0.154395044309
10.01 0 0.154195004162
10.02 0 0.153590460292
10.03 0 0.152486480868
10.04 0 0.152243198063
10.05 0 0.152552439426
10.06 0 0.152983047728
10.07 0 0.153013673241
10.08 0 0.153533278749
10.09 0 0.154295729591
10.1 0 0.15550568642
10.11 0 0.156251159858
10.12 0 0.157159875868
10.13 0 0.158416480563
10.14 0 0.158955604822
10.15 0 0.160453582518
10.16 0 0.160504968552
10.17 0 0.160480493486
10.18 0 0.161689467743
10.19 0 0.161539174232
10.2 0 0.164128552713
10.21 0 0.165178458643
10.22 0 0.167584418658
10.23 0 0.168042749123
10.24 0 0.170233846286
10.25 0 0.172906661185
10.26 0 0.174744080093
10.27 0 0.176432956177
10.28 0 0.179111055509
10.29 0 0.179203192213
10.3 0 0.184755484378
10.31 0 0.18740781666
10.32 0 0.188888770375
10.33 0 0.192904092675
10.34 0 0.19403328246
10.35 0 0.195641304312
10.36 0 0.198712209655
10.37 0 0.200359239354
10.38 0 0.199898035314
10.39 0 0.199804139248
10.4 0 0.197854098786
10.41 0 0.198292437295
10.42 0 0.197142542325
10.43 0 0.196368078292
10.44 0 0.195819970983
10.45 0 0.195247294368
10.46 0 0.194879744514
10.47 0 0.192768268035
10.48 0 0.19082598014
10.49 0 0.188428882315
10.5 0 0.185432691852
10.51 0 0.184565768358
10.52 0 0.183903621457
10.53 0 0.181522958312
10.54 0 0.18095904509
10.55 0 0.178538621526
10.56 0 0.177047969591
10.57 0 0.176595250156
10.58 0 0.175868188193
10.59 0 0.175482605867
10.6 0 0.174916729129
10.61 0 0.175087032903
10.62 0 0.174938584369
10.63 0 0.174592851608
10.64 0 0.174269596998
10.65 0 0.173746989187
10.66 0 0.173260571134
10.67 0 0.173017949922
10.68 0 0.173236730407
10.69 0 0.17468010815
10.7 0 0.174926174821
10.71 0 0.176764586551
10.72 0 0.178633004304
10.73 0 0.179965338025
10.74 0 0.181261893411
10.75 0 0.182149193721
10.76 0 0.183757839234
10.77 0 0.185161710496
10.78 0 0.187292537886
10.79 0 0.187908215406
10.8 0 0.189042228714
10.81 0 0.190205543114
10.82 0 0.192958881323
10.83 0 0.193710255116
10.84 0 0.19407872581
10.85 0 0.195531685775
10.86 0 0.196825976111
10.87 0 0.19884425493
10.88 0 0.199011004403
10.89 0 0.199630220574
10.9 0 0.19989403708
10.91 0 0.199976738828
10.92 0 0.199922492934
10.93 0 0.201622069694
10.94 0 0.202499007568
10.95 0 0.204332396495
10.96 0 0.20423020885
10.97 0 0.204703200639
10.98 0 0.205143311049
10.99 0 0.205284597769
11.0 0 0.20571851175
11.01 0 0.206410898383
11.02 0 0.207029315299
11.03 0 0.208515813216
11.04 0 0.21152325683
11.05 0 0.212634142561
11.06 0 0.21552660362
11.07 0 0.220855805874
11.08 0 0.222724264011
11.09 0 0.225228842993
11.1 0 0.225157406278
11.11 0 0.226336073702
11.12 0 0.226397883633
11.13 0 0.228915200047
11.14 0 0.229715941069
11.15 0 0.230460378208
11.16 0 0.230034800915
11.17 0 0.228815010332
11.18 0 0.228766660859
11.19 0 0.227188475288
11.2 0 0.225917248446
11.21 0 0.225389512779
11.22 0 0.223893675363
11.23 0 0.222028334854
11.24 0 0.219539549675
11.25 0 0.218919753632
11.26 0 0.218390565846
11.27 0 0.218272053626
11.28 0 0.218358863536
11.29 0 0.218857558223
11.3 0 0.219105633539
11.31 0 0.219032111412
11.32 0 0.219951594896
11.33 0 0.220937241123
11.34 0 0.221190189797
11.35 0 0.221594685229
11.36 0 0.221308567601
11.37 0 0.220156960053
11.38 0 0.216917232641
11.39 0 0.215665537693
11.4 0 0.215140445545
11.41 0 0.212802889073
11.42 0 0.210601824399
11.43 0 0.207904647746
11.44 0 0.20244456045
11.45 0 0.20150112072
11.46 0 0.198274282739
11.47 0 0.192955152617
11.48 0 0.191576091535
11.49 0 0.189300498368
11.5 0 0.187444914013
11.51 0 0.185129272636
11.52 0 0.182757855397
11.53 0 0.180497469753
11.54 0 0.180510552517
11.55 0 0.181062216572
11.56 0 0.182362192872
11.57 0 0.18469887976
11.58 0 0.185395890182
11.59 0 0.186638630417
11.6 0 0.187970132036
11.61 0 0.188837697608
11.62 0 0.190549959921
11.63 0 0.191491240043
11.64 0 0.192659433706
11.65 0 0.193676419339
11.66 0 0.194031739012
11.67 0 0.195981800557
11.68 0 0.196621358819
11.69 0 0.196588267546
11.7 0 0.197680271055
11.71 0 0.200388725703
11.72 0 0.200238391602
11.73 0 0.2023734424
11.74 0 0.205871844867
11.75 0 0.207713501883
11.76 0 0.207342494169
11.77 0 0.208892465807
11.78 0 0.211166886529
11.79 0 0.213705326956
11.8 0 0.218164764165
11.81 0 0.220251690981
11.82 0 0.219576382014
11.83 0 0.221291000983
11.84 0 0.224270595464
11.85 0 0.224281552552
11.86 0 0.224809425893
11.87 0 0.230612022558
11.88 0 0.234082839988
11.89 0 0.236027603605
11.9 0 0.239098452075
11.91 0 0.23990407961
11.92 0 0.240287429251
11.93 0 0.239478037697
11.94 0 0.238880640495
11.95 0 0.236948747552
11.96 0 0.235778272068
11.97 0 0.234276938528
11.98 0 0.233344360791
11.99 0 0.231884807159
12.0 0 0.230411497179
12.01 0 0.22886852836
12.02 0 0.226401579928
12.03 0 0.225023263002
12.04 0 0.223949010065
12.05 0 0.219947200793
12.06 0 0.2180042896
12.07 0 0.216822206942
12.08 0 0.216443470824
12.09 0 0.2143151981
12.1 0 0.212742293476
12.11 0 0.21107433216
12.12 0 0.208966157182
12.13 0 0.207077881852
12.14 0 0.204237681292
12.15 0 0.2038993881
12.16 0 0.203184135242
12.17 0 0.202521241301
12.18 0 0.201002896634
12.19 0 0.201471007109
12.2 0 0.202433318873
12.21 0 0.204055327176
12.22 0 0.206137020766
12.23 0 0.207700694501
12.24 0 0.208485815051
12.25 0 0.208280049666
12.26 0 0.208857393979
12.27 0 0.208841102363
12.28 0 0.20753490939
12.29 0 0.207330379944
12.3 0 0.207474863629
12.31 0 0.207526934966
12.32 0 0.20659345664
12.33 0 0.205698854081
12.34 0 0.205441532874
12.35 0 0.204979221198
12.36 0 0.204255898519
12.37 0 0.200588765911
12.38 0 0.1980686104
12.39 0 0.196499767628
12.4 0 0.19634318877
12.41 0 0.195752115409
12.42 0 0.196281495846
12.43 0 0.196589982713
12.44 0 0.196920544521
12.45 0 0.197922393513
12.46 0 0.200157141071
12.47 0 0.202562911928
12.48 0 0.205134324513
12.49 0 0.208451514349
12.5 0 0.21024891483
12.51 0 0.214055545174
12.52 0 0.216610190413
12.53 0 0.216261995205
12.54 0 0.217286646631
12.55 0 0.216811367806
12.56 0 0.219923299334
12.57 0 0.218588482314
12.58 0 0.219640793739
12.59 0 0.221469208213
12.6 0 0.221765175961
12.61 0 0.22505515093
12.62 0 0.226519647527
12.63 0 0.225354380592
12.64 0 0.226289399791
12.65 0 0.230276606932
12.66 0 0.232714788545
12.67 0 0.234579872637
12.68 0 0.234263157438
12.69 0 0.237370414917
12.7 0 0.237274466995
12.71 0 0.237549436502
12.72 0 0.237167944555
12.73 0 0.236412286287
12.74 0 0.234744465487
12.75 0 0.233941713251
12.76 0 0.232913632052
12.77 0 0.2315561909
12.78 0 0.231069074125
12.79 0 0.229830809051
12.8 0 0.22922600205
12.81 0 0.229058115992
12.82 0 0.228706100022
12.83 0 0.228507500377
12.84 0 0.228032462016
12.85 0 0.226795298339
12.86 0 0.226115470688
12.87 0 0.225622735685
12.88 0 0.225118818111
12.89 0 0.225298044874
12.9 0 0.225199026989
12.91 0 0.224725744007
12.92 0 0.224725769303
12.93 0 0.225716976114
12.94 0 0.225610033078
12.95 0 0.225111507987
12.96 0 0.22389618457
12.97 0 0.222347836231
12.98 0 0.221012686743
12.99 0 0.219721703811
13.0 0 0.218307029771
13.01 0 0.216250906101
13.02 0 0.215183560819
13.03 0 0.213664069923
13.04 0 0.21307507007
13.05 0 0.212339567868
13.06 0 0.210969605307
13.07 0 0.209804529753
13.08 0 0.208827293064
13.09 0 0.20775354666
13.1 0 0.206046759105
13.11 0 0.204849191458
13.12 0 0.202244266851
13.13 0 0.200725649812
13.14 0 0.199106847595
13.15 0 0.199876875281
13.16 0 0.200133080301
13.17 0 0.200745561619
13.18 0 0.201215535297
13.19 0 0.200881037932
13.2 0 0.201448227024
13.21 0 0.202134431427
13.22 0 0.20373546819
13.23 0 0.203979341562
13.24 0 0.204600339729
13.25 0 0.207649501643
13.26 0 0.210084581529
13.27 0 0.211227014256
13.28 0 0.214307382266
13.29 0 0.215981409019
13.3 0 0.216790908436
13.31 0 0.217448191538
13.32 0 0.218446065722
13.33 0 0.219465183692
13.34 0 0.221527917465
13.35 0 0.223039055548
13.36 0 0.223866471111
13.37 0 0.224769835853
13.38 0 0.225463497971
13.39 0 0.228720112479
13.4 0 0.232684425064
13.41 0 0.235302047042
13.42 0 0.236269319225
13.43 0 0.237229864681
13.44 0 0.240071397751
13.45 0 0.240620679234
13.46 0 0.241784016321
13.47 0 0.241507284262
13.48 0 0.242048867818
13.49 0 0.242735487751
13.5 0 0.242338357817
13.51 0 0.241528460506
13.52 0 0.241060943103
13.53 0 0.238966023874
13.54 0 0.239287386743
13.55 0 0.238718956304
13.56 0 0.236906469442
13.57 0 0.236812227949
13.58 0 0.235409354368
13.59 0 0.235175842433
13.6 0 0.234800437832
13.61 0 0.233195050716
13.62 0 0.231370308437
13.63 0 0.228741166669
13.64 0 0.226154692111
13.65 0 0.225960103818
13.66 0 0.225026057568
13.67 0 0.22521903754
13.68 0 0.224610623971
13.69 0 0.222895884418
13.7 0 0.221806294342
13.71 0 0.221418097901
13.72 0 0.22110156601
13.73 0 0.22057085966
13.74 0 0.218700836952
13.75 0 0.219516674595
13.76 0 0.219499249858
13.77 0 0.219300609589
13.78 0 0.219942370518
13.79 0 0.219836387724
13.8 0 0.220052089656
13.81 0 0.220979250178
13.82 0 0.222862127157
13.83 0 0.224062856293
13.84 0 0.224062856293
13.85 0 0.225912231529
13.86 0 0.226387195047
13.87 0 0.225998177031
13.88 0 0.226046794336
13.89 0 0.225406174746
13.9 0 0.225996467447
13.91 0 0.227110880171
13.92 0 0.227651256696
13.93 0 0.230025435722
13.94 0 0.231681443209
13.95 0 0.232587587623
13.96 0 0.233485373419
13.97 0 0.233208603532
13.98 0 0.233869901908
13.99 0 0.234841265696
14.0 0 0.236407871889
14.01 0 0.240216239773
14.02 0 0.243021080701
14.03 0 0.245500781451
14.04 0 0.245500781451
14.05 0 0.245500781451
14.06 0 0.254425429066
14.07 0 0.257389761902
14.08 0 0.258728587764
14.09 0 0.262924058446
14.1 0 0.265185446667
14.11 0 0.268286460564
14.12 0 0.268659038642
14.13 0 0.271812309889
14.14 0 0.273199005276
14.15 0 0.275971139934
14.16 0 0.277558989933
14.17 0 0.278959630586
14.18 0 0.279614847279
14.19 0 0.281631706927
14.2 0 0.282877862633
14.21 0 0.282196241682
14.22 0 0.281360119535
14.23 0 0.280624651974
14.24 0 0.28636142706
14.25 0 0.288197046828
14.26 0 0.284770816905
14.27 0 0.284217446594
14.28 0 0.286887009657
14.29 0 0.287573146207
14.3 0 0.286281730079
14.31 0 0.285190903588
14.32 0 0.288308620273
14.33 0 0.285640483031
14.34 0 0.281634695846
14.35 0 0.278445854887
14.36 0 0.278095351741
14.37 0 0.277613457792
14.38 0 0.275874558432
14.39 0 0.27274312589
14.4 0 0.270037593328
14.41 0 0.268326133381
14.42 0 0.266877924678
14.43 0 0.265661809923
14.44 0 0.265601721898
14.45 0 0.26568009798
14.46 0 0.265368226639
14.47 0 0.264405694871
14.48 0 0.262845707565
14.49 0 0.260751139766
14.5 0 0.26013490159
14.51 0 0.259778861816
14.52 0 0.260039560085
14.53 0 0.260031165321
14.54 0 0.259306124099
14.55 0 0.259217638473
14.56 0 0.259350292742
14.57 0 0.25967992223
14.58 0 0.260291237433
14.59 0 0.260582096228
14.6 0 0.260158513564
14.61 0 0.260509943184
14.62 0 0.260944144262
14.63 0 0.261315301516
14.64 0 0.262631580476
14.65 0 0.263650563022
14.66 0 0.264027386061
14.67 0 0.264102079212
14.68 0 0.264762371134
14.69 0 0.265050841274
14.7 0 0.265983892673
14.71 0 0.266826760294
14.72 0 0.26647608381
14.73 0 0.268793022827
14.74 0 0.270650109808
14.75 0 0.271522507284
14.76 0 0.275134617016
14.77 0 0.275919708364
14.78 0 0.276582827063
14.79 0 0.278155908817
14.8 0 0.282957079845
14.81 0 0.286806408282
14.82 0 0.286903658883
14.83 0 0.2896645428
14.84 0 0.289142605476
14.85 0 0.291151332806
14.86 0 0.291593176618
14.87 0 0.29002278479
14.88 0 0.291278049246
14.89 0 0.297130947145
14.9 0 0.301291403068
14.91 0 0.302507598545
14.92 0 0.306306079773
14.93 0 0.30860729163
14.94 0 0.307695114811
14.95 0 0.309471129551
14.96 0 0.309639013905
14.97 0 0.312724749729
14.98 0 0.314956859798
14.99 0 0.315655534657
15.0 0 0.314823694007
15.01 0 0.318476734927
15.02 0 0.320467315662
15.03 0 0.322350756276
15.04 0 0.323052590886
15.05 0 0.322602791005
15.06 0 0.322048234197
15.07 0 0.322120976041
15.08 0 0.322192466108
15.09 0 0.32170611191
15.1 0 0.32056608723
15.11 0 0.318096776192
15.12 0 0.316895724929
15.13 0 0.315485208135
15.14 0 0.312978999244
15.15 0 0.311834632905
15.16 0 0.309319530159
15.17 0 0.305392497658
15.18 0 0.298097558781
15.19 0 0.294890847056
15.2 0 0.292950256036
15.21 0 0.288958510142
15.22 0 0.284264458496
15.23 0 0.28165611359
15.24 0 0.280091525524
15.25 0 0.279254069157
15.26 0 0.279175591771
15.27 0 0.278809761592
15.28 0 0.278455650828
15.29 0 0.277963659554
15.3 0 0.277734061551
15.31 0 0.277363356264
15.32 0 0.276309518029
15.33 0 0.27594188459
15.34 0 0.275640321241
15.35 0 0.275572545682
15.36 0 0.274054899172
15.37 0 0.274229170547
15.38 0 0.273590819388
15.39 0 0.273485963475
15.4 0 0.273632863382
15.41 0 0.273323608721
15.42 0 0.27284397792
15.43 0 0.272340054329
15.44 0 0.27076816743
15.45 0 0.270094473332
15.46 0 0.269102312821
15.47 0 0.268729552925
15.48 0 0.270374778715
15.49 0 0.272128818988
15.5 0 0.272690764628
15.51 0 0.273155432358
15.52 0 0.273644188345
15.53 0 0.274675178496
15.54 0 0.275474332463
15.55 0 0.276929265551
15.56 0 0.276700858625
15.57 0 0.279479035621
15.58 0 0.280495669614
15.59 0 0.284884797843
15.6 0 0.287073380502
15.61 0 0.290207200521
15.62 0 0.291121973986
15.63 0 0.29353405623
15.64 0 0.296024064252
15.65 0 0.297705022956
15.66 0 0.297990529772
15.67 0 0.300337685571
15.68 0 0.301174945101
15.69 0 0.302610473758
15.7 0 0.304519091978
15.71 0 0.30501222579
15.72 0 0.310809246782
15.73 0 0.312737519408
15.74 0 0.317484333522
15.75 0 0.318843647991
15.76 0 0.319055808317
15.77 0 0.319147207118
15.78 0 0.320958735584
15.79 0 0.320972863188
15.8 0 0.320242171318
15.81 0 0.321265747225
15.82 0 0.320993972933
15.83 0 0.320615815515
15.84 0 0.319485309407
15.85 0 0.320022915511
15.86 0 0.320758181288
15.87 0 0.320877118278
15.88 0 0.319905968533
15.89 0 0.318003258979
15.9 0 0.317828380208
15.91 0 0.316824868507
15.92 0 0.3162898044
15.93 0 0.316220642064
15.94 0 0.315979349061
15.95 0 0.314101098048
15.96 0 0.312468746795
15.97 0 0.309160958423
15.98 0 0.305996542716
15.99 0 0.30147078782
16.0 0 0.298574201227
16.01 0 0.29557399225
16.02 0 0.294542812305
16.03 0 0.290407812966
16.04 0 0.290137611287
16.05 0 0.290179280832
16.06 0 0.289382085869
16.07 0 0.287522918617
16.08 0 0.286671490801
16.09 0 0.285763202802
16.1 0 0.285543828507
16.11 0 0.284633000532
16.12 0 0.285591286357
16.13 0 0.286749858673
16.14 0 0.286676958787
16.15 0 0.287363813069
16.16 0 0.286369697538
16.17 0 0.286190024538
16.18 0 0.285764559132
16.19 0 0.285806012071
16.2 0 0.286925796432
16.21 0 0.286869932515
16.22 0 0.286869932515
16.23 0 0.286869932515
16.24 0 0.286869932515
16.25 0 0.285075786088
16.26 0 0.284798553313
16.27 0 0.286547105973
16.28 0 0.287113015169
16.29 0 0.288378391482
16.3 0 0.288406805752
16.31 0 0.29039511669
16.32 0 0.292212144022
16.33 0 0.292900008966
16.34 0 0.292699221217
16.35 0 0.295142522
16.36 0 0.294907627187
16.37 0 0.295054115222
16.38 0 0.297009668857
16.39 0 0.297009668857
16.4 0 0.303157620171
16.41 0 0.304953195899
16.42 0 0.304383436645
16.43 0 0.30381989068
16.44 0 0.303869269184
16.45 0 0.305987488736
16.46 0 0.306822430759
16.47 0 0.311463608114
16.48 0 0.311134763259
16.49 0 0.311869288214
16.5 0 0.309279922446
16.51 0 0.312664260472
16.52 0 0.313935666095
16.53 0 0.324864830204
16.54 0 0.326889442102
16.55 0 0.330366227738
16.56 0 0.330907304236
16.57 0 0.33366145373
16.58 0 0.336628601094
16.59 0 0.337583824252
16.6 0 0.340142855934
16.61 0 0.340759911987
16.62 0 0.340751457808
16.63 0 0.340570102377
16.64 0 0.340722911803
16.65 0 0.33969070206
16.66 0 0.337447577949
16.67 0 0.336254492042
16.68 0 0.333925417064
16.69 0 0.333146034431
16.7 0 0.3317187903
16.71 0 0.330901637178
16.72 0 0.329474815196
16.73 0 0.327740810786
16.74 0 0.32528900518
16.75 0 0.323447440498
16.76 0 0.320428920425
16.77 0 0.319326167359
16.78 0 0.3195133745
16.79 0 0.320456508466
16.8 0 0.321479131202
16.81 0 0.321223746124
16.82 0 0.319722192702
16.83 0 0.319498445668
16.84 0 0.317757373956
16.85 0 0.3165305738
16.86 0 0.316068774032
16.87 0 0.316235881541
16.88 0 0.316297392825
16.89 0 0.315911733371
16.9 0 0.313742767244
16.91 0 0.312815208411
16.92 0 0.312083512163
16.93 0 0.310861512148
16.94 0 0.31030586989
16.95 0 0.30936829876
16.96 0 0.309120399895
16.97 0 0.309108548862
16.98 0 0.308732326936
16.99 0 0.307745099016
17.0 0 0.308320358804
17.01 0 0.309076664281
17.02 0 0.309218832276
17.03 0 0.309981778111
17.04 0 0.310612428289
17.05 0 0.310552020976
17.06 0 0.309796445564
17.07 0 0.310004780435
17.08 0 0.310697517368
17.09 0 0.310990127534
17.1 0 0.310878445498
17.11 0 0.311628428676
17.12 0 0.313175605496
17.13 0 0.313252759148
17.14 0 0.316380638851
17.15 0 0.316857083929
17.16 0 0.317226736834
17.17 0 0.321483214062
17.18 0 0.325204287907
17.19 0 0.326718478558
17.2 0 0.326279636104
17.21 0 0.326082497716
17.22 0 0.327530105743
17.23 0 0.326277109845
17.24 0 0.332381548909
17.25 0 0.332650648227
17.26 0 0.334208365768
17.27 0 0.332580934082
17.28 0 0.340999498258
17.29 0 0.337067615712
17.3 0 0.333048176388
17.31 0 0.341955646473
17.32 0 0.344751454986
17.33 0 0.347105997726
17.34 0 0.346864171989
17.35 0 0.352006148165
17.36 0 0.353659392723
17.37 0 0.353659864024
17.38 0 0.353569225748
17.39 0 0.356158304603
17.4 0 0.35695119693
17.41 0 0.357970596096
17.42 0 0.357970007369
17.43 0 0.358025521952
17.44 0 0.356083458592
17.45 0 0.356687455862
17.46 0 0.357695109997
17.47 0 0.355413415519
17.48 0 0.355049338037
17.49 0 0.353164897037
17.5 0 0.35066441701
17.51 0 0.349413265769
17.52 0 0.347228454653
17.53 0 0.34596803304
17.54 0 0.345368750874
17.55 0 0.345034699524
17.56 0 0.34519189798
17.57 0 0.344852612656
17.58 0 0.342924791303
17.59 0 0.341208651976
17.6 0 0.340114078665
17.61 0 0.338301213482
17.62 0 0.338502165645
17.63 0 0.338813524592
17.64 0 0.33846042371
17.65 0 0.337080495567
17.66 0 0.336364722627
17.67 0 0.336111503562
17.68 0 0.335817561016
17.69 0 0.335616416111
17.7 0 0.335212623409
17.71 0 0.334826580426
17.72 0 0.335321649528
17.73 0 0.335892857178
17.74 0 0.336054914356
17.75 0 0.336234619654
17.76 0 0.336040290141
17.77 0 0.335316104078
17.78 0 0.334645272758
17.79 0 0.332992888282
17.8 0 0.331173225375
17.81 0 0.330595523698
17.82 0 0.329991482973
17.83 0 0.328019826206
17.84 0 0.327036947326
17.85 0 0.326294284151
17.86 0 0.326255529392
17.87 0 0.326646425617
17.88 0 0.327201635584
17.89 0 0.331028106464
17.9 0 0.331826981371
17.91 0 0.333120108779
17.92 0 0.334344916157
17.93 0 0.335904284867
17.94 0 0.33782568406
17.95 0 0.338743083458
17.96 0 0.342067662356
17.97 0 0.344028646689
17.98 0 0.346442562203
17.99 0 0.349118702215
18.0 0 0.348158346391
18.01 0 0.352029779061
18.02 0 0.350204307838
18.03 0 0.353393191853
18.04 0 0.349655686953
18.05 0 0.352617814768
18.06 0 0.352693879869
18.07 0 0.35305201074
18.08 0 0.352406397413
18.09 0 0.354669722301
18.1 0 0.354372051729
18.11 0 0.352984353969
18.12 0 0.352190948306
18.13 0 0.351155139279
18.14 0 0.350937935602
18.15 0 0.350015741303
18.16 0 0.351219061672
18.17 0 0.356569964578
18.18 0 0.360741113079
18.19 0 0.360676008257
18.2 0 0.360612432448
18.21 0 0.361544239508
18.22 0 0.362293033994
18.23 0 0.362229204698
18.24 0 0.362385266961
18.25 0 0.363660930546
18.26 0 0.363679180426
18.27 0 0.362159801946
18.28 0 0.361743409512
18.29 0 0.361399768294
18.3 0 0.36098466741
18.31 0 0.360275857304
18.32 0 0.359985726406
18.33 0 0.359326478713
18.34 0 0.357638388045
18.35 0 0.356079865989
18.36 0 0.355507931009
18.37 0 0.35494402231
18.38 0 0.353695206616
18.39 0 0.353016868153
18.4 0 0.353460893475
18.41 0 0.353919060262
18.42 0 0.353786688412
18.43 0 0.353510943148
18.44 0 0.353500230714
18.45 0 0.353086828826
18.46 0 0.352867127551
18.47 0 0.353024259455
18.48 0 0.353183844635
18.49 0 0.35512780049
18.5 0 0.355725653512
18.51 0 0.356258337362
18.52 0 0.357850789591
18.53 0 0.358490983352
18.54 0 0.358242038659
18.55 0 0.357396039284
18.56 0 0.358406145552
18.57 0 0.35946429686
18.58 0 0.360803974902
18.59 0 0.360803974902
18.6 0 0.360803974902
18.61 0 0.360803974902
18.62 0 0.361382633618
18.63 0 0.359357064357
18.64 0 0.35816776951
18.65 0 0.359799415669
18.66 0 0.360579569599
18.67 0 0.362323382185
18.68 0 0.362620698848
18.69 0 0.363954616987
18.7 0 0.363717753443
18.71 0 0.367586674699
18.72 0 0.366690109215
18.73 0 0.368154933033
18.74 0 0.367972474632
18.75 0 0.37164935965
18.76 0 0.372339956512
18.77 0 0.376748745195
18.78 0 0.378112614095
18.79 0 0.380020959516
18.8 0 0.381229995482
18.81 0 0.382709888003
18.82 0 0.38545669011
18.83 0 0.385780453765
18.84 0 0.394142003934
18.85 0 0.398333018456
18.86 0 0.399237977439
18.87 0 0.398932991372
18.88 0 0.398655270765
18.89 0 0.40064610308
18.9 0 0.400526931707
18.91 0 0.399896472586
18.92 0 0.397916781277
18.93 0 0.395268356206
18.94 0 0.392976400794
18.95 0 0.395355349083
18.96 0 0.388576034053
18.97 0 0.386167060617
18.98 0 0.38605726903
18.99 0 0.399516876847
19.0 0 0.399516876847
19.01 0 0.399516876847
19.02 0 0.399047931196
19.03 0 0.398574227
19.04 0 0.398332638911
19.05 0 0.39813172391
19.06 0 0.398087125523
19.07 0 0.397472690008
19.08 0 0.396629934759
19.09 0 0.396629934759
19.1 0 0.396629934759
19.11 0 0.395537316868
19.12 0 0.394488320047
19.13 0 0.393344848049
19.14 0 0.390635527308
19.15 0 0.389112164452
19.16 0 0.389156803532
19.17 0 0.388307618626
19.18 0 0.386920186114
19.19 0 0.386057830262
19.2 0 0.385491971541
19.21 0 0.384019600003
19.22 0 0.383689966128
19.23 0 0.38387197326
19.24 0 0.382459584231
19.25 0 0.381641669781
19.26 0 0.377736025498
19.27 0 0.377579098811
19.28 0 0.376007797012
19.29 0 0.375277946641
19.3 0 0.374922829868
19.31 0 0.37523284897
19.32 0 0.3758430426
19.33 0 0.37666912573
19.34 0 0.377252012213
19.35 0 0.37885007092
19.36 0 0.379746481725
19.37 0 0.380483251317
19.38 0 0.382007632254
19.39 0 0.383744509931
19.4 0 0.384917180079
19.41 0 0.386411586863
19.42 0 0.387075532923
19.43 0 0.387747672169
19.44 0 0.388845295828
19.45 0 0.389908475891
19.46 0 0.390981299182
19.47 0 0.390902917946
19.48 0 0.390268036943
19.49 0 0.391646850216
19.5 0 0.392850566413
19.51 0 0.396429476988
19.52 0 0.399091944336
19.53 0 0.401728861006
19.54 0 0.404890618829
19.55 0 0.40977678151
19.56 0 0.411046315243
19.57 0 0.411385858664
19.58 0 0.410135397438
19.59 0 0.41162070511
19.6 0 0.413103804561
19.61 0 0.416218861731
19.62 0 0.413854622096
19.63 0 0.420159624256
19.64 0 0.425241295569
19.65 0 0.427690915566
19.66 0 0.429501184281
19.67 0 0.431362977514
19.68 0 0.429719378472
19.69 0 0.429989659668
19.7 0 0.431829609461
19.71 0 0.432169542724
19.72 0 0.432169542724
19.73 0 0.432169542724
19.74 0 0.435432581418
19.75 0 0.435988481733
19.76 0 0.435988481733
19.77 0 0.435988481733
19.78 0 0.439775293711
19.79 0 0.440410250568
19.8 0 0.440887451884
19.81 0 0.440671256538
19.82 0 0.44019523401
19.83 0 0.439650384821
19.84 0 0.438522413169
19.85 0 0.438522413169
19.86 0 0.438522413169
19.87 0 0.434649595292
19.88 0 0.43306831048
19.89 0 0.430319660941
19.9 0 0.427633198926
19.91 0 0.426698712684
19.92 0 0.426052957439
19.93 0 0.426009482092
19.94 0 0.425881848959
19.95 0 0.423753131097
19.96 0 0.420698446742
19.97 0 0.418794432391
19.98 0 0.417733812413
19.99 0 0.413336544117
20.0 0 0.411174396976
20.01 0 0.409444594425
20.02 0 0.408239695746
20.03 0 0.406507546035
20.04 0 0.40640813549
20.05 0 0.4071226005
20.06 0 0.407679303633
20.07 0 0.409748308272
20.08 0 0.411538416703
20.09 0 0.413456770448
20.1 0 0.415636530992
20.11 0 0.416610352059
20.12 0 0.417437470499
20.13 0 0.418652695785
20.14 0 0.419588508978
20.15 0 0.421347434786
20.16 0 0.421632306718
20.17 0 0.422885838799
20.18 0 0.424543138551
20.19 0 0.427320795429
20.2 0 0.427407575953
20.21 0 0.427428070877
20.22 0 0.428142340685
20.23 0 0.428303673611
20.24 0 0.42916149892
20.25 0 0.430575222648
20.26 0 0.433821063237
20.27 0 0.433068629262
20.28 0 0.434365416808
20.29 0 0.435946174422
20.3 0 0.438718728408
20.31 0 0.438718728408
20.32 0 0.442427782144
20.33 0 0.446942848097
20.34 0 0.446888300656
20.35 0 0.446681078368
20.36 0 0.446681078368
20.37 0 0.446008953722
20.38 0 0.438980523566
20.39 0 0.444758363301
20.4 0 0.444758363301
20.41 0 0.444758363301
20.42 0 0.447515871543
20.43 0 0.447928575152
20.44 0 0.456405942168
20.45 0 0.457062653238
20.46 0 0.460737735027
20.47 0 0.462288036293
20.48 0 0.463563351026
20.49 0 0.463522389177
20.5 0 0.463533723265
20.51 0 0.464733696962
20.52 0 0.466562795205
20.53 0 0.465906713872
20.54 0 0.466562377852
20.55 0 0.467594172314
20.56 0 0.468971502261
20.57 0 0.468971502261
20.58 0 0.467175003391
20.59 0 0.465926739654
20.6 0 0.464466050011
20.61 0 0.464626874508
20.62 0 0.46573681836
20.63 0 0.465102484645
20.64 0 0.464760204002
20.65 0 0.464760204002
20.66 0 0.464015488405
20.67 0 0.46133754818
20.68 0 0.459641663213
20.69 0 0.459641663213
20.7 0 0.458593556392
20.71 0 0.457454351493
20.72 0 0.456893999505
20.73 0 0.45745725035
20.74 0 0.457953138917
20.75 0 0.457931763569
20.76 0 0.455762675381
20.77 0 0.454068040699
20.78 0 0.454068040699
20.79 0 0.452237983693
20.8 0 0.452237983693
20.81 0 0.452237983693
20.82 0 0.447050513703
20.83 0 0.446350858586
20.84 0 0.446350858586
20.85 0 0.446820100407
20.86 0 0.447507731334
20.87 0 0.448148011296
20.88 0 0.44774743757
20.89 0 0.448459853313
20.9 0 0.448459853313
20.91 0 0.448459853313
20.92 0 0.449868129658
20.93 0 0.449966428196
20.94 0 0.451781479072
20.95 0 0.453110782271
20.96 0 0.453768629028
20.97 0 0.455317377233
20.98 0 0.457063758991
20.99 0 0.457723181088
21.0 0 0.457239736812
21.01 0 0.45727614456
21.02 0 0.458701849461
21.03 0 0.459892219914
21.04 0 0.460247561706
21.05 0 0.461738968233
21.06 0 0.461738968233
21.07 0 0.46357060339
21.08 0 0.465157173353
21.09 0 0.466874017613
21.1 0 0.470408118153
21.11 0 0.473410571598
21.12 0 0.47355926393
21.13 0 0.471671308402
21.14 0 0.472004006902
21.15 0 0.471028770799
21.16 0 0.472110781845
21.17 0 0.473886348694
21.18 0 0.474616390715
21.19 0 0.476079489542
21.2 0 0.475876248324
21.21 0 0.475876248324
21.22 0 0.474323185195
21.23 0 0.480682393857
21.24 0 0.484220170744
21.25 0 0.486637421937
21.26 0 0.488046404088
21.27 0 0.488010897944
21.28 0 0.489024506023
21.29 0 0.489024506023
21.3 0 0.489024506023
21.31 0 0.489301276806
21.32 0 0.48709582224
21.33 0 0.484508151007
21.34 0 0.483725159369
21.35 0 0.485119714875
21.36 0 0.485388224534
21.37 0 0.48473925979
21.38 0 0.484708431871
21.39 0 0.484864420528
21.4 0 0.484457750355
21.41 0 0.486151800626
21.42 0 0.486145375048
21.43 0 0.48542826041
21.44 0 0.486511173847
21.45 0 0.48664082171
21.46 0 0.484583558285
21.47 0 0.481203627354
21.48 0 0.479433005765
21.49 0 0.479671762999
21.5 0 0.479647774628
21.51 0 0.479898443519
21.52 0 0.479935185383
21.53 0 0.479538926257
21.54 0 0.47701597993
21.55 0 0.475609275049
21.56 0 0.475107492143
21.57 0 0.473474525583
21.58 0 0.472749560996
21.59 0 0.467640955274
21.6 0 0.465686057648
21.61 0 0.464340809927
21.62 0 0.463771425418
21.63 0 0.463959169075
21.64 0 0.463959169075
21.65 0 0.464054957407
21.66 0 0.46790791415
21.67 0 0.468687686943
21.68 0 0.468750331874
21.69 0 0.469438718386
21.7 0 0.469811566768
21.71 0 0.470505899194
21.72 0 0.471111924967
21.73 0 0.4718186084
21.74 0 0.472239106394
21.75 0 0.472239106394
21.76 0 0.474176288683
21.77 0 0.476340331216
21.78 0 0.477704014717
21.79 0 0.478121126559
21.8 0 0.478015920126
21.81 0 0.477015847392
21.82 0 0.478257728434
21.83 0 0.478530435278
21.84 0 0.479673378115
21.85 0 0.479636146195
21.86 0 0.481227282401
21.87 0 0.482769681646
21.88 0 0.482303527794
21.89 0 0.484279095331
21.9 0 0.492463457141
21.91 0 0.49593310036
21.92 0 0.496148208754
21.93 0 0.498278597888
21.94 0 0.498135988882
21.95 0 0.495133199973
21.96 0 0.494040669233
21.97 0 0.496031930531
21.98 0 0.493629100006
21.99 0 0.493111443229
22.0 0 0.494472374838
22.01 0 0.498264929271
22.02 0 0.494707032551
22.03 0 0.501124644324
22.04 0 0.506909341485
22.05 0 0.506909341485
22.06 0 0.506909341485
22.07 0 0.506948918292
22.08 0 0.508430523193
22.09 0 0.511099976109
22.1 0 0.512643156296
22.11 0 0.514922360732
22.12 0 0.515829423742
22.13 0 0.516166677643
22.14 0 0.515742481596
22.15 0 0.514549240614
22.16 0 0.513375915368
22.17 0 0.512491429978
22.18 0 0.513035749694
22.19 0 0.512951838742
22.2 0 0.514650778109
22.21 0 0.514117566248
22.22 0 0.514668502573
22.23 0 0.514358850893
22.24 0 0.513993893322
22.25 0 0.513993893322
22.26 0 0.509662717568
22.27 0 0.508623349822
22.28 0 0.508096953054
22.29 0 0.508134301822
22.3 0 0.507926496584
22.31 0 0.507617537118
22.32 0 0.507544609447
22.33 0 0.507673677369
22.34 0 0.507264184579
22.35 0 0.507194963205
22.36 0 0.507194963205
22.37 0 0.503152400729
22.38 0 0.502210186454
22.39 0 0.502210186454
22.4 0 0.500699180893
22.41 0 0.500703490982
22.42 0 0.500703490982
22.43 0 0.500703490982
22.44 0 0.502682434115
22.45 0 0.50428724577
22.46 0 0.505109314794
22.47 0 0.506215906644
22.48 0 0.507317186685
22.49 0 0.507317186685
22.5 0 0.507317186685
22.51 0 0.507317186685
22.52 0 0.507832315028
22.53 0 0.508130233087
22.54 0 0.508309244915
22.55 0 0.508958971533
22.56 0 0.510206121821
22.57 0 0.510255375311
22.58 0 0.510028927441
22.59 0 0.510822421167
22.6 0 0.513432510819
22.61 0 0.514728920338
22.62 0 0.514827828651
22.63 0 0.516416242981
22.64 0 0.517478951047
22.65 0 0.519512079428
22.66 0 0.525092398511
22.67 0 0.524455373351
22.68 0 0.527409101737
22.69 0 0.529154773378
22.7 0 0.534064200491
22.71 0 0.533570452687
22.72 0 0.536468164363
22.73 0 0.534861451419
22.74 0 0.534861451419
22.75 0 0.534861451419
22.76 0 0.538057724802
22.77 0 0.537846816351
22.78 0 0.544589782314
22.79 0 0.544754464368
22.8 0 0.545424971428
22.81 0 0.545664308322
22.82 0 0.546313544012
22.83 0 0.547967760281
22.84 0 0.547309576534
22.85 0 0.547354533292
22.86 0 0.545903897017
22.87 0 0.547963840518
22.88 0 0.546574947467
22.89 0 0.547763477512
22.9 0 0.54804807432
22.91 0 0.551100820746
22.92 0 0.55214339724
22.93 0 0.55238041782
22.94 0 0.551107804421
22.95 0 0.551107804421
22.96 0 0.551107804421
22.97 0 0.551107804421
22.98 0 0.548489396957
22.99 0 0.547469860134
23.0 0 0.545875437702
23.01 0 0.544728960267
23.02 0 0.544043766838
23.03 0 0.543581774972
23.04 0 0.542821702796
23.05 0 0.542747108447
23.06 0 0.541698181609
23.07 0 0.541932577524
23.08 0 0.541467618429
23.09 0 0.542334999848
23.1 0 0.542466128963
23.11 0 0.541589478781
23.12 0 0.543833286924
23.13 0 0.543715747411
23.14 0 0.543454315376
23.15 0 0.541500249823
23.16 0 0.537367196793
23.17 0 0.537367196793
23.18 0 0.531570634528
23.19 0 0.530275935854
23.2 0 0.529692820818
23.21 0 0.528412444128
23.22 0 0.528022149132
23.23 0 0.528007646675
23.24 0 0.527861177471
23.25 0 0.528514112781
23.26 0 0.528994652981
23.27 0 0.529441413
23.28 0 0.529441413
23.29 0 0.53299402308
23.3 0 0.533218038622
23.31 0 0.533218038622
23.32 0 0.533681074171
23.33 0 0.533775509777
23.34 0 0.533784362457
23.35 0 0.534200853261
23.36 0 0.534841960704
23.37 0 0.535332570454
23.38 0 0.535917620122
23.39 0 0.536484638634
23.4 0 0.537303237599
23.41 0 0.537225205979
23.42 0 0.538108587414
23.43 0 0.540346009682
23.44 0 0.543472261588
23.45 0 0.542344505501
23.46 0 0.544936372888
23.47 0 0.544936372888
23.48 0 0.545727789583
23.49 0 0.544740835559
23.5 0 0.547180389158
23.51 0 0.549003730202
23.52 0 0.549392438715
23.53 0 0.549392438715
23.54 0 0.549392438715
23.55 0 0.550808898441
23.56 0 0.550808898441
23.57 0 0.550808898441
23.58 0 0.550808898441
23.59 0 0.560976200516
23.6 0 0.564693627205
23.61 0 0.564545982921
23.62 0 0.565463301291
23.63 0 0.565463301291
23.64 0 0.565463301291
23.65 0 0.568387547669
23.66 0 0.569817916613
23.67 0 0.57105955732
23.68 0 0.572779266467
23.69 0 0.575929716798
23.7 0 0.575933215483
23.71 0 0.574987434923
23.72 0 0.57278069319
23.73 0 0.571511231481
23.74 0 0.571475724666
23.75 0 0.570123552032
23.76 0 0.570968473382
23.77 0 0.569966924149
23.78 0 0.56931624719
23.79 0 0.568688026488
23.8 0 0.565960796815
23.81 0 0.562466915539
23.82 0 0.562393093897
23.83 0 0.562555259885
23.84 0 0.562504568093
23.85 0 0.56229230998
23.86 0 0.56291769541
23.87 0 0.563306819665
23.88 0 0.563306819665
23.89 0 0.563141286784
23.9 0 0.562498241719
23.91 0 0.562657704198
23.92 0 0.561779828853
23.93 0 0.561224710845
23.94 0 0.560873774639
23.95 0 0.560679285705
23.96 0 0.560800987149
23.97 0 0.56020229416
23.98 0 0.560180788035
23.99 0 0.560831045448
24.0 0 0.561546380881
24.01 0 0.562026976351
24.02 0 0.562337179184
24.03 0 0.563561160975
24.04 0 0.564744068214
24.05 0 0.565984232896
24.06 0 0.565793656632
24.07 0 0.565931706081
24.08 0 0.566494856489
24.09 0 0.567264112088
24.1 0 0.56850935552
24.11 0 0.568474461983
24.12 0 0.568778185921
24.13 0 0.568778185921
24.14 0 0.568778185921
24.15 0 0.570303746748
24.16 0 0.571103584683
24.17 0 0.571599067921
24.18 0 0.57203668651
24.19 0 0.573444128498
24.2 0 0.574678236144
24.21 0 0.579226760264
24.22 0 0.579583387194
24.23 0 0.582745950235
24.24 0 0.58313711327
24.25 0 0.584554871444
24.26 0 0.585586428438
24.27 0 0.581993176935
24.28 0 0.579703339595
24.29 0 0.58308793529
24.3 0 0.584373642527
24.31 0 0.583342153694
24.32 0 0.584095594637
24.33 0 0.585796737899
24.34 0 0.587457035816
24.35 0 0.586994936548
24.36 0 0.586907852108
24.37 0 0.586907852108
24.38 0 0.586907852108
24.39 0 0.588462867055
24.4 0 0.586773746056
24.41 0 0.593294217126
24.42 0 0.595055708494
24.43 0 0.596964110864
24.44 0 0.597458868665
24.45 0 0.59846926272
24.46 0 0.599882543852
24.47 0 0.603998432828
24.48 0 0.604213511676
24.49 0 0.604044061231
24.5 0 0.604001649948
24.51 0 0.604001649948
24.52 0 0.603318436422
24.53 0 0.602231288332
24.54 0 0.602745643411
24.55 0 0.603597496032
24.56 0 0.603597496032
24.57 0 0.606406270108
24.58 0 0.607439978152
24.59 0 0.607563109318
24.6 0 0.606947314076
24.61 0 0.60660694194
24.62 0 0.606945540424
24.63 0 0.606047198938
24.64 0 0.606165268642
24.65 0 0.60696069821
24.66 0 0.607694729453
24.67 0 0.607610743776
24.68 0 0.607398438909
24.69 0 0.606512478148
24.7 0 0.604630916638
24.71 0 0.60234484179
24.72 0 0.599662466909
24.73 0 0.599662466909
24.74 0 0.599662466909
24.75 0 0.592540142464
24.76 0 0.588616835264
24.77 0 0.587367266264
24.78 0 0.586406001735
24.79 0 0.583281439102
24.8 0 0.583720886731
24.81 0 0.584894922225
24.82 0 0.58681119484
24.83 0 0.587465099455
24.84 0 0.587723523022
24.85 0 0.588243566605
24.86 0 0.589583933725
24.87 0 0.590525365926
24.88 0 0.591282042751
24.89 0 0.592708836836
24.9 0 0.592517838929
24.91 0 0.592431101555
24.92 0 0.592405628058
24.93 0 0.592830152886
24.94 0 0.593111513744
24.95 0 0.593353959181
24.96 0 0.593311184395
24.97 0 0.592993935959
24.98 0 0.592692243773
24.99 0 0.596754500708
25.0 0 0.597573502121
25.01 0 0.604001970031
25.02 0 0.603669756377
25.03 0 0.607994891275
25.04 0 0.610524046495
25.05 0 0.609032144938
25.06 0 0.614391227517
25.07 0 0.616070608617
25.08 0 0.616059913435
25.09 0 0.616059913435
25.1 0 0.616059913435
25.11 0 0.615291692362
25.12 0 0.614282475789
25.13 0 0.61707104887
25.14 0 0.626062606418
25.15 0 0.625622658564
25.16 0 0.624134133517
25.17 0 0.62399769706
25.18 0 0.62399769706
25.19 0 0.623419834201
25.2 0 0.628106607051
25.21 0 0.628087699726
25.22 0 0.624687969333
25.23 0 0.625550130572
25.24 0 0.629476207929
25.25 0 0.626202424961
25.26 0 0.625818676507
25.27 0 0.625818676507
25.28 0 0.625818676507
25.29 0 0.630281750478
25.3 0 0.629442476278
25.31 0 0.628820113319
25.32 0 0.62913635491
25.33 0 0.630393757189
25.34 0 0.631366903972
25.35 0 0.631585377555
25.36 0 0.633330224826
25.37 0 0.633196645292
25.38 0 0.633419971984
25.39 0 0.632917656337
25.4 0 0.631306798163
25.41 0 0.62963398922
25.42 0 0.62902336035
25.43 0 0.628759817507
25.44 0 0.62781595659
25.45 0 0.626970835073
25.46 0 0.626970835073
25.47 0 0.626970835073
25.48 0 0.625672596466
25.49 0 0.624885810172
25.5 0 0.623700094315
25.51 0 0.622970473097
25.52 0 0.620945628953
25.53 0 0.620385252708
25.54 0 0.61926205345
25.55 0 0.61926205345
25.56 0 0.61926205345
25.57 0 0.61356370459
25.58 0 0.612320018022
25.59 0 0.611689782561
25.6 0 0.611025991384
25.61 0 0.610910422788
25.62 0 0.610516826914
25.63 0 0.610516826914
25.64 0 0.610623073568
25.65 0 0.609285424581
25.66 0 0.609285424581
25.67 0 0.609285424581
25.68 0 0.613763658966
25.69 0 0.614837355969
25.7 0 0.616743527388
25.71 0 0.620149649957
25.72 0 0.620488994699
25.73 0 0.621244050797
25.74 0 0.621589427183
25.75 0 0.622371241658
25.76 0 0.625956966748
25.77 0 0.627502599757
25.78 0 0.627502599757
25.79 0 0.633634958437
25.8 0 0.639358002907
25.81 0 0.639014823125
25.82 0 0.642946648014
25.83 0 0.642327384739
25.84 0 0.643565831771
25.85 0 0.646226798747
25.86 0 0.646535827402
25.87 0 0.641884310619
25.88 0 0.645659159314
25.89 0 0.646295469291
25.9 0 0.648086616967
25.91 0 0.648580909715
25.92 0 0.648352750212
25.93 0 0.650004024398
25.94 0 0.65025572458
25.95 0 0.650983127195
25.96 0 0.650983127195
25.97 0 0.650983127195
25.98 0 0.658441320783
25.99 0 0.658125919881
26.0 0 0.658125919881
26.01 0 0.660757949692
26.02 0 0.661570576296
26.03 0 0.66157620103
26.04 0 0.664952295063
26.05 0 0.666138958877
26.06 0 0.666105431767
26.07 0 0.66553393527
26.08 0 0.664973731169
26.09 0 0.664772506713
26.1 0 0.664772506713
26.11 0 0.66370250977
26.12 0 0.66370250977
26.13 0 0.66370250977
26.14 0 0.663305181084
26.15 0 0.662229963138
26.16 0 0.661304321936
26.17 0 0.659575407015
26.18 0 0.656937430186
26.19 0 0.657207927306
26.2 0 0.658026684696
26.21 0 0.658689207203
26.22 0 0.65948109671
26.23 0 0.659626890584
26.24 0 0.657551362331
26.25 0 0.65686346479
26.26 0 0.656124408141
26.27 0 0.656137031353
26.28 0 0.656137031353
26.29 0 0.653504080286
26.3 0 0.651413633648
26.31 0 0.649029283678
26.32 0 0.64810956604
26.33 0 0.647816007974
26.34 0 0.64619767119
26.35 0 0.64619767119
26.36 0 0.645115308358
26.37 0 0.644515649171
26.38 0 0.644588539015
26.39 0 0.645287743588
26.4 0 0.646122233117
26.41 0 0.646647062808
26.42 0 0.646647062808
26.43 0 0.648328113929
26.44 0 0.649982360239
26.45 0 0.649982360239
26.46 0 0.649982360239
26.47 0 0.655394689861
26.48 0 0.656938202263
26.49 0 0.657604401144
26.5 0 0.657706833183
26.51 0 0.658096498679
26.52 0 0.658047241683
26.53 0 0.658733018038
26.54 0 0.658995830988
26.55 0 0.659438866045
26.56 0 0.661575637609
26.57 0 0.66605080076
26.58 0 0.667876285065
26.59 0 0.669209181737
26.6 0 0.671293071989
26.61 0 0.671293071989
26.62 0 0.673716287328
26.63 0 0.675313599315
26.64 0 0.675313599315
26.65 0 0.67854178077
26.66 0 0.682871999253
26.67 0 0.681974121176
26.68 0 0.684263535701
26.69 0 0.684852532048
26.7 0 0.684554181304
26.71 0 0.685291419897
26.72 0 0.688186680115
26.73 0 0.690508225488
26.74 0 0.691345785491
26.75 0 0.692608108589
26.76 0 0.698354670599
26.77 0 0.699962658164
26.78 0 0.703481167883
26.79 0 0.706810883468
26.8 0 0.707209143844
26.81 0 0.708138377355
26.82 0 0.707440213057
26.83 0 0.706985582495
26.84 0 0.706160988574
26.85 0 0.704847631291
26.86 0 0.70359702754
26.87 0 0.703136971788
26.88 0 0.702055396357
26.89 0 0.701694824905
26.9 0 0.70088786313
26.91 0 0.700807283089
26.92 0 0.700585331964
26.93 0 0.699748630071
26.94 0 0.699317184767
26.95 0 0.699317184767
26.96 0 0.699317184767
26.97 0 0.696939821153
26.98 0 0.695404867424
26.99 0 0.693244844715
27.0 0 0.693527731108
27.01 0 0.694165749073
27.02 0 0.694165749073
27.03 0 0.693845079054
27.04 0 0.693845079054
27.05 0 0.691600201633
27.06 0 0.689781548686
27.07 0 0.688704653969
27.08 0 0.687374266062
27.09 0 0.686078765211
27.1 0 0.685298382809
27.11 0 0.682542745886
27.12 0 0.682542745886
27.13 0 0.682542745886
27.14 0 0.680720085762
27.15 0 0.680984883171
27.16 0 0.680624545727
27.17 0 0.679415201774
27.18 0 0.677075732599
27.19 0 0.677234958944
27.2 0 0.677062050553
27.21 0 0.676875567606
27.22 0 0.676975915412
27.23 0 0.677444683168
27.24 0 0.67772416661
27.25 0 0.680554261527
27.26 0 0.681484967669
27.27 0 0.681803865295
27.28 0 0.681856082207
27.29 0 0.681856082207
27.3 0 0.681787954909
27.31 0 0.683463816643
27.32 0 0.684933370773
27.33 0 0.686637597222
27.34 0 0.686637597222
27.35 0 0.692350724285
27.36 0 0.693468889503
27.37 0 0.693468889503
27.38 0 0.697595245636
27.39 0 0.696441434638
27.4 0 0.700131447142
27.41 0 0.695476374463
27.42 0 0.689954203698
27.43 0 0.685661355556
27.44 0 0.684757348357
27.45 0 0.687196352518
27.46 0 0.687196352518
27.47 0 0.684602656121
27.48 0 0.683139178094
27.49 0 0.680131617952
27.5 0 0.681463761467
27.51 0 0.690779885233
27.52 0 0.704110661417
27.53 0 0.704624046818
27.54 0 0.710678049331
27.55 0 0.7134216028
27.56 0 0.715513148508
27.57 0 0.716336778072
27.58 0 0.717716000585
27.59 0 0.719920019548
27.6 0 0.720142578127
27.61 0 0.722069851753
27.62 0 0.722069851753
27.63 0 0.723918251645
27.64 0 0.724902408373
27.65 0 0.725937018368
27.66 0 0.725966794719
27.67 0 0.72574900544
27.68 0 0.725851440226
27.69 0 0.726653565106
27.7 0 0.727058541881
27.71 0 0.727349755171
27.72 0 0.726150948331
27.73 0 0.725945548993
27.74 0 0.725315835816
27.75 0 0.725123668337
27.76 0 0.725123668337
27.77 0 0.72302381045
27.78 0 0.722922749418
27.79 0 0.72199423886
27.8 0 0.719858902059
27.81 0 0.718587608133
27.82 0 0.718168042354
27.83 0 0.718517685685
27.84 0 0.717874137809
27.85 0 0.717411836045
27.86 0 0.717411836045
27.87 0 0.717411836045
27.88 0 0.715385739872
27.89 0 0.715076858591
27.9 0 0.714818442864
27.91 0 0.71439510776
27.92 0 0.714259936313
27.93 0 0.713740424994
27.94 0 0.71345099863
27.95 0 0.713566945273
27.96 0 0.713552942572
27.97 0 0.713702428902
27.98 0 0.713998196139
27.99 0 0.714019589468
28.0 0 0.714470957594
28.01 0 0.714550740906
28.02 0 0.714550740906
28.03 0 0.714550740906
28.04 0 0.714550740906
28.05 0 0.716560294729
28.06 0 0.717755502794
28.07 0 0.718924674129
28.08 0 0.718347063691
28.09 0 0.71822602306
28.1 0 0.719144734632
28.11 0 0.719477284747
28.12 0 0.72319413606
28.13 0 0.724085933391
28.14 0 0.726358766027
28.15 0 0.726358766027
28.16 0 0.728556106965
28.17 0 0.728138074656
28.18 0 0.72779360908
28.19 0 0.728080270255
28.2 0 0.726164393405
28.21 0 0.725473779888
28.22 0 0.718526300123
28.23 0 0.718617171124
28.24 0 0.724620677072
28.25 0 0.724620677072
28.26 0 0.724620677072
28.27 0 0.724620677072
28.28 0 0.742285466938
28.29 0 0.744261442252
28.3 0 0.745391281074
28.31 0 0.748248438045
28.32 0 0.747272787758
28.33 0 0.745571647968
28.34 0 0.745571647968
28.35 0 0.745746675134
28.36 0 0.747453599433
28.37 0 0.745554035838
28.38 0 0.744916228229
28.39 0 0.74563690083
28.4 0 0.744659094821
28.41 0 0.744955540349
28.42 0 0.742151043449
28.43 0 0.741060633098
28.44 0 0.743486495803
28.45 0 0.746883114135
28.46 0 0.747334588605
28.47 0 0.747913435863
28.48 0 0.748576067928
28.49 0 0.748538360429
28.5 0 0.74934680684
28.51 0 0.750210891476
28.52 0 0.750612334305
28.53 0 0.752260699735
28.54 0 0.753042707448
28.55 0 0.753265140904
28.56 0 0.752415623606
28.57 0 0.751220623592
28.58 0 0.750837704868
28.59 0 0.750292680899
28.6 0 0.749550522099
28.61 0 0.747179693995
28.62 0 0.744938202462
28.63 0 0.741322312995
28.64 0 0.739341116839
28.65 0 0.736566903147
28.66 0 0.734982148314
28.67 0 0.733690443803
28.68 0 0.733803803988
28.69 0 0.734365463534
28.7 0 0.735042129807
28.71 0 0.735162172523
28.72 0 0.735891705218
28.73 0 0.737081693294
28.74 0 0.73880332153
28.75 0 0.738512303418
28.76 0 0.738512303418
28.77 0 0.738512303418
28.78 0 0.741940634668
28.79 0 0.741650710321
28.8 0 0.742287757742
28.81 0 0.743008752301
28.82 0 0.744013004401
28.83 0 0.744553712132
28.84 0 0.745106212484
28.85 0 0.745706589757
28.86 0 0.745731029916
28.87 0 0.745245967251
28.88 0 0.745909528891
28.89 0 0.745633856198
28.9 0 0.746665991652
28.91 0 0.74908605769
28.92 0 0.751373254604
28.93 0 0.751631781476
28.94 0 0.757420692866
28.95 0 0.758421569198
28.96 0 0.762313581202
28.97 0 0.762607434608
28.98 0 0.764125102994
28.99 0 0.760995917005
29.0 0 0.761553433902
29.01 0 0.757357738944
29.02 0 0.756528165244
29.03 0 0.760250742028
29.04 0 0.752889650598
29.05 0 0.754623355043
29.06 0 0.755553474328
29.07 0 0.766917302321
29.08 0 0.767278260878
29.09 0 0.76944165997
29.1 0 0.76944165997
29.11 0 0.76944165997
29.12 0 0.773730626351
29.13 0 0.775941138282
29.14 0 0.775633677945
29.15 0 0.776244129366
29.16 0 0.778275155917
29.17 0 0.778275155917
29.18 0 0.777459317277
29.19 0 0.776924430987
29.2 0 0.775444084079
29.21 0 0.775270494164
29.22 0 0.77124088716
29.23 0 0.771225261605
29.24 0 0.771932467314
29.25 0 0.775236609522
29.26 0 0.77578038396
29.27 0 0.777277144669
29.28 0 0.777980606414
29.29 0 0.779311702303
29.3 0 0.779119910047
29.31 0 0.778345354281
29.32 0 0.776690972449
29.33 0 0.775889104548
29.34 0 0.775272984526
29.35 0 0.772636299808
29.36 0 0.772636299808
29.37 0 0.773366979518
29.38 0 0.774216232354
29.39 0 0.773559504919
29.4 0 0.766989790776
29.41 0 0.766461623405
29.42 0 0.764076909648
29.43 0 0.762833153623
29.44 0 0.759874216523
29.45 0 0.758503978982
29.46 0 0.758443147108
29.47 0 0.75857622897
29.48 0 0.758720193078
29.49 0 0.759302377281
29.5 0 0.760035478533
29.51 0 0.760955558513
29.52 0 0.761546908344
29.53 0 0.761546908344
29.54 0 0.762254141638
29.55 0 0.761498528576
29.56 0 0.760203046974
29.57 0 0.760125103487
29.58 0 0.760426236737
29.59 0 0.760460015729
29.6 0 0.760540180393
29.61 0 0.760738597986
29.62 0 0.761289576406
29.63 0 0.761253280833
29.64 0 0.761253280833
29.65 0 0.760925210468
29.66 0 0.760354945796
29.67 0 0.759995082219
29.68 0 0.759807485418
29.69 0 0.763467011968
29.7 0 0.765224432555
29.71 0 0.769011709056
29.72 0 0.772026632751
29.73 0 0.772933011371
29.74 0 0.775362247218
29.75 0 0.775575807364
29.76 0 0.774018364673
29.77 0 0.775340655925
29.78 0 0.773459661161
29.79 0 0.776758557632
29.8 0 0.777779171681
29.81 0 0.779811483819
29.82 0 0.782761753519
29.83 0 0.785629529281
29.84 0 0.790351889043
29.85 0 0.790588906474
29.86 0 0.792034803456
29.87 0 0.79332590882
29.88 0 0.79523669128
29.89 0 0.799061638382
29.9 0 0.801548781066
29.91 0 0.806655658894
29.92 0 0.806563272473
29.93 0 0.806279443035
29.94 0 0.806681875219
29.95 0 0.807435064764
29.96 0 0.809824356977
29.97 0 0.809798285281
29.98 0 0.808353758097
29.99 0 0.806836032369
30.0 0 0.806363968887
30.01 0 0.806363968887
30.02 0 0.804401094065
30.03 0 0.802667171121
30.04 0 0.802415027001
30.05 0 0.803332362516
30.06 0 0.803246308101
30.07 0 0.803084701645
30.08 0 0.801797864199
30.09 0 0.801385100399
30.1 0 0.798927719576
30.11 0 0.798927719576
30.12 0 0.794646370127
30.13 0 0.791715348235
30.14 0 0.790637010855
30.15 0 0.790353670682
30.16 0 0.790280374035
30.17 0 0.790311838939
30.18 0 0.788608489437
30.19 0 0.787953248329
30.2 0 0.787613123741
30.21 0 0.787033330921
30.22 0 0.786071247897
30.23 0 0.78545779256
30.24 0 0.785007448629
30.25 0 0.78412213674
30.26 0 0.783872298161
30.27 0 0.783751605894
30.28 0 0.783475214996
30.29 0 0.784258732439
30.3 0 0.784291989537
30.31 0 0.78514724472
30.32 0 0.786528600553
30.33 0 0.786557787336
30.34 0 0.786519004144
30.35 0 0.786717764126
30.36 0 0.787162392498
30.37 0 0.787125803424
30.38 0 0.787817100742
30.39 0 0.788676074059
30.4 0 0.78909876211
30.41 0 0.789256401439
30.42 0 0.789942636494
30.43 0 0.790218071482
30.44 0 0.790798790833
30.45 0 0.790310274834
30.46 0 0.790990147619
30.47 0 0.791911570204
30.48 0 0.792507018031
30.49 0 0.795555576111
30.5 0 0.796517706294
30.51 0 0.796517706294
30.52 0 0.804323130607
30.53 0 0.805001029527
30.54 0 0.807199193387
30.55 0 0.803444535476
30.56 0 0.801926427875
30.57 0 0.795807685934
30.58 0 0.795807685934
30.59 0 0.795807685934
30.6 0 0.795807685934
30.61 0 0.804205872031
30.62 0 0.810644307504
30.63 0 0.82374564229
30.64 0 0.824515307942
30.65 0 0.825123268103
30.66 0 0.82535256945
30.67 0 0.827083962467
30.68 0 0.825470602902
30.69 0 0.826654246732
30.7 0 0.827218745442
30.71 0 0.825610138187
30.72 0 0.830016545177
30.73 0 0.824743173336
30.74 0 0.824743173336
30.75 0 0.824743173336
30.76 0 0.830536621061
30.77 0 0.833540622232
30.78 0 0.833540622232
30.79 0 0.831200636988
30.8 0 0.829962239245
30.81 0 0.829738583468
30.82 0 0.830007531019
30.83 0 0.830128711521
30.84 0 0.830545046916
30.85 0 0.830566463385
30.86 0 0.829934472762
30.87 0 0.828733973662
30.88 0 0.828434930374
30.89 0 0.825868331665
30.9 0 0.825868331665
30.91 0 0.825868331665
30.92 0 0.823120056157
30.93 0 0.820573084476
30.94 0 0.819505219864
30.95 0 0.818499676989
30.96 0 0.818125311113
30.97 0 0.817881704429
30.98 0 0.815701377621
30.99 0 0.815268671634
31.0 0 0.815368186121
31.01 0 0.815471020651
31.02 0 0.815210046285
31.03 0 0.815210046285
31.04 0 0.815210046285
31.05 0 0.815210046285
31.06 0 0.816897531783
31.07 0 0.816205894251
31.08 0 0.81793114951
31.09 0 0.820164820068
31.1 0 0.822292159274
31.11 0 0.822389634363
31.12 0 0.823842045651
31.13 0 0.825429263172
31.14 0 0.826076741538
31.15 0 0.826573594837
31.16 0 0.827478620124
31.17 0 0.827851425422
31.18 0 0.827782025855
31.19 0 0.827782025855
31.2 0 0.827786257503
31.21 0 0.828531793048
31.22 0 0.828635784426
31.23 0 0.827312924956
31.24 0 0.82770474013
31.25 0 0.829556918309
31.26 0 0.831304075166
31.27 0 0.83497426905
31.28 0 0.837065703884
31.29 0 0.836899281189
31.3 0 0.837569349194
31.31 0 0.836937787304
31.32 0 0.836937787304
31.33 0 0.836937787304
31.34 0 0.828585802132
31.35 0 0.832268015024
31.36 0 0.835814648584
31.37 0 0.835814648584
31.38 0 0.839232270324
31.39 0 0.844836200059
31.4 0 0.84584131218
31.41 0 0.844559528169
31.42 0 0.84629795197
31.43 0 0.844343905446
31.44 0 0.846497921836
31.45 0 0.846784426465
31.46 0 0.852840303192
31.47 0 0.856861071147
31.48 0 0.859358130443
31.49 0 0.861637537025
31.5 0 0.865720710426
31.51 0 0.866538967675
31.52 0 0.867180241809
31.53 0 0.867180241809
31.54 0 0.866026518911
31.55 0 0.865505474653
31.56 0 0.865685806199
31.57 0 0.864999606143
31.58 0 0.863776104915
31.59 0 0.863741682012
31.6 0 0.86377476001
31.61 0 0.863399362416
31.62 0 0.863399362416
31.63 0 0.863399362416
31.64 0 0.864626461832
31.65 0 0.863471817982
31.66 0 0.863004439828
31.67 0 0.863557573393
31.68 0 0.863024588412
31.69 0 0.862468245729
31.7 0 0.861901232634
31.71 0 0.862011999221
31.72 0 0.860111359097
31.73 0 0.856135830571
31.74 0 0.853943565369
31.75 0 0.851366505786
31.76 0 0.850212571454
31.77 0 0.848898010742
31.78 0 0.848282706201
31.79 0 0.848025657142
31.8 0 0.84811133977
31.81 0 0.848197562763
31.82 0 0.849240167679
31.83 0 0.849308029158
31.84 0 0.849522467417
31.85 0 0.84991387652
31.86 0 0.850626361635
31.87 0 0.850955175665
31.88 0 0.851214416407
31.89 0 0.851214416407
31.9 0 0.851214416407
31.91 0 0.851342379154
31.92 0 0.851150330108
31.93 0 0.851377837283
31.94 0 0.851677929694
31.95 0 0.851677929694
31.96 0 0.852678263417
31.97 0 0.852678263417
31.98 0 0.852668442326
31.99 0 0.853137939164
32.0 0 0.853137939164
32.01 0 0.853595293917
32.02 0 0.853501913676
32.03 0 0.854078501078
32.04 0 0.856466227094
32.05 0 0.856520225525
32.06 0 0.858386699929
32.07 0 0.858386699929
32.08 0 0.861199064973
32.09 0 0.862419401165
32.1 0 0.860994231245
32.11 0 0.865207347856
32.12 0 0.865464643842
32.13 0 0.865651889561
32.14 0 0.865618563673
32.15 0 0.866890993695
32.16 0 0.869909628366
32.17 0 0.867304683097
32.18 0 0.871386334725
32.19 0 0.873155139574
32.2 0 0.87097392469
32.21 0 0.869013095485
32.22 0 0.869766945022
32.23 0 0.868868213177
32.24 0 0.87007745547
32.25 0 0.874354101247
32.26 0 0.879010209926
32.27 0 0.879010209926
32.28 0 0.881327999001
32.29 0 0.881587926235
32.3 0 0.883890494165
32.31 0 0.885911505172
32.32 0 0.886306950111
32.33 0 0.886296330452
32.34 0 0.886296330452
32.35 0 0.886296330452
32.36 0 0.884568376661
32.37 0 0.884586585695
32.38 0 0.88490281395
32.39 0 0.885341811583
32.4 0 0.886559308149
32.41 0 0.887256169653
32.42 0 0.88544586789
32.43 0 0.882616517543
32.44 0 0.880830580909
32.45 0 0.880024947595
32.46 0 0.879279171789
32.47 0 0.87805297321
32.48 0 0.878680154107
32.49 0 0.879583710726
32.5 0 0.880105474977
32.51 0 0.876988958124
32.52 0 0.874349787435
32.53 0 0.872506166136
32.54 0 0.871801903676
32.55 0 0.871279178896
32.56 0 0.871167575368
32.57 0 0.870906746048
32.58 0 0.871081650143
32.59 0 0.871185935071
32.6 0 0.870919770034
32.61 0 0.870297501775
32.62 0 0.87018696138
32.63 0 0.869755717283
32.64 0 0.868321806014
32.65 0 0.868168840058
32.66 0 0.868249815091
32.67 0 0.868249815091
32.68 0 0.868729867966
32.69 0 0.869265964258
32.7 0 0.870595389578
32.71 0 0.871776829608
32.72 0 0.872828271562
32.73 0 0.873786590821
32.74 0 0.874871722013
32.75 0 0.875002557166
32.76 0 0.874883636763
32.77 0 0.874883636763
32.78 0 0.874883636763
32.79 0 0.874883636763
32.8 0 0.875284429219
32.81 0 0.875284429219
32.82 0 0.8763591047
32.83 0 0.878649622414
32.84 0 0.879140907394
32.85 0 0.879140907394
32.86 0 0.883140338331
32.87 0 0.884287326701
32.88 0 0.883826048998
32.89 0 0.883453242905
32.9 0 0.883198194296
32.91 0 0.882345099166
32.92 0 0.884106853725
32.93 0 0.884207856573
32.94 0 0.890838676266
32.95 0 0.890838676266
32.96 0 0.89350388759
32.97 0 0.892953769139
32.98 0 0.888537620832
32.99 0 0.889361043912
33.0 0 0.889361043912
33.01 0 0.889361043912
33.02 0 0.897245237502
33.03 0 0.901174750763
33.04 0 0.901195174167
33.05 0 0.905777892192
33.06 0 0.906411327034
33.07 0 0.909956129326
33.08 0 0.91088673279
33.09 0 0.910702767358
33.1 0 0.910742053182
33.11 0 0.910742053182
33.12 0 0.910742053182
33.13 0 0.9098761537
33.14 0 0.9098761537
33.15 0 0.9098761537
33.16 0 0.908141110482
33.17 0 0.908708837374
33.18 0 0.90870394531
33.19 0 0.908745169643
33.2 0 0.908745169643
33.21 0 0.905914938317
33.22 0 0.905914938317
33.23 0 0.905914938317
33.24 0 0.905914938317
33.25 0 0.900023737035
33.26 0 0.900295006632
33.27 0 0.89835756644
33.28 0 0.898151859752
33.29 0 0.897947341593
33.3 0 0.898966871793
33.31 0 0.898829595479
33.32 0 0.897970149091
33.33 0 0.896795150423
33.34 0 0.894475862931
33.35 0 0.891686770423
33.36 0 0.888899348296
33.37 0 0.888899348296
33.38 0 0.888294200134
33.39 0 0.886821555396
33.4 0 0.88755146103
33.41 0 0.887775104974
33.42 0 0.888248666394
33.43 0 0.885700844897
33.44 0 0.885827019813
33.45 0 0.887422574952
33.46 0 0.888192734318
33.47 0 0.888192734318
33.48 0 0.890633530776
33.49 0 0.890633530776
33.5 0 0.89188587713
33.51 0 0.899277839385
33.52 0 0.899277839385
33.53 0 0.902229784074
33.54 0 0.904081216772
33.55 0 0.904331137296
33.56 0 0.904686018682
33.57 0 0.904595071175
33.58 0 0.904944602383
33.59 0 0.904986532476
33.6 0 0.905793147696
33.61 0 0.90552478482
33.62 0 0.90552478482
33.63 0 0.909739450953
33.64 0 0.9099654939
33.65 0 0.912537108845
33.66 0 0.913533869497
33.67 0 0.916920893665
33.68 0 0.91501185568
33.69 0 0.922210428738
33.7 0 0.924549940596
33.71 0 0.922017727311
33.72 0 0.921869199769
33.73 0 0.922385399729
33.74 0 0.923287015317
33.75 0 0.92281859382
33.76 0 0.922065509448
33.77 0 0.922492260925
33.78 0 0.924395930446
33.79 0 0.927609856464
33.8 0 0.930834291518
33.81 0 0.930548655291
33.82 0 0.930205743646
33.83 0 0.930205743646
33.84 0 0.930205743646
33.85 0 0.930205743646
33.86 0 0.930205743646
33.87 0 0.921252897981
33.88 0 0.921252897981
33.89 0 0.921252897981
33.9 0 0.935567619353
33.91 0 0.93622039783
33.92 0 0.934974314463
33.93 0 0.934974314463
33.94 0 0.936138086808
33.95 0 0.93899967764
33.96 0 0.93950985922
33.97 0 0.940483374234
33.98 0 0.940533794586
33.99 0 0.940533794586
34.0 0 0.939679033864
34.01 0 0.939565641656
34.02 0 0.937889131045
34.03 0 0.937279743883
34.04 0 0.936527385189
34.05 0 0.935814561976
34.06 0 0.934928795143
34.07 0 0.934928795143
34.08 0 0.934928795143
34.09 0 0.936443922006
34.1 0 0.936372180891
34.11 0 0.934829364244
34.12 0 0.934829364244
34.13 0 0.934829364244
34.14 0 0.929234462592
34.15 0 0.92436421797
34.16 0 0.921385093274
34.17 0 0.915821718604
34.18 0 0.914295257015
34.19 0 0.915457035884
34.2 0 0.916254708781
34.21 0 0.916270075554
34.22 0 0.917680231245
34.23 0 0.918720777794
34.24 0 0.918628721731
34.25 0 0.920096870234
34.26 0 0.920714237281
34.27 0 0.921101494465
34.28 0 0.921275825899
34.29 0 0.922017186302
34.3 0 0.923071325552
34.31 0 0.923662354796
34.32 0 0.925220126999
34.33 0 0.925220126999
34.34 0 0.927013566794
34.35 0 0.927832720546
34.36 0 0.927832720546
34.37 0 0.930002977793
34.38 0 0.930679224754
34.39 0 0.933886672261
34.4 0 0.935098614775
34.41 0 0.9345462348
34.42 0 0.934821302033
34.43 0 0.93633339369
34.44 0 0.940359757675
34.45 0 0.93788274765
34.46 0 0.937742079835
34.47 0 0.93935735366
34.48 0 0.939580744112
34.49 0 0.939814157201
34.5 0 0.942817916466
34.51 0 0.946021578368
34.52 0 0.947913771816
34.53 0 0.954279176262
34.54 0 0.955364581341
34.55 0 0.951355090913
34.56 0 0.946971210737
34.57 0 0.941895899093
34.58 0 0.944652043992
34.59 0 0.939588559213
34.6 0 0.953136283989
34.61 0 0.957742818014
34.62 0 0.963583749799
34.63 0 0.965503931075
34.64 0 0.96734791606
34.65 0 0.967664476432
34.66 0 0.967687010435
34.67 0 0.968894060077
34.68 0 0.969989769985
34.69 0 0.971660964826
34.7 0 0.97158313157
34.71 0 0.971364288135
34.72 0 0.971007170065
34.73 0 0.971204121017
34.74 0 0.971592136829
34.75 0 0.971189808932
34.76 0 0.971111835074
34.77 0 0.971231314233
34.78 0 0.971357889294
34.79 0 0.971330008841
34.8 0 0.971330008841
34.81 0 0.972108798854
34.82 0 0.971003419507
34.83 0 0.971003419507
34.84 0 0.971003419507
34.85 0 0.967347226472
34.86 0 0.967034530612
34.87 0 0.966523841707
34.88 0 0.965820916345
34.89 0 0.965250075108
34.9 0 0.961253663139
34.91 0 0.961253663139
34.92 0 0.960206823315
34.93 0 0.960206823315
34.94 0 0.955260379095
34.95 0 0.954606660299
34.96 0 0.954243765614
34.97 0 0.95444570292
34.98 0 0.954641931045
34.99 0 0.955385072304
35.0 0 0.953434052465
35.01 0 0.952096686758
35.02 0 0.951406597243
35.03 0 0.951859219359
35.04 0 0.952774342887
35.05 0 0.954027398002
35.06 0 0.954681761127
35.07 0 0.954681761127
35.08 0 0.955918124995
35.09 0 0.957168470276
35.1 0 0.958423070449
35.11 0 0.958788104565
35.12 0 0.958950392151
35.13 0 0.9590992688
35.14 0 0.959784609509
35.15 0 0.960653503851
35.16 0 0.960835237248
35.17 0 0.960890024685
35.18 0 0.961482621709
35.19 0 0.96312694554
35.2 0 0.963803720043
35.21 0 0.964142941977
35.22 0 0.968015700059
35.23 0 0.968855583338
35.24 0 0.969946140666
35.25 0 0.969583146899
35.26 0 0.967026958289
35.27 0 0.965183862747
35.28 0 0.963795404253
35.29 0 0.963640641794
35.3 0 0.962197120467
35.31 0 0.976611282896
35.32 0 0.9790264332
35.33 0 0.9790264332
35.34 0 0.981657035234
35.35 0 0.977768531262
35.36 0 0.978071441122
35.37 0 0.983348600592
35.38 0 0.984422242875
35.39 0 0.987866083559
35.4 0 0.987866083559
35.41 0 0.987866083559
35.42 0 0.992631124564
35.43 0 0.99354538294
35.44 0 0.992105468383
35.45 0 0.992433773047
35.46 0 0.992201971191
35.47 0 0.990299304972
35.48 0 0.989001791018
35.49 0 0.990550497104
35.5 0 0.992094139077
35.51 0 0.99223140058
35.52 0 0.993146469125
35.53 0 0.993888369754
35.54 0 0.99395351324
35.55 0 0.994554792713
35.56 0 0.995201193576
35.57 0 0.995574535433
35.58 0 0.995967776299
35.59 0 0.997037353399
35.6 0 0.995537920676
35.61 0 0.993209831199
35.62 0 0.992117650233
35.63 0 0.991423749582
35.64 0 0.990345524545
35.65 0 0.989879132088
35.66 0 0.990144199896
35.67 0 0.989260791071
35.68 0 0.988265575453
35.69 0 0.982145227509
35.7 0 0.980006652193
35.71 0 0.978295489507
35.72 0 0.97804048192
35.73 0 0.977515055604
35.74 0 0.976960590117
35.75 0 0.977117848065
35.76 0 0.977083644856
35.77 0 0.9770781108
35.78 0 0.977226231883
35.79 0 0.977910419782
35.8 0 0.978292695682
35.81 0 0.979779171358
35.82 0 0.980720528127
35.83 0 0.980720528127
35.84 0 0.982120393325
35.85 0 0.98404647966
35.86 0 0.985217114641
35.87 0 0.987540270988
35.88 0 0.988157447166
35.89 0 0.988570645483
35.9 0 0.988570645483
35.91 0 0.988554003909
35.92 0 0.989014931588
35.93 0 0.989466288617
35.94 0 0.989591428872
35.95 0 0.990685674835
35.96 0 0.991227270484
35.97 0 0.991336007278
35.98 0 0.992000684908
35.99 0 0.996922910035
36.0 0 1.00062138027
36.01 0 0.99963411116
36.02 0 1.00555226067
36.03 0 1.00739136224
36.04 0 1.00337038563
36.05 0 1.0049901515
36.06 0 1.00492616557
36.07 0 1.00462123884
36.08 0 1.00462123884
36.09 0 1.00462123884
36.1 0 1.00462123884
36.11 0 1.00633746699
36.12 0 1.01391030595
36.13 0 1.01219019069
36.14 0 1.00963633088
36.15 0 1.01137434168
36.16 0 1.01463600348
36.17 0 1.017059058
36.18 0 1.02024250456
36.19 0 1.02024250456
36.2 0 1.02024250456
36.21 0 1.0270890591
36.22 0 1.02713899702
36.23 0 1.02783929661
36.24 0 1.0312951922
36.25 0 1.03290880875
36.26 0 1.03692180622
36.27 0 1.0371220251
36.28 0 1.03604941511
36.29 0 1.03622967889
36.3 0 1.03619540103
36.31 0 1.03559348627
36.32 0 1.03507090687
36.33 0 1.03318632031
36.34 0 1.03198992253
36.35 0 1.03211186256
36.36 0 1.03195446176
36.37 0 1.03195446176
36.38 0 1.03297995572
36.39 0 1.03297995572
36.4 0 1.0338226958
36.41 0 1.03415849485
36.42 0 1.03481759241
36.43 0 1.03567542006
36.44 0 1.03439443057
36.45 0 1.03304238613
36.46 0 1.02956762388
36.47 0 1.02418573224
36.48 0 1.02271933785
36.49 0 1.02151292208
36.5 0 1.02115384992
36.51 0 1.02115384992
36.52 0 1.02115384992
36.53 0 1.02038195876
36.54 0 1.02038195876
36.55 0 1.01954207366
36.56 0 1.01930625889
36.57 0 1.01688419312
36.58 0 1.01831090461
36.59 0 1.01973365561
36.6 0 1.02037353415
36.61 0 1.02142286146
36.62 0 1.02242418761
36.63 0 1.02242418761
36.64 0 1.022598203
36.65 0 1.02335592414
36.66 0 1.02357981369
36.67 0 1.02676095063
36.68 0 1.02770572607
36.69 0 1.02950445639
36.7 0 1.0299634954
36.71 0 1.03061898475
36.72 0 1.0317332913
36.73 0 1.03293760607
36.74 0 1.03484940628
36.75 0 1.03640606309
36.76 0 1.03808281903
36.77 0 1.04146093449
36.78 0 1.04441775684
36.79 0 1.0425782496
36.8 0 1.04558563764
36.81 0 1.04741463107
36.82 0 1.04640758861
36.83 0 1.04785126741
36.84 0 1.04772123453
36.85 0 1.04806189655
36.86 0 1.04806189655
36.87 0 1.04900645215
36.88 0 1.04917519691
36.89 0 1.04813615313
36.9 0 1.04411978601
36.91 0 1.04784355139
36.92 0 1.05044606707
36.93 0 1.05128293832
36.94 0 1.04760741717
36.95 0 1.04996063018
36.96 0 1.05277018176
36.97 0 1.05815237879
36.98 0 1.0587265015
36.99 0 1.06381178855
37.0 0 1.06299820089
37.01 0 1.06623532762
37.02 0 1.06688362235
37.03 0 1.06688362235
37.04 0 1.06688362235
37.05 0 1.07328406281
37.06 0 1.07364471093
37.07 0 1.07255164694
37.08 0 1.07277548831
37.09 0 1.07373300501
37.1 0 1.07423834951
37.11 0 1.07450208141
37.12 0 1.07593197999
37.13 0 1.07745962642
37.14 0 1.07942221179
37.15 0 1.07971866688
37.16 0 1.07939043879
37.17 0 1.07551558427
37.18 0 1.070988499
37.19 0 1.06838219942
37.2 0 1.06889825201
37.21 0 1.06973576319
37.22 0 1.07048683967
37.23 0 1.07048492843
37.24 0 1.06990129687
37.25 0 1.06826583657
37.26 0 1.0666382661
37.27 0 1.06605751554
37.28 0 1.06533687759
37.29 0 1.0653314861
37.3 0 1.0653314861
37.31 0 1.06723578398
37.32 0 1.06783125786
37.33 0 1.06751187225
37.34 0 1.0675580465
37.35 0 1.06932718858
37.36 0 1.06972201874
37.37 0 1.07128857304
37.38 0 1.07358115009
37.39 0 1.0752743478
37.4 0 1.07578127827
37.41 0 1.07578127827
37.42 0 1.07742378215
37.43 0 1.07776999782
37.44 0 1.0777676383
37.45 0 1.07742833274
37.46 0 1.07783144073
37.47 0 1.07782113155
37.48 0 1.07782113155
37.49 0 1.07704427353
37.5 0 1.07733716446
37.51 0 1.07843131953
37.52 0 1.07983783847
37.53 0 1.07973402817
37.54 0 1.08055476935
37.55 0 1.08232556989
37.56 0 1.08409906963
37.57 0 1.08512363646
37.58 0 1.08781136531
37.59 0 1.08687974775
37.6 0 1.08393228433
37.61 0 1.08179647684
37.62 0 1.08179647684
37.63 0 1.07366185072
37.64 0 1.07610693833
37.65 0 1.08426467769
37.66 0 1.09044458712
37.67 0 1.08906303162
37.68 0 1.08782839335
37.69 0 1.08940091829
37.7 0 1.08826850177
37.71 0 1.0931328809
37.72 0 1.09439183268
37.73 0 1.09707903981
37.74 0 1.10086864263
37.75 0 1.10330548489
37.76 0 1.1036878689
37.77 0 1.10804117629
37.78 0 1.11208844282
37.79 0 1.11400192669
37.8 0 1.1153182464
37.81 0 1.11621703518
37.82 0 1.11621703518
37.83 0 1.11653366012
37.84 0 1.1156203807
37.85 0 1.11537584106
37.86 0 1.11541882018
37.87 0 1.11541882018
37.88 0 1.11572050862
37.89 0 1.11488162865
37.9 0 1.11564607047
37.91 0 1.11542378976
37.92 0 1.11518382174
37.93 0 1.11518382174
37.94 0 1.11552525032
37.95 0 1.1155264621
37.96 0 1.1155264621
37.97 0 1.1155264621
37.98 0 1.1155264621
37.99 0 1.1155264621
38.0 0 1.1155264621
38.01 0 1.11320344202
38.02 0 1.11067569903
38.03 0 1.10753381484
38.04 0 1.10672339406
38.05 0 1.10511614393
38.06 0 1.10511614393
38.07 0 1.10142509889
38.08 0 1.0985939105
38.09 0 1.09693026586
38.1 0 1.09693026586
38.11 0 1.09693026586
38.12 0 1.09380024154
38.13 0 1.09312208127
38.14 0 1.09312208127
38.15 0 1.09337296287
38.16 0 1.09410991321
38.17 0 1.09527865598
38.18 0 1.09777110591
38.19 0 1.10008764282
38.2 0 1.10035601845
38.21 0 1.10171661886
38.22 0 1.10242177642
38.23 0 1.10268707451
38.24 0 1.10424706638
38.25 0 1.1045821036
38.26 0 1.10489628859
38.27 0 1.10528613134
38.28 0 1.10573865047
38.29 0 1.10699295618
38.3 0 1.10782013239
38.31 0 1.1100718678
38.32 0 1.11340302561
38.33 0 1.1155256773
38.34 0 1.11902909999
38.35 0 1.12155232868
38.36 0 1.12155232868
38.37 0 1.12811447556
38.38 0 1.12542252303
38.39 0 1.12492201251
38.4 0 1.12608531382
38.41 0 1.12605307569
38.42 0 1.12573814014
38.43 0 1.12440653794
38.44 0 1.12364320503
38.45 0 1.12415618843
38.46 0 1.12252217367
38.47 0 1.12270801501
38.48 0 1.12326521131
38.49 0 1.12669192275
38.5 0 1.12737823572
38.51 0 1.12737823572
38.52 0 1.12737823572
