time index height
0.01 0 0.0
0.02 0 0.02601407067
0.03 0 0.0282017428196
0.04 0 0.0342366778437
0.05 0 0.0342366778437
0.06 0 0.0363145773237
0.07 0 0.0363145773237
0.08 0 0.0461270823201
0.09 0 0.0526677161744
0.1 0 0.0557497526127
0.11 0 0.0617107148674
0.12 0 0.0647615654636
0.13 0 0.0683735966396
0.14 0 0.0737427096339
0.15 0 0.0764696642532
0.16 0 0.0764696642532
0.17 0 0.0764696642532
0.18 0 0.0814859385171
0.19 0 0.082624971236
0.2 0 0.0831872403439
0.21 0 0.0835640005326
0.22 0 0.0828680139714
0.23 0 0.082135658659
0.24 0 0.0803589365373
0.25 0 0.0780631947767
0.26 0 0.0747352600666
0.27 0 0.0726114492761
0.28 0 0.0682477007829
0.29 0 0.0619332625383
0.3 0 0.0584635859184
0.31 0 0.0521806675824
0.32 0 0.0465478780168
0.33 0 0.0423702500496
0.34 0 0.0411877494949
0.35 0 0.0345188262327
0.36 0 0.0323825481317
0.37 0 0.0304117386081
0.38 0 0.0299440567301
0.39 0 0.0295417770192
0.4 0 0.0295417770192
0.41 0 0.0286851520478
0.42 0 0.0284843940934
0.43 0 0.0281852440973
0.44 0 0.0280436081131
0.45 0 0.0278937119663
0.46 0 0.027802586958
0.47 0 0.0277373909989
0.48 0 0.027285954265
0.49 0 0.0271268084517
0.5 0 0.0271268084517
0.51 0 0.0271268084517
0.52 0 0.0271268084517
0.53 0 0.0310333535575
0.54 0 0.0324125764296
0.55 0 0.0342854889751
0.56 0 0.0359602560808
0.57 0 0.0373578842488
0.58 0 0.039273408627
0.59 0 0.0408385089036
0.6 0 0.0415185114881
0.61 0 0.0426141591615
0.62 0 0.0443255369279
0.63 0 0.0448076866005
0.64 0 0.0452546875577
0.65 0 0.045397235533
0.66 0 0.0454440940995
0.67 0 0.0455442056379
0.68 0 0.0458787270813
0.69 0 0.0461302245427
0.7 0 0.046394019354
0.71 0 0.0467040330732
0.72 0 0.0472986509189
0.73 0 0.0476029708136
0.74 0 0.0476653918166
0.75 0 0.0477479911245
0.76 0 0.0478207401996
0.77 0 0.0482267904984
0.78 0 0.0487177816009
0.79 0 0.0495022990224
0.8 0 0.0498099543949
0.81 0 0.0516460522863
0.82 0 0.0518538382454
0.83 0 0.0534521765646
0.84 0 0.0546304243661
0.85 0 0.0556524006763
0.86 0 0.0562610315913
0.87 0 0.0567893943566
0.88 0 0.0568375858784
0.89 0 0.0561430644894
0.9 0 0.0555868934414
0.91 0 0.0543522503914
0.92 0 0.0520534308194
0.93 0 0.0510129112793
0.94 0 0.050295223161
0.95 0 0.050295223161
0.96 0 0.0486207078316
0.97 0 0.0465193187223
0.98 0 0.0452218158951
0.99 0 0.0435940373975
1.0 0 0.0431189596192
1.01 0 0.0430464585662
1.02 0 0.045408790882
1.03 0 0.0461418826711
1.04 0 0.0481341560946
1.05 0 0.0500371182297
1.06 0 0.0503378787149
1.07 0 0.0503209061814
1.08 0 0.0498052669701
1.09 0 0.0498052669701
1.1 0 0.0498052669701
1.11 0 0.0498052669701
1.12 0 0.0485063444522
1.13 0 0.0471462815723
1.14 0 0.047046355656
1.15 0 0.0470634691138
1.16 0 0.0472592003948
1.17 0 0.0472592003948
1.18 0 0.0472592003948
1.19 0 0.0472592003948
1.2 0 0.049200817759
1.21 0 0.049200817759
1.22 0 0.0518117957804
1.23 0 0.0524167091223
1.24 0 0.0525808867438
1.25 0 0.0524244500825
1.26 0 0.0524280896962
1.27 0 0.0524715406683
1.28 0 0.0523847344775
1.29 0 0.0516078110217
1.3 0 0.0507229534103
1.31 0 0.050338395878
1.32 0 0.0497156862453
1.33 0 0.0481630440426
1.34 0 0.0468326134904
1.35 0 0.0455704923857
1.36 0 0.0439807534831
1.37 0 0.0439807534831
1.38 0 0.0439807534831
1.39 0 0.0458345398055
1.4 0 0.0467831099937
1.41 0 0.0467831099937
1.42 0 0.0468453313455
1.43 0 0.0468453313455
1.44 0 0.04943284127
1.45 0 0.049718245673
1.46 0 0.0500485372806
1.47 0 0.0506398324994
1.48 0 0.051066941335
1.49 0 0.0514386509431
1.5 0 0.0516592426536
1.51 0 0.0518781286257
1.52 0 0.0518909237619
1.53 0 0.0518909237619
1.54 0 0.0528314250517
1.55 0 0.0537066351137
1.56 0 0.054329495598
1.57 0 0.0551176296818
1.58 0 0.0550157227681
1.59 0 0.0551046494752
1.6 0 0.0551046494752
1.61 0 0.0563264825376
1.62 0 0.0558029143908
1.63 0 0.0554460785235
1.64 0 0.0551217041226
1.65 0 0.0552661808689
1.66 0 0.0542617486098
1.67 0 0.054413364594
1.68 0 0.0537676609958
1.69 0 0.0532344592209
1.7 0 0.0525968927848
1.71 0 0.0520270503886
1.72 0 0.0521572009301
1.73 0 0.0528576980075
1.74 0 0.0549424457794
1.75 0 0.0559295183965
1.76 0 0.058148551186
1.77 0 0.0599135303973
1.78 0 0.0605043463093
1.79 0 0.0634374172587
1.8 0 0.0658311912065
1.81 0 0.0668273054992
1.82 0 0.0682833091452
1.83 0 0.0682833091452
1.84 0 0.0705357277014
1.85 0 0.0709988687377
1.86 0 0.0711891848331
1.87 0 0.0717508056355
1.88 0 0.0717881157572
1.89 0 0.0717807114802
1.9 0 0.0717206263741
1.91 0 0.0716674395443
1.92 0 0.0723234605227
1.93 0 0.0724490080882
1.94 0 0.0726037387469
1.95 0 0.0731914242429
1.96 0 0.0740221248763
1.97 0 0.0743253726697
1.98 0 0.0743253726697
1.99 0 0.0743253726697
2.0 0 0.0741089376921
2.01 0 0.0738993970173
2.02 0 0.0737117882232
2.03 0 0.0734448015493
2.04 0 0.0728507379611
2.05 0 0.0723322661552
2.06 0 0.0718480345585
2.07 0 0.0716214577411
2.08 0 0.070614271885
2.09 0 0.0703093032323
2.1 0 0.0694374663504
2.11 0 0.0686685179747
2.12 0 0.0685598476788
2.13 0 0.0685598476788
2.14 0 0.0665642725376
2.15 0 0.0644096672239
2.16 0 0.0636444051531
2.17 0 0.0633076759014
2.18 0 0.0629244177531
2.19 0 0.0628860517427
2.2 0 0.0623761056794
2.21 0 0.0620979339649
2.22 0 0.062109639768
2.23 0 0.06205498506
2.24 0 0.06205498506
2.25 0 0.0647589370325
2.26 0 0.065341829072
2.27 0 0.0660615937115
2.28 0 0.0673952752853
2.29 0 0.0691956906554
2.3 0 0.07017825167
2.31 0 0.0707762584141
2.32 0 0.0727285159382
2.33 0 0.0757102793435
2.34 0 0.0763031515223
2.35 0 0.0781692158532
2.36 0 0.0800203713993
2.37 0 0.0824222194728
2.38 0 0.0848599756608
2.39 0 0.0871146708716
2.4 0 0.0870712882522
2.41 0 0.0902163901991
2.42 0 0.0922712896531
2.43 0 0.0924183460751
2.44 0 0.0935185573155
2.45 0 0.094594530479
2.46 0 0.0957853036747
2.47 0 0.0962633351351
2.48 0 0.0969892929628
2.49 0 0.0974851272346
2.5 0 0.0970096732822
2.51 0 0.0972886688129
2.52 0 0.0970620519165
2.53 0 0.0969828036749
2.54 0 0.0969211645358
2.55 0 0.0970915134271
2.56 0 0.0973205694471
2.57 0 0.0972372823437
2.58 0 0.097076253068
2.59 0 0.0969254264067
2.6 0 0.0965934444035
2.61 0 0.0965916457065
2.62 0 0.0960361372435
2.63 0 0.0956892805862
2.64 0 0.0954654531546
2.65 0 0.0961943017755
2.66 0 0.0972755682226
2.67 0 0.0982373955641
2.68 0 0.0984128672658
2.69 0 0.0987684943237
2.7 0 0.0987537680759
2.71 0 0.0988491265395
2.72 0 0.098526454688
2.73 0 0.0982750715775
2.74 0 0.098180564675
2.75 0 0.0979280153109
2.76 0 0.0979732946474
2.77 0 0.0977482773025
2.78 0 0.0973323221646
2.79 0 0.0970879393992
2.8 0 0.0970445073605
2.81 0 0.0965515820791
2.82 0 0.0956608324911
2.83 0 0.0957025156251
2.84 0 0.0958858002443
2.85 0 0.0963948338569
2.86 0 0.0970194001496
2.87 0 0.0972104973424
2.88 0 0.0969639051152
2.89 0 0.0969639051152
2.9 0 0.0967198576393
2.91 0 0.0966294266106
2.92 0 0.0966294266106
2.93 0 0.0962394363862
2.94 0 0.0952825568715
2.95 0 0.094254607236
2.96 0 0.0947544453448
2.97 0 0.09499936788
2.98 0 0.09499936788
2.99 0 0.0972101747454
3.0 0 0.0977212414726
3.01 0 0.0977212414726
3.02 0 0.101275837725
3.03 0 0.101583084004
3.04 0 0.104584690783
3.05 0 0.107863719782
3.06 0 0.109825180713
3.07 0 0.109825180713
3.08 0 0.109825180713
3.09 0 0.116314418825
3.1 0 0.117847293673
3.11 0 0.117847293673
3.12 0 0.12398024227
3.13 0 0.123972887693
3.14 0 0.125961425972
3.15 0 0.125961425972
3.16 0 0.125961425972
3.17 0 0.13095856229
3.18 0 0.134075181927
3.19 0 0.135911992127
3.2 0 0.136842767705
3.21 0 0.136842767705
3.22 0 0.137513029427
3.23 0 0.13850599967
3.24 0 0.137849388623
3.25 0 0.137859229036
3.26 0 0.138978576931
3.27 0 0.138978576931
3.28 0 0.138978576931
3.29 0 0.135078036282
3.3 0 0.132920416289
3.31 0 0.130429292726
3.32 0 0.127750105936
3.33 0 0.127750105936
3.34 0 0.113905313605
3.35 0 0.11161325688
3.36 0 0.109605256978
3.37 0 0.108187826017
3.38 0 0.107139078308
3.39 0 0.106651930279
3.4 0 0.106651930279
3.41 0 0.108665110992
3.42 0 0.114071200357
3.43 0 0.120147755408
3.44 0 0.126341181209
3.45 0 0.130862312442
3.46 0 0.133971798443
3.47 0 0.135252131486
3.48 0 0.136594497778
3.49 0 0.136937965307
3.5 0 0.136937965307
3.51 0 0.137883365489
3.52 0 0.138826922427
3.53 0 0.140645318999
3.54 0 0.142463315908
3.55 0 0.144575773789
3.56 0 0.147093329556
3.57 0 0.150315622323
3.58 0 0.151304433781
3.59 0 0.153848588786
3.6 0 0.156750401561
3.61 0 0.15781823836
3.62 0 0.158915272436
3.63 0 0.160163192521
3.64 0 0.160737706848
3.65 0 0.162140603717
3.66 0 0.162246543444
3.67 0 0.162687548194
3.68 0 0.159920271831
3.69 0 0.16029455211
3.7 0 0.16055991064
3.71 0 0.160231813456
3.72 0 0.159775039787
3.73 0 0.159081627297
3.74 0 0.15787924956
3.75 0 0.158085145176
3.76 0 0.158331625978
3.77 0 0.158867431374
3.78 0 0.158867431374
3.79 0 0.162316625315
3.8 0 0.163695483441
3.81 0 0.166962594594
3.82 0 0.16916777175
3.83 0 0.171727942774
3.84 0 0.174108212735
3.85 0 0.174108212735
3.86 0 0.181677375372
3.87 0 0.181677375372
3.88 0 0.181677375372
3.89 0 0.189043946633
3.9 0 0.193245857568
3.91 0 0.19551486712
3.92 0 0.197620896198
3.93 0 0.197681586265
3.94 0 0.203522165905
3.95 0 0.204215894098
3.96 0 0.205248534173
3.97 0 0.206099689131
3.98 0 0.206099689131
3.99 0 0.206099689131
4.0 0 0.208276507382
4.01 0 0.20923723096
4.02 0 0.210176744388
4.03 0 0.211099969129
4.04 0 0.211153932817
4.05 0 0.211456388457
4.06 0 0.211316019108
4.07 0 0.211316019108
4.08 0 0.209084221979
4.09 0 0.204728656166
4.1 0 0.204026624145
4.11 0 0.202344542985
4.12 0 0.190910313659
4.13 0 0.186164565258
4.14 0 0.183953503621
4.15 0 0.18350297233
4.16 0 0.18337574746
4.17 0 0.182222347334
4.18 0 0.181652642335
4.19 0 0.181746077566
4.2 0 0.180341599849
4.21 0 0.179700439767
4.22 0 0.178640268161
4.23 0 0.177827991503
4.24 0 0.177085241922
4.25 0 0.176282873359
4.26 0 0.17536060018
4.27 0 0.17469146874
4.28 0 0.173341619785
4.29 0 0.168649386244
4.3 0 0.167194490357
4.31 0 0.16567927589
4.32 0 0.165032401118
4.33 0 0.163220112702
4.34 0 0.163220112702
4.35 0 0.15872523384
4.36 0 0.157793279738
4.37 0 0.155912042034
4.38 0 0.153976682718
4.39 0 0.152287955507
4.4 0 0.150871648886
4.41 0 0.150530449109
4.42 0 0.149345396531
4.43 0 0.148242546617
4.44 0 0.147997747464
4.45 0 0.147568225077
4.46 0 0.147011557333
4.47 0 0.146723408819
4.48 0 0.146572276899
4.49 0 0.146025118212
4.5 0 0.145758502195
4.51 0 0.14584744021
4.52 0 0.145522578263
4.53 0 0.145964705897
4.54 0 0.14680494477
4.55 0 0.148490994638
4.56 0 0.148490994638
4.57 0 0.148490994638
4.58 0 0.150546374643
4.59 0 0.151243764275
4.6 0 0.150954507329
4.61 0 0.149802029089
4.62 0 0.148958328595
4.63 0 0.147372627221
4.64 0 0.145110298177
4.65 0 0.145110298177
4.66 0 0.145110298177
4.67 0 0.145641289435
4.68 0 0.147263171139
4.69 0 0.149529393067
4.7 0 0.1516980065
4.71 0 0.151857945493
4.72 0 0.154745639208
4.73 0 0.157616934127
4.74 0 0.160991195082
4.75 0 0.159687638026
4.76 0 0.160702149499
4.77 0 0.161877374569
4.78 0 0.164143158026
4.79 0 0.163681035272
4.8 0 0.167261637997
4.81 0 0.16671891928
4.82 0 0.168022150204
4.83 0 0.168867769497
4.84 0 0.168944074493
4.85 0 0.168165712575
4.86 0 0.167393631429
4.87 0 0.167125357537
4.88 0 0.168034260592
4.89 0 0.16759840436
4.9 0 0.16759840436
4.91 0 0.168735206103
4.92 0 0.16722431928
4.93 0 0.164771792447
4.94 0 0.16344267752
4.95 0 0.160292264955
4.96 0 0.157930206011
4.97 0 0.157060623176
4.98 0 0.156931201936
4.99 0 0.157029276652
5.0 0 0.158162670272
5.01 0 0.158162670272
5.02 0 0.158162670272
5.03 0 0.158162670272
5.04 0 0.163131110801
5.05 0 0.164068575674
5.06 0 0.166113822865
5.07 0 0.167826648293
5.08 0 0.169151529636
5.09 0 0.169151529636
5.1 0 0.172807169187
5.11 0 0.173434233815
5.12 0 0.173812872682
5.13 0 0.173788522102
5.14 0 0.173497104274
5.15 0 0.172583984385
5.16 0 0.171202551986
5.17 0 0.168979703736
5.18 0 0.168082801045
5.19 0 0.166147332544
5.2 0 0.164462665903
5.21 0 0.162537070626
5.22 0 0.160199904984
5.23 0 0.158484526535
5.24 0 0.156332284127
5.25 0 0.155329756459
5.26 0 0.151669159562
5.27 0 0.150456742138
5.28 0 0.148559073153
5.29 0 0.148559073153
5.3 0 0.148559073153
5.31 0 0.145558778148
5.32 0 0.143444260069
5.33 0 0.140939921818
5.34 0 0.140012553684
5.35 0 0.139931224608
5.36 0 0.139441065154
5.37 0 0.139990809416
5.38 0 0.139990809416
5.39 0 0.141320726177
5.4 0 0.141556786503
5.41 0 0.141556786503
5.42 0 0.143716975167
5.43 0 0.143716975167
5.44 0 0.143716975167
5.45 0 0.145233841713
5.46 0 0.145369439152
5.47 0 0.146919705574
5.48 0 0.14701159621
5.49 0 0.145782343111
5.5 0 0.147961418113
5.51 0 0.151941414581
5.52 0 0.152695307829
5.53 0 0.154209599771
5.54 0 0.157168000902
5.55 0 0.159330510646
5.56 0 0.160230968768
5.57 0 0.164526878371
5.58 0 0.163451358276
5.59 0 0.164431441649
5.6 0 0.168066445687
5.61 0 0.170735868828
5.62 0 0.175029981681
5.63 0 0.175029981681
5.64 0 0.178917372402
5.65 0 0.178604212057
5.66 0 0.180599790855
5.67 0 0.180366160247
5.68 0 0.178493788499
5.69 0 0.177907106472
5.7 0 0.177228939861
5.71 0 0.177228939861
5.72 0 0.177228939861
5.73 0 0.178141439611
5.74 0 0.17643777659
5.75 0 0.177034744477
5.76 0 0.177034744477
5.77 0 0.176457723616
5.78 0 0.177242716293
5.79 0 0.177242716293
5.8 0 0.177242716293
5.81 0 0.174477379149
5.82 0 0.172404298066
5.83 0 0.171389704585
5.84 0 0.171726510988
5.85 0 0.172091905651
5.86 0 0.172673713052
5.87 0 0.172864413228
5.88 0 0.172747188645
5.89 0 0.173163736792
5.9 0 0.173163736792
5.91 0 0.173967838973
5.92 0 0.173928854368
5.93 0 0.17387348461
5.94 0 0.172893986036
5.95 0 0.174047600275
5.96 0 0.174739043114
5.97 0 0.174611794382
5.98 0 0.174527118699
5.99 0 0.173971201659
6.0 0 0.17459299663
6.01 0 0.175621174843
6.02 0 0.17574162138
6.03 0 0.175827558026
6.04 0 0.175367340788
6.05 0 0.175367340788
6.06 0 0.174253269738
6.07 0 0.173270199745
6.08 0 0.172404514121
6.09 0 0.170943905921
6.1 0 0.169986499678
6.11 0 0.170736376214
6.12 0 0.1715788765
6.13 0 0.171898759826
6.14 0 0.172348873887
6.15 0 0.174187873894
6.16 0 0.173731579731
6.17 0 0.172855957785
6.18 0 0.171564429521
6.19 0 0.169924090095
6.2 0 0.167995571239
6.21 0 0.167574662294
6.22 0 0.168088457687
6.23 0 0.168088457687
6.24 0 0.170475988497
6.25 0 0.171620475106
6.26 0 0.172275315832
6.27 0 0.172496093101
6.28 0 0.172496093101
6.29 0 0.172496093101
6.3 0 0.172496093101
6.31 0 0.177200579567
6.32 0 0.181309664777
6.33 0 0.182658055918
6.34 0 0.184109694158
6.35 0 0.185060754535
6.36 0 0.186503531561
6.37 0 0.188810576399
6.38 0 0.190050098655
6.39 0 0.189693990027
6.4 0 0.191806158366
6.41 0 0.193897497583
6.42 0 0.195251902305
6.43 0 0.199721356794
6.44 0 0.201379017975
6.45 0 0.20162853372
6.46 0 0.20382485656
6.47 0 0.20336345592
6.48 0 0.202057322379
6.49 0 0.199356202502
6.5 0 0.19590620268
6.51 0 0.194632844121
6.52 0 0.192524220919
6.53 0 0.190707911446
6.54 0 0.186576781322
6.55 0 0.185524792213
6.56 0 0.185524792213
6.57 0 0.18041700545
6.58 0 0.178813548652
6.59 0 0.178813548652
6.6 0 0.178813548652
6.61 0 0.173339341815
6.62 0 0.170046569559
6.63 0 0.168621509751
6.64 0 0.16229461094
6.65 0 0.158338899267
6.66 0 0.156027645011
6.67 0 0.154448226792
6.68 0 0.154448226792
6.69 0 0.142070164545
6.7 0 0.142070164545
6.71 0 0.132685986681
6.72 0 0.131492417804
6.73 0 0.129614961019
6.74 0 0.129207847744
6.75 0 0.129171271057
6.76 0 0.128890154591
6.77 0 0.128890154591
6.78 0 0.128428504588
6.79 0 0.128821621079
6.8 0 0.128934375691
6.81 0 0.128296304398
6.82 0 0.129200129605
6.83 0 0.12963577326
6.84 0 0.13062513612
6.85 0 0.130764617168
6.86 0 0.132560044228
6.87 0 0.132560044228
6.88 0 0.135041613347
6.89 0 0.138670929
6.9 0 0.140519371077
6.91 0 0.141683756747
6.92 0 0.142749064408
6.93 0 0.144118056434
6.94 0 0.145703551734
6.95 0 0.147269299445
6.96 0 0.147269299445
6.97 0 0.147269299445
6.98 0 0.148564731455
6.99 0 0.149210167122
7.0 0 0.149977316328
7.01 0 0.150385347321
7.02 0 0.152444962841
7.03 0 0.152444962841
7.04 0 0.152444962841
7.05 0 0.155774644175
7.06 0 0.155944546168
7.07 0 0.158459439596
7.08 0 0.160267964299
7.09 0 0.164404435494
7.1 0 0.165692325796
7.11 0 0.169154001531
7.12 0 0.172412489538
7.13 0 0.173618291791
7.14 0 0.17740081754
7.15 0 0.178106295775
7.16 0 0.178267930913
7.17 0 0.178267930913
7.18 0 0.182309723404
7.19 0 0.1825068472
7.2 0 0.183668186833
7.21 0 0.183593353872
7.22 0 0.182438409582
7.23 0 0.182438409582
7.24 0 0.182438409582
7.25 0 0.179454770889
7.26 0 0.174557763097
7.27 0 0.173608587726
7.28 0 0.17081668799
7.29 0 0.168157302552
7.3 0 0.165714295822
7.31 0 0.165823007724
7.32 0 0.162308860027
7.33 0 0.161737786794
7.34 0 0.161516210778
7.35 0 0.161954056743
7.36 0 0.160603144843
7.37 0 0.160187497348
7.38 0 0.158143310146
7.39 0 0.156650625899
7.4 0 0.155106646477
7.41 0 0.152275570896
7.42 0 0.150053957489
7.43 0 0.149926724859
7.44 0 0.149727960234
7.45 0 0.150282648479
7.46 0 0.150354831857
7.47 0 0.150741765837
7.48 0 0.15162399799
7.49 0 0.152777337614
7.5 0 0.153231152011
7.51 0 0.154496469591
7.52 0 0.156134282198
7.53 0 0.156736208549
7.54 0 0.156998106127
7.55 0 0.160256855658
7.56 0 0.160335755495
7.57 0 0.16232514535
7.58 0 0.163004153699
7.59 0 0.163214508758
7.6 0 0.165085117484
7.61 0 0.165454872732
7.62 0 0.166449978029
7.63 0 0.166449978029
7.64 0 0.166449978029
7.65 0 0.166449978029
7.66 0 0.170664605677
7.67 0 0.174989299924
7.68 0 0.175042881416
7.69 0 0.17683922317
7.7 0 0.177425877068
7.71 0 0.177589130998
7.72 0 0.178731491531
7.73 0 0.179520894441
7.74 0 0.180343611995
7.75 0 0.179794321146
7.76 0 0.180355129961
7.77 0 0.181252066933
7.78 0 0.181656944311
7.79 0 0.18103783692
7.8 0 0.181034469866
7.81 0 0.181874222565
7.82 0 0.181708251836
7.83 0 0.183528564791
7.84 0 0.184815196654
7.85 0 0.185871077658
7.86 0 0.185449416184
7.87 0 0.188003933857
7.88 0 0.188539651161
7.89 0 0.186937768815
7.9 0 0.188756848884
7.91 0 0.188803058038
7.92 0 0.189388713319
7.93 0 0.192071647686
7.94 0 0.191414848825
7.95 0 0.195816488929
7.96 0 0.196047486272
7.97 0 0.19723163838
7.98 0 0.196329159911
7.99 0 0.198953813417
8.0 0 0.197804789241
8.01 0 0.198865456292
8.02 0 0.19942945326
8.03 0 0.201948737895
8.04 0 0.202092807905
8.05 0 0.202075049873
8.06 0 0.200972590679
8.07 0 0.200668609189
8.08 0 0.200035632617
8.09 0 0.198443794596
8.1 0 0.196914507615
8.11 0 0.194019349246
8.12 0 0.192163910585
8.13 0 0.187705425416
8.14 0 0.184027076876
8.15 0 0.181663248699
8.16 0 0.180630664014
8.17 0 0.176225251332
8.18 0 0.175171494547
8.19 0 0.172865680256
8.2 0 0.172577031992
8.21 0 0.172577031992
8.22 0 0.172984409203
8.23 0 0.173106315448
8.24 0 0.173884977491
8.25 0 0.173193148362
8.26 0 0.172424154777
8.27 0 0.171954776549
8.28 0 0.171664061149
8.29 0 0.171479979591
8.3 0 0.172230591394
8.31 0 0.171297986209
8.32 0 0.171297986209
8.33 0 0.168907207312
8.34 0 0.168005079454
8.35 0 0.166398577982
8.36 0 0.165196944995
8.37 0 0.165029189576
8.38 0 0.165029189576
8.39 0 0.1662176938
8.4 0 0.166563996402
8.41 0 0.166541829596
8.42 0 0.166921323363
8.43 0 0.166891703737
8.44 0 0.167325014907
8.45 0 0.168323275374
8.46 0 0.168637526491
8.47 0 0.171720984922
8.48 0 0.172299118585
8.49 0 0.172226741978
8.5 0 0.172935916846
8.51 0 0.174804999178
8.52 0 0.175075139736
8.53 0 0.175369294841
8.54 0 0.17691224041
8.55 0 0.178471219624
8.56 0 0.180673396157
8.57 0 0.182300734283
8.58 0 0.185603397533
8.59 0 0.188488585189
8.6 0 0.188630206217
8.61 0 0.192984465739
8.62 0 0.195068799049
8.63 0 0.196758820654
8.64 0 0.197640932065
8.65 0 0.196372040039
8.66 0 0.201445207457
8.67 0 0.20471485102
8.68 0 0.205359749998
8.69 0 0.209429793298
8.7 0 0.210038242978
8.71 0 0.211361639871
8.72 0 0.213595456975
8.73 0 0.214495559902
8.74 0 0.213639346703
8.75 0 0.216028759748
8.76 0 0.215074083055
8.77 0 0.218333160071
8.78 0 0.222880213271
8.79 0 0.222523967426
8.8 0 0.221674267092
8.81 0 0.21990954855
8.82 0 0.218748535011
8.83 0 0.214619042665
8.84 0 0.214020911921
8.85 0 0.213083086204
8.86 0 0.213349710437
8.87 0 0.208189369516
8.88 0 0.207141463517
8.89 0 0.206947691429
8.9 0 0.206947691429
8.91 0 0.206431684574
8.92 0 0.206384501278
8.93 0 0.204618736183
8.94 0 0.202037207252
8.95 0 0.202037207252
8.96 0 0.198818736819
8.97 0 0.196766142013
8.98 0 0.196766142013
8.99 0 0.19500235118
9.0 0 0.193845793349
9.01 0 0.192291008585
9.02 0 0.192291008585
9.03 0 0.192291008585
9.04 0 0.189135784539
9.05 0 0.188839868295
9.06 0 0.189307433769
9.07 0 0.19103642255
9.08 0 0.19103642255
9.09 0 0.19103642255
9.1 0 0.195691723723
9.11 0 0.197271013558
9.12 0 0.197921745209
9.13 0 0.19957580799
9.14 0 0.200438677335
9.15 0 0.201323675136
9.16 0 0.202172305387
9.17 0 0.203816853763
9.18 0 0.204246294799
9.19 0 0.204779030675
9.2 0 0.205986128098
9.21 0 0.20651149031
9.22 0 0.20640713229
9.23 0 0.207228150112
9.24 0 0.208276009607
9.25 0 0.209929503337
9.26 0 0.210247162469
9.27 0 0.21120086763
9.28 0 0.213494760977
9.29 0 0.214121427818
9.3 0 0.215576109663
9.31 0 0.217785768073
9.32 0 0.2180883963
9.33 0 0.220798858849
9.34 0 0.223075346205
9.35 0 0.224752933275
9.36 0 0.224875525999
9.37 0 0.224875525999
9.38 0 0.224875525999
9.39 0 0.228006497999
9.4 0 0.228035200755
9.41 0 0.226519587178
9.42 0 0.228256453966
9.43 0 0.228191494688
9.44 0 0.226342276906
9.45 0 0.228081602299
9.46 0 0.226673062197
9.47 0 0.228086718183
9.48 0 0.229924134502
9.49 0 0.234524425168
9.5 0 0.235749249519
9.51 0 0.238481986606
9.52 0 0.240156208509
9.53 0 0.243232281265
9.54 0 0.242829494096
9.55 0 0.243656783045
9.56 0 0.243841213142
9.57 0 0.24374643216
9.58 0 0.243220410663
9.59 0 0.242254361761
9.6 0 0.242882464796
9.61 0 0.243443027651
9.62 0 0.243176958526
9.63 0 0.242385237653
9.64 0 0.24180191475
9.65 0 0.241521140965
9.66 0 0.24007705389
9.67 0 0.238911273415
9.68 0 0.238657028968
9.69 0 0.237776428208
9.7 0 0.236316300681
9.71 0 0.234178069892
9.72 0 0.234011794126
9.73 0 0.23363844246
9.74 0 0.233859375457
9.75 0 0.233824448827
9.76 0 0.232935646894
9.77 0 0.231541645199
9.78 0 0.231310723245
9.79 0 0.231124039792
9.8 0 0.231913522105
9.81 0 0.233271483954
9.82 0 0.233326167385
9.83 0 0.232466092899
9.84 0 0.230220366514
9.85 0 0.228893572033
9.86 0 0.227428564858
9.87 0 0.223189016219
9.88 0 0.220785668354
9.89 0 0.219614491169
9.9 0 0.218810558188
9.91 0 0.218359279877
9.92 0 0.217292387567
9.93 0 0.214425901704
9.94 0 0.212010438579
9.95 0 0.209476637566
9.96 0 0.207828800186
9.97 0 0.207178489925
9.98 0 0.205325910998
9.99 0 0.203926842886
10.0 0 0.203926842886
10.01 0 0.204435393812
10.02 0 0.205243332351
10.03 0 0.205532283046
10.04 0 0.205768569984
10.05 0 0.206381947387
10.06 0 0.207811838727
10.07 0 0.210351565137
10.08 0 0.212436224426
10.09 0 0.215097008819
10.1 0 0.216735409811
10.11 0 0.219164706888
10.12 0 0.21855752528
10.13 0 0.221506161594
10.14 0 0.225282446512
10.15 0 0.227195402484
10.16 0 0.227190689638
10.17 0 0.230362473154
10.18 0 0.229066358722
10.19 0 0.229929931344
10.2 0 0.233217417137
10.21 0 0.234596523761
10.22 0 0.235122385925
10.23 0 0.235967107946
10.24 0 0.234985020428
10.25 0 0.237106290773
10.26 0 0.237643186814
10.27 0 0.238059289886
10.28 0 0.241210322229
10.29 0 0.245643495624
10.3 0 0.249954672564
10.31 0 0.252185635125
10.32 0 0.253607908777
10.33 0 0.254896722038
10.34 0 0.255420358174
10.35 0 0.255761395737
10.36 0 0.2556325482
10.37 0 0.255181191435
10.38 0 0.254250829333
10.39 0 0.253254566566
10.4 0 0.252643257409
10.41 0 0.249503574021
10.42 0 0.246133503651
10.43 0 0.246049067743
10.44 0 0.246083490306
10.45 0 0.24379269832
10.46 0 0.243927054631
10.47 0 0.243602723758
10.48 0 0.243446545025
10.49 0 0.244406672625
10.5 0 0.24498925985
10.51 0 0.24634211156
10.52 0 0.247362367605
10.53 0 0.247517257416
10.54 0 0.247339476554
10.55 0 0.249037383048
10.56 0 0.248669743258
10.57 0 0.248669743258
10.58 0 0.248772387292
10.59 0 0.248639225403
10.6 0 0.248114489701
10.61 0 0.246245844236
10.62 0 0.24278010065
10.63 0 0.238600135724
10.64 0 0.237781708952
10.65 0 0.233494731142
10.66 0 0.229779400493
10.67 0 0.227391210952
10.68 0 0.224386453633
10.69 0 0.222359266651
10.7 0 0.217374205469
10.71 0 0.215475743637
10.72 0 0.208930648112
10.73 0 0.205136555808
10.74 0 0.204678723969
10.75 0 0.203983500613
10.76 0 0.201638988195
10.77 0 0.200327374852
10.78 0 0.200327374852
10.79 0 0.195722556204
10.8 0 0.194816069796
10.81 0 0.195050509317
10.82 0 0.195314309677
10.83 0 0.195024688149
10.84 0 0.195024688149
10.85 0 0.195746808132
10.86 0 0.198683935483
10.87 0 0.199989717837
10.88 0 0.200788698979
10.89 0 0.207277384488
10.9 0 0.208430307898
10.91 0 0.211404911253
10.92 0 0.212312365802
10.93 0 0.212578624736
10.94 0 0.212578624736
10.95 0 0.218014522985
10.96 0 0.222880967253
10.97 0 0.224395709628
10.98 0 0.225880993916
10.99 0 0.22740410867
11.0 0 0.22740410867
11.01 0 0.22740410867
11.02 0 0.22641459504
11.03 0 0.229232207232
11.04 0 0.232744430288
11.05 0 0.23326813097
11.06 0 0.235523223526
11.07 0 0.235944164704
11.08 0 0.236659150953
11.09 0 0.236659150953
11.1 0 0.239581051193
11.11 0 0.243143881325
11.12 0 0.244265176901
11.13 0 0.246672331804
11.14 0 0.246838765423
11.15 0 0.247367806096
11.16 0 0.247342227388
11.17 0 0.248100754704
11.18 0 0.248004481542
11.19 0 0.247684626018
11.2 0 0.247935464604
11.21 0 0.247484627174
11.22 0 0.246377182242
11.23 0 0.24549943808
11.24 0 0.243645607196
11.25 0 0.242326642982
11.26 0 0.241872940256
11.27 0 0.240709110905
11.28 0 0.23992493028
11.29 0 0.239271695404
11.3 0 0.238335720728
11.31 0 0.238906305867
11.32 0 0.2385031168
11.33 0 0.237758394548
11.34 0 0.23754816298
11.35 0 0.235334849355
11.36 0 0.235056989744
11.37 0 0.235204576341
11.38 0 0.235743388012
11.39 0 0.23512603229
11.4 0 0.23512603229
11.41 0 0.234170306733
11.42 0 0.231224088749
11.43 0 0.229477453566
11.44 0 0.22885849625
11.45 0 0.228507584845
11.46 0 0.228153719005
11.47 0 0.228487872691
11.48 0 0.228562346186
11.49 0 0.228725435774
11.5 0 0.228871784752
11.51 0 0.228889686182
11.52 0 0.230143615566
11.53 0 0.230405272184
11.54 0 0.230945949295
11.55 0 0.233049587274
11.56 0 0.234385352259
11.57 0 0.234385352259
11.58 0 0.235208681177
11.59 0 0.236232469174
11.6 0 0.237363668733
11.61 0 0.240969704818
11.62 0 0.242965098492
11.63 0 0.245147370066
11.64 0 0.246757711563
11.65 0 0.246891737754
11.66 0 0.247523125211
11.67 0 0.251866731833
11.68 0 0.251723049166
11.69 0 0.253013923734
11.7 0 0.257156568196
11.71 0 0.2565035594
11.72 0 0.25784001266
11.73 0 0.257434933489
11.74 0 0.25966067978
11.75 0 0.258754028569
11.76 0 0.265604127795
11.77 0 0.268484240282
11.78 0 0.265721092254
11.79 0 0.268053126053
11.8 0 0.268053126053
11.81 0 0.272599709497
11.82 0 0.274748480312
11.83 0 0.27635655535
11.84 0 0.275820543344
11.85 0 0.277642113931
11.86 0 0.278339202224
11.87 0 0.279358082027
11.88 0 0.280165390564
11.89 0 0.279948014912
11.9 0 0.279519462417
11.91 0 0.278632332282
11.92 0 0.278285693942
11.93 0 0.277539834843
11.94 0 0.274303210839
11.95 0 0.27251433322
11.96 0 0.270971015242
11.97 0 0.26932539605
11.98 0 0.265736563974
11.99 0 0.26557243102
12.0 0 0.266120990371
12.01 0 0.266814042366
12.02 0 0.265513009472
12.03 0 0.263993820618
12.04 0 0.259149703696
12.05 0 0.256957119807
12.06 0 0.25641018671
12.07 0 0.256748826671
12.08 0 0.257348813485
12.09 0 0.257907527358
12.1 0 0.257779190729
12.11 0 0.257287470697
12.12 0 0.257201024899
12.13 0 0.256506865698
12.14 0 0.256134035417
12.15 0 0.255717203087
12.16 0 0.25510384216
12.17 0 0.255513061187
12.18 0 0.255915671377
12.19 0 0.255745138838
12.2 0 0.256368355446
12.21 0 0.256406404019
12.22 0 0.256016168998
12.23 0 0.255651679858
12.24 0 0.254429291138
12.25 0 0.252032200748
12.26 0 0.251110316953
12.27 0 0.249554919381
12.28 0 0.24852650059
12.29 0 0.247626571925
12.3 0 0.245865513502
12.31 0 0.244450998283
12.32 0 0.244457926072
12.33 0 0.244593919228
12.34 0 0.245073243713
12.35 0 0.24602958223
12.36 0 0.246808235031
12.37 0 0.248215105688
12.38 0 0.249414516358
12.39 0 0.249733435414
12.4 0 0.252186296334
12.41 0 0.253289375443
12.42 0 0.258604297933
12.43 0 0.258867473842
12.44 0 0.26097324004
12.45 0 0.261755409648
12.46 0 0.265011810447
12.47 0 0.267464310287
12.48 0 0.267368910647
12.49 0 0.267368910647
12.5 0 0.268103267347
12.51 0 0.265621730247
12.52 0 0.268032453052
12.53 0 0.269053226489
12.54 0 0.268386588005
12.55 0 0.270849862904
12.56 0 0.26880975349
12.57 0 0.274168456136
12.58 0 0.276211560152
12.59 0 0.276945330966
12.6 0 0.281023763155
12.61 0 0.282930110937
12.62 0 0.28694847343
12.63 0 0.288314091173
12.64 0 0.289117264938
12.65 0 0.291221786937
12.66 0 0.29138442821
12.67 0 0.291679252842
12.68 0 0.292319436053
12.69 0 0.293248369792
12.7 0 0.293151893201
12.71 0 0.293557154824
12.72 0 0.290819335277
12.73 0 0.288883624536
12.74 0 0.285269637013
12.75 0 0.285269637013
12.76 0 0.277757562074
12.77 0 0.277198512888
12.78 0 0.276837672896
12.79 0 0.273704612882
12.8 0 0.271804006712
12.81 0 0.266089494863
12.82 0 0.264292096821
12.83 0 0.264292096821
12.84 0 0.257298468426
12.85 0 0.2552643386
12.86 0 0.253561400396
12.87 0 0.253561400396
12.88 0 0.252408297435
12.89 0 0.252606749633
12.9 0 0.252866600422
12.91 0 0.252273812628
12.92 0 0.252546326813
12.93 0 0.253023343562
12.94 0 0.253463940137
12.95 0 0.254466521965
12.96 0 0.25496943376
12.97 0 0.255313693382
12.98 0 0.25551129421
12.99 0 0.255295818354
13.0 0 0.255295818354
13.01 0 0.254093642862
13.02 0 0.253350597857
13.03 0 0.25178876126
13.04 0 0.249169212026
13.05 0 0.248029608843
13.06 0 0.247768318659
13.07 0 0.245253399544
13.08 0 0.243938296876
13.09 0 0.243278499973
13.1 0 0.240756642884
13.11 0 0.237560932673
13.12 0 0.236495981199
13.13 0 0.236344654219
13.14 0 0.236610524795
13.15 0 0.235644607673
13.16 0 0.235644607673
13.17 0 0.23771101348
13.18 0 0.23757652349
13.19 0 0.23879227213
13.2 0 0.239770174906
13.21 0 0.241290980876
13.22 0 0.242322844117
13.23 0 0.243477251925
13.24 0 0.246139320618
13.25 0 0.247217468297
13.26 0 0.248142964196
13.27 0 0.250014040045
13.28 0 0.254476993761
13.29 0 0.256093237096
13.3 0 0.254904869185
13.31 0 0.258026941713
13.32 0 0.260968779948
13.33 0 0.261651770065
13.34 0 0.264962527878
13.35 0 0.265850570856
13.36 0 0.269662059738
13.37 0 0.269804856963
13.38 0 0.269720446452
13.39 0 0.268229494291
13.4 0 0.26835686636
13.41 0 0.267654618408
13.42 0 0.267732779734
13.43 0 0.269169311359
13.44 0 0.270983562898
13.45 0 0.270943811671
13.46 0 0.272223181345
13.47 0 0.273670657287
13.48 0 0.27375619421
13.49 0 0.27480378613
13.5 0 0.277113273745
13.51 0 0.277321818065
13.52 0 0.276848684103
13.53 0 0.276130866431
13.54 0 0.275712578655
13.55 0 0.275311858211
13.56 0 0.271201529834
13.57 0 0.268293569039
13.58 0 0.265529503758
13.59 0 0.265529503758
13.6 0 0.265529503758
13.61 0 0.252282699047
13.62 0 0.246962703849
13.63 0 0.245889092302
13.64 0 0.244028964653
13.65 0 0.244028964653
13.66 0 0.244028964653
13.67 0 0.244028964653
13.68 0 0.242816080396
13.69 0 0.242816080396
13.7 0 0.243896865233
13.71 0 0.243463943109
13.72 0 0.243463943109
13.73 0 0.242500609678
13.74 0 0.241854275394
13.75 0 0.241090139185
13.76 0 0.240171085347
13.77 0 0.240057741861
13.78 0 0.238580603437
13.79 0 0.23754504048
13.8 0 0.237307069769
13.81 0 0.238126309593
13.82 0 0.238175063647
13.83 0 0.238411420652
13.84 0 0.238440930018
13.85 0 0.238440930018
13.86 0 0.239833804707
13.87 0 0.240468182947
13.88 0 0.240263440222
13.89 0 0.240469716834
13.9 0 0.241599157398
13.91 0 0.242121905958
13.92 0 0.242121905958
13.93 0 0.242121905958
13.94 0 0.242121905958
13.95 0 0.242121905958
13.96 0 0.24535862188
13.97 0 0.24775786744
13.98 0 0.251653289174
13.99 0 0.252937184242
14.0 0 0.255953601625
14.01 0 0.256577486339
14.02 0 0.259658140703
14.03 0 0.261424043562
14.04 0 0.262338984577
14.05 0 0.263063812922
14.06 0 0.263553567298
14.07 0 0.262904849233
14.08 0 0.264281108246
14.09 0 0.262403656614
14.1 0 0.26632461601
14.11 0 0.261687679289
14.12 0 0.263370040078
14.13 0 0.264720554388
14.14 0 0.264720554388
14.15 0 0.267761868363
14.16 0 0.275586937849
14.17 0 0.279152747765
14.18 0 0.273696977997
14.19 0 0.274889849549
14.2 0 0.2831552381
14.21 0 0.279928043394
14.22 0 0.28380593394
14.23 0 0.286842436985
14.24 0 0.287814507913
14.25 0 0.288639592512
14.26 0 0.290752637795
14.27 0 0.290733700888
14.28 0 0.290733700888
14.29 0 0.290733700888
14.3 0 0.290733700888
14.31 0 0.286890168125
14.32 0 0.288020617998
14.33 0 0.28726821824
14.34 0 0.283550716847
14.35 0 0.279971584109
14.36 0 0.275287850758
14.37 0 0.273432157128
14.38 0 0.265823065036
14.39 0 0.265823065036
14.4 0 0.261458769914
14.41 0 0.258786681394
14.42 0 0.253286424782
14.43 0 0.25085278159
14.44 0 0.25049200923
14.45 0 0.250969152547
14.46 0 0.252278039107
14.47 0 0.254055164653
14.48 0 0.254202978778
14.49 0 0.254335563757
14.5 0 0.254335563757
14.51 0 0.254335563757
14.52 0 0.252389096829
14.53 0 0.25154198633
14.54 0 0.252176804231
14.55 0 0.25219063959
14.56 0 0.252318227544
14.57 0 0.252383573036
14.58 0 0.252274580147
14.59 0 0.252233604116
14.6 0 0.252624189313
14.61 0 0.25234803652
14.62 0 0.251951841991
14.63 0 0.251378286042
14.64 0 0.251117380712
14.65 0 0.25005350349
14.66 0 0.248080998456
14.67 0 0.247850551342
14.68 0 0.248453151905
14.69 0 0.249284367057
14.7 0 0.249368408281
14.71 0 0.249648127849
14.72 0 0.250192920383
14.73 0 0.251855464945
14.74 0 0.253084271666
14.75 0 0.255888188694
14.76 0 0.257741759541
14.77 0 0.258129002517
14.78 0 0.259204679148
14.79 0 0.262692102541
14.8 0 0.263113433241
14.81 0 0.264721424387
14.82 0 0.268158798231
14.83 0 0.26915082386
14.84 0 0.273104220187
14.85 0 0.272582732629
14.86 0 0.272582732629
14.87 0 0.272582732629
14.88 0 0.272582732629
14.89 0 0.27059834139
14.9 0 0.27059834139
14.91 0 0.269344405611
14.92 0 0.267391244802
14.93 0 0.278857204182
14.94 0 0.281328746766
14.95 0 0.295180129003
14.96 0 0.296153547655
14.97 0 0.297031357562
14.98 0 0.300893895472
14.99 0 0.302423204929
15.0 0 0.302682873605
15.01 0 0.305308661109
15.02 0 0.305613380058
15.03 0 0.305163394558
15.04 0 0.306362052852
15.05 0 0.308420994274
15.06 0 0.308704270595
15.07 0 0.308718817943
15.08 0 0.308776133892
15.09 0 0.307902909067
15.1 0 0.306526236964
15.11 0 0.305502471764
15.12 0 0.303711701347
15.13 0 0.301926173568
15.14 0 0.300639562255
15.15 0 0.296974277633
15.16 0 0.296086760977
15.17 0 0.292135676368
15.18 0 0.288933734527
15.19 0 0.28713673504
15.2 0 0.281133438195
15.21 0 0.279676957432
15.22 0 0.277498988146
15.23 0 0.27749486853
15.24 0 0.276992720618
15.25 0 0.275189884487
15.26 0 0.275184358824
15.27 0 0.275033585872
15.28 0 0.274331264271
15.29 0 0.27413541619
15.3 0 0.273586520575
15.31 0 0.271746127737
15.32 0 0.271389012907
15.33 0 0.272267570922
15.34 0 0.272810212001
15.35 0 0.273742065486
15.36 0 0.274129129599
15.37 0 0.274316737723
15.38 0 0.274471214567
15.39 0 0.274637947353
15.4 0 0.274637947353
15.41 0 0.274637947353
15.42 0 0.272341563866
15.43 0 0.270673981743
15.44 0 0.270211145346
15.45 0 0.267290638665
15.46 0 0.266246934919
15.47 0 0.265809934797
15.48 0 0.26364407213
15.49 0 0.26364407213
15.5 0 0.26364407213
15.51 0 0.265092487658
15.52 0 0.267887185825
15.53 0 0.268228804265
15.54 0 0.271007591728
15.55 0 0.272057458497
15.56 0 0.27419806677
15.57 0 0.273883772921
15.58 0 0.275990061135
15.59 0 0.278047211017
15.6 0 0.281548055676
15.61 0 0.282803300865
15.62 0 0.285859554118
15.63 0 0.285519223103
15.64 0 0.284863889976
15.65 0 0.287157697594
15.66 0 0.288843416231
15.67 0 0.285206403405
15.68 0 0.284910647344
15.69 0 0.287127837798
15.7 0 0.289115778705
15.71 0 0.289072810783
15.72 0 0.297981114469
15.73 0 0.299012803121
15.74 0 0.304969539649
15.75 0 0.311584868835
15.76 0 0.312285198706
15.77 0 0.315425830891
15.78 0 0.315425830891
15.79 0 0.315425830891
15.8 0 0.320792527792
15.81 0 0.320697457742
15.82 0 0.320486365768
15.83 0 0.319621952259
15.84 0 0.319421358701
15.85 0 0.319398507862
15.86 0 0.318764468572
15.87 0 0.317652766414
15.88 0 0.316052142051
15.89 0 0.3165242704
15.9 0 0.315647838276
15.91 0 0.315089138902
15.92 0 0.312497336794
15.93 0 0.311197324334
15.94 0 0.309060409291
15.95 0 0.308111662554
15.96 0 0.305189754977
15.97 0 0.300918084821
15.98 0 0.296970497323
15.99 0 0.293242016776
16.0 0 0.290472265981
16.01 0 0.286762311615
16.02 0 0.284591841215
16.03 0 0.282619933995
16.04 0 0.281954231123
16.05 0 0.281026467559
16.06 0 0.281005567088
16.07 0 0.279775375271
16.08 0 0.279582964375
16.09 0 0.278881533401
16.1 0 0.277784897131
16.11 0 0.275928980758
16.12 0 0.274200747487
16.13 0 0.274105422525
16.14 0 0.272598791268
16.15 0 0.270958002396
16.16 0 0.270373668132
16.17 0 0.268718651947
16.18 0 0.26863809706
16.19 0 0.268157422376
16.2 0 0.268193581062
16.21 0 0.268193581062
16.22 0 0.269325528517
16.23 0 0.270047119733
16.24 0 0.270640197021
16.25 0 0.271070345789
16.26 0 0.271003335881
16.27 0 0.270716364959
16.28 0 0.271320437777
16.29 0 0.272822147426
16.3 0 0.274348810305
16.31 0 0.275346989254
16.32 0 0.278317680697
16.33 0 0.27995236235
16.34 0 0.281118670785
16.35 0 0.281026686685
16.36 0 0.284384330408
16.37 0 0.28689699515
16.38 0 0.290314390848
16.39 0 0.291140277019
16.4 0 0.293715162748
16.41 0 0.295518382713
16.42 0 0.297486672041
16.43 0 0.297095024767
16.44 0 0.301631447373
16.45 0 0.29867019224
16.46 0 0.304056646478
16.47 0 0.304580584699
16.48 0 0.303658095531
16.49 0 0.311184952397
16.5 0 0.313354996188
16.51 0 0.309621605641
16.52 0 0.31664931351
16.53 0 0.318010712434
16.54 0 0.322346058617
16.55 0 0.322735726385
16.56 0 0.324908503796
16.57 0 0.326003345152
16.58 0 0.328348278218
16.59 0 0.330843287381
16.6 0 0.335921200425
16.61 0 0.336783254067
16.62 0 0.337112354377
16.63 0 0.338340869869
16.64 0 0.338350804539
16.65 0 0.338085404314
16.66 0 0.338085404314
16.67 0 0.337157130149
16.68 0 0.337157130149
16.69 0 0.334068694486
16.7 0 0.333918378231
16.71 0 0.333385596353
16.72 0 0.33191332222
16.73 0 0.32982487845
16.74 0 0.326898038296
16.75 0 0.326062614773
16.76 0 0.324876082152
16.77 0 0.322208693033
16.78 0 0.32002493535
16.79 0 0.316675054422
16.8 0 0.31084897887
16.81 0 0.305918602297
16.82 0 0.302846366345
16.83 0 0.302321895266
16.84 0 0.299216886328
16.85 0 0.296452031105
16.86 0 0.296048270568
16.87 0 0.295094162674
16.88 0 0.292899653149
16.89 0 0.291379386913
16.9 0 0.291935375836
16.91 0 0.294137569379
16.92 0 0.294536644826
16.93 0 0.293824810166
16.94 0 0.293013376268
16.95 0 0.292989101911
16.96 0 0.293218416831
16.97 0 0.295007126905
16.98 0 0.295822034559
16.99 0 0.296217740164
17.0 0 0.297178591971
17.01 0 0.297306787132
17.02 0 0.298360069355
17.03 0 0.29885693348
17.04 0 0.298608061699
17.05 0 0.297560507478
17.06 0 0.296388703668
17.07 0 0.294496814241
17.08 0 0.294498103765
17.09 0 0.294488305659
17.1 0 0.293798260247
17.11 0 0.295313273071
17.12 0 0.296232222933
17.13 0 0.297960047075
17.14 0 0.297506007121
17.15 0 0.300187895401
17.16 0 0.302152954697
17.17 0 0.305711129268
17.18 0 0.307458467632
17.19 0 0.307458467632
17.2 0 0.310748099345
17.21 0 0.314362524404
17.22 0 0.314277351635
17.23 0 0.317528197507
17.24 0 0.321364612705
17.25 0 0.324682320719
17.26 0 0.325141611924
17.27 0 0.333507579337
17.28 0 0.334273867951
17.29 0 0.333354096243
17.3 0 0.332751413866
17.31 0 0.334669220933
17.32 0 0.336439413138
17.33 0 0.336417314485
17.34 0 0.335149761445
17.35 0 0.337393170473
17.36 0 0.330415590594
17.37 0 0.336348953159
17.38 0 0.341305653316
17.39 0 0.341046749202
17.4 0 0.344116171682
17.41 0 0.343580753699
17.42 0 0.343903197857
17.43 0 0.343821269763
17.44 0 0.344418365296
17.45 0 0.345012800432
17.46 0 0.345110263202
17.47 0 0.344606407559
17.48 0 0.344491055682
17.49 0 0.344381421921
17.5 0 0.343812521878
17.51 0 0.34234349377
17.52 0 0.340698638661
17.53 0 0.338440614407
17.54 0 0.336677111115
17.55 0 0.334740799388
17.56 0 0.329296067886
17.57 0 0.327329567336
17.58 0 0.322908519978
17.59 0 0.321655904339
17.6 0 0.32057167263
17.61 0 0.320338112488
17.62 0 0.319891673311
17.63 0 0.319219075105
17.64 0 0.318884964823
17.65 0 0.318318896249
17.66 0 0.318297096826
17.67 0 0.318659377361
17.68 0 0.319778191948
17.69 0 0.319778191948
17.7 0 0.323444750877
17.71 0 0.323812273918
17.72 0 0.323955042308
17.73 0 0.326801749021
17.74 0 0.327123101156
17.75 0 0.327633519349
17.76 0 0.327703310351
17.77 0 0.327976666201
17.78 0 0.328519133006
17.79 0 0.328995909351
17.8 0 0.329240069834
17.81 0 0.329657388102
17.82 0 0.329775325073
17.83 0 0.329730778378
17.84 0 0.329179252337
17.85 0 0.327915974947
17.86 0 0.327991081678
17.87 0 0.328546975556
17.88 0 0.328756370975
17.89 0 0.330456788117
17.9 0 0.332994272557
17.91 0 0.333595806773
17.92 0 0.334876820481
17.93 0 0.337735819704
17.94 0 0.338373654539
17.95 0 0.341295928833
17.96 0 0.34029290025
17.97 0 0.342766692775
17.98 0 0.341899762042
17.99 0 0.344942149318
18.0 0 0.345435524979
18.01 0 0.349769921193
18.02 0 0.350588464867
18.03 0 0.350508493516
18.04 0 0.35179087974
18.05 0 0.357573113885
18.06 0 0.363332159346
18.07 0 0.366370412556
18.08 0 0.367597929546
18.09 0 0.364195648782
18.1 0 0.362710680029
18.11 0 0.358579449958
18.12 0 0.362621818703
18.13 0 0.356917334748
18.14 0 0.361107101699
18.15 0 0.364374046036
18.16 0 0.364138848351
18.17 0 0.368619672559
18.18 0 0.369719107792
18.19 0 0.371358114426
18.2 0 0.371048557179
18.21 0 0.370748882949
18.22 0 0.370269088122
18.23 0 0.370658222121
18.24 0 0.37108872833
18.25 0 0.371292603758
18.26 0 0.372627410289
18.27 0 0.372872712747
18.28 0 0.372822040249
18.29 0 0.371059274887
18.3 0 0.370690984305
18.31 0 0.370887344974
18.32 0 0.371415370245
18.33 0 0.37139021821
18.34 0 0.371111073148
18.35 0 0.369982586219
18.36 0 0.367423604224
18.37 0 0.366695890561
18.38 0 0.365755950446
18.39 0 0.365405023079
18.4 0 0.364380370037
18.41 0 0.363917732518
18.42 0 0.362165845011
18.43 0 0.361413046299
18.44 0 0.360646912645
18.45 0 0.36072558119
18.46 0 0.359857886829
18.47 0 0.358350664721
18.48 0 0.356703148062
18.49 0 0.354743691919
18.5 0 0.354107762924
18.51 0 0.353289910991
18.52 0 0.353175774358
18.53 0 0.353175774358
18.54 0 0.352134557433
18.55 0 0.352257745296
18.56 0 0.352610245228
18.57 0 0.352210208637
18.58 0 0.352525604988
18.59 0 0.352901593317
18.6 0 0.353739740448
18.61 0 0.353683377547
18.62 0 0.353781039875
18.63 0 0.353421700011
18.64 0 0.353532987803
18.65 0 0.353654884385
18.66 0 0.354112555286
18.67 0 0.35489746916
18.68 0 0.356677117706
18.69 0 0.357782144119
18.7 0 0.360433751011
18.71 0 0.361299392307
18.72 0 0.36282696184
18.73 0 0.363044203082
18.74 0 0.366382115649
18.75 0 0.368118277202
18.76 0 0.368739597799
18.77 0 0.376639558553
18.78 0 0.375141780302
18.79 0 0.377483769083
18.8 0 0.375302279778
18.81 0 0.3782528352
18.82 0 0.376440203213
18.83 0 0.38253476904
18.84 0 0.386459695114
18.85 0 0.389515313693
18.86 0 0.39316644667
18.87 0 0.390732807084
18.88 0 0.383481436143
18.89 0 0.380830984288
18.9 0 0.381915104198
18.91 0 0.377180696842
18.92 0 0.375288568573
18.93 0 0.367396988303
18.94 0 0.374132372213
18.95 0 0.370388952998
18.96 0 0.389904743899
18.97 0 0.390933233192
18.98 0 0.391882416083
18.99 0 0.39319508932
19.0 0 0.39306482198
19.01 0 0.393030348271
19.02 0 0.392745313032
19.03 0 0.392745313032
19.04 0 0.392745313032
19.05 0 0.393305778438
19.06 0 0.393872868288
19.07 0 0.3941226451
19.08 0 0.394141573366
19.09 0 0.394103893845
19.1 0 0.394181348399
19.11 0 0.394181348399
19.12 0 0.394181348399
19.13 0 0.393898029515
19.14 0 0.393898029515
19.15 0 0.391473413649
19.16 0 0.390724051543
19.17 0 0.389860969002
19.18 0 0.389886621986
19.19 0 0.389404921264
19.2 0 0.3891627661
19.21 0 0.388451909244
19.22 0 0.38415036225
19.23 0 0.381910249696
19.24 0 0.377506832758
19.25 0 0.376422674198
19.26 0 0.375114222728
19.27 0 0.373408827394
19.28 0 0.372385452258
19.29 0 0.371495834384
19.3 0 0.371487302032
19.31 0 0.371540865075
19.32 0 0.371656012632
19.33 0 0.372010196372
19.34 0 0.372580907248
19.35 0 0.373900819597
19.36 0 0.374262667285
19.37 0 0.374864461455
19.38 0 0.374864461455
19.39 0 0.377907726461
19.4 0 0.37848957582
19.41 0 0.380217309621
19.42 0 0.3806271198
19.43 0 0.382172481348
19.44 0 0.385216776249
19.45 0 0.38570662703
19.46 0 0.385943836254
19.47 0 0.387700517063
19.48 0 0.387264081458
19.49 0 0.388815339611
19.5 0 0.388010083194
19.51 0 0.392879639827
19.52 0 0.394695547582
19.53 0 0.399313430122
19.54 0 0.401842260953
19.55 0 0.401554701331
19.56 0 0.406574645445
19.57 0 0.406574645445
19.58 0 0.406574645445
19.59 0 0.412329877311
19.6 0 0.415939474122
19.61 0 0.416464461669
19.62 0 0.41825826303
19.63 0 0.424880887549
19.64 0 0.426419359901
19.65 0 0.424668076527
19.66 0 0.427841181775
19.67 0 0.427648728855
19.68 0 0.428538347406
19.69 0 0.429485173064
19.7 0 0.428656791327
19.71 0 0.433417419285
19.72 0 0.435804422897
19.73 0 0.436462281838
19.74 0 0.437997413219
19.75 0 0.438895175881
19.76 0 0.439592913583
19.77 0 0.439846815942
19.78 0 0.439806845601
19.79 0 0.439806845601
19.8 0 0.439557128593
19.81 0 0.439557128593
19.82 0 0.438075619323
19.83 0 0.436233695711
19.84 0 0.437857775963
19.85 0 0.437147695872
19.86 0 0.436011335137
19.87 0 0.432216137048
19.88 0 0.430036511163
19.89 0 0.426289254944
19.9 0 0.424232039932
19.91 0 0.423972036698
19.92 0 0.423403598887
19.93 0 0.423704921357
19.94 0 0.423316620563
19.95 0 0.423168334368
19.96 0 0.42353194051
19.97 0 0.424305775006
19.98 0 0.42434130163
19.99 0 0.424005336455
20.0 0 0.422365667414
20.01 0 0.420830805064
20.02 0 0.41655366725
20.03 0 0.415271520301
20.04 0 0.409205255531
20.05 0 0.406158780832
20.06 0 0.404625025067
20.07 0 0.403857651565
20.08 0 0.402033276204
20.09 0 0.401184231992
20.1 0 0.401836700387
20.11 0 0.402188704817
20.12 0 0.404285262807
20.13 0 0.404285262807
20.14 0 0.404285262807
20.15 0 0.406216791626
20.16 0 0.40680801673
20.17 0 0.408797341436
20.18 0 0.409740322163
20.19 0 0.41108092866
20.2 0 0.412133198815
20.21 0 0.412631498696
20.22 0 0.412718667962
20.23 0 0.414213077454
20.24 0 0.416093259757
20.25 0 0.416191936133
20.26 0 0.418239385132
20.27 0 0.420379233504
20.28 0 0.420379233504
20.29 0 0.420379233504
20.3 0 0.420379233504
20.31 0 0.42645929891
20.32 0 0.428739187228
20.33 0 0.429833187562
20.34 0 0.429620892164
20.35 0 0.430135873936
20.36 0 0.431356306653
20.37 0 0.431056930579
20.38 0 0.431056930579
20.39 0 0.431056930579
20.4 0 0.438093550928
20.41 0 0.437512196065
20.42 0 0.440443267257
20.43 0 0.437535552563
20.44 0 0.442736319124
20.45 0 0.445204468077
20.46 0 0.443073332758
20.47 0 0.444949561089
20.48 0 0.445333049365
20.49 0 0.445333049365
20.5 0 0.448150359608
20.51 0 0.448150359608
20.52 0 0.448150359608
20.53 0 0.452194298135
20.54 0 0.453109439919
20.55 0 0.451570892815
20.56 0 0.452226082984
20.57 0 0.453013840562
20.58 0 0.455982010951
20.59 0 0.457615713601
20.6 0 0.457500960249
20.61 0 0.456505767221
20.62 0 0.457306326588
20.63 0 0.457677519996
20.64 0 0.457677519996
20.65 0 0.456363213128
20.66 0 0.454586664216
20.67 0 0.454200544344
20.68 0 0.45132930116
20.69 0 0.44869671875
20.7 0 0.44741285354
20.71 0 0.447010623229
20.72 0 0.447025013548
20.73 0 0.447194188693
20.74 0 0.447528594413
20.75 0 0.447895396668
20.76 0 0.448460908609
20.77 0 0.446996929287
20.78 0 0.445261298187
20.79 0 0.444535971765
20.8 0 0.444459756972
20.81 0 0.443835077533
20.82 0 0.443465545766
20.83 0 0.4399881772
20.84 0 0.436252062147
20.85 0 0.433692284937
20.86 0 0.43341365845
20.87 0 0.429906108479
20.88 0 0.428220201612
20.89 0 0.428764696591
20.9 0 0.429276068216
20.91 0 0.430361465656
20.92 0 0.431764213793
20.93 0 0.433872175825
20.94 0 0.435265641999
20.95 0 0.435331366938
20.96 0 0.435679068908
20.97 0 0.436851877662
20.98 0 0.438580780334
20.99 0 0.439453066133
21.0 0 0.439507390081
21.01 0 0.44162387827
21.02 0 0.442369134012
21.03 0 0.44260188144
21.04 0 0.44260188144
21.05 0 0.443490885073
21.06 0 0.446120952964
21.07 0 0.445753842329
21.08 0 0.446884744175
21.09 0 0.446884744175
21.1 0 0.452393153723
21.11 0 0.455488575579
21.12 0 0.456340513642
21.13 0 0.457493610766
21.14 0 0.463175465315
21.15 0 0.462434048772
21.16 0 0.463025431751
21.17 0 0.460896032492
21.18 0 0.462119811168
21.19 0 0.467112055571
21.2 0 0.473500344155
21.21 0 0.474605348878
21.22 0 0.47542416581
21.23 0 0.476702839667
21.24 0 0.476893430331
21.25 0 0.475985803558
21.26 0 0.474969671736
21.27 0 0.471465496234
21.28 0 0.47360236648
21.29 0 0.467716833903
21.3 0 0.46484224755
21.31 0 0.469055823896
21.32 0 0.462562294685
21.33 0 0.462562294685
21.34 0 0.462562294685
21.35 0 0.460647554416
21.36 0 0.463497202154
21.37 0 0.468516814964
21.38 0 0.468354458982
21.39 0 0.468354458982
21.4 0 0.468218302866
21.41 0 0.468969712425
21.42 0 0.470567009225
21.43 0 0.472113675654
21.44 0 0.472124505948
21.45 0 0.471098427396
21.46 0 0.472018113732
21.47 0 0.471220736104
21.48 0 0.4708780152
21.49 0 0.469184539562
21.5 0 0.470012743418
21.51 0 0.471012696594
21.52 0 0.470779949997
21.53 0 0.467330042772
21.54 0 0.465925933146
21.55 0 0.464994751619
21.56 0 0.463172021501
21.57 0 0.462425867646
21.58 0 0.460947771272
21.59 0 0.459260832982
21.6 0 0.458981451647
21.61 0 0.458981451647
21.62 0 0.460475017183
21.63 0 0.460864988439
21.64 0 0.46179897014
21.65 0 0.462598593922
21.66 0 0.462716234153
21.67 0 0.463377534121
21.68 0 0.463764104118
21.69 0 0.463764104118
21.7 0 0.4663679869
21.71 0 0.465944068
21.72 0 0.465570661163
21.73 0 0.466921170016
21.74 0 0.46869188038
21.75 0 0.46869188038
21.76 0 0.469895380243
21.77 0 0.470154536652
21.78 0 0.469933516952
21.79 0 0.470156709322
21.8 0 0.47154849706
21.81 0 0.472048011056
21.82 0 0.473179345039
21.83 0 0.474422271308
21.84 0 0.475372733639
21.85 0 0.478036339748
21.86 0 0.478036339748
21.87 0 0.478036339748
21.88 0 0.480326390877
21.89 0 0.481716481356
21.9 0 0.483281672253
21.91 0 0.483281672253
21.92 0 0.492243938339
21.93 0 0.49522484692
21.94 0 0.495594157398
21.95 0 0.493525009683
21.96 0 0.49413075781
21.97 0 0.499511064411
21.98 0 0.501670446729
21.99 0 0.503166952289
22.0 0 0.505003423868
22.01 0 0.5072566567
22.02 0 0.506593872149
22.03 0 0.506034767063
22.04 0 0.506034767063
22.05 0 0.507596484158
22.06 0 0.506207960452
22.07 0 0.504543679215
22.08 0 0.497523776844
22.09 0 0.497523776844
22.1 0 0.497523776844
22.11 0 0.496248124814
22.12 0 0.496248124814
22.13 0 0.492726920019
22.14 0 0.497231948706
22.15 0 0.502372755846
22.16 0 0.501085359256
22.17 0 0.501209763132
22.18 0 0.500999846681
22.19 0 0.500848741968
22.2 0 0.500303339696
22.21 0 0.499226818512
22.22 0 0.498954262747
22.23 0 0.498954262747
22.24 0 0.501858868076
22.25 0 0.50164900637
22.26 0 0.501807399313
22.27 0 0.501103324827
22.28 0 0.500029493266
22.29 0 0.495453915273
22.3 0 0.493877195547
22.31 0 0.491412737107
22.32 0 0.490415522922
22.33 0 0.487665241842
22.34 0 0.486265142047
22.35 0 0.485756405015
22.36 0 0.485756405015
22.37 0 0.485756405015
22.38 0 0.482686483159
22.39 0 0.482840332646
22.4 0 0.482632556956
22.41 0 0.481724900171
22.42 0 0.481489952314
22.43 0 0.481112622895
22.44 0 0.482256413207
22.45 0 0.482669589678
22.46 0 0.484583207662
22.47 0 0.484583207662
22.48 0 0.485826659597
22.49 0 0.48696189647
22.5 0 0.48766178631
22.51 0 0.489901975208
22.52 0 0.491130892779
22.53 0 0.492857015872
22.54 0 0.494219823384
22.55 0 0.499074443763
22.56 0 0.499425140243
22.57 0 0.499829585112
22.58 0 0.499813746489
22.59 0 0.501037243509
22.6 0 0.501333668343
22.61 0 0.501502752937
22.62 0 0.504395194916
22.63 0 0.50549296507
22.64 0 0.506633495429
22.65 0 0.506486876942
22.66 0 0.509348289303
22.67 0 0.509004444998
22.68 0 0.509531107328
22.69 0 0.510025380882
22.7 0 0.511371878321
22.71 0 0.511371878321
22.72 0 0.511371878321
22.73 0 0.52193961113
22.74 0 0.520759414061
22.75 0 0.523341162986
22.76 0 0.52704437566
22.77 0 0.531189320461
22.78 0 0.530754609876
22.79 0 0.531533685583
22.8 0 0.530776817798
22.81 0 0.530137902722
22.82 0 0.529158574604
22.83 0 0.530602442293
22.84 0 0.53068373986
22.85 0 0.52908280173
22.86 0 0.532762976541
22.87 0 0.534631562929
22.88 0 0.53672557011
22.89 0 0.537147505229
22.9 0 0.537691407431
22.91 0 0.538069940039
22.92 0 0.538069940039
22.93 0 0.539380653828
22.94 0 0.539934860882
22.95 0 0.539656260192
22.96 0 0.53897834493
22.97 0 0.538181218897
22.98 0 0.53794763722
22.99 0 0.53841462834
23.0 0 0.538303697196
23.01 0 0.539451762343
23.02 0 0.539382655458
23.03 0 0.540719050292
23.04 0 0.538039120159
23.05 0 0.537717553812
23.06 0 0.537294023419
23.07 0 0.537157807104
23.08 0 0.537084139397
23.09 0 0.536481602543
23.1 0 0.534973599754
23.11 0 0.533440135534
23.12 0 0.532539888343
23.13 0 0.524666000775
23.14 0 0.522257364265
23.15 0 0.521845535299
23.16 0 0.520787810793
23.17 0 0.520653273732
23.18 0 0.520594927478
23.19 0 0.520594927478
23.2 0 0.521211173389
23.21 0 0.522765403951
23.22 0 0.523667815851
23.23 0 0.523979948558
23.24 0 0.524778301179
23.25 0 0.525336622709
23.26 0 0.525336622709
23.27 0 0.525765476704
23.28 0 0.525680192636
23.29 0 0.52576486304
23.3 0 0.525795995577
23.31 0 0.525836019866
23.32 0 0.525836019866
23.33 0 0.525836019866
23.34 0 0.525836019866
23.35 0 0.526637850013
23.36 0 0.52751239768
23.37 0 0.52821528336
23.38 0 0.530102591857
23.39 0 0.530771865887
23.4 0 0.531920455025
23.41 0 0.53280209836
23.42 0 0.534981248309
23.43 0 0.534999543811
23.44 0 0.53809933707
23.45 0 0.544916967795
23.46 0 0.545046844229
23.47 0 0.547080130806
23.48 0 0.547080130806
23.49 0 0.548275488391
23.5 0 0.54378983757
23.51 0 0.544803013551
23.52 0 0.54636983674
23.53 0 0.548337272601
23.54 0 0.54584857362
23.55 0 0.546206866587
23.56 0 0.548230242321
23.57 0 0.548230242321
23.58 0 0.548230242321
23.59 0 0.551238427139
23.6 0 0.554484406657
23.61 0 0.554484406657
23.62 0 0.554484406657
23.63 0 0.556982168861
23.64 0 0.557891450826
23.65 0 0.559009007022
23.66 0 0.559009007022
23.67 0 0.56123063319
23.68 0 0.564434199108
23.69 0 0.565305776268
23.7 0 0.564336880443
23.71 0 0.564357182798
23.72 0 0.564408566442
23.73 0 0.563819685484
23.74 0 0.563844513129
23.75 0 0.563097931427
23.76 0 0.561228195078
23.77 0 0.559554729893
23.78 0 0.557120079201
23.79 0 0.556166992081
23.8 0 0.556968793527
23.81 0 0.556744673695
23.82 0 0.557461559339
23.83 0 0.559148271582
23.84 0 0.560329590955
23.85 0 0.561181669231
23.86 0 0.561246291071
23.87 0 0.559741807329
23.88 0 0.559042748019
23.89 0 0.558139288414
23.9 0 0.556980813712
23.91 0 0.554911825612
23.92 0 0.548308901877
23.93 0 0.548111391407
23.94 0 0.548111391407
23.95 0 0.548111391407
23.96 0 0.546629357331
23.97 0 0.546258334304
23.98 0 0.54687744979
23.99 0 0.547800594836
24.0 0 0.549086457836
24.01 0 0.548885099831
24.02 0 0.549872620888
24.03 0 0.551075194453
24.04 0 0.551532133554
24.05 0 0.552482645745
24.06 0 0.552482645745
24.07 0 0.552482645745
24.08 0 0.551304251701
24.09 0 0.551104938967
24.1 0 0.55120709747
24.11 0 0.551455583231
24.12 0 0.552630484691
24.13 0 0.552665451189
24.14 0 0.552331545527
24.15 0 0.552809877146
24.16 0 0.553061466093
24.17 0 0.554009092705
24.18 0 0.55442029392
24.19 0 0.555283242133
24.2 0 0.558227689509
24.21 0 0.560325594912
24.22 0 0.565488071806
24.23 0 0.568661464441
24.24 0 0.568956560901
24.25 0 0.569542018622
24.26 0 0.567338845728
24.27 0 0.569583835106
24.28 0 0.572627440431
24.29 0 0.575286303519
24.3 0 0.571811370746
24.31 0 0.573977448891
24.32 0 0.573803854396
24.33 0 0.574156181504
24.34 0 0.578284530218
24.35 0 0.582479037676
24.36 0 0.585519416678
24.37 0 0.585705796827
24.38 0 0.587131143561
24.39 0 0.587258751696
24.4 0 0.58663872088
24.41 0 0.583947303691
24.42 0 0.585757198391
24.43 0 0.58720983234
24.44 0 0.58558284617
24.45 0 0.588371303373
24.46 0 0.59247916579
24.47 0 0.590760052816
24.48 0 0.598029728541
24.49 0 0.596191178232
24.5 0 0.595911707364
24.51 0 0.595536085849
24.52 0 0.59489002121
24.53 0 0.594552595108
24.54 0 0.594524563131
24.55 0 0.594383952108
24.56 0 0.59433292373
24.57 0 0.593599175821
24.58 0 0.593209329142
24.59 0 0.592825081887
24.6 0 0.591358390509
24.61 0 0.589613820001
24.62 0 0.590002274425
24.63 0 0.590246788808
24.64 0 0.591217634902
24.65 0 0.591217634902
24.66 0 0.591217634902
24.67 0 0.590338386241
24.68 0 0.589831662839
24.69 0 0.58852901188
24.7 0 0.58852901188
24.71 0 0.583963820314
24.72 0 0.58230145842
24.73 0 0.580735479384
24.74 0 0.57978397162
24.75 0 0.577311112752
24.76 0 0.577222816467
24.77 0 0.576505354929
24.78 0 0.576899240267
24.79 0 0.57866674681
24.8 0 0.579643430728
24.81 0 0.579753551076
24.82 0 0.580252034601
24.83 0 0.58282764834
24.84 0 0.583351981656
24.85 0 0.584377030396
24.86 0 0.584598331754
24.87 0 0.586077816841
24.88 0 0.586428698945
24.89 0 0.586985312838
24.9 0 0.587775426173
24.91 0 0.588031918013
24.92 0 0.588007980667
24.93 0 0.588965356991
24.94 0 0.589300802152
24.95 0 0.589236957658
24.96 0 0.590028209943
24.97 0 0.590509582476
24.98 0 0.590441841376
24.99 0 0.592640947587
25.0 0 0.598198829175
25.01 0 0.599261140746
25.02 0 0.603269697949
25.03 0 0.606196400043
25.04 0 0.609890332792
25.05 0 0.613936078636
25.06 0 0.61676517193
25.07 0 0.616591292966
25.08 0 0.621176563653
25.09 0 0.619921463315
25.1 0 0.6216579627
25.11 0 0.621098554816
25.12 0 0.619931564519
25.13 0 0.619931564519
25.14 0 0.619931564519
25.15 0 0.618352619038
25.16 0 0.618505135512
25.17 0 0.619285810532
25.18 0 0.622601837585
25.19 0 0.622945161952
25.2 0 0.623467100793
25.21 0 0.625051330405
25.22 0 0.627536162307
25.23 0 0.630539387153
25.24 0 0.632688682076
25.25 0 0.636132311795
25.26 0 0.63665133569
25.27 0 0.63665133569
25.28 0 0.63306737351
25.29 0 0.632964629576
25.3 0 0.631579403896
25.31 0 0.631025202569
25.32 0 0.630636204083
25.33 0 0.630638304494
25.34 0 0.63007271995
25.35 0 0.62907251879
25.36 0 0.628961509116
25.37 0 0.627019522629
25.38 0 0.626409764976
25.39 0 0.625106624334
25.4 0 0.623263974465
25.41 0 0.621651595599
25.42 0 0.62095229166
25.43 0 0.621036842668
25.44 0 0.621006906313
25.45 0 0.620750972807
25.46 0 0.620380556756
25.47 0 0.620019850005
25.48 0 0.618848321143
25.49 0 0.615064914495
25.5 0 0.614276859647
25.51 0 0.612932714369
25.52 0 0.612269004242
25.53 0 0.611525085854
25.54 0 0.610871096584
25.55 0 0.610732415983
25.56 0 0.610132867629
25.57 0 0.610132867629
25.58 0 0.608999451178
25.59 0 0.608999451178
25.6 0 0.606636423945
25.61 0 0.606284867008
25.62 0 0.606067959008
25.63 0 0.606278114209
25.64 0 0.60712873951
25.65 0 0.607056349984
25.66 0 0.607138104899
25.67 0 0.607094688353
25.68 0 0.608099732399
25.69 0 0.609084351024
25.7 0 0.609886373252
25.71 0 0.611620268478
25.72 0 0.613883260858
25.73 0 0.613737423684
25.74 0 0.614082066964
25.75 0 0.615021229461
25.76 0 0.616880631386
25.77 0 0.616880631386
25.78 0 0.61834787147
25.79 0 0.617595158072
25.8 0 0.623892418449
25.81 0 0.623831943716
25.82 0 0.624640712878
25.83 0 0.630148679863
25.84 0 0.632962521192
25.85 0 0.63627380696
25.86 0 0.635794241048
25.87 0 0.639791993244
25.88 0 0.641371389933
25.89 0 0.639304870654
25.9 0 0.640746321995
25.91 0 0.64566757797
25.92 0 0.647513463426
25.93 0 0.649097415044
25.94 0 0.655040615623
25.95 0 0.656361532389
25.96 0 0.656361532389
25.97 0 0.657545847764
25.98 0 0.657722309939
25.99 0 0.657944249646
26.0 0 0.658113707619
26.01 0 0.658136699087
26.02 0 0.659392786438
26.03 0 0.660773919472
26.04 0 0.663071581708
26.05 0 0.664816029818
26.06 0 0.665365560273
26.07 0 0.665365560273
26.08 0 0.663295075615
26.09 0 0.663191636297
26.1 0 0.662498973575
26.11 0 0.661486456664
26.12 0 0.661453235372
26.13 0 0.660091286262
26.14 0 0.660685314607
26.15 0 0.660685314607
26.16 0 0.659816950035
26.17 0 0.656509168228
26.18 0 0.654515230114
26.19 0 0.654445429102
26.2 0 0.648889623685
26.21 0 0.647740111789
26.22 0 0.648358195926
26.23 0 0.648528784865
26.24 0 0.648408614214
26.25 0 0.649219105866
26.26 0 0.651138905812
26.27 0 0.650895649402
26.28 0 0.650797697748
26.29 0 0.650797697748
26.3 0 0.650752540332
26.31 0 0.649151344748
26.32 0 0.647794636514
26.33 0 0.64623865101
26.34 0 0.646079856043
26.35 0 0.641873948556
26.36 0 0.638899453948
26.37 0 0.635910333213
26.38 0 0.634646917202
26.39 0 0.63337720285
26.4 0 0.630878264339
26.41 0 0.631191518223
26.42 0 0.631501140643
26.43 0 0.632055243207
26.44 0 0.633660899929
26.45 0 0.63408731395
26.46 0 0.63432096247
26.47 0 0.635154670054
26.48 0 0.63562924909
26.49 0 0.635605212759
26.5 0 0.635533785594
26.51 0 0.636286885345
26.52 0 0.636286885345
26.53 0 0.636286885345
26.54 0 0.636286885345
26.55 0 0.63861097719
26.56 0 0.641788375625
26.57 0 0.64412243045
26.58 0 0.645740007262
26.59 0 0.645740007262
26.6 0 0.653466528404
26.61 0 0.652640138016
26.62 0 0.655318277311
26.63 0 0.658057602775
26.64 0 0.659718884513
26.65 0 0.663294853087
26.66 0 0.668827898154
26.67 0 0.669927967948
26.68 0 0.669844359141
26.69 0 0.672318380166
26.7 0 0.669594785007
26.71 0 0.674020757365
26.72 0 0.673753423698
26.73 0 0.673460457739
26.74 0 0.673129382393
26.75 0 0.671985922794
26.76 0 0.671872303215
26.77 0 0.669803461004
26.78 0 0.672976650472
26.79 0 0.673242221347
26.8 0 0.674437890741
26.81 0 0.67552752779
26.82 0 0.674524006549
26.83 0 0.674524006549
26.84 0 0.676759928979
26.85 0 0.678330811509
26.86 0 0.680854377962
26.87 0 0.682494933639
26.88 0 0.682401559324
26.89 0 0.681821082073
26.9 0 0.681807942631
26.91 0 0.681444891292
26.92 0 0.681611891115
26.93 0 0.681611891115
26.94 0 0.681611891115
26.95 0 0.681668302057
26.96 0 0.679977140954
26.97 0 0.679993271886
26.98 0 0.678059466312
26.99 0 0.678059466312
27.0 0 0.675698738855
27.01 0 0.675737249952
27.02 0 0.677739071927
27.03 0 0.678157659981
27.04 0 0.677635023833
27.05 0 0.677298538444
27.06 0 0.676114191445
27.07 0 0.673359889208
27.08 0 0.669931650724
27.09 0 0.668081000346
27.1 0 0.664580373421
27.11 0 0.661992307747
27.12 0 0.660118128959
27.13 0 0.660118128959
27.14 0 0.650349689987
27.15 0 0.650349689987
27.16 0 0.650475527372
27.17 0 0.650687264441
27.18 0 0.650687264441
27.19 0 0.655716497229
27.2 0 0.656126652125
27.21 0 0.656822135096
27.22 0 0.657143642316
27.23 0 0.657918562413
27.24 0 0.659365748669
27.25 0 0.661075051228
27.26 0 0.661144517587
27.27 0 0.661274860313
27.28 0 0.661201029783
27.29 0 0.661193729648
27.3 0 0.661216259041
27.31 0 0.661403432969
27.32 0 0.662261583732
27.33 0 0.662261583732
27.34 0 0.665795679353
27.35 0 0.671305600767
27.36 0 0.671305600767
27.37 0 0.671305600767
27.38 0 0.676474941474
27.39 0 0.676041179163
27.4 0 0.678787514837
27.41 0 0.677918380027
27.42 0 0.681373851629
27.43 0 0.681974248599
27.44 0 0.682355307617
27.45 0 0.682355307617
27.46 0 0.682355307617
27.47 0 0.680263716684
27.48 0 0.685519630269
27.49 0 0.682928788932
27.5 0 0.685815394856
27.51 0 0.68372705788
27.52 0 0.686915808471
27.53 0 0.685238039655
27.54 0 0.691215144112
27.55 0 0.692440410635
27.56 0 0.698486799317
27.57 0 0.699107715577
27.58 0 0.699742698927
27.59 0 0.700253779048
27.6 0 0.701938096761
27.61 0 0.701938096761
27.62 0 0.704962553178
27.63 0 0.704462769983
27.64 0 0.703424916361
27.65 0 0.702365149325
27.66 0 0.702209494098
27.67 0 0.701395262233
27.68 0 0.701122955026
27.69 0 0.70116661796
27.7 0 0.701857396385
27.71 0 0.701857396385
27.72 0 0.696022910978
27.73 0 0.695618881724
27.74 0 0.691541050605
27.75 0 0.688427691173
27.76 0 0.688427691173
27.77 0 0.686899255345
27.78 0 0.686701305079
27.79 0 0.686046275013
27.8 0 0.685407064337
27.81 0 0.684623506043
27.82 0 0.68420008342
27.83 0 0.683684757455
27.84 0 0.683684757455
27.85 0 0.683684757455
27.86 0 0.683684757455
27.87 0 0.683684757455
27.88 0 0.678333066231
27.89 0 0.678333066231
27.9 0 0.678333066231
27.91 0 0.678333066231
27.92 0 0.673530048024
27.93 0 0.673924908274
27.94 0 0.674702516198
27.95 0 0.674800167881
27.96 0 0.675670208075
27.97 0 0.67565739686
27.98 0 0.675949179648
27.99 0 0.676065410864
28.0 0 0.676065410864
28.01 0 0.676805284796
28.02 0 0.676805284796
28.03 0 0.680210213349
28.04 0 0.6812990061
28.05 0 0.682321646101
28.06 0 0.682907624706
28.07 0 0.682874892839
28.08 0 0.68232866492
28.09 0 0.682469077513
28.1 0 0.682206866112
28.11 0 0.6832072827
28.12 0 0.686895493972
28.13 0 0.687658771769
28.14 0 0.689985644969
28.15 0 0.692058818465
28.16 0 0.692135554393
28.17 0 0.692135554393
28.18 0 0.692135554393
28.19 0 0.698952504043
28.2 0 0.698728244879
28.21 0 0.699010061978
28.22 0 0.700081823305
28.23 0 0.702125431049
28.24 0 0.701525528532
28.25 0 0.701525528532
28.26 0 0.701795252696
28.27 0 0.705508609079
28.28 0 0.701896738919
28.29 0 0.706465911608
28.3 0 0.707773175975
28.31 0 0.709583968725
28.32 0 0.712492743952
28.33 0 0.71285208181
28.34 0 0.717906433592
28.35 0 0.718398970454
28.36 0 0.720140659495
28.37 0 0.722438932279
28.38 0 0.72220194665
28.39 0 0.724883284377
28.4 0 0.72549389032
28.41 0 0.729764595314
28.42 0 0.730112784727
28.43 0 0.729673496289
28.44 0 0.729267380561
28.45 0 0.728465133291
28.46 0 0.727961269259
28.47 0 0.726359206237
28.48 0 0.726199964101
28.49 0 0.726111835456
28.5 0 0.726111835456
28.51 0 0.727094062606
28.52 0 0.724821880458
28.53 0 0.724821880458
28.54 0 0.724821880458
28.55 0 0.72048705944
28.56 0 0.717450794929
28.57 0 0.71718520929
28.58 0 0.71718520929
28.59 0 0.715715723569
28.6 0 0.715715723569
28.61 0 0.716927472595
28.62 0 0.716513297917
28.63 0 0.715396532123
28.64 0 0.713166719436
28.65 0 0.712478379424
28.66 0 0.710438836
28.67 0 0.706372276598
28.68 0 0.704161039665
28.69 0 0.702959790755
28.7 0 0.700755066157
28.71 0 0.69774726019
28.72 0 0.697719311187
28.73 0 0.697860824062
28.74 0 0.698086102473
28.75 0 0.699466574289
28.76 0 0.699868673864
28.77 0 0.701539194015
28.78 0 0.701539194015
28.79 0 0.701539194015
28.8 0 0.703365056296
28.81 0 0.705296142154
28.82 0 0.707296072779
28.83 0 0.708880274496
28.84 0 0.708973118379
28.85 0 0.70990383824
28.86 0 0.710520608301
28.87 0 0.710520608301
28.88 0 0.710520608301
28.89 0 0.711238382263
28.9 0 0.711238382263
28.91 0 0.712840047096
28.92 0 0.713459080121
28.93 0 0.713459080121
28.94 0 0.717600990377
28.95 0 0.720505298761
28.96 0 0.720505298761
28.97 0 0.720505298761
28.98 0 0.729622544396
28.99 0 0.726225578666
29.0 0 0.726225578666
29.01 0 0.726225578666
29.02 0 0.722637410409
29.03 0 0.721946272344
29.04 0 0.725018022691
29.05 0 0.724724029601
29.06 0 0.724524743921
29.07 0 0.730124277201
29.08 0 0.730366522814
29.09 0 0.736656920045
29.1 0 0.740299147419
29.11 0 0.740258195285
29.12 0 0.740258195285
29.13 0 0.740258195285
29.14 0 0.740258195285
29.15 0 0.739943199183
29.16 0 0.737588781456
29.17 0 0.74372488347
29.18 0 0.745113511229
29.19 0 0.747390925603
29.2 0 0.747390925603
29.21 0 0.746047369457
29.22 0 0.74612063822
29.23 0 0.746117887026
29.24 0 0.744989936867
29.25 0 0.744126181377
29.26 0 0.743486378968
29.27 0 0.741607718421
29.28 0 0.740060486825
29.29 0 0.736720422247
29.3 0 0.736149280651
29.31 0 0.734282499374
29.32 0 0.733123382842
29.33 0 0.732661234558
29.34 0 0.731863941131
29.35 0 0.731002334032
29.36 0 0.730403735006
29.37 0 0.730099433207
29.38 0 0.729290043361
29.39 0 0.729290043361
29.4 0 0.729290043361
29.41 0 0.728342950063
29.42 0 0.725047698003
29.43 0 0.723369666106
29.44 0 0.721432389624
29.45 0 0.721432389624
29.46 0 0.721432389624
29.47 0 0.719751762261
29.48 0 0.717802946348
29.49 0 0.717506395522
29.5 0 0.716887318942
29.51 0 0.715918061903
29.52 0 0.715844071367
29.53 0 0.715180742289
29.54 0 0.71712310332
29.55 0 0.717312882013
29.56 0 0.715521672271
29.57 0 0.715534838698
29.58 0 0.716045673444
29.59 0 0.717073528184
29.6 0 0.717862258708
29.61 0 0.718439041737
29.62 0 0.719482910361
29.63 0 0.72023557828
29.64 0 0.719018600124
29.65 0 0.719202846227
29.66 0 0.719682830482
29.67 0 0.721889667123
29.68 0 0.723056470115
29.69 0 0.727341879313
29.7 0 0.727633846243
29.71 0 0.730536654797
29.72 0 0.731937489096
29.73 0 0.731989491275
29.74 0 0.731199650356
29.75 0 0.731355564867
29.76 0 0.732409004865
29.77 0 0.732409004865
29.78 0 0.732409004865
29.79 0 0.731246413893
29.8 0 0.738132520755
29.81 0 0.73893049739
29.82 0 0.737857729932
29.83 0 0.743041878537
29.84 0 0.742418118297
29.85 0 0.742418118297
29.86 0 0.742418118297
29.87 0 0.74471249837
29.88 0 0.74471249837
29.89 0 0.755358270341
29.9 0 0.757487158121
29.91 0 0.761650434005
29.92 0 0.761650434005
29.93 0 0.761650434005
29.94 0 0.768170463476
29.95 0 0.770214877321
29.96 0 0.771274781508
29.97 0 0.771786894887
29.98 0 0.771469986178
29.99 0 0.76986111407
30.0 0 0.76986111407
30.01 0 0.76986111407
30.02 0 0.76986111407
30.03 0 0.765589035288
30.04 0 0.764439829108
30.05 0 0.764049172168
30.06 0 0.76417174178
30.07 0 0.763861622657
30.08 0 0.763861622657
30.09 0 0.762241764118
30.1 0 0.762041246875
30.11 0 0.761988479839
30.12 0 0.760187607314
30.13 0 0.75917319073
30.14 0 0.755055775728
30.15 0 0.751862843008
30.16 0 0.749530483859
30.17 0 0.748012833484
30.18 0 0.747660964669
30.19 0 0.746895145528
30.2 0 0.746507316913
30.21 0 0.745115731179
30.22 0 0.742853069952
30.23 0 0.74153266748
30.24 0 0.738871976202
30.25 0 0.737800314295
30.26 0 0.737800314295
30.27 0 0.736353347934
30.28 0 0.735960788981
30.29 0 0.735960788981
30.3 0 0.735960788981
30.31 0 0.736327470149
30.32 0 0.736327470149
30.33 0 0.73770920924
30.34 0 0.739041943084
30.35 0 0.740120356798
30.36 0 0.741551140082
30.37 0 0.741551140082
30.38 0 0.741551140082
30.39 0 0.741551140082
30.4 0 0.743110278359
30.41 0 0.74369692261
30.42 0 0.743829212663
30.43 0 0.744478313409
30.44 0 0.745276326328
30.45 0 0.746164758941
30.46 0 0.745676231295
30.47 0 0.749956084756
30.48 0 0.74956294098
30.49 0 0.753332480072
30.5 0 0.753971916683
30.51 0 0.757481703445
30.52 0 0.757481703445
30.53 0 0.757481703445
30.54 0 0.761729397338
30.55 0 0.76281302548
30.56 0 0.762311771984
30.57 0 0.76422962202
30.58 0 0.764297733005
30.59 0 0.764297733005
30.6 0 0.762288732648
30.61 0 0.761459721514
30.62 0 0.76438415574
30.63 0 0.760787750802
30.64 0 0.763059818634
30.65 0 0.763938756377
30.66 0 0.765966402679
30.67 0 0.768875089008
30.68 0 0.772823730799
30.69 0 0.772823730799
30.7 0 0.772823730799
30.71 0 0.783001798847
30.72 0 0.784086350725
30.73 0 0.787799758294
30.74 0 0.787799758294
30.75 0 0.790669577179
30.76 0 0.790242930423
30.77 0 0.789466381305
30.78 0 0.787877398932
30.79 0 0.787617837162
30.8 0 0.78740621442
30.81 0 0.78740621442
30.82 0 0.787347956891
30.83 0 0.786864146663
30.84 0 0.785123426503
30.85 0 0.783595712029
30.86 0 0.781540759101
30.87 0 0.780519948764
30.88 0 0.780464728388
30.89 0 0.77955223167
30.9 0 0.77955223167
30.91 0 0.77593583446
30.92 0 0.776511956166
30.93 0 0.777793609463
30.94 0 0.777792741999
30.95 0 0.776601320187
30.96 0 0.775869036012
30.97 0 0.775869036012
30.98 0 0.775869036012
30.99 0 0.772935214877
31.0 0 0.771980193217
31.01 0 0.769115716493
31.02 0 0.766427085537
31.03 0 0.766282467819
31.04 0 0.766267623339
31.05 0 0.766237846095
31.06 0 0.766185411571
31.07 0 0.765683705521
31.08 0 0.766570845404
31.09 0 0.766570845404
31.1 0 0.769034793755
31.11 0 0.769663856833
31.12 0 0.769663856833
31.13 0 0.769663856833
31.14 0 0.769663856833
31.15 0 0.770082545803
31.16 0 0.770082545803
31.17 0 0.772912135034
31.18 0 0.773430122391
31.19 0 0.773623340521
31.2 0 0.773616118272
31.21 0 0.775110561231
31.22 0 0.77619870589
31.23 0 0.776899246518
31.24 0 0.777288441742
31.25 0 0.778863436343
31.26 0 0.779009912546
31.27 0 0.780715234652
31.28 0 0.783305340668
31.29 0 0.787557921488
31.3 0 0.791837143022
31.31 0 0.791578960781
31.32 0 0.79011030343
31.33 0 0.79011030343
31.34 0 0.79011030343
31.35 0 0.787638402689
31.36 0 0.789716836647
31.37 0 0.788351288018
31.38 0 0.792402763775
31.39 0 0.792402763775
31.4 0 0.799247179879
31.41 0 0.796462404557
31.42 0 0.797464457851
31.43 0 0.79648406481
31.44 0 0.796228042529
31.45 0 0.799641392237
31.46 0 0.80577317842
31.47 0 0.810425819866
31.48 0 0.811594629228
31.49 0 0.812099451347
31.5 0 0.813705242131
31.51 0 0.814026316228
31.52 0 0.814073663736
31.53 0 0.813916771488
31.54 0 0.813835444734
31.55 0 0.813242988258
31.56 0 0.813187568078
31.57 0 0.813195287466
31.58 0 0.812791945288
31.59 0 0.811687975446
31.6 0 0.811453207209
31.61 0 0.810878215745
31.62 0 0.810878215745
31.63 0 0.810022248129
31.64 0 0.809268536739
31.65 0 0.806702981582
31.66 0 0.804324157423
31.67 0 0.804324157423
31.68 0 0.804324157423
31.69 0 0.805233286461
31.7 0 0.805342064839
31.71 0 0.807170499428
31.72 0 0.807592385633
31.73 0 0.807859319829
31.74 0 0.807823897331
31.75 0 0.807823897331
31.76 0 0.806006446194
31.77 0 0.805020190582
31.78 0 0.803461395944
31.79 0 0.802485366855
31.8 0 0.800764722355
31.81 0 0.799364174344
31.82 0 0.797668967776
31.83 0 0.795929611717
31.84 0 0.79569852986
31.85 0 0.795734250592
31.86 0 0.79610771866
31.87 0 0.796102116961
31.88 0 0.796422960329
31.89 0 0.797145468358
31.9 0 0.797145468358
31.91 0 0.797145468358
31.92 0 0.802054484562
31.93 0 0.802172176848
31.94 0 0.802830900857
31.95 0 0.801541094679
31.96 0 0.8011763373
31.97 0 0.801292332844
31.98 0 0.800361141815
31.99 0 0.800057146478
32.0 0 0.803607906901
32.01 0 0.805502600876
32.02 0 0.809418332451
32.03 0 0.809199071356
32.04 0 0.81153581795
32.05 0 0.815809331842
32.06 0 0.817600870214
32.07 0 0.817417419545
32.08 0 0.818195726815
32.09 0 0.820587296519
32.1 0 0.819188173038
32.11 0 0.81913819398
32.12 0 0.816627207515
32.13 0 0.815792657395
32.14 0 0.811904305347
32.15 0 0.813680580992
32.16 0 0.811801354737
32.17 0 0.810206924421
32.18 0 0.811854016506
32.19 0 0.811412560095
32.2 0 0.817606234592
32.21 0 0.813227143931
32.22 0 0.818555920634
32.23 0 0.813803715983
32.24 0 0.818807561504
32.25 0 0.815836734482
32.26 0 0.815836734482
32.27 0 0.815836734482
32.28 0 0.826366098507
32.29 0 0.826366098507
32.3 0 0.826366098507
32.31 0 0.833182990629
32.32 0 0.833001853128
32.33 0 0.832531107061
32.34 0 0.831833273879
32.35 0 0.830026598623
32.36 0 0.829075492192
32.37 0 0.828636745605
32.38 0 0.827376097827
32.39 0 0.82829260988
32.4 0 0.828636625357
32.41 0 0.828965350753
32.42 0 0.829351058706
32.43 0 0.826343288224
32.44 0 0.826343288224
32.45 0 0.826343288224
32.46 0 0.825485688998
32.47 0 0.82604598022
32.48 0 0.831286649909
32.49 0 0.83179256518
32.5 0 0.832109749713
32.51 0 0.831343851406
32.52 0 0.831343851406
32.53 0 0.829286535344
32.54 0 0.828525304807
32.55 0 0.828176762952
32.56 0 0.823647583353
32.57 0 0.822643090228
32.58 0 0.821456512081
32.59 0 0.818575270291
32.6 0 0.818575270291
32.61 0 0.818575270291
32.62 0 0.814316873749
32.63 0 0.813579618175
32.64 0 0.813664008064
32.65 0 0.813937835363
32.66 0 0.814291875584
32.67 0 0.815192500678
32.68 0 0.815192500678
32.69 0 0.815940033784
32.7 0 0.816209058087
32.71 0 0.817025859378
32.72 0 0.81755475014
32.73 0 0.81730060787
32.74 0 0.816951313083
32.75 0 0.816836445408
32.76 0 0.815874967682
32.77 0 0.815369584464
32.78 0 0.815973784207
32.79 0 0.818823641505
32.8 0 0.819902660713
32.81 0 0.819902660713
32.82 0 0.819902660713
32.83 0 0.82725982411
32.84 0 0.825822002447
32.85 0 0.825822002447
32.86 0 0.844431563329
32.87 0 0.844431563329
32.88 0 0.844431563329
32.89 0 0.841102772413
32.9 0 0.840551604736
32.91 0 0.839421109934
32.92 0 0.839421109934
32.93 0 0.839421109934
32.94 0 0.835534856733
32.95 0 0.835534856733
32.96 0 0.83367909216
32.97 0 0.833213943905
32.98 0 0.833213943905
32.99 0 0.823634106518
33.0 0 0.823634106518
33.01 0 0.824523889907
33.02 0 0.834428278689
33.03 0 0.837564393657
33.04 0 0.838492648203
33.05 0 0.838625389923
33.06 0 0.838231052786
33.07 0 0.838231052786
33.08 0 0.838231052786
33.09 0 0.839525968787
33.1 0 0.839525968787
33.11 0 0.840525018006
33.12 0 0.840184061412
33.13 0 0.841148768618
33.14 0 0.842575482971
33.15 0 0.842966058158
33.16 0 0.844419812268
33.17 0 0.844374048662
33.18 0 0.844015912281
33.19 0 0.843765933786
33.2 0 0.842764719679
33.21 0 0.842764719679
33.22 0 0.845666002713
33.23 0 0.849973138223
33.24 0 0.853649564437
33.25 0 0.854014834691
33.26 0 0.853645747836
33.27 0 0.852478025051
33.28 0 0.851401853583
33.29 0 0.848653176324
33.3 0 0.848295133787
33.31 0 0.846547694005
33.32 0 0.846547694005
33.33 0 0.841492406103
33.34 0 0.841492406103
33.35 0 0.83815993189
33.36 0 0.837964694312
33.37 0 0.837277438323
33.38 0 0.837201216574
33.39 0 0.837201216574
33.4 0 0.837201216574
33.41 0 0.836641639682
33.42 0 0.836641639682
33.43 0 0.837487139339
33.44 0 0.837870465451
33.45 0 0.838101017364
33.46 0 0.838540055821
33.47 0 0.838665207786
33.48 0 0.838981405937
33.49 0 0.839293328694
33.5 0 0.839567795293
33.51 0 0.839154658124
33.52 0 0.839154658124
33.53 0 0.838695336196
33.54 0 0.837095460813
33.55 0 0.835904134178
33.56 0 0.835625275477
33.57 0 0.835158355207
33.58 0 0.835208034484
33.59 0 0.83672422127
33.6 0 0.838578639979
33.61 0 0.842289346329
33.62 0 0.844672337926
33.63 0 0.847413504882
33.64 0 0.85033196724
33.65 0 0.867910379902
33.66 0 0.866972156792
33.67 0 0.86568908411
33.68 0 0.865001248727
33.69 0 0.864690345043
33.7 0 0.867356667892
33.71 0 0.86749010236
33.72 0 0.867060254059
33.73 0 0.867196579001
33.74 0 0.867196579001
33.75 0 0.86698329197
33.76 0 0.860929937086
33.77 0 0.856596383352
33.78 0 0.85531615251
33.79 0 0.85452799909
33.8 0 0.855221320668
33.81 0 0.852056186484
33.82 0 0.849022660011
33.83 0 0.849022660011
33.84 0 0.862923835839
33.85 0 0.863738773641
33.86 0 0.865256201824
33.87 0 0.864719116578
33.88 0 0.864231618556
33.89 0 0.863871047936
33.9 0 0.863871047936
33.91 0 0.865206474042
33.92 0 0.865735481826
33.93 0 0.865082986363
33.94 0 0.863278809452
33.95 0 0.863278809452
33.96 0 0.866113901
33.97 0 0.867557498528
33.98 0 0.865725537216
33.99 0 0.865725537216
34.0 0 0.865725537216
34.01 0 0.865445920599
34.02 0 0.86180423815
34.03 0 0.860895221656
34.04 0 0.85789422329
34.05 0 0.857663515266
34.06 0 0.859366203845
34.07 0 0.860046935462
34.08 0 0.862351304765
34.09 0 0.862993710462
34.1 0 0.863131529649
34.11 0 0.863131529649
34.12 0 0.858431168568
34.13 0 0.856290362688
34.14 0 0.855924451313
34.15 0 0.855080966515
34.16 0 0.855965660522
34.17 0 0.856097682636
34.18 0 0.856355067602
34.19 0 0.856355067602
34.2 0 0.856355067602
34.21 0 0.85704376794
34.22 0 0.85704376794
34.23 0 0.858582236746
34.24 0 0.858569881046
34.25 0 0.857491622433
34.26 0 0.857491622433
34.27 0 0.858005883035
34.28 0 0.85820470069
34.29 0 0.858330303418
34.3 0 0.858532353353
34.31 0 0.85683641639
34.32 0 0.856097852545
34.33 0 0.855319878469
34.34 0 0.855703097452
34.35 0 0.855646717626
34.36 0 0.854460416176
34.37 0 0.854734222534
34.38 0 0.855603781064
34.39 0 0.855603781064
34.4 0 0.856149883229
34.41 0 0.856970367167
34.42 0 0.856970367167
34.43 0 0.856970367167
34.44 0 0.856970367167
34.45 0 0.862496363054
34.46 0 0.863719308111
34.47 0 0.867483277735
34.48 0 0.86713868871
34.49 0 0.867350785512
34.5 0 0.870296882228
34.51 0 0.867799323735
34.52 0 0.868103380763
34.53 0 0.880661603466
34.54 0 0.881247448153
34.55 0 0.882706609389
34.56 0 0.88309161479
34.57 0 0.88471786372
34.58 0 0.886686763965
34.59 0 0.887575220592
34.6 0 0.887650098609
34.61 0 0.888205606383
34.62 0 0.888205606383
34.63 0 0.889596799987
34.64 0 0.89012931819
34.65 0 0.890181912272
34.66 0 0.89098772661
34.67 0 0.89098772661
34.68 0 0.89098772661
34.69 0 0.89233552421
34.7 0 0.891390029751
34.71 0 0.891390029751
34.72 0 0.890446411169
34.73 0 0.888852264974
34.74 0 0.888335783219
34.75 0 0.888335783219
34.76 0 0.887671071916
34.77 0 0.887671071916
34.78 0 0.888222552232
34.79 0 0.888285180192
34.8 0 0.888404320244
34.81 0 0.88851454931
34.82 0 0.887997619316
34.83 0 0.887423484305
34.84 0 0.884187755049
34.85 0 0.882514546331
34.86 0 0.881710659205
34.87 0 0.88154438712
34.88 0 0.880614698278
34.89 0 0.879113296388
34.9 0 0.878206199543
34.91 0 0.876989298067
34.92 0 0.874633377559
34.93 0 0.869423916058
34.94 0 0.868345013772
34.95 0 0.865532786972
34.96 0 0.864527445907
34.97 0 0.864654976796
34.98 0 0.864766893225
34.99 0 0.864571348017
35.0 0 0.863430021973
35.01 0 0.863207987192
35.02 0 0.862944923296
35.03 0 0.861183086249
35.04 0 0.861511701669
35.05 0 0.861334991259
35.06 0 0.861334991259
35.07 0 0.861764157704
35.08 0 0.861764157704
35.09 0 0.861603008953
35.1 0 0.861799936555
35.11 0 0.862771975755
35.12 0 0.863304484945
35.13 0 0.865180142866
35.14 0 0.865194307029
35.15 0 0.866673152936
35.16 0 0.867968291848
35.17 0 0.868324416962
35.18 0 0.868432697897
35.19 0 0.869124687087
35.2 0 0.869124687087
35.21 0 0.869124687087
35.22 0 0.870955247402
35.23 0 0.873871025238
35.24 0 0.878340639009
35.25 0 0.876816553204
35.26 0 0.881197487995
35.27 0 0.879600458674
35.28 0 0.883818554865
35.29 0 0.883418833201
35.3 0 0.881770162945
35.31 0 0.886954490936
35.32 0 0.886954490936
35.33 0 0.889017979977
35.34 0 0.892385281185
35.35 0 0.891483916098
35.36 0 0.890051067143
35.37 0 0.898748623057
35.38 0 0.898748623057
35.39 0 0.896385570041
35.4 0 0.889888496485
35.41 0 0.889222697904
35.42 0 0.891459823679
35.43 0 0.901540233743
35.44 0 0.901887892683
35.45 0 0.898946037574
35.46 0 0.901035556152
35.47 0 0.901035556152
35.48 0 0.895952200795
35.49 0 0.894538508844
35.5 0 0.894538508844
35.51 0 0.892847768139
35.52 0 0.892539471267
35.53 0 0.892358047142
35.54 0 0.893219227143
35.55 0 0.894739066299
35.56 0 0.89420019501
35.57 0 0.893996578311
35.58 0 0.89242908151
35.59 0 0.891691037425
35.6 0 0.891142381883
35.61 0 0.890416630288
35.62 0 0.889918046818
35.63 0 0.888978467249
35.64 0 0.88863972258
35.65 0 0.88863972258
35.66 0 0.888695165782
35.67 0 0.889165129919
35.68 0 0.889180869417
35.69 0 0.886569358609
35.7 0 0.883647931682
35.71 0 0.882593882203
35.72 0 0.876685793909
35.73 0 0.876685793909
35.74 0 0.871770254514
35.75 0 0.871770254514
35.76 0 0.871770254514
35.77 0 0.868505908763
35.78 0 0.868387883277
35.79 0 0.868387883277
35.8 0 0.867998180492
35.81 0 0.868263577646
35.82 0 0.868636744889
35.83 0 0.868975625329
35.84 0 0.869610393811
35.85 0 0.870162889831
35.86 0 0.869951745518
35.87 0 0.870011682927
35.88 0 0.872011395664
35.89 0 0.872011395664
35.9 0 0.872011395664
35.91 0 0.873047721166
35.92 0 0.874117783042
35.93 0 0.875209140629
35.94 0 0.87585640321
35.95 0 0.87585640321
35.96 0 0.87585640321
35.97 0 0.877409914726
35.98 0 0.877000919608
35.99 0 0.879420227461
36.0 0 0.879420227461
36.01 0 0.885244100184
36.02 0 0.884739794005
36.03 0 0.884739794005
36.04 0 0.884739794005
36.05 0 0.888107991982
36.06 0 0.892240413947
36.07 0 0.893438437455
36.08 0 0.893438437455
36.09 0 0.893438437455
36.1 0 0.900232491844
36.11 0 0.900232491844
36.12 0 0.900232491844
36.13 0 0.916871376013
36.14 0 0.917756013365
36.15 0 0.91695006926
36.16 0 0.916989716304
36.17 0 0.91715482715
36.18 0 0.917459720289
36.19 0 0.918079035838
36.2 0 0.919799532209
36.21 0 0.919799532209
36.22 0 0.919799532209
36.23 0 0.92483051281
36.24 0 0.927576056071
36.25 0 0.928694553551
36.26 0 0.929480339313
36.27 0 0.931323059871
36.28 0 0.931323059871
36.29 0 0.930067825718
36.3 0 0.928917743022
36.31 0 0.928105677029
36.32 0 0.926793100077
36.33 0 0.926670083905
36.34 0 0.925679212119
36.35 0 0.925679212119
36.36 0 0.925679212119
36.37 0 0.923882843
36.38 0 0.923231518836
36.39 0 0.921244526135
36.4 0 0.919606652735
36.41 0 0.918416537934
36.42 0 0.915396085536
36.43 0 0.915085113064
36.44 0 0.915293920019
36.45 0 0.915293920019
36.46 0 0.915293920019
36.47 0 0.912583685053
36.48 0 0.908514837828
36.49 0 0.906072953593
36.5 0 0.902901754295
36.51 0 0.900011581522
36.52 0 0.898240232529
36.53 0 0.896524037452
36.54 0 0.895067067972
36.55 0 0.893570096774
36.56 0 0.892683554648
36.57 0 0.892683554648
36.58 0 0.891773331488
36.59 0 0.893853740664
36.6 0 0.894267190121
36.61 0 0.895035831719
36.62 0 0.896639625548
36.63 0 0.899173129817
36.64 0 0.900813685328
36.65 0 0.901466913375
36.66 0 0.904496303209
36.67 0 0.905512050187
36.68 0 0.906753508333
36.69 0 0.906753508333
36.7 0 0.906753508333
36.71 0 0.90640005224
36.72 0 0.906700975984
36.73 0 0.906317995732
36.74 0 0.907734879571
36.75 0 0.908143866773
36.76 0 0.909417592729
36.77 0 0.912690264107
36.78 0 0.912690264107
36.79 0 0.921057796104
36.8 0 0.920584962251
36.81 0 0.922215906135
36.82 0 0.922996300474
36.83 0 0.917342383446
36.84 0 0.91744286151
36.85 0 0.921319694915
36.86 0 0.919949269002
36.87 0 0.923296658316
36.88 0 0.924854120147
36.89 0 0.927951377241
36.9 0 0.927231988161
36.91 0 0.927231988161
36.92 0 0.927231988161
36.93 0 0.941071270966
36.94 0 0.943042339752
36.95 0 0.943042339752
36.96 0 0.943537041963
36.97 0 0.943248892181
36.98 0 0.945631525583
36.99 0 0.947848341646
37.0 0 0.94899288695
37.01 0 0.94899288695
37.02 0 0.951796978004
37.03 0 0.951796978004
37.04 0 0.952796021519
37.05 0 0.951472071269
37.06 0 0.951469678733
37.07 0 0.950853322291
37.08 0 0.949578060721
37.09 0 0.947455165092
37.1 0 0.94718769906
37.11 0 0.94636862091
37.12 0 0.9448372186
37.13 0 0.945373609877
37.14 0 0.945373609877
37.15 0 0.945373609877
37.16 0 0.93944112276
37.17 0 0.93905276439
37.18 0 0.938233159458
37.19 0 0.938830487309
37.2 0 0.939840797393
37.21 0 0.940208976996
37.22 0 0.940915801601
37.23 0 0.939256492944
37.24 0 0.93808594544
37.25 0 0.938089278624
37.26 0 0.937573418587
37.27 0 0.936520581917
37.28 0 0.932977490162
37.29 0 0.931894414142
37.3 0 0.931587439571
37.31 0 0.931071930181
37.32 0 0.930395064193
37.33 0 0.929481714189
37.34 0 0.929110552013
37.35 0 0.929470191725
37.36 0 0.929810345126
37.37 0 0.930216748442
37.38 0 0.93229296515
37.39 0 0.933968931139
37.4 0 0.934474879207
37.41 0 0.935507164435
37.42 0 0.937117673109
37.43 0 0.937513899064
37.44 0 0.938142234839
37.45 0 0.939431901655
37.46 0 0.940981027694
37.47 0 0.942436851824
37.48 0 0.942543990252
37.49 0 0.942309027941
37.5 0 0.942848965846
37.51 0 0.94387791191
37.52 0 0.945759582076
37.53 0 0.94644450744
37.54 0 0.946706111291
37.55 0 0.946706111291
37.56 0 0.950193186403
37.57 0 0.953862570333
37.58 0 0.955267978914
37.59 0 0.954826775664
37.6 0 0.956865669463
37.61 0 0.957934724911
37.62 0 0.955721646342
37.63 0 0.953631978349
37.64 0 0.951360195184
37.65 0 0.954194833515
37.66 0 0.954705134564
37.67 0 0.957754067466
37.68 0 0.958494486497
37.69 0 0.958923921778
37.7 0 0.962805495799
37.71 0 0.966157921641
37.72 0 0.966157921641
37.73 0 0.962819453674
37.74 0 0.964161234097
37.75 0 0.964479779607
37.76 0 0.964479779607
37.77 0 0.964479779607
37.78 0 0.968484582083
37.79 0 0.968884560286
37.8 0 0.968884560286
37.81 0 0.968884560286
37.82 0 0.967477792648
37.83 0 0.967477792648
37.84 0 0.967477792648
37.85 0 0.967477792648
37.86 0 0.967893342032
37.87 0 0.967357690877
37.88 0 0.967371044938
37.89 0 0.971138587087
37.9 0 0.971379019412
37.91 0 0.971669189969
37.92 0 0.974648738001
37.93 0 0.974648738001
37.94 0 0.975492841592
37.95 0 0.975391484526
37.96 0 0.975519522118
37.97 0 0.975433809455
37.98 0 0.972601404819
37.99 0 0.971649802732
38.0 0 0.970801442518
38.01 0 0.96989875414
38.02 0 0.969245805848
38.03 0 0.968256725644
38.04 0 0.965228309883
38.05 0 0.964390914609
38.06 0 0.964311924752
38.07 0 0.96303297273
38.08 0 0.962889022644
38.09 0 0.962750690914
38.1 0 0.962926322412
38.11 0 0.963024696693
38.12 0 0.963160045341
38.13 0 0.963768011451
38.14 0 0.96499306873
38.15 0 0.96477854234
38.16 0 0.965060483817
38.17 0 0.965195311328
38.18 0 0.966441787232
38.19 0 0.968046677575
38.2 0 0.969304947768
38.21 0 0.970757287824
38.22 0 0.971032079086
38.23 0 0.971668152472
38.24 0 0.971668152472
38.25 0 0.973714624772
38.26 0 0.975237124521
38.27 0 0.975463359711
38.28 0 0.975463359711
38.29 0 0.975463359711
38.3 0 0.975463359711
38.31 0 0.975699945762
38.32 0 0.978133796187
38.33 0 0.978771161815
38.34 0 0.982329259412
38.35 0 0.983836182837
38.36 0 0.983836182837
38.37 0 0.983836182837
38.38 0 0.984423959744
38.39 0 0.987421224717
38.4 0 0.987421224717
38.41 0 0.987421224717
38.42 0 0.990859780143
38.43 0 0.994312404008
38.44 0 0.994312404008
38.45 0 0.994312404008
38.46 0 0.99541988509
38.47 0 0.995550177427
38.48 0 0.995413134133
38.49 0 0.994231183032
38.5 0 0.994231183032
38.51 0 0.99652522897
38.52 0 0.997068485427
38.53 0 0.999101276272
38.54 0 1.00022198983
38.55 0 1.00540554513
38.56 0 1.01047965867
38.57 0 1.01268713045
38.58 0 1.01369906753
38.59 0 1.01483866162
38.6 0 1.01350932297
38.61 0 1.01394628358
38.62 0 1.01331820555
38.63 0 1.01241871426
38.64 0 1.01200343866
38.65 0 1.00991242694
38.66 0 1.00958748722
38.67 0 1.00964829772
38.68 0 1.00885544077
38.69 0 1.00693080295
38.7 0 1.00656420423
38.71 0 1.0058338143
38.72 0 1.00724516517
38.73 0 1.00852522454
38.74 0 1.00813935442
38.75 0 1.00623447068
38.76 0 1.00577516859
38.77 0 1.00549288619
38.78 0 1.00540478609
38.79 0 1.00544390264
38.8 0 1.00636457302
38.81 0 1.00670974652
38.82 0 1.00546423438
38.83 0 1.00196082769
38.84 0 0.998602333359
38.85 0 0.998063562241
38.86 0 0.997365980102
38.87 0 0.997017392131
38.88 0 0.996988135884
38.89 0 0.996869729753
38.9 0 0.99668344814
38.91 0 0.994604150159
38.92 0 0.993083360738
38.93 0 0.992970976858
38.94 0 0.992650591643
38.95 0 0.992670498947
38.96 0 0.992906621582
38.97 0 0.993455819479
38.98 0 0.995406785899
38.99 0 0.99678879428
39.0 0 0.997885408842
