time index height
0.01 0 0.0
0.02 0 0.0260034925113
0.03 0 0.026006328279
0.04 0 0.0260061172163
0.05 0 0.0260061172163
0.06 0 0.0260061172163
0.07 0 0.0311338433905
0.08 0 0.0323180796618
0.09 0 0.0351822580157
0.1 0 0.0395385710676
0.11 0 0.0429117787286
0.12 0 0.0494294498098
0.13 0 0.0516338106053
0.14 0 0.0549487837969
0.15 0 0.065719289483
0.16 0 0.073106847447
0.17 0 0.0754060778179
0.18 0 0.0780132705173
0.19 0 0.0804421361554
0.2 0 0.0858820453107
0.21 0 0.089088522149
0.22 0 0.0938228504843
0.23 0 0.0969066671114
0.24 0 0.103750662048
0.25 0 0.108503716835
0.26 0 0.111867684558
0.27 0 0.116572286849
0.28 0 0.122470303449
0.29 0 0.125034471486
0.3 0 0.129160115697
0.31 0 0.131942601405
0.32 0 0.134769810763
0.33 0 0.136451237169
0.34 0 0.137527885754
0.35 0 0.138291755721
0.36 0 0.138647671355
0.37 0 0.138680003744
0.38 0 0.13849370923
0.39 0 0.137851207044
0.4 0 0.13679777536
0.41 0 0.135520248865
0.42 0 0.133586219782
0.43 0 0.13185915936
0.44 0 0.13046336418
0.45 0 0.128404961699
0.46 0 0.125759469972
0.47 0 0.123287589246
0.48 0 0.120242431009
0.49 0 0.118095305212
0.5 0 0.113667287147
0.51 0 0.111007788819
0.52 0 0.102622398339
0.53 0 0.0984283757142
0.54 0 0.0955637190251
0.55 0 0.0893110204787
0.56 0 0.0837251012051
0.57 0 0.0751497563115
0.58 0 0.0677483393782
0.59 0 0.0578419316663
0.6 0 0.0496355160559
0.61 0 0.0421013350427
0.62 0 0.0340804244364
0.63 0 0.0310795897037
0.64 0 0.0288963352515
0.65 0 0.0275250511987
0.66 0 0.0274468506303
0.67 0 0.0280642883841
0.68 0 0.029939549478
0.69 0 0.0307814572598
0.7 0 0.0319515421264
0.71 0 0.0329386880331
0.72 0 0.0331095981473
0.73 0 0.0331095981473
0.74 0 0.0343462940066
0.75 0 0.0343808315261
0.76 0 0.0340910304535
0.77 0 0.0340295901228
0.78 0 0.0341559608871
0.79 0 0.0342137443957
0.8 0 0.0341397311838
0.81 0 0.0343050562421
0.82 0 0.0344247294033
0.83 0 0.0343946904189
0.84 0 0.0346620358013
0.85 0 0.0348774929895
0.86 0 0.0348074652146
0.87 0 0.0348735917286
0.88 0 0.0347922312614
0.89 0 0.0349194013003
0.9 0 0.0347324776088
0.91 0 0.0349736864053
0.92 0 0.0361304036093
0.93 0 0.037667713153
0.94 0 0.0396086071495
0.95 0 0.0426343759335
0.96 0 0.0442235293372
0.97 0 0.0458609110346
0.98 0 0.0471572056548
0.99 0 0.0482763920305
1.0 0 0.0486731253809
1.01 0 0.0488498350321
1.02 0 0.0488847034917
1.03 0 0.0488597667916
1.04 0 0.0490926334264
1.05 0 0.0495676735148
1.06 0 0.0500060781691
1.07 0 0.0512839527512
1.08 0 0.0523030810901
1.09 0 0.0527760911534
1.1 0 0.0535310211777
1.11 0 0.0539887574012
1.12 0 0.0549652635083
1.13 0 0.055845109073
1.14 0 0.0560897291268
1.15 0 0.0560716397623
1.16 0 0.0556985920408
1.17 0 0.0540723033952
1.18 0 0.0534588208236
1.19 0 0.0525374687
1.2 0 0.0518957145758
1.21 0 0.050835755301
1.22 0 0.0499905783193
1.23 0 0.0490725157989
1.24 0 0.0480671147485
1.25 0 0.0476421034973
1.26 0 0.0475009407445
1.27 0 0.0477712971782
1.28 0 0.04798307137
1.29 0 0.0480718641242
1.3 0 0.0479848454559
1.31 0 0.047510868522
1.32 0 0.047253916883
1.33 0 0.0467976798641
1.34 0 0.046701948081
1.35 0 0.0465256775659
1.36 0 0.046053233842
1.37 0 0.0454827557779
1.38 0 0.0449359570523
1.39 0 0.0440095421964
1.4 0 0.045235895799
1.41 0 0.0461990609762
1.42 0 0.046541706597
1.43 0 0.0468662771721
1.44 0 0.047979415693
1.45 0 0.0488371160078
1.46 0 0.0504009471693
1.47 0 0.0507553701368
1.48 0 0.0508252690965
1.49 0 0.0513509021681
1.5 0 0.0518992049381
1.51 0 0.0524348846913
1.52 0 0.0525854701841
1.53 0 0.0527573407521
1.54 0 0.0531669675648
1.55 0 0.0533213040493
1.56 0 0.053037854118
1.57 0 0.0530951362976
1.58 0 0.0535436914283
1.59 0 0.0531256935353
1.6 0 0.0534797601698
1.61 0 0.0536489743315
1.62 0 0.053826649991
1.63 0 0.0538128031957
1.64 0 0.0535614619858
1.65 0 0.0534500409433
1.66 0 0.0525604190837
1.67 0 0.0523322077039
1.68 0 0.0511093911798
1.69 0 0.0500424736907
1.7 0 0.049827300024
1.71 0 0.0496729657968
1.72 0 0.0495343642186
1.73 0 0.0494655880841
1.74 0 0.0509960576076
1.75 0 0.0521809401331
1.76 0 0.0541877653754
1.77 0 0.0556845126665
1.78 0 0.0575188041631
1.79 0 0.0598440415281
1.8 0 0.0613627748885
1.81 0 0.0634787985677
1.82 0 0.066246023639
1.83 0 0.0675449181553
1.84 0 0.0682735732696
1.85 0 0.0685444500789
1.86 0 0.0698745536794
1.87 0 0.0702750868842
1.88 0 0.0709703008099
1.89 0 0.0714868814013
1.9 0 0.0716838024507
1.91 0 0.0720110331883
1.92 0 0.072736767516
1.93 0 0.0729176324738
1.94 0 0.0733691309229
1.95 0 0.0737532109882
1.96 0 0.0744148605497
1.97 0 0.0749276000861
1.98 0 0.0754796351185
1.99 0 0.0759498717969
2.0 0 0.0761504452183
2.01 0 0.0760527296469
2.02 0 0.0759416107512
2.03 0 0.0761933077271
2.04 0 0.0760235136346
2.05 0 0.0758585511623
2.06 0 0.0749221797599
2.07 0 0.0740720472253
2.08 0 0.0737100465244
2.09 0 0.0725775332169
2.1 0 0.0716341802348
2.11 0 0.0710289057001
2.12 0 0.0703059848715
2.13 0 0.0694156100555
2.14 0 0.0682502574402
2.15 0 0.066907828507
2.16 0 0.065323284293
2.17 0 0.0648090881133
2.18 0 0.0644911601769
2.19 0 0.0644099360078
2.2 0 0.0644582744783
2.21 0 0.063776818741
2.22 0 0.0637445781999
2.23 0 0.0632149101299
2.24 0 0.064061995424
2.25 0 0.0651545236962
2.26 0 0.0660000280028
2.27 0 0.0666465178799
2.28 0 0.0673033312922
2.29 0 0.0684867598837
2.3 0 0.0689214831895
2.31 0 0.0703429475778
2.32 0 0.0707520695824
2.33 0 0.0722432373109
2.34 0 0.0727095673608
2.35 0 0.0735998586662
2.36 0 0.0742789439832
2.37 0 0.0754400242382
2.38 0 0.0764009470698
2.39 0 0.0765937213115
2.4 0 0.0779332379991
2.41 0 0.0792794018199
2.42 0 0.0805385226952
2.43 0 0.0807044845501
2.44 0 0.0823626677038
2.45 0 0.0836898704838
2.46 0 0.0843258495075
2.47 0 0.0844006902495
2.48 0 0.085760604402
2.49 0 0.0873631243429
2.5 0 0.088543049154
2.51 0 0.088654135771
2.52 0 0.090253163943
2.53 0 0.090912430471
2.54 0 0.091242674764
2.55 0 0.092280098499
2.56 0 0.0931902610364
2.57 0 0.0931967658962
2.58 0 0.0934960500981
2.59 0 0.0936471265463
2.6 0 0.093808621299
2.61 0 0.0939685499789
2.62 0 0.0940919761299
2.63 0 0.0944931144751
2.64 0 0.094774936719
2.65 0 0.0948792839021
2.66 0 0.0951308053607
2.67 0 0.095550283768
2.68 0 0.0964659174579
2.69 0 0.0972431448098
2.7 0 0.0973585388658
2.71 0 0.0976077402932
2.72 0 0.0979570047713
2.73 0 0.0981237105214
2.74 0 0.0983131997147
2.75 0 0.0984392794086
2.76 0 0.0990319213715
2.77 0 0.0996423882982
2.78 0 0.0992813911949
2.79 0 0.0994140509726
2.8 0 0.099445101065
2.81 0 0.0994487334914
2.82 0 0.0996461494983
2.83 0 0.0993443133249
2.84 0 0.0990052447242
2.85 0 0.0989472615702
2.86 0 0.098675040135
2.87 0 0.0981840658069
2.88 0 0.097104749488
2.89 0 0.0965969477193
2.9 0 0.0960344430322
2.91 0 0.0952699818773
2.92 0 0.095106988374
2.93 0 0.0948143848291
2.94 0 0.0943467706091
2.95 0 0.0937058385144
2.96 0 0.0928513458501
2.97 0 0.0912904630259
2.98 0 0.0903948016604
2.99 0 0.0900306648719
3.0 0 0.0895539181439
3.01 0 0.0899925956079
3.02 0 0.090252191295
3.03 0 0.090624953725
3.04 0 0.0915807182049
3.05 0 0.091843147782
3.06 0 0.093314724044
3.07 0 0.0940668972449
3.08 0 0.0956219124258
3.09 0 0.0970577897614
3.1 0 0.100002305302
3.11 0 0.102367470751
3.12 0 0.103767964005
3.13 0 0.106412221774
3.14 0 0.109211864505
3.15 0 0.113990481459
3.16 0 0.115505428335
3.17 0 0.11834728544
3.18 0 0.119976186028
3.19 0 0.123314097521
3.2 0 0.126752347608
3.21 0 0.128287046919
3.22 0 0.130558142047
3.23 0 0.131748628077
3.24 0 0.134390025333
3.25 0 0.136380278635
3.26 0 0.137050447217
3.27 0 0.13866530046
3.28 0 0.14005055905
3.29 0 0.142723702288
3.3 0 0.143632251477
3.31 0 0.144343865699
3.32 0 0.145450118089
3.33 0 0.14608777241
3.34 0 0.147854800227
3.35 0 0.148850017527
3.36 0 0.149524222989
3.37 0 0.149600409784
3.38 0 0.149559722274
3.39 0 0.149633875536
3.4 0 0.149723299959
3.41 0 0.149739110386
3.42 0 0.149782967758
3.43 0 0.149528941043
3.44 0 0.149461428003
3.45 0 0.148948187155
3.46 0 0.149163471798
3.47 0 0.149409047717
3.48 0 0.149719612988
3.49 0 0.150638743964
3.5 0 0.151235143077
3.51 0 0.151413690106
3.52 0 0.151392590076
3.53 0 0.15193839052
3.54 0 0.152146128879
3.55 0 0.152775328915
3.56 0 0.15287210142
3.57 0 0.153457815317
3.58 0 0.154048299552
3.59 0 0.154938871468
3.6 0 0.155041461441
3.61 0 0.155253791013
3.62 0 0.155650565798
3.63 0 0.155501211955
3.64 0 0.154451938598
3.65 0 0.153666384855
3.66 0 0.152829555761
3.67 0 0.152377441777
3.68 0 0.151783160345
3.69 0 0.15156660035
3.7 0 0.151516044762
3.71 0 0.150800999443
3.72 0 0.150742874189
3.73 0 0.150968177364
3.74 0 0.1509361215
3.75 0 0.150775681696
3.76 0 0.150224710294
3.77 0 0.15011424509
3.78 0 0.149518059092
3.79 0 0.149286257668
3.8 0 0.149056469633
3.81 0 0.149465803273
3.82 0 0.149616444467
3.83 0 0.149330199219
3.84 0 0.149640654025
3.85 0 0.150088317665
3.86 0 0.151035147748
3.87 0 0.152210275403
3.88 0 0.153615924206
3.89 0 0.154181089919
3.9 0 0.156613634468
3.91 0 0.158450964617
3.92 0 0.15900179249
3.93 0 0.159931054317
3.94 0 0.163162837906
3.95 0 0.165599753959
3.96 0 0.166638053157
3.97 0 0.169063577589
3.98 0 0.170232012094
3.99 0 0.172925734669
4.0 0 0.173705651576
4.01 0 0.175296314434
4.02 0 0.178381143706
4.03 0 0.181138503605
4.04 0 0.182130164303
4.05 0 0.184755354707
4.06 0 0.185874595514
4.07 0 0.186337415042
4.08 0 0.188061880823
4.09 0 0.188079977256
4.1 0 0.189625061361
4.11 0 0.190522465724
4.12 0 0.191364293121
4.13 0 0.193037660297
4.14 0 0.193449383987
4.15 0 0.193202059791
4.16 0 0.193401975637
4.17 0 0.193380031834
4.18 0 0.192961075554
4.19 0 0.192963178976
4.2 0 0.192882293958
4.21 0 0.192365813823
4.22 0 0.191496797165
4.23 0 0.190758069611
4.24 0 0.190666540451
4.25 0 0.190402954812
4.26 0 0.190231533938
4.27 0 0.189986306478
4.28 0 0.189805739082
4.29 0 0.189853929818
4.3 0 0.190632548792
4.31 0 0.191228058794
4.32 0 0.192227412073
4.33 0 0.191965457721
4.34 0 0.191585406458
4.35 0 0.19122875506
4.36 0 0.191192058684
4.37 0 0.192207489749
4.38 0 0.193187441225
4.39 0 0.194050608988
4.4 0 0.195243164547
4.41 0 0.195997899606
4.42 0 0.196757709322
4.43 0 0.197054221735
4.44 0 0.197624869524
4.45 0 0.198727707069
4.46 0 0.199801167528
4.47 0 0.200186265412
4.48 0 0.20088062594
4.49 0 0.201393724478
4.5 0 0.202367475918
4.51 0 0.203669093242
4.52 0 0.203948826041
4.53 0 0.204142289373
4.54 0 0.204323610051
4.55 0 0.204004440327
4.56 0 0.204009950371
4.57 0 0.204577523716
4.58 0 0.205237491505
4.59 0 0.206230473096
4.6 0 0.205491302471
4.61 0 0.206208490788
4.62 0 0.206216239491
4.63 0 0.206044120227
4.64 0 0.205271975294
4.65 0 0.205190179178
4.66 0 0.206035309851
4.67 0 0.206109700138
4.68 0 0.205127869526
4.69 0 0.205683884563
4.7 0 0.203536102019
4.71 0 0.203813424843
4.72 0 0.202366884497
4.73 0 0.203674952787
4.74 0 0.202950139955
4.75 0 0.205424245141
4.76 0 0.206557104338
4.77 0 0.207418712936
4.78 0 0.207236121547
4.79 0 0.209733077062
4.8 0 0.210306834498
4.81 0 0.211239551439
4.82 0 0.211563400234
4.83 0 0.21234936869
4.84 0 0.213274815607
4.85 0 0.212613762333
4.86 0 0.212176396606
4.87 0 0.211268002604
4.88 0 0.210157475003
4.89 0 0.208996462581
4.9 0 0.206456747823
4.91 0 0.204516352163
4.92 0 0.201582054103
4.93 0 0.199736303215
4.94 0 0.198511080574
4.95 0 0.197408680283
4.96 0 0.196234893189
4.97 0 0.193978310395
4.98 0 0.192278596827
4.99 0 0.191009369636
5.0 0 0.190381799441
5.01 0 0.19000434473
5.02 0 0.189901237019
5.03 0 0.189623934716
5.04 0 0.189114039502
5.05 0 0.189449558141
5.06 0 0.189702594484
5.07 0 0.189216108663
5.08 0 0.188654232694
5.09 0 0.188518768513
5.1 0 0.188259680342
5.11 0 0.188478109633
5.12 0 0.188137452799
5.13 0 0.188098664341
5.14 0 0.188370483731
5.15 0 0.189042012919
5.16 0 0.190538113524
5.17 0 0.190965716564
5.18 0 0.190781570667
5.19 0 0.190781570667
5.2 0 0.18996204362
5.21 0 0.188482448878
5.22 0 0.186688063298
5.23 0 0.185547309008
5.24 0 0.18535408705
5.25 0 0.185207927561
5.26 0 0.186209670065
5.27 0 0.186313959982
5.28 0 0.186612303095
5.29 0 0.190235856509
5.3 0 0.191903347146
5.31 0 0.192863790394
5.32 0 0.196007295824
5.33 0 0.197685336251
5.34 0 0.199003989979
5.35 0 0.202570452234
5.36 0 0.203921161306
5.37 0 0.205497118772
5.38 0 0.207414926046
5.39 0 0.207536074411
5.4 0 0.207125340913
5.41 0 0.207159893628
5.42 0 0.207317206242
5.43 0 0.205681617587
5.44 0 0.206219823335
5.45 0 0.208603486471
5.46 0 0.207894782704
5.47 0 0.208534495346
5.48 0 0.210882179631
5.49 0 0.210516287895
5.5 0 0.207962135979
5.51 0 0.207338268713
5.52 0 0.206518432312
5.53 0 0.208422672817
5.54 0 0.20972360753
5.55 0 0.212556068259
5.56 0 0.216395362772
5.57 0 0.216959654936
5.58 0 0.217393159813
5.59 0 0.218109561001
5.6 0 0.217652586579
5.61 0 0.218529159054
5.62 0 0.218239086337
5.63 0 0.217891890976
5.64 0 0.21929324171
5.65 0 0.21871713367
5.66 0 0.217084528087
5.67 0 0.215698226613
5.68 0 0.214634035076
5.69 0 0.213793828885
5.7 0 0.213848324786
5.71 0 0.21325039734
5.72 0 0.211859254232
5.73 0 0.21224467118
5.74 0 0.211086612221
5.75 0 0.211284450139
5.76 0 0.210162475097
5.77 0 0.207176715028
5.78 0 0.205700935305
5.79 0 0.205114743426
5.8 0 0.204323583097
5.81 0 0.202416134112
5.82 0 0.200586593851
5.83 0 0.198864533792
5.84 0 0.198232308577
5.85 0 0.197773396509
5.86 0 0.19758736479
5.87 0 0.198309281019
5.88 0 0.199195045599
5.89 0 0.199336302344
5.9 0 0.200900077639
5.91 0 0.202451752189
5.92 0 0.204086419817
5.93 0 0.204728603977
5.94 0 0.205480928938
5.95 0 0.206895061245
5.96 0 0.207573675999
5.97 0 0.208190496548
5.98 0 0.208334056604
5.99 0 0.207977393649
6.0 0 0.206765739626
6.01 0 0.206090149386
6.02 0 0.205385190387
6.03 0 0.204772481092
6.04 0 0.203846908785
6.05 0 0.202897651542
6.06 0 0.201894641321
6.07 0 0.201201207824
6.08 0 0.200946259787
6.09 0 0.19880365099
6.1 0 0.195921830193
6.11 0 0.194241957087
6.12 0 0.191928153179
6.13 0 0.189330404451
6.14 0 0.1885388666
6.15 0 0.187355798941
6.16 0 0.186458321134
6.17 0 0.18679533824
6.18 0 0.187293618548
6.19 0 0.187566498264
6.2 0 0.190273416219
6.21 0 0.192517923846
6.22 0 0.193532064225
6.23 0 0.19537278524
6.24 0 0.196991432273
6.25 0 0.196789018718
6.26 0 0.199412094416
6.27 0 0.198778921518
6.28 0 0.202127817407
6.29 0 0.202726887125
6.3 0 0.204615680166
6.31 0 0.205865586072
6.32 0 0.207601742274
6.33 0 0.209339059018
6.34 0 0.212686403227
6.35 0 0.214014891028
6.36 0 0.212911391579
6.37 0 0.216411106351
6.38 0 0.214144386398
6.39 0 0.216202300887
6.4 0 0.216429371535
6.41 0 0.213714782375
6.42 0 0.213729114385
6.43 0 0.211813060743
6.44 0 0.212187710432
6.45 0 0.211591193289
6.46 0 0.208183117496
6.47 0 0.202632043708
6.48 0 0.198797672318
6.49 0 0.196080628542
6.5 0 0.192280104536
6.51 0 0.188725650698
6.52 0 0.183941820498
6.53 0 0.180428040085
6.54 0 0.177438979619
6.55 0 0.174394480976
6.56 0 0.170126206429
6.57 0 0.166912158968
6.58 0 0.16430901806
6.59 0 0.1627729565
6.6 0 0.160417107844
6.61 0 0.156606173766
6.62 0 0.15448531889
6.63 0 0.151476031777
6.64 0 0.148664362758
6.65 0 0.145969390687
6.66 0 0.143718042631
6.67 0 0.139819122845
6.68 0 0.137193567144
6.69 0 0.135073465421
6.7 0 0.132731713456
6.71 0 0.129238244695
6.72 0 0.126484888995
6.73 0 0.125583607334
6.74 0 0.123646870955
6.75 0 0.123052571871
6.76 0 0.121911432721
6.77 0 0.120696628374
6.78 0 0.120143887724
6.79 0 0.119962748532
6.8 0 0.11926100684
6.81 0 0.119336049791
6.82 0 0.120582629412
6.83 0 0.121409370051
6.84 0 0.124224714368
6.85 0 0.125584686376
6.86 0 0.127174929676
6.87 0 0.127586036668
6.88 0 0.128307100731
6.89 0 0.128658260004
6.9 0 0.128731795027
6.91 0 0.128731795027
6.92 0 0.127923347019
6.93 0 0.129025146631
6.94 0 0.129484125504
6.95 0 0.130097707334
6.96 0 0.130687313463
6.97 0 0.131789374093
6.98 0 0.132278159334
6.99 0 0.131587768123
7.0 0 0.13198916924
7.01 0 0.132537996906
7.02 0 0.133707948552
7.03 0 0.135722354214
7.04 0 0.135627899952
7.05 0 0.139149689409
7.06 0 0.138337920051
7.07 0 0.141518478399
7.08 0 0.142386479725
7.09 0 0.146102564098
7.1 0 0.149966040345
7.11 0 0.151068178763
7.12 0 0.153572430471
7.13 0 0.15833419872
7.14 0 0.161766323386
7.15 0 0.165041015325
7.16 0 0.16538038344
7.17 0 0.167253026944
7.18 0 0.170475198646
7.19 0 0.172648542407
7.2 0 0.173020267709
7.21 0 0.172182443213
7.22 0 0.173173598118
7.23 0 0.171463364772
7.24 0 0.171659946804
7.25 0 0.170386838388
7.26 0 0.169794765044
7.27 0 0.169252504562
7.28 0 0.168065246444
7.29 0 0.168700816877
7.3 0 0.168911482643
7.31 0 0.168927906755
7.32 0 0.16627210523
7.33 0 0.164806782259
7.34 0 0.16352487476
7.35 0 0.160439705088
7.36 0 0.157156200413
7.37 0 0.154171104564
7.38 0 0.151820730335
7.39 0 0.149266207495
7.4 0 0.145838465347
7.41 0 0.14215701674
7.42 0 0.138945068424
7.43 0 0.138553527244
7.44 0 0.138547140179
7.45 0 0.13938659905
7.46 0 0.140808535335
7.47 0 0.14109705098
7.48 0 0.141770086671
7.49 0 0.143573214382
7.5 0 0.145085579541
7.51 0 0.145686731853
7.52 0 0.145800348416
7.53 0 0.145773926046
7.54 0 0.145817380066
7.55 0 0.146993384235
7.56 0 0.148040768028
7.57 0 0.148441896206
7.58 0 0.148914593003
7.59 0 0.149522464174
7.6 0 0.149842574381
7.61 0 0.14976616364
7.62 0 0.149094101248
7.63 0 0.148259347943
7.64 0 0.147239516613
7.65 0 0.145153257533
7.66 0 0.143628374926
7.67 0 0.142900813913
7.68 0 0.141858522716
7.69 0 0.142081421974
7.7 0 0.143060611339
7.71 0 0.14389170552
7.72 0 0.145213526983
7.73 0 0.146834418871
7.74 0 0.149262520772
7.75 0 0.149469249847
7.76 0 0.151034766489
7.77 0 0.15183185378
7.78 0 0.152609244188
7.79 0 0.152626952454
7.8 0 0.154288011844
7.81 0 0.154013825473
7.82 0 0.155004595154
7.83 0 0.156346646516
7.84 0 0.161013403748
7.85 0 0.160654487758
7.86 0 0.161313865703
7.87 0 0.164465623352
7.88 0 0.16685193691
7.89 0 0.167028349873
7.9 0 0.169386361426
7.91 0 0.169961887686
7.92 0 0.174154994682
7.93 0 0.17426528209
7.94 0 0.177240226093
7.95 0 0.178825015292
7.96 0 0.180180894691
7.97 0 0.181648717401
7.98 0 0.184076796777
7.99 0 0.183419552686
8.0 0 0.185607997076
8.01 0 0.184434225244
8.02 0 0.185592220759
8.03 0 0.187938499343
8.04 0 0.188682063843
8.05 0 0.189628506774
8.06 0 0.190864778816
8.07 0 0.18900106546
8.08 0 0.187772770816
8.09 0 0.187087944778
8.1 0 0.186293930314
8.11 0 0.185027217706
8.12 0 0.182913520177
8.13 0 0.182913520177
8.14 0 0.182913520177
8.15 0 0.173413343513
8.16 0 0.166257176346
8.17 0 0.162101518453
8.18 0 0.161221078273
8.19 0 0.160708335946
8.2 0 0.160551315931
8.21 0 0.160695554123
8.22 0 0.161274749653
8.23 0 0.161499512707
8.24 0 0.161527745421
8.25 0 0.163595634856
8.26 0 0.161571970985
8.27 0 0.161015001694
8.28 0 0.159956812243
8.29 0 0.159392541954
8.3 0 0.157848041145
8.31 0 0.157107180817
8.32 0 0.157107180817
8.33 0 0.155537023467
8.34 0 0.156606761843
8.35 0 0.157503265348
8.36 0 0.157858547284
8.37 0 0.158199652156
8.38 0 0.158998080934
8.39 0 0.159861959818
8.4 0 0.161090440783
8.41 0 0.162073994595
8.42 0 0.162775439786
8.43 0 0.163686422631
8.44 0 0.164008670535
8.45 0 0.164301583257
8.46 0 0.164301583257
8.47 0 0.164643383235
8.48 0 0.165451710531
8.49 0 0.16575770524
8.5 0 0.166386280923
8.51 0 0.167991018816
8.52 0 0.168825824962
8.53 0 0.171240318021
8.54 0 0.17133972123
8.55 0 0.172006297443
8.56 0 0.174038695829
8.57 0 0.176348620332
8.58 0 0.176348620332
8.59 0 0.176348620332
8.6 0 0.181086744316
8.61 0 0.181210918011
8.62 0 0.184102207296
8.63 0 0.183146578405
8.64 0 0.184838868125
8.65 0 0.188325221157
8.66 0 0.190430224974
8.67 0 0.191145953328
8.68 0 0.193951227228
8.69 0 0.195784629119
8.7 0 0.198622123817
8.71 0 0.199426404152
8.72 0 0.202477669568
8.73 0 0.203211560318
8.74 0 0.20413548862
8.75 0 0.204831552845
8.76 0 0.202364416745
8.77 0 0.201563817886
8.78 0 0.200544662414
8.79 0 0.201413469679
8.8 0 0.202195834895
8.81 0 0.201020588648
8.82 0 0.200694057671
8.83 0 0.198791829586
8.84 0 0.195728540465
8.85 0 0.19429185891
8.86 0 0.193627368892
8.87 0 0.192993579719
8.88 0 0.190005939562
8.89 0 0.18579809285
8.9 0 0.185127346116
8.91 0 0.183205704866
8.92 0 0.179751305035
8.93 0 0.177343201518
8.94 0 0.174764302795
8.95 0 0.171801539258
8.96 0 0.169107865562
8.97 0 0.165891187387
8.98 0 0.164738364493
8.99 0 0.164692218175
9.0 0 0.166890806747
9.01 0 0.169434921217
9.02 0 0.171175543144
9.03 0 0.1724434624
9.04 0 0.173802484413
9.05 0 0.175981037071
9.06 0 0.176798158767
9.07 0 0.177712769344
9.08 0 0.178409326622
9.09 0 0.179165035381
9.1 0 0.180225699158
9.11 0 0.181368087755
9.12 0 0.182659837528
9.13 0 0.183518543726
9.14 0 0.186201101742
9.15 0 0.186935832749
9.16 0 0.187138908712
9.17 0 0.187764093362
9.18 0 0.189228073849
9.19 0 0.191279327316
9.2 0 0.192077847448
9.21 0 0.192876224481
9.22 0 0.193699916485
9.23 0 0.194783404235
9.24 0 0.196522284059
9.25 0 0.1967883088
9.26 0 0.199008831217
9.27 0 0.201080046638
9.28 0 0.20267749718
9.29 0 0.205719368214
9.3 0 0.206272694315
9.31 0 0.206759577506
9.32 0 0.208151897417
9.33 0 0.209641302192
9.34 0 0.211555530215
9.35 0 0.212384610718
9.36 0 0.214299729429
9.37 0 0.217803740938
9.38 0 0.217985170084
9.39 0 0.218972763044
9.4 0 0.219518621368
9.41 0 0.221698209065
9.42 0 0.221932177582
9.43 0 0.221740858126
9.44 0 0.218929486619
9.45 0 0.218684685579
9.46 0 0.220339793703
9.47 0 0.221540391324
9.48 0 0.223384639702
9.49 0 0.225969498895
9.5 0 0.2278485819
9.51 0 0.230272962737
9.52 0 0.23488558854
9.53 0 0.236881959751
9.54 0 0.23710731442
9.55 0 0.238121971317
9.56 0 0.238859110042
9.57 0 0.23964365133
9.58 0 0.239531728426
9.59 0 0.239765305629
9.6 0 0.239263788581
9.61 0 0.239057694556
9.62 0 0.238690219524
9.63 0 0.238891520639
9.64 0 0.23867513585
9.65 0 0.23860150533
9.66 0 0.237647439529
9.67 0 0.235735113167
9.68 0 0.234900311201
9.69 0 0.234078569099
9.7 0 0.23332184946
9.71 0 0.233311235236
9.72 0 0.235112325982
9.73 0 0.237837582153
9.74 0 0.240260468604
9.75 0 0.241956297593
9.76 0 0.242514109992
9.77 0 0.2418197185
9.78 0 0.241191859477
9.79 0 0.239700557883
9.8 0 0.237984281449
9.81 0 0.236055959599
9.82 0 0.230243989332
9.83 0 0.227770490611
9.84 0 0.22762199693
9.85 0 0.226335246827
9.86 0 0.225373745211
9.87 0 0.224298844185
9.88 0 0.222469805266
9.89 0 0.221771847754
9.9 0 0.221090737383
9.91 0 0.220523324719
9.92 0 0.21818873644
9.93 0 0.21801939921
9.94 0 0.218255589763
9.95 0 0.218720360962
9.96 0 0.219174579872
9.97 0 0.220045576194
9.98 0 0.22014257289
9.99 0 0.220859822869
10.0 0 0.221504027474
10.01 0 0.223158717507
10.02 0 0.224750364211
10.03 0 0.225547085684
10.04 0 0.225566830197
10.05 0 0.2289506132
10.06 0 0.2289506132
10.07 0 0.2289506132
10.08 0 0.2289506132
10.09 0 0.233142967077
10.1 0 0.236529688125
10.11 0 0.23658582792
10.12 0 0.237534515989
10.13 0 0.238134333271
10.14 0 0.241826922259
10.15 0 0.243351999153
10.16 0 0.247001769809
10.17 0 0.247413021056
10.18 0 0.249655534223
10.19 0 0.248870484651
10.2 0 0.250416176903
10.21 0 0.248972109984
10.22 0 0.247786719576
10.23 0 0.252069009055
10.24 0 0.25305186
10.25 0 0.256213108559
10.26 0 0.256568927478
10.27 0 0.257332388761
10.28 0 0.257543588473
10.29 0 0.258442702462
10.3 0 0.259733840045
10.31 0 0.259547875604
10.32 0 0.260212376291
10.33 0 0.261042383003
10.34 0 0.262189719248
10.35 0 0.261049577136
10.36 0 0.26073308901
10.37 0 0.257551909726
10.38 0 0.257122418128
10.39 0 0.257122418128
10.4 0 0.257122418128
10.41 0 0.25412309874
10.42 0 0.253598690261
10.43 0 0.251090678647
10.44 0 0.248552607096
10.45 0 0.24720414883
10.46 0 0.246145352001
10.47 0 0.244806072437
10.48 0 0.244145602613
10.49 0 0.2438622105
10.5 0 0.243839597507
10.51 0 0.245029011139
10.52 0 0.247644344057
10.53 0 0.249222925138
10.54 0 0.250397203338
10.55 0 0.250397203338
10.56 0 0.250397203338
10.57 0 0.255523312151
10.58 0 0.255272391262
10.59 0 0.254389668529
10.6 0 0.255127123817
10.61 0 0.255934591431
10.62 0 0.256449112846
10.63 0 0.257319804028
10.64 0 0.257484601457
10.65 0 0.256353124984
10.66 0 0.253826458753
10.67 0 0.253826458753
10.68 0 0.253826458753
10.69 0 0.24830006119
10.7 0 0.245171178157
10.71 0 0.241668035604
10.72 0 0.240102357361
10.73 0 0.238271657598
10.74 0 0.237946863647
10.75 0 0.237351124695
10.76 0 0.236688708803
10.77 0 0.236446416618
10.78 0 0.234987320753
10.79 0 0.234128080559
10.8 0 0.232782098043
10.81 0 0.231952362105
10.82 0 0.232309269008
10.83 0 0.235656771399
10.84 0 0.237423974179
10.85 0 0.237597002475
10.86 0 0.240483734048
10.87 0 0.243185132127
10.88 0 0.242982338667
10.89 0 0.244141251371
10.9 0 0.243660402726
10.91 0 0.243660402726
10.92 0 0.243660402726
10.93 0 0.248704478215
10.94 0 0.248704478215
10.95 0 0.248704478215
10.96 0 0.251473132438
10.97 0 0.252126930417
10.98 0 0.253246575487
10.99 0 0.255771647403
11.0 0 0.255115704919
11.01 0 0.255366786153
11.02 0 0.253116716119
11.03 0 0.254119028364
11.04 0 0.258172470409
11.05 0 0.263022944788
11.06 0 0.265849234332
11.07 0 0.266358343952
11.08 0 0.269325042598
11.09 0 0.269296692779
11.1 0 0.269859758273
11.11 0 0.27004260954
11.12 0 0.269796537064
11.13 0 0.269480370567
11.14 0 0.268147214208
11.15 0 0.266478053522
11.16 0 0.263169360473
11.17 0 0.25947176546
11.18 0 0.258690387945
11.19 0 0.256973859813
11.2 0 0.252699827691
11.21 0 0.252116470489
11.22 0 0.246987455023
11.23 0 0.240978429293
11.24 0 0.237161114941
11.25 0 0.235625025667
11.26 0 0.235625025667
11.27 0 0.230861130633
11.28 0 0.230335798893
11.29 0 0.230197341997
11.3 0 0.230994780057
11.31 0 0.232493028693
11.32 0 0.233446778002
11.33 0 0.233251056484
11.34 0 0.233053497268
11.35 0 0.233053497268
11.36 0 0.231942152682
11.37 0 0.231522059503
11.38 0 0.229318118998
11.39 0 0.229258475972
11.4 0 0.229178027331
11.41 0 0.229311919086
11.42 0 0.228616015428
11.43 0 0.228484439009
11.44 0 0.228484439009
11.45 0 0.228408836668
11.46 0 0.227807004705
11.47 0 0.228057253413
11.48 0 0.22851476896
11.49 0 0.228545279791
11.5 0 0.228519031129
11.51 0 0.228870620756
11.52 0 0.229707631813
11.53 0 0.229916377959
11.54 0 0.229916377959
11.55 0 0.232439204102
11.56 0 0.234279561536
11.57 0 0.236030052085
11.58 0 0.236983726649
11.59 0 0.236983726649
11.6 0 0.236983726649
11.61 0 0.243850817051
11.62 0 0.243658720206
11.63 0 0.246041887114
11.64 0 0.245567111125
11.65 0 0.247934319161
11.66 0 0.253866853767
11.67 0 0.253866853767
11.68 0 0.253866853767
11.69 0 0.253866853767
11.7 0 0.261899399368
11.71 0 0.262569594717
11.72 0 0.266531608852
11.73 0 0.268087327618
11.74 0 0.269875543984
11.75 0 0.272270820751
11.76 0 0.272379692876
11.77 0 0.275985560407
11.78 0 0.279106013139
11.79 0 0.278714659432
11.8 0 0.279276236398
11.81 0 0.278728235654
11.82 0 0.275498577572
11.83 0 0.275392065918
11.84 0 0.273490418544
11.85 0 0.275233564775
11.86 0 0.273660679019
11.87 0 0.27590128823
11.88 0 0.2771698179
11.89 0 0.278996460576
11.9 0 0.280403591947
11.91 0 0.281209241531
11.92 0 0.281071862878
11.93 0 0.279062547511
11.94 0 0.277320515588
11.95 0 0.27439119858
11.96 0 0.273331970092
11.97 0 0.27262833308
11.98 0 0.271975188164
11.99 0 0.271089617974
12.0 0 0.268504237399
12.01 0 0.267427333881
12.02 0 0.267427333881
12.03 0 0.26265079467
12.04 0 0.26011297604
12.05 0 0.257370895487
12.06 0 0.25600113131
12.07 0 0.255646848364
12.08 0 0.256141658263
12.09 0 0.256141658263
12.1 0 0.256141658263
12.11 0 0.260255372674
12.12 0 0.259623425779
12.13 0 0.259893332853
12.14 0 0.260253123476
12.15 0 0.260733670842
12.16 0 0.261088596146
12.17 0 0.261128875181
12.18 0 0.26165358189
12.19 0 0.261735273295
12.2 0 0.260797733127
12.21 0 0.260715421723
12.22 0 0.260158353077
12.23 0 0.258702040099
12.24 0 0.258130814148
12.25 0 0.257780914034
12.26 0 0.257881118348
12.27 0 0.259529056371
12.28 0 0.259755768102
12.29 0 0.259786592902
12.3 0 0.260041477342
12.31 0 0.260724700483
12.32 0 0.261566459349
12.33 0 0.262090956415
12.34 0 0.262693398268
12.35 0 0.263433771397
12.36 0 0.264292442535
12.37 0 0.265584224311
12.38 0 0.266534655988
12.39 0 0.267665200955
12.4 0 0.269815908954
12.41 0 0.271387713396
12.42 0 0.272583042578
12.43 0 0.274222319527
12.44 0 0.27728720971
12.45 0 0.27728720971
12.46 0 0.282751430956
12.47 0 0.287000798584
12.48 0 0.287999296122
12.49 0 0.288403447602
12.5 0 0.290369063554
12.51 0 0.290784934946
12.52 0 0.292889901292
12.53 0 0.295267642272
12.54 0 0.29884806152
12.55 0 0.297825078901
12.56 0 0.29968231762
12.57 0 0.30231218033
12.58 0 0.301556678148
12.59 0 0.305050565827
12.6 0 0.302533822673
12.61 0 0.3030438191
12.62 0 0.306479924466
12.63 0 0.309905573107
12.64 0 0.315535127747
12.65 0 0.315634472429
12.66 0 0.315840088486
12.67 0 0.316176166685
12.68 0 0.316894664559
12.69 0 0.317472387327
12.7 0 0.317630500525
12.71 0 0.318227950612
12.72 0 0.317556314721
12.73 0 0.317556314721
12.74 0 0.317556314721
12.75 0 0.315000661382
12.76 0 0.314063158669
12.77 0 0.311763742566
12.78 0 0.309294439134
12.79 0 0.307738198833
12.8 0 0.306277112025
12.81 0 0.301155609013
12.82 0 0.298653982728
12.83 0 0.298032706147
12.84 0 0.297106154836
12.85 0 0.297106154836
12.86 0 0.292720304883
12.87 0 0.28863695158
12.88 0 0.285840053369
12.89 0 0.283722716162
12.9 0 0.281557237088
12.91 0 0.277863383051
12.92 0 0.276864489171
12.93 0 0.276886203408
12.94 0 0.276495651909
12.95 0 0.276697976497
12.96 0 0.275531789703
12.97 0 0.27583823455
12.98 0 0.276206153346
12.99 0 0.274574916961
13.0 0 0.270964466694
13.01 0 0.270092224308
13.02 0 0.270048570524
13.03 0 0.270988462024
13.04 0 0.271373543619
13.05 0 0.270593570433
13.06 0 0.270222915551
13.07 0 0.268484378919
13.08 0 0.267655826535
13.09 0 0.267902664206
13.1 0 0.268149778757
13.11 0 0.268816348321
13.12 0 0.269805055537
13.13 0 0.27124985088
13.14 0 0.271265065218
13.15 0 0.271467318844
13.16 0 0.272101776117
13.17 0 0.272781669643
13.18 0 0.273581951328
13.19 0 0.275139483156
13.2 0 0.276419513257
13.21 0 0.279032762106
13.22 0 0.27944785232
13.23 0 0.27944785232
13.24 0 0.281347486052
13.25 0 0.28535496128
13.26 0 0.290133623263
13.27 0 0.291469427641
13.28 0 0.292244780773
13.29 0 0.29123326723
13.3 0 0.293044804259
13.31 0 0.294611599858
13.32 0 0.29616293733
13.33 0 0.297293532301
13.34 0 0.299498296862
13.35 0 0.300563913336
13.36 0 0.300563913336
13.37 0 0.300563913336
13.38 0 0.300563913336
13.39 0 0.306906476857
13.4 0 0.309483786036
13.41 0 0.309483786036
13.42 0 0.309483786036
13.43 0 0.316136477476
13.44 0 0.317142491777
13.45 0 0.317242492049
13.46 0 0.317482763778
13.47 0 0.31570153217
13.48 0 0.312563688695
13.49 0 0.312176278059
13.5 0 0.310727671496
13.51 0 0.308682634543
13.52 0 0.306098048676
13.53 0 0.304023914672
13.54 0 0.301978885077
13.55 0 0.301978885077
13.56 0 0.301978885077
13.57 0 0.301315284573
13.58 0 0.301315284573
13.59 0 0.301816780399
13.6 0 0.301145059534
13.61 0 0.301145059534
13.62 0 0.299696000092
13.63 0 0.300237909938
13.64 0 0.300169431515
13.65 0 0.298881984714
13.66 0 0.296162585488
13.67 0 0.29548020665
13.68 0 0.29427388678
13.69 0 0.293557231045
13.7 0 0.293506490462
13.71 0 0.293368626108
13.72 0 0.293169126808
13.73 0 0.293169126808
13.74 0 0.292102188863
13.75 0 0.292934124626
13.76 0 0.294904361405
13.77 0 0.295586328918
13.78 0 0.295586328918
13.79 0 0.294153344283
13.8 0 0.294168687094
13.81 0 0.294168687094
13.82 0 0.296895134962
13.83 0 0.297447681049
13.84 0 0.297725682719
13.85 0 0.297480511228
13.86 0 0.296909303715
13.87 0 0.297030395611
13.88 0 0.297790754992
13.89 0 0.297790754992
13.9 0 0.297790754992
13.91 0 0.297790754992
13.92 0 0.30033106103
13.93 0 0.301230868866
13.94 0 0.301735724473
13.95 0 0.302722895763
13.96 0 0.302722895763
13.97 0 0.303901927473
13.98 0 0.305091876169
13.99 0 0.306867297617
14.0 0 0.306760000284
14.01 0 0.306662930064
14.02 0 0.310785071567
14.03 0 0.312876007171
14.04 0 0.313030799074
14.05 0 0.313030799074
14.06 0 0.316420063873
14.07 0 0.318374270841
14.08 0 0.324217921512
14.09 0 0.323375409188
14.1 0 0.324225846754
14.11 0 0.324111130303
14.12 0 0.331595579203
14.13 0 0.331013194517
14.14 0 0.333651719313
14.15 0 0.332268378727
14.16 0 0.333335404276
14.17 0 0.333335404276
14.18 0 0.333335404276
14.19 0 0.344510677095
14.2 0 0.346855180828
14.21 0 0.346666023289
14.22 0 0.346666023289
14.23 0 0.346666023289
14.24 0 0.348961531947
14.25 0 0.349429769817
14.26 0 0.349363198224
14.27 0 0.34992310435
14.28 0 0.351605823649
14.29 0 0.352412264296
14.3 0 0.35350314311
14.31 0 0.353245823196
14.32 0 0.353222182243
14.33 0 0.352668600341
14.34 0 0.352541835645
14.35 0 0.352338298062
14.36 0 0.352123927374
14.37 0 0.351553415761
14.38 0 0.349827064968
14.39 0 0.349827064968
14.4 0 0.349827064968
14.41 0 0.344829970269
14.42 0 0.344372990278
14.43 0 0.343553854785
14.44 0 0.340182343458
14.45 0 0.336740500601
14.46 0 0.335648367438
14.47 0 0.334495164795
14.48 0 0.333548313906
14.49 0 0.331983296977
14.5 0 0.331983296977
14.51 0 0.329994034533
14.52 0 0.328371294878
14.53 0 0.323838281492
14.54 0 0.323130551393
14.55 0 0.322468564555
14.56 0 0.322644073616
14.57 0 0.321915875928
14.58 0 0.322110075731
14.59 0 0.322153028072
14.6 0 0.323040406426
14.61 0 0.322997669061
14.62 0 0.323030557255
14.63 0 0.322939954344
14.64 0 0.323253942384
14.65 0 0.323509567704
14.66 0 0.323566720116
14.67 0 0.323995903502
14.68 0 0.324143981104
14.69 0 0.324729158995
14.7 0 0.325405358641
14.71 0 0.325883304055
14.72 0 0.326486736546
14.73 0 0.327328980458
14.74 0 0.328268666529
14.75 0 0.329509637393
14.76 0 0.330554761297
14.77 0 0.330661454709
14.78 0 0.334013868142
14.79 0 0.334972234044
14.8 0 0.334972234044
14.81 0 0.334972234044
14.82 0 0.340824542043
14.83 0 0.343974916924
14.84 0 0.343692860616
14.85 0 0.34499209969
14.86 0 0.346870707393
14.87 0 0.347295356624
14.88 0 0.349936056206
14.89 0 0.351570054638
14.9 0 0.35179430659
14.91 0 0.350645784482
14.92 0 0.349720470126
14.93 0 0.354711790103
14.94 0 0.361781869393
14.95 0 0.362154484278
14.96 0 0.362154484278
14.97 0 0.362154484278
14.98 0 0.356728079659
14.99 0 0.360348142827
15.0 0 0.359366515708
15.01 0 0.354824499747
15.02 0 0.354130011201
15.03 0 0.354130011201
15.04 0 0.350490740853
15.05 0 0.360720230729
15.06 0 0.361874511104
15.07 0 0.363136820188
15.08 0 0.362282047498
15.09 0 0.361951399795
15.1 0 0.360113252454
15.11 0 0.360629789365
15.12 0 0.360306982371
15.13 0 0.361406549047
15.14 0 0.361688540735
15.15 0 0.361750825276
15.16 0 0.36232266249
15.17 0 0.361853389467
15.18 0 0.36035777823
15.19 0 0.35806548971
15.2 0 0.356441899595
15.21 0 0.356155523618
15.22 0 0.354902519988
15.23 0 0.352741342866
15.24 0 0.350480215986
15.25 0 0.350160576297
15.26 0 0.349367302768
15.27 0 0.348286584308
15.28 0 0.347479762452
15.29 0 0.347945596915
15.3 0 0.349276902022
15.31 0 0.349925335662
15.32 0 0.350341889107
15.33 0 0.35008279998
15.34 0 0.350070008654
15.35 0 0.35010392214
15.36 0 0.350367622099
15.37 0 0.352636328334
15.38 0 0.353421080265
15.39 0 0.354827207179
15.4 0 0.355025271407
15.41 0 0.355025271407
15.42 0 0.356952915595
15.43 0 0.359338453782
15.44 0 0.360553429748
15.45 0 0.363199936825
15.46 0 0.363949604239
15.47 0 0.364425725663
15.48 0 0.36499253214
15.49 0 0.366558685934
15.5 0 0.366558685934
15.51 0 0.366558685934
15.52 0 0.366558685934
15.53 0 0.370295179598
15.54 0 0.370252449832
15.55 0 0.370252449832
15.56 0 0.374545075043
15.57 0 0.375562999655
15.58 0 0.377798989254
15.59 0 0.38125301928
15.6 0 0.382483685255
15.61 0 0.383487220843
15.62 0 0.381717934665
15.63 0 0.381717934665
15.64 0 0.380458156755
15.65 0 0.385611907873
15.66 0 0.386193056868
15.67 0 0.391819318882
15.68 0 0.393074389816
15.69 0 0.395903103245
15.7 0 0.396374309539
15.71 0 0.399057837805
15.72 0 0.401503652707
15.73 0 0.402295048378
15.74 0 0.398923524135
15.75 0 0.400831247292
15.76 0 0.399611928004
15.77 0 0.401109166488
15.78 0 0.402829756469
15.79 0 0.40419886997
15.8 0 0.404538488741
15.81 0 0.408836529346
15.82 0 0.409833429297
15.83 0 0.413408889602
15.84 0 0.415224981149
15.85 0 0.415126772842
15.86 0 0.414980404658
15.87 0 0.414103637606
15.88 0 0.414034750885
15.89 0 0.413058261565
15.9 0 0.412139331805
15.91 0 0.410824552384
15.92 0 0.410594706766
15.93 0 0.410398066993
15.94 0 0.409998649826
15.95 0 0.409920882753
15.96 0 0.409606766965
15.97 0 0.408425261277
15.98 0 0.407550576304
15.99 0 0.406546012114
16.0 0 0.405800087508
16.01 0 0.404445374245
16.02 0 0.403427832902
16.03 0 0.401958320262
16.04 0 0.400489597136
16.05 0 0.395766198204
16.06 0 0.39288482196
16.07 0 0.392939927385
16.08 0 0.393387626244
16.09 0 0.394416142417
16.1 0 0.395049041914
16.11 0 0.395535717636
16.12 0 0.397131007605
16.13 0 0.397356936405
16.14 0 0.39798917179
16.15 0 0.397894465537
16.16 0 0.39768715418
16.17 0 0.39768715418
16.18 0 0.400283735009
16.19 0 0.40117560971
16.2 0 0.402363636013
16.21 0 0.402363636013
16.22 0 0.402363636013
16.23 0 0.402363636013
16.24 0 0.403770210035
16.25 0 0.403369765168
16.26 0 0.403610079221
16.27 0 0.403610079221
16.28 0 0.405314195438
16.29 0 0.407038626282
16.3 0 0.407525577574
16.31 0 0.407525577574
16.32 0 0.407525577574
16.33 0 0.410359509226
16.34 0 0.414457599024
16.35 0 0.415161684489
16.36 0 0.417275198788
16.37 0 0.418552352847
16.38 0 0.422132358043
16.39 0 0.424184431689
16.4 0 0.424706483531
16.41 0 0.427839767101
16.42 0 0.427465328854
16.43 0 0.423624253933
16.44 0 0.424866473851
16.45 0 0.425431001714
16.46 0 0.427386822223
16.47 0 0.431478233403
16.48 0 0.432189362097
16.49 0 0.435217949243
16.5 0 0.435071042667
16.51 0 0.435071042667
16.52 0 0.435071042667
16.53 0 0.439483902931
16.54 0 0.436985099076
16.55 0 0.441466830243
16.56 0 0.439807106219
16.57 0 0.438734981468
16.58 0 0.4397767004
16.59 0 0.4397767004
16.6 0 0.443840101872
16.61 0 0.445796004048
16.62 0 0.447462335333
16.63 0 0.447723194436
16.64 0 0.447400816421
16.65 0 0.446865668245
16.66 0 0.446742121091
16.67 0 0.446030840951
16.68 0 0.445640021615
16.69 0 0.445534440275
16.7 0 0.445470456613
16.71 0 0.444586745883
16.72 0 0.443473089329
16.73 0 0.442269211138
16.74 0 0.439241171014
16.75 0 0.437786245319
16.76 0 0.438008590204
16.77 0 0.438008590204
16.78 0 0.438008590204
16.79 0 0.436642411238
16.8 0 0.436887333605
16.81 0 0.436520672385
16.82 0 0.436129676276
16.83 0 0.432148655014
16.84 0 0.432148655014
16.85 0 0.425203179989
16.86 0 0.420217717577
16.87 0 0.419748912748
16.88 0 0.414733721551
16.89 0 0.413706491682
16.9 0 0.412976028657
16.91 0 0.412871002905
16.92 0 0.412482055356
16.93 0 0.412602140505
16.94 0 0.411624410012
16.95 0 0.411536078968
16.96 0 0.411536078968
16.97 0 0.414305906959
16.98 0 0.416118980232
16.99 0 0.417411998391
17.0 0 0.417975099215
17.01 0 0.417975099215
17.02 0 0.417975099215
17.03 0 0.417975099215
17.04 0 0.420087641367
17.05 0 0.419966110031
17.06 0 0.420269152579
17.07 0 0.421270879951
17.08 0 0.422486471871
17.09 0 0.423290577845
17.1 0 0.424520817716
17.11 0 0.42833143871
17.12 0 0.428337803092
17.13 0 0.430433710656
17.14 0 0.430433710656
17.15 0 0.43368358218
17.16 0 0.43258784769
17.17 0 0.436214765866
17.18 0 0.439167910423
17.19 0 0.441121399497
17.2 0 0.43978071381
17.21 0 0.437647597583
17.22 0 0.437028126836
17.23 0 0.437028126836
17.24 0 0.4363387135
17.25 0 0.435241233711
17.26 0 0.441774643392
17.27 0 0.440891831513
17.28 0 0.447964460818
17.29 0 0.447964460818
17.3 0 0.446572212642
17.31 0 0.45270270751
17.32 0 0.45270270751
17.33 0 0.459948160589
17.34 0 0.461080495562
17.35 0 0.462377497793
17.36 0 0.462963319264
17.37 0 0.462273615976
17.38 0 0.460403183692
17.39 0 0.459604196955
17.4 0 0.454794520324
17.41 0 0.45837022725
17.42 0 0.459319713191
17.43 0 0.462140425014
17.44 0 0.463519052788
17.45 0 0.464366283736
17.46 0 0.46427189563
17.47 0 0.463835698194
17.48 0 0.463674770884
17.49 0 0.463170831221
17.5 0 0.463139626483
17.51 0 0.463139626483
17.52 0 0.463072468014
17.53 0 0.463171055733
17.54 0 0.462454220807
17.55 0 0.462454220807
17.56 0 0.462454220807
17.57 0 0.463396854023
17.58 0 0.463345606513
17.59 0 0.463345606513
17.6 0 0.456036861139
17.61 0 0.452060918879
17.62 0 0.451473957283
17.63 0 0.451584763399
17.64 0 0.449938941799
17.65 0 0.448304477381
17.66 0 0.448369050404
17.67 0 0.448369050404
17.68 0 0.447594119016
17.69 0 0.446587162131
17.7 0 0.446888052319
17.71 0 0.446888052319
17.72 0 0.449617866077
17.73 0 0.449738134495
17.74 0 0.450494935162
17.75 0 0.451002811032
17.76 0 0.452438756771
17.77 0 0.452943790049
17.78 0 0.452991179633
17.79 0 0.453414664836
17.8 0 0.454794277815
17.81 0 0.454792479256
17.82 0 0.45437633916
17.83 0 0.455140770847
17.84 0 0.455100824112
17.85 0 0.455659517453
17.86 0 0.45586491279
17.87 0 0.45586491279
17.88 0 0.45586491279
17.89 0 0.457762558423
17.9 0 0.457762558423
17.91 0 0.457073069768
17.92 0 0.459167806094
17.93 0 0.461555259083
17.94 0 0.463669345799
17.95 0 0.463669345799
17.96 0 0.463669345799
17.97 0 0.469304534441
17.98 0 0.47500560821
17.99 0 0.47484568225
18.0 0 0.475945737825
18.01 0 0.476092472766
18.02 0 0.477452574098
18.03 0 0.478598521067
18.04 0 0.481203213692
18.05 0 0.481203213692
18.06 0 0.481203213692
18.07 0 0.485299678918
18.08 0 0.488567642045
18.09 0 0.491116798668
18.1 0 0.491570845194
18.11 0 0.492568282083
18.12 0 0.498309742332
18.13 0 0.498739494938
18.14 0 0.499896801983
18.15 0 0.49950909066
18.16 0 0.497634051375
18.17 0 0.4972159144
18.18 0 0.497931446385
18.19 0 0.498029411413
18.2 0 0.497522874118
18.21 0 0.498078481995
18.22 0 0.498642257118
18.23 0 0.498642257118
18.24 0 0.498005096878
18.25 0 0.497520478775
18.26 0 0.497428085502
18.27 0 0.496119255178
18.28 0 0.493996210251
18.29 0 0.492666227503
18.3 0 0.491722229714
18.31 0 0.490812179342
18.32 0 0.491327166255
18.33 0 0.491838958029
18.34 0 0.492403492838
18.35 0 0.492713349626
18.36 0 0.492248767915
18.37 0 0.492248767915
18.38 0 0.491723608605
18.39 0 0.492046852247
18.4 0 0.492140546388
18.41 0 0.491722156118
18.42 0 0.491119272038
18.43 0 0.491119272038
18.44 0 0.491119272038
18.45 0 0.490171628283
18.46 0 0.490074697596
18.47 0 0.490286930655
18.48 0 0.490286930655
18.49 0 0.491813920587
18.5 0 0.492789421803
18.51 0 0.494085945697
18.52 0 0.495600272286
18.53 0 0.496021680742
18.54 0 0.49661475004
18.55 0 0.496903886949
18.56 0 0.498192661713
18.57 0 0.499007722207
18.58 0 0.499953341
18.59 0 0.501383571942
18.6 0 0.501852810757
18.61 0 0.503820635999
18.62 0 0.503820635999
18.63 0 0.503820635999
18.64 0 0.505937960749
18.65 0 0.506352547463
18.66 0 0.506931163952
18.67 0 0.508177431009
18.68 0 0.508769541302
18.69 0 0.511260345331
18.7 0 0.511621531178
18.71 0 0.511621531178
18.72 0 0.517549275539
18.73 0 0.523116667104
18.74 0 0.523921053614
18.75 0 0.523987198696
18.76 0 0.523669082249
18.77 0 0.524584076922
18.78 0 0.524584076922
18.79 0 0.524584076922
18.8 0 0.526915886816
18.81 0 0.530097968931
18.82 0 0.530097968931
18.83 0 0.535904553247
18.84 0 0.547759450083
18.85 0 0.548634988387
18.86 0 0.548290667071
18.87 0 0.546795700486
18.88 0 0.550144221247
18.89 0 0.550144221247
18.9 0 0.553364710261
18.91 0 0.553934090699
18.92 0 0.553934090699
18.93 0 0.55687152162
18.94 0 0.557646258872
18.95 0 0.559154032195
18.96 0 0.55954259059
18.97 0 0.559667519116
18.98 0 0.559643103008
18.99 0 0.559643103008
19.0 0 0.559643103008
19.01 0 0.555759417913
19.02 0 0.554980071758
19.03 0 0.554980071758
19.04 0 0.554980071758
19.05 0 0.551519498414
19.06 0 0.550550162254
19.07 0 0.550550162254
19.08 0 0.549641452596
19.09 0 0.548418534876
19.1 0 0.5475575736
19.11 0 0.548384663844
19.12 0 0.548751499033
19.13 0 0.549346706475
19.14 0 0.549512871306
19.15 0 0.549092475663
19.16 0 0.547451045522
19.17 0 0.545007906556
19.18 0 0.54388659361
19.19 0 0.542786280852
19.2 0 0.542786280852
19.21 0 0.541817380818
19.22 0 0.540340690555
19.23 0 0.540340690555
19.24 0 0.535694482826
19.25 0 0.535694482826
19.26 0 0.535694482826
19.27 0 0.533481650287
19.28 0 0.531604698902
19.29 0 0.531538456031
19.3 0 0.53339386212
19.31 0 0.535033150345
19.32 0 0.536298506877
19.33 0 0.536420145335
19.34 0 0.536420145335
19.35 0 0.536420145335
19.36 0 0.537564990527
19.37 0 0.537564990527
19.38 0 0.538520350036
19.39 0 0.538005014328
19.4 0 0.539397313694
19.41 0 0.539653847963
19.42 0 0.540386769915
19.43 0 0.541095656756
19.44 0 0.543539923357
19.45 0 0.546016120316
19.46 0 0.546846678164
19.47 0 0.548148523038
19.48 0 0.548148523038
19.49 0 0.550542663
19.5 0 0.550542663
19.51 0 0.555061268155
19.52 0 0.557737108974
19.53 0 0.557452727231
19.54 0 0.557452727231
19.55 0 0.558267431426
19.56 0 0.561137601045
19.57 0 0.561071930074
19.58 0 0.562557840413
19.59 0 0.562557840413
19.6 0 0.562557840413
19.61 0 0.560396119698
19.62 0 0.561841715571
19.63 0 0.569859708683
19.64 0 0.570058016249
19.65 0 0.570260881844
19.66 0 0.570260881844
19.67 0 0.570260881844
19.68 0 0.577887871172
19.69 0 0.58168223356
19.7 0 0.581585843924
19.71 0 0.585201749042
19.72 0 0.589432334229
19.73 0 0.589886216907
19.74 0 0.591971930087
19.75 0 0.592278748671
19.76 0 0.594618644601
19.77 0 0.594952327441
19.78 0 0.594353600502
19.79 0 0.594353600502
19.8 0 0.593587980137
19.81 0 0.591895615925
19.82 0 0.590865883154
19.83 0 0.5894081905
19.84 0 0.586580905395
19.85 0 0.581961722838
19.86 0 0.580237201142
19.87 0 0.580055009438
19.88 0 0.578409084124
19.89 0 0.578409084124
19.9 0 0.578679667003
19.91 0 0.578631892446
19.92 0 0.578799770235
19.93 0 0.578900528447
19.94 0 0.578720174535
19.95 0 0.578108312981
19.96 0 0.577078264257
19.97 0 0.575976819486
19.98 0 0.575976819486
19.99 0 0.573889340033
20.0 0 0.573134597808
20.01 0 0.572752828141
20.02 0 0.572916215926
20.03 0 0.572294946697
20.04 0 0.571483603685
20.05 0 0.572579467232
20.06 0 0.574554604749
20.07 0 0.575585210412
20.08 0 0.577872287423
20.09 0 0.579767457919
20.1 0 0.579767457919
20.11 0 0.581822777166
20.12 0 0.581339778683
20.13 0 0.582105567223
20.14 0 0.581978498127
20.15 0 0.581712805599
20.16 0 0.581712805599
20.17 0 0.581712805599
20.18 0 0.58429305013
20.19 0 0.588710133978
20.2 0 0.590800178425
20.21 0 0.591073949468
20.22 0 0.590995740744
20.23 0 0.591610409872
20.24 0 0.592130624006
20.25 0 0.59254873559
20.26 0 0.59406627696
20.27 0 0.595143301934
20.28 0 0.596932799328
20.29 0 0.596932799328
20.3 0 0.600124699072
20.31 0 0.600124699072
20.32 0 0.599976183961
20.33 0 0.599797398907
20.34 0 0.601643705583
20.35 0 0.601639953368
20.36 0 0.602100118981
20.37 0 0.601744702497
20.38 0 0.601581276094
20.39 0 0.601204355107
20.4 0 0.60205332186
20.41 0 0.602802061676
20.42 0 0.603222411363
20.43 0 0.598506843816
20.44 0 0.605163717136
20.45 0 0.605163717136
20.46 0 0.60723503708
20.47 0 0.611271201387
20.48 0 0.615587535032
20.49 0 0.615587535032
20.5 0 0.615587535032
20.51 0 0.615587535032
20.52 0 0.626209998695
20.53 0 0.627505076798
20.54 0 0.627732511101
20.55 0 0.628891393185
20.56 0 0.628492856489
20.57 0 0.627344195828
20.58 0 0.625886235781
20.59 0 0.625886235781
20.6 0 0.625886235781
20.61 0 0.623686613405
20.62 0 0.621676063782
20.63 0 0.6206830728
20.64 0 0.61943807502
20.65 0 0.617977583466
20.66 0 0.617774491159
20.67 0 0.617774491159
20.68 0 0.618515933031
20.69 0 0.618515933031
20.7 0 0.618515933031
20.71 0 0.61867791868
20.72 0 0.618746346012
20.73 0 0.618746346012
20.74 0 0.618746346012
20.75 0 0.619632792245
20.76 0 0.618877544168
20.77 0 0.618348605732
20.78 0 0.613572332578
20.79 0 0.612198231117
20.8 0 0.611728577628
20.81 0 0.610446630302
20.82 0 0.608712617787
20.83 0 0.608826915377
20.84 0 0.608826915377
20.85 0 0.608175594567
20.86 0 0.608103778571
20.87 0 0.607295615092
20.88 0 0.607295615092
20.89 0 0.607295615092
20.9 0 0.607295615092
20.91 0 0.610933937556
20.92 0 0.611272640249
20.93 0 0.612464129043
20.94 0 0.612464129043
20.95 0 0.613073079767
20.96 0 0.613321735132
20.97 0 0.616730308798
20.98 0 0.617579651126
20.99 0 0.617761621304
21.0 0 0.619984119992
21.01 0 0.620558492662
21.02 0 0.620157078634
21.03 0 0.621853437201
21.04 0 0.621364090502
21.05 0 0.621364090502
21.06 0 0.621364090502
21.07 0 0.625947890069
21.08 0 0.630167144815
21.09 0 0.631163067563
21.1 0 0.630824494993
21.11 0 0.630824494993
21.12 0 0.630824494993
21.13 0 0.632287672931
21.14 0 0.634684877013
21.15 0 0.635055591828
21.16 0 0.635055591828
21.17 0 0.635055591828
21.18 0 0.637608536869
21.19 0 0.637608536869
21.2 0 0.637608536869
21.21 0 0.643441015715
21.22 0 0.643525712644
21.23 0 0.645211423584
21.24 0 0.644937927276
21.25 0 0.643277051467
21.26 0 0.644370356644
21.27 0 0.644732479011
21.28 0 0.644732479011
21.29 0 0.650034968112
21.3 0 0.655678111374
21.31 0 0.655892138749
21.32 0 0.655913675364
21.33 0 0.655913675364
21.34 0 0.655980448764
21.35 0 0.655104266341
21.36 0 0.655800064573
21.37 0 0.65628853485
21.38 0 0.656948120385
21.39 0 0.656948120385
21.4 0 0.658349463116
21.41 0 0.658312459006
21.42 0 0.656949154682
21.43 0 0.658156614596
21.44 0 0.654721027237
21.45 0 0.652969370415
21.46 0 0.651362761261
21.47 0 0.649577328819
21.48 0 0.650598790298
21.49 0 0.651031983312
21.5 0 0.650745096024
21.51 0 0.650306829007
21.52 0 0.649427472804
21.53 0 0.649021534387
21.54 0 0.648808358225
21.55 0 0.647860644641
21.56 0 0.647586529127
21.57 0 0.647691002496
21.58 0 0.647451718502
21.59 0 0.64747452519
21.6 0 0.64747452519
21.61 0 0.646681932859
21.62 0 0.645839539883
21.63 0 0.645598740366
21.64 0 0.645812435776
21.65 0 0.645812435776
21.66 0 0.645812435776
21.67 0 0.647813885157
21.68 0 0.647813885157
21.69 0 0.647813885157
21.7 0 0.649157932584
21.71 0 0.650403105537
21.72 0 0.653512730023
21.73 0 0.654742674843
21.74 0 0.656607445987
21.75 0 0.659201893314
21.76 0 0.66166943332
21.77 0 0.66166943332
21.78 0 0.66166943332
21.79 0 0.663368422057
21.8 0 0.663992335413
21.81 0 0.664043435329
21.82 0 0.664823889857
21.83 0 0.665782772548
21.84 0 0.66770763681
21.85 0 0.671653510605
21.86 0 0.673533968885
21.87 0 0.673533968885
21.88 0 0.673533968885
21.89 0 0.674135044017
21.9 0 0.674370202448
21.91 0 0.675711383066
21.92 0 0.675768562336
21.93 0 0.676178812472
21.94 0 0.675570131314
21.95 0 0.674942958877
21.96 0 0.673719676576
21.97 0 0.672009192142
21.98 0 0.671183092137
21.99 0 0.67228036313
22.0 0 0.67037254955
22.01 0 0.677391980996
22.02 0 0.677007768147
22.03 0 0.684873601421
22.04 0 0.683876295866
22.05 0 0.686642649064
22.06 0 0.688193444495
22.07 0 0.692844133964
22.08 0 0.696367160451
22.09 0 0.698370018811
22.1 0 0.698370018811
22.11 0 0.698511368812
22.12 0 0.698511368812
22.13 0 0.697556585149
22.14 0 0.698243201079
22.15 0 0.698801127135
22.16 0 0.699165509493
22.17 0 0.699545035015
22.18 0 0.700331490366
22.19 0 0.700836617764
22.2 0 0.700836617764
22.21 0 0.6990460572
22.22 0 0.696550488858
22.23 0 0.694632322879
22.24 0 0.693969496074
22.25 0 0.693695089661
22.26 0 0.693770717453
22.27 0 0.693350816214
22.28 0 0.694537510236
22.29 0 0.693570185387
22.3 0 0.693570185387
22.31 0 0.693570185387
22.32 0 0.687156979198
22.33 0 0.685495598969
22.34 0 0.685495598969
22.35 0 0.677639631389
22.36 0 0.672831632989
22.37 0 0.671934301042
22.38 0 0.671934301042
22.39 0 0.667292460166
22.4 0 0.667251992804
22.41 0 0.667251992804
22.42 0 0.667251992804
22.43 0 0.664354448011
22.44 0 0.663965127008
22.45 0 0.663965127008
22.46 0 0.664849774136
22.47 0 0.666544226303
22.48 0 0.667468771963
22.49 0 0.667876283483
22.5 0 0.669267063921
22.51 0 0.669963269201
22.52 0 0.670273048293
22.53 0 0.67244496175
22.54 0 0.675671689331
22.55 0 0.675624605307
22.56 0 0.678152378937
22.57 0 0.679463505416
22.58 0 0.680764987229
22.59 0 0.681376305875
22.6 0 0.681376305875
22.61 0 0.683946463815
22.62 0 0.687128156769
22.63 0 0.687128156769
22.64 0 0.69128739497
22.65 0 0.694700708694
22.66 0 0.694713858963
22.67 0 0.694945268415
22.68 0 0.6961006855
22.69 0 0.695722118835
22.7 0 0.696148042853
22.71 0 0.697062996549
22.72 0 0.695869504387
22.73 0 0.695869504387
22.74 0 0.692451384668
22.75 0 0.693456848572
22.76 0 0.693978685406
22.77 0 0.693978685406
22.78 0 0.700444610733
22.79 0 0.701012422124
22.8 0 0.698117778994
22.81 0 0.698117778994
22.82 0 0.70653803177
22.83 0 0.708537788953
22.84 0 0.708537788953
22.85 0 0.711134461486
22.86 0 0.714713643111
22.87 0 0.718501004898
22.88 0 0.719254476906
22.89 0 0.719971540019
22.9 0 0.721212964077
22.91 0 0.721663442919
22.92 0 0.72162827953
22.93 0 0.721306723586
22.94 0 0.721349724383
22.95 0 0.721791066181
22.96 0 0.72124714071
22.97 0 0.72124714071
22.98 0 0.720488447791
22.99 0 0.715378682643
23.0 0 0.713411526493
23.01 0 0.712305117935
23.02 0 0.711399259767
23.03 0 0.710646632788
23.04 0 0.710028955631
23.05 0 0.711084597845
23.06 0 0.711936809713
23.07 0 0.71100942602
23.08 0 0.710850022417
23.09 0 0.710850022417
23.1 0 0.708642697984
23.11 0 0.706776734381
23.12 0 0.706776734381
23.13 0 0.706776734381
23.14 0 0.704666181032
23.15 0 0.702368680188
23.16 0 0.702300463396
23.17 0 0.702179463991
23.18 0 0.701871080497
23.19 0 0.701349768679
23.2 0 0.702460458246
23.21 0 0.70317590628
23.22 0 0.705176675505
23.23 0 0.706257605798
23.24 0 0.707902033695
23.25 0 0.709116347895
23.26 0 0.710291919762
23.27 0 0.710676844697
23.28 0 0.712059413841
23.29 0 0.712321688963
23.3 0 0.71282753985
23.31 0 0.71282753985
23.32 0 0.71282753985
23.33 0 0.714696617323
23.34 0 0.716115546611
23.35 0 0.715702199387
23.36 0 0.716531010846
23.37 0 0.716531010846
23.38 0 0.716531010846
23.39 0 0.716531010846
23.4 0 0.717738141824
23.41 0 0.723037830449
23.42 0 0.724546778317
23.43 0 0.728617948691
23.44 0 0.730169793536
23.45 0 0.730169793536
23.46 0 0.730169793536
23.47 0 0.730707148446
23.48 0 0.72680930195
23.49 0 0.728685931982
23.5 0 0.728685931982
23.51 0 0.728641965314
23.52 0 0.729521150927
23.53 0 0.728949462284
23.54 0 0.729872593924
23.55 0 0.726878279793
23.56 0 0.726307337764
23.57 0 0.726307337764
23.58 0 0.726307337764
23.59 0 0.726279645166
23.6 0 0.732198262834
23.61 0 0.730422876585
23.62 0 0.736233346981
23.63 0 0.740353425104
23.64 0 0.744390792906
23.65 0 0.746469315724
23.66 0 0.750626670542
23.67 0 0.751224454939
23.68 0 0.751264929148
23.69 0 0.751264929148
23.7 0 0.751336840862
23.71 0 0.749836111697
23.72 0 0.750034476685
23.73 0 0.750879075519
23.74 0 0.750879075519
23.75 0 0.751628620479
23.76 0 0.751321049111
23.77 0 0.749970315148
23.78 0 0.749987214159
23.79 0 0.748676328765
23.8 0 0.74880128239
23.81 0 0.748541416892
23.82 0 0.748541416892
23.83 0 0.746347857629
23.84 0 0.743472650217
23.85 0 0.742998165337
23.86 0 0.742637867841
23.87 0 0.742378607311
23.88 0 0.742378607311
23.89 0 0.739717490647
23.9 0 0.737873592292
23.91 0 0.736594751958
23.92 0 0.734831042223
23.93 0 0.734831042223
23.94 0 0.734272570557
23.95 0 0.734029845012
23.96 0 0.733861569837
23.97 0 0.733861569837
23.98 0 0.733960289035
23.99 0 0.735353761795
24.0 0 0.736021878201
24.01 0 0.738603317028
24.02 0 0.738603317028
24.03 0 0.741238593797
24.04 0 0.742592970582
24.05 0 0.743513050417
24.06 0 0.744110675354
24.07 0 0.743879975704
24.08 0 0.744534639469
24.09 0 0.745518213083
24.1 0 0.745887831362
24.11 0 0.747199296856
24.12 0 0.749764160328
24.13 0 0.749764160328
24.14 0 0.74951413951
24.15 0 0.750109781605
24.16 0 0.750109781605
24.17 0 0.751609797331
24.18 0 0.751532306986
24.19 0 0.751532306986
24.2 0 0.757353701721
24.21 0 0.757285946795
24.22 0 0.759669282532
24.23 0 0.759669282532
24.24 0 0.764307220582
24.25 0 0.76437740175
24.26 0 0.764154446423
24.27 0 0.763161395701
24.28 0 0.761510926312
24.29 0 0.761336298162
24.3 0 0.759647483561
24.31 0 0.758853647988
24.32 0 0.756567657259
24.33 0 0.756063306813
24.34 0 0.753896887856
24.35 0 0.754497418247
24.36 0 0.75692043022
24.37 0 0.758690457217
24.38 0 0.758806521398
24.39 0 0.758806521398
24.4 0 0.758806521398
24.41 0 0.763083697517
24.42 0 0.76523471029
24.43 0 0.770374511056
24.44 0 0.773925368685
24.45 0 0.777833798434
24.46 0 0.777903818559
24.47 0 0.77778529482
24.48 0 0.777455192702
24.49 0 0.776781767762
24.5 0 0.776119062465
24.51 0 0.776402134211
24.52 0 0.77579204514
24.53 0 0.775859598857
24.54 0 0.775706722132
24.55 0 0.775706722132
24.56 0 0.776017412918
24.57 0 0.777132578858
24.58 0 0.776692815453
24.59 0 0.776944883907
24.6 0 0.776944883907
24.61 0 0.774947799745
24.62 0 0.774183022155
24.63 0 0.773853530276
24.64 0 0.774484968571
24.65 0 0.773642196947
24.66 0 0.773909815715
24.67 0 0.77446206883
24.68 0 0.773949484651
24.69 0 0.773571185573
24.7 0 0.773571185573
24.71 0 0.767774133017
24.72 0 0.765386844853
24.73 0 0.762922060839
24.74 0 0.761183756041
24.75 0 0.76021505724
24.76 0 0.7594563101
24.77 0 0.759501724068
24.78 0 0.759652966324
24.79 0 0.759652966324
24.8 0 0.761571101123
24.81 0 0.762522226937
24.82 0 0.763979373684
24.83 0 0.764828126558
24.84 0 0.764884351485
24.85 0 0.76602214747
24.86 0 0.766078302633
24.87 0 0.766596994945
24.88 0 0.768933309782
24.89 0 0.768933309782
24.9 0 0.773814055331
24.91 0 0.774214704927
24.92 0 0.774214704927
24.93 0 0.77600397599
24.94 0 0.776183604608
24.95 0 0.777612814241
24.96 0 0.777620331246
24.97 0 0.777930309731
24.98 0 0.780533356278
24.99 0 0.782191083329
25.0 0 0.784891690219
25.01 0 0.785251277714
25.02 0 0.785684028742
25.03 0 0.785594062649
25.04 0 0.784632129006
25.05 0 0.784776601931
25.06 0 0.785063387609
25.07 0 0.786303502268
25.08 0 0.786045710442
25.09 0 0.785105356194
25.1 0 0.785105356194
25.11 0 0.782903448675
25.12 0 0.780747264397
25.13 0 0.780747264397
25.14 0 0.780747264397
25.15 0 0.783430611598
25.16 0 0.789949416557
25.17 0 0.792187223581
25.18 0 0.790688191521
25.19 0 0.790688191521
25.2 0 0.795074887486
25.21 0 0.80106838661
25.22 0 0.805716021467
25.23 0 0.805716021467
25.24 0 0.805716021467
25.25 0 0.806896925796
25.26 0 0.806608932496
25.27 0 0.805694235848
25.28 0 0.804873649199
25.29 0 0.804697305158
25.3 0 0.806826402461
25.31 0 0.808142077408
25.32 0 0.80805569673
25.33 0 0.80805569673
25.34 0 0.810413188633
25.35 0 0.81034263494
25.36 0 0.810458696692
25.37 0 0.810458696692
25.38 0 0.810458696692
25.39 0 0.808192588603
25.4 0 0.807689258729
25.41 0 0.805882212523
25.42 0 0.805882212523
25.43 0 0.805035759013
25.44 0 0.804545016048
25.45 0 0.804040352991
25.46 0 0.805055501958
25.47 0 0.804659128332
25.48 0 0.804193111351
25.49 0 0.803607735287
25.5 0 0.80364829874
25.51 0 0.804823525237
25.52 0 0.80520676301
25.53 0 0.805358909917
25.54 0 0.80542176367
25.55 0 0.80461255221
25.56 0 0.80461255221
25.57 0 0.804283942118
25.58 0 0.804769122105
25.59 0 0.806450775979
25.6 0 0.809563697268
25.61 0 0.811170341919
25.62 0 0.812875780844
25.63 0 0.812875780844
25.64 0 0.812875780844
25.65 0 0.815199318189
25.66 0 0.816642298489
25.67 0 0.816976413152
25.68 0 0.817319007129
25.69 0 0.818025528794
25.7 0 0.818417807828
25.71 0 0.818072932087
25.72 0 0.818607562411
25.73 0 0.819037465205
25.74 0 0.819037465205
25.75 0 0.819852766765
25.76 0 0.820802394636
25.77 0 0.82054622551
25.78 0 0.822467998869
25.79 0 0.826104745863
25.8 0 0.826562328795
25.81 0 0.825779826274
25.82 0 0.825913025122
25.83 0 0.825807475622
25.84 0 0.825405528271
25.85 0 0.822406993751
25.86 0 0.820246798373
25.87 0 0.820753977387
25.88 0 0.819795945504
25.89 0 0.819795945504
25.9 0 0.820032645812
25.91 0 0.82132426224
25.92 0 0.823573975773
25.93 0 0.828456590718
25.94 0 0.828456590718
25.95 0 0.834073675852
25.96 0 0.837367529725
25.97 0 0.839470892968
25.98 0 0.840294578084
25.99 0 0.841065416453
26.0 0 0.841065416453
26.01 0 0.84457742523
26.02 0 0.844834936634
26.03 0 0.845272720231
26.04 0 0.845272720231
26.05 0 0.845000937556
26.06 0 0.843636961437
26.07 0 0.842762902253
26.08 0 0.84327516504
26.09 0 0.84327516504
26.1 0 0.844438909586
26.11 0 0.844577119026
26.12 0 0.844147130247
26.13 0 0.843581324623
26.14 0 0.845429206693
26.15 0 0.845429206693
26.16 0 0.847970872405
26.17 0 0.8454264458
26.18 0 0.841089920965
26.19 0 0.83745562242
26.2 0 0.836835916319
26.21 0 0.836330045315
26.22 0 0.837045142709
26.23 0 0.838218640581
26.24 0 0.839586767298
26.25 0 0.838549072683
26.26 0 0.838071594373
26.27 0 0.837281096823
26.28 0 0.83637274026
26.29 0 0.83576837578
26.3 0 0.835548639247
26.31 0 0.835265910023
26.32 0 0.835315771321
26.33 0 0.835171266241
26.34 0 0.835171266241
26.35 0 0.835171266241
26.36 0 0.836673532985
26.37 0 0.836673532985
26.38 0 0.839206062081
26.39 0 0.840506728361
26.4 0 0.84109277234
26.41 0 0.842071400932
26.42 0 0.842997267065
26.43 0 0.843237427662
26.44 0 0.843852147252
26.45 0 0.845087906091
26.46 0 0.845087906091
26.47 0 0.845087906091
26.48 0 0.846151570203
26.49 0 0.848871764886
26.5 0 0.849718203463
26.51 0 0.848326052681
26.52 0 0.848326052681
26.53 0 0.848326052681
26.54 0 0.850206991904
26.55 0 0.850212529162
26.56 0 0.852341571094
26.57 0 0.852747683676
26.58 0 0.852747683676
26.59 0 0.8538770998
26.6 0 0.853838151295
26.61 0 0.854067016563
26.62 0 0.853729857604
26.63 0 0.853884823289
26.64 0 0.854433873761
26.65 0 0.854195104279
26.66 0 0.854195104279
26.67 0 0.854195104279
26.68 0 0.851201480934
26.69 0 0.853302520373
26.7 0 0.853302520373
26.71 0 0.852122012678
26.72 0 0.852122012678
26.73 0 0.856879940907
26.74 0 0.854230094924
26.75 0 0.863400238945
26.76 0 0.864471356706
26.77 0 0.865846271152
26.78 0 0.865846271152
26.79 0 0.868036061463
26.8 0 0.87192239602
26.81 0 0.87582776561
26.82 0 0.87833780893
26.83 0 0.878486409798
26.84 0 0.878098463718
26.85 0 0.878098463718
26.86 0 0.878098463718
26.87 0 0.877008769516
26.88 0 0.878394620067
26.89 0 0.878394620067
26.9 0 0.878394620067
26.91 0 0.877475816641
26.92 0 0.876355414269
26.93 0 0.876568611379
26.94 0 0.876344428201
26.95 0 0.873264587421
26.96 0 0.873656376163
26.97 0 0.872256627782
26.98 0 0.871556726598
26.99 0 0.871556726598
27.0 0 0.871556726598
27.01 0 0.871556726598
27.02 0 0.870415437791
27.03 0 0.868547673361
27.04 0 0.867693728112
27.05 0 0.864919908195
27.06 0 0.863498633261
27.07 0 0.862271020423
27.08 0 0.861906907911
27.09 0 0.861906907911
27.1 0 0.861317968374
27.11 0 0.861329527432
27.12 0 0.861329527432
27.13 0 0.861329527432
27.14 0 0.862464449157
27.15 0 0.864245991403
27.16 0 0.866263340035
27.17 0 0.867806071718
27.18 0 0.867838226809
27.19 0 0.868005641038
27.2 0 0.870488080662
27.21 0 0.871037985301
27.22 0 0.871977281935
27.23 0 0.871977281935
27.24 0 0.871977281935
27.25 0 0.875901449112
27.26 0 0.875901449112
27.27 0 0.877674938115
27.28 0 0.88102858499
27.29 0 0.881655028436
27.3 0 0.881655028436
27.31 0 0.882603849922
27.32 0 0.883778788152
27.33 0 0.885730306795
27.34 0 0.886414628718
27.35 0 0.886414628718
27.36 0 0.890278053728
27.37 0 0.893302625882
27.38 0 0.894080227215
27.39 0 0.896049462095
27.4 0 0.896049462095
27.41 0 0.895251122887
27.42 0 0.890962713495
27.43 0 0.892698962984
27.44 0 0.889598243129
27.45 0 0.885857430551
27.46 0 0.884325851395
27.47 0 0.884267501109
27.48 0 0.881463977325
27.49 0 0.88436092164
27.5 0 0.888696869605
27.51 0 0.888696869605
27.52 0 0.896411582049
27.53 0 0.89902690622
27.54 0 0.904244642742
27.55 0 0.905162198325
27.56 0 0.908902374319
27.57 0 0.912548835568
27.58 0 0.916779874661
27.59 0 0.918713636566
27.6 0 0.919931660397
27.61 0 0.917944418015
27.62 0 0.917897315392
27.63 0 0.917114913186
27.64 0 0.915201457016
27.65 0 0.91538279761
27.66 0 0.915946697257
27.67 0 0.916436404886
27.68 0 0.916436404886
27.69 0 0.916843642602
27.7 0 0.916257951321
27.71 0 0.91665353391
27.72 0 0.91704255506
27.73 0 0.916564615339
27.74 0 0.914115800501
27.75 0 0.912063182677
27.76 0 0.911582892449
27.77 0 0.910369095722
27.78 0 0.910369095722
27.79 0 0.910555889676
27.8 0 0.911720617258
27.81 0 0.911499101223
27.82 0 0.909728352391
27.83 0 0.909728352391
27.84 0 0.909728352391
27.85 0 0.908375577937
27.86 0 0.905959071534
27.87 0 0.905959071534
27.88 0 0.905010058042
27.89 0 0.903277952253
27.9 0 0.900136257859
27.91 0 0.900916714445
27.92 0 0.900902129604
27.93 0 0.902859277472
27.94 0 0.902859277472
27.95 0 0.903455067277
27.96 0 0.905619731064
27.97 0 0.906356257621
27.98 0 0.906356257621
27.99 0 0.906356257621
28.0 0 0.907010971905
28.01 0 0.907209504028
28.02 0 0.908482606125
28.03 0 0.909003023139
28.04 0 0.909503878701
28.05 0 0.909407592573
28.06 0 0.909016151274
28.07 0 0.908669935003
28.08 0 0.908811184229
28.09 0 0.909012449745
28.1 0 0.913756475914
28.11 0 0.914407023146
28.12 0 0.914874471354
28.13 0 0.91530567905
28.14 0 0.91530567905
28.15 0 0.921331383461
28.16 0 0.921329824037
28.17 0 0.922143447168
28.18 0 0.921040057007
28.19 0 0.917712062214
28.2 0 0.917712062214
28.21 0 0.914953784113
28.22 0 0.915949762785
28.23 0 0.91463723028
28.24 0 0.91441946197
28.25 0 0.914188925261
28.26 0 0.910241613056
28.27 0 0.913225349343
28.28 0 0.91467995825
28.29 0 0.91467995825
28.3 0 0.91467995825
28.31 0 0.922528137294
28.32 0 0.925760993242
28.33 0 0.930535514428
28.34 0 0.930535514428
28.35 0 0.930535514428
28.36 0 0.938737443031
28.37 0 0.941458706308
28.38 0 0.940098369459
28.39 0 0.940785313955
28.4 0 0.941878657416
28.41 0 0.94172579298
28.42 0 0.941450932097
28.43 0 0.940811466577
28.44 0 0.940593984351
28.45 0 0.939163443828
28.46 0 0.939097658688
28.47 0 0.939076218059
28.48 0 0.939076218059
28.49 0 0.937346920385
28.5 0 0.934504923707
28.51 0 0.928166953168
28.52 0 0.926311224833
28.53 0 0.925439738531
28.54 0 0.925043397323
28.55 0 0.925838027215
28.56 0 0.926123167487
28.57 0 0.926423179039
28.58 0 0.925982613043
28.59 0 0.925102279601
28.6 0 0.924494171788
28.61 0 0.92351087612
28.62 0 0.92316847158
28.63 0 0.922790699549
28.64 0 0.922053251591
28.65 0 0.921753394457
28.66 0 0.917109278663
28.67 0 0.915954528467
28.68 0 0.916015729056
28.69 0 0.91564877047
28.7 0 0.916729577917
28.71 0 0.918467746271
28.72 0 0.920434098223
28.73 0 0.921846790133
28.74 0 0.924896450626
28.75 0 0.925464611575
28.76 0 0.926230750398
28.77 0 0.92860520817
28.78 0 0.930654279452
28.79 0 0.931023131102
28.8 0 0.931023131102
28.81 0 0.934846069281
28.82 0 0.937187847914
28.83 0 0.939786464749
28.84 0 0.939786464749
28.85 0 0.942926253445
28.86 0 0.943856138957
28.87 0 0.943856138957
28.88 0 0.943224259851
28.89 0 0.9429700782
28.9 0 0.9429700782
28.91 0 0.9429700782
28.92 0 0.947742424828
28.93 0 0.947742424828
28.94 0 0.950784447193
28.95 0 0.950475019624
28.96 0 0.950575969781
28.97 0 0.950330142447
28.98 0 0.949852470146
28.99 0 0.949041515899
29.0 0 0.947437575294
29.01 0 0.947563009023
29.02 0 0.947925244137
29.03 0 0.949610652778
29.04 0 0.948467160356
29.05 0 0.951942570089
29.06 0 0.950683202406
29.07 0 0.950683202406
29.08 0 0.950683202406
29.09 0 0.953510350511
29.1 0 0.957983545136
29.11 0 0.958997976609
29.12 0 0.959248972294
29.13 0 0.962308751778
29.14 0 0.966704506827
29.15 0 0.968898169365
29.16 0 0.971155133932
29.17 0 0.971764061306
29.18 0 0.97407524713
29.19 0 0.974399175581
29.2 0 0.973757059897
29.21 0 0.973275444939
29.22 0 0.972572841482
29.23 0 0.971707051033
29.24 0 0.972317637625
29.25 0 0.972592911453
29.26 0 0.972385716127
29.27 0 0.971886203433
29.28 0 0.97343027394
29.29 0 0.97394158463
29.3 0 0.974092995943
29.31 0 0.974769363671
29.32 0 0.97538453879
29.33 0 0.973365784513
29.34 0 0.972738876472
29.35 0 0.972718451501
29.36 0 0.972718451501
29.37 0 0.969437907851
29.38 0 0.966306219184
29.39 0 0.963786580005
29.4 0 0.962506668327
29.41 0 0.959604194951
29.42 0 0.958939597287
29.43 0 0.958625065488
29.44 0 0.958625065488
29.45 0 0.956983840474
29.46 0 0.954486670751
29.47 0 0.953503224629
29.48 0 0.953503224629
29.49 0 0.953503224629
29.5 0 0.954158980785
29.51 0 0.955049858904
29.52 0 0.95684225365
29.53 0 0.957967324359
29.54 0 0.958393895438
29.55 0 0.958393895438
29.56 0 0.960666049207
29.57 0 0.962005771918
29.58 0 0.962633595074
29.59 0 0.964826164456
29.6 0 0.967046999547
29.61 0 0.967322252576
29.62 0 0.967322252576
29.63 0 0.971151104999
29.64 0 0.971111774069
29.65 0 0.970841059668
29.66 0 0.970157673059
29.67 0 0.971011070019
29.68 0 0.973148900083
29.69 0 0.973324980371
29.7 0 0.974375893973
29.71 0 0.978357603435
29.72 0 0.978357603435
29.73 0 0.980763041658
29.74 0 0.980890539258
29.75 0 0.981405122587
29.76 0 0.981800166245
29.77 0 0.981800166245
29.78 0 0.980522622439
29.79 0 0.97988200306
29.8 0 0.97988200306
29.81 0 0.981453981014
29.82 0 0.981112091282
29.83 0 0.983545334129
29.84 0 0.985440267153
29.85 0 0.984445022415
29.86 0 0.981122912459
29.87 0 0.983984500602
29.88 0 0.985594364189
29.89 0 0.992586513226
29.9 0 0.993129286861
29.91 0 0.993129286861
29.92 0 0.993129286861
29.93 0 0.998275734009
29.94 0 1.00152452544
29.95 0 1.00333621553
29.96 0 1.00279769459
29.97 0 1.00242898426
29.98 0 1.00242898426
29.99 0 1.00206971186
30.0 0 1.00107553446
30.01 0 1.0009178571
30.02 0 1.00120374518
30.03 0 1.00146180014
30.04 0 1.0009162299
30.05 0 1.00331967724
30.06 0 1.00417092064
30.07 0 1.0042328766
30.08 0 1.00319835905
30.09 0 1.00274732221
30.1 0 1.00274732221
30.11 0 1.00274732221
30.12 0 0.999220040734
30.13 0 0.998117758204
30.14 0 0.995813680371
30.15 0 0.995014724664
30.16 0 0.995014724664
30.17 0 0.995014724664
30.18 0 0.99521248662
30.19 0 0.995021919292
30.2 0 0.994341614012
30.21 0 0.991738181332
30.22 0 0.990304606032
30.23 0 0.989860505399
30.24 0 0.988848001922
30.25 0 0.987941999287
30.26 0 0.987291760946
30.27 0 0.987262590083
30.28 0 0.986649180799
30.29 0 0.987652880388
30.3 0 0.987652880388
30.31 0 0.98875555103
30.32 0 0.992214347642
30.33 0 0.993702389242
30.34 0 0.994307334652
30.35 0 0.994307334652
30.36 0 0.995568039244
30.37 0 0.995944479074
30.38 0 0.996666319244
30.39 0 0.996666319244
30.4 0 0.99975336881
30.41 0 1.00131093653
30.42 0 1.00156989695
30.43 0 1.00241665247
30.44 0 1.00396761561
30.45 0 1.00396761561
30.46 0 1.00427459652
30.47 0 1.00427459652
30.48 0 1.00453238594
30.49 0 1.0072146583
30.5 0 1.01125060118
30.51 0 1.01097419486
30.52 0 1.01108426811
30.53 0 1.01080115028
30.54 0 1.01059430753
30.55 0 1.00957503257
30.56 0 1.00956323498
30.57 0 1.00910422025
30.58 0 1.00910422025
30.59 0 1.00910422025
30.6 0 1.00951909476
30.61 0 1.00951909476
30.62 0 1.01300957235
30.63 0 1.00404262536
30.64 0 1.01495365982
30.65 0 1.02758349754
30.66 0 1.02758349754
30.67 0 1.03158138888
30.68 0 1.03102317231
30.69 0 1.0269806489
30.7 0 1.02989605225
30.71 0 1.0301524707
30.72 0 1.03052028344
30.73 0 1.0316190051
30.74 0 1.03523088321
30.75 0 1.03542353776
30.76 0 1.03702872939
30.77 0 1.03663623251
30.78 0 1.03534421721
30.79 0 1.03509282714
30.8 0 1.03509282714
30.81 0 1.03530614857
30.82 0 1.03530614857
30.83 0 1.0348648931
30.84 0 1.03355096353
30.85 0 1.03207824838
30.86 0 1.03201108781
30.87 0 1.03089483783
30.88 0 1.03081983064
30.89 0 1.03141551034
30.9 0 1.03141551034
30.91 0 1.03017040354
30.92 0 1.02715847228
30.93 0 1.02587208437
30.94 0 1.02434907394
30.95 0 1.02434907394
30.96 0 1.02127199264
30.97 0 1.02029140881
30.98 0 1.0170241099
30.99 0 1.01377644605
31.0 0 1.01194380185
31.01 0 1.00979982011
31.02 0 1.00973626258
31.03 0 1.00971018333
31.04 0 1.00971018333
31.05 0 1.0097892781
31.06 0 1.01222365331
31.07 0 1.01499340055
31.08 0 1.01925877096
31.09 0 1.02042883515
31.1 0 1.02071317444
31.11 0 1.02140184042
31.12 0 1.02140184042
31.13 0 1.02367307175
31.14 0 1.0245802357
31.15 0 1.02559581843
31.16 0 1.02863122413
31.17 0 1.03086586263
31.18 0 1.03255969144
31.19 0 1.03315847994
31.2 0 1.03315847994
31.21 0 1.034959237
31.22 0 1.0353516781
31.23 0 1.03626104157
31.24 0 1.03625516512
31.25 0 1.03661235484
31.26 0 1.03569331377
31.27 0 1.0370883374
31.28 0 1.03960740236
31.29 0 1.04288530762
31.3 0 1.04374090087
31.31 0 1.04404224299
31.32 0 1.04408662831
31.33 0 1.04408662831
31.34 0 1.04253593202
31.35 0 1.04047316896
31.36 0 1.03994664018
31.37 0 1.04424221172
31.38 0 1.04485958897
31.39 0 1.04485958897
31.4 0 1.04485958897
31.41 0 1.04907959134
31.42 0 1.04636739476
31.43 0 1.04706237322
31.44 0 1.05305870314
31.45 0 1.05432505891
31.46 0 1.05432505891
31.47 0 1.05595001673
31.48 0 1.05952752123
31.49 0 1.06341920498
31.5 0 1.06402273485
31.51 0 1.06911982503
31.52 0 1.07250435361
31.53 0 1.07295036888
31.54 0 1.07295036888
31.55 0 1.07295036888
31.56 0 1.07240426098
31.57 0 1.07066810543
31.58 0 1.07017393296
31.59 0 1.07017393296
31.6 0 1.0701822833
31.61 0 1.07049371651
31.62 0 1.07049371651
31.63 0 1.07119295972
31.64 0 1.07128849299
31.65 0 1.07128849299
31.66 0 1.07128849299
31.67 0 1.06598281873
31.68 0 1.06477912692
31.69 0 1.06346543825
31.7 0 1.06282621225
31.71 0 1.06268481454
31.72 0 1.06197929875
31.73 0 1.06061537537
31.74 0 1.06061537537
31.75 0 1.05756218224
31.76 0 1.05636202755
31.77 0 1.05552934119
31.78 0 1.05502481093
31.79 0 1.05502481093
31.8 0 1.04972142535
31.81 0 1.04598846662
31.82 0 1.04581743526
31.83 0 1.04752587894
31.84 0 1.04881364244
31.85 0 1.04881364244
31.86 0 1.04881364244
31.87 0 1.05038121279
31.88 0 1.05074337454
31.89 0 1.05115192872
31.9 0 1.05304891233
31.91 0 1.05395927533
31.92 0 1.05479340795
31.93 0 1.05543681814
31.94 0 1.05543681814
31.95 0 1.05738771043
31.96 0 1.05807827505
31.97 0 1.05903257966
31.98 0 1.05973126228
31.99 0 1.05973126228
32.0 0 1.06018677223
32.01 0 1.05892576527
32.02 0 1.05892576527
32.03 0 1.05983041233
32.04 0 1.06186864631
32.05 0 1.0620641912
32.06 0 1.0620641912
32.07 0 1.06804883695
32.08 0 1.06886333474
32.09 0 1.06943354032
32.1 0 1.06943354032
32.11 0 1.06846862701
32.12 0 1.06714574365
32.13 0 1.06714574365
32.14 0 1.06391197164
32.15 0 1.06460180053
32.16 0 1.06460180053
32.17 0 1.06592954316
32.18 0 1.0650169142
32.19 0 1.0650169142
32.2 0 1.0650169142
32.21 0 1.07391049989
32.22 0 1.07649072037
32.23 0 1.07649072037
32.24 0 1.07963503257
32.25 0 1.07795999358
32.26 0 1.07795999358
32.27 0 1.08380265235
32.28 0 1.08729232708
32.29 0 1.08975450984
32.3 0 1.09250367577
32.31 0 1.09428257238
32.32 0 1.09510872424
32.33 0 1.09398034936
32.34 0 1.09373959023
32.35 0 1.09373959023
32.36 0 1.09373959023
32.37 0 1.09106872646
32.38 0 1.09109960944
32.39 0 1.09198838626
32.4 0 1.09285582832
32.41 0 1.09206502657
32.42 0 1.09089773331
32.43 0 1.09089773331
32.44 0 1.09089773331
32.45 0 1.09278869245
32.46 0 1.09274872141
32.47 0 1.09273359175
32.48 0 1.09013799523
32.49 0 1.09012004483
32.5 0 1.0890654056
32.51 0 1.08742307128
32.52 0 1.08590307928
32.53 0 1.08524312999
32.54 0 1.08410056788
32.55 0 1.08410056788
32.56 0 1.08087037866
32.57 0 1.08065749342
32.58 0 1.08036766459
32.59 0 1.08008804539
32.6 0 1.08004942386
32.61 0 1.08011614973
32.62 0 1.07990650279
32.63 0 1.0812672682
32.64 0 1.08273827391
32.65 0 1.08413584763
32.66 0 1.08413584763
32.67 0 1.08587766214
32.68 0 1.08668449339
32.69 0 1.08735536226
32.7 0 1.08765540547
32.71 0 1.08794380808
32.72 0 1.08866686216
32.73 0 1.09113062934
32.74 0 1.09239576924
32.75 0 1.09419614634
32.76 0 1.09419614634
32.77 0 1.09688694159
32.78 0 1.09711392441
32.79 0 1.09776677074
32.8 0 1.09837440355
32.81 0 1.09857839567
32.82 0 1.10065820698
32.83 0 1.10119930693
32.84 0 1.10131489677
32.85 0 1.10085379818
32.86 0 1.10429478865
32.87 0 1.10652804105
32.88 0 1.10599178153
32.89 0 1.10597357157
32.9 0 1.10579794411
32.91 0 1.10274550977
32.92 0 1.09986228465
32.93 0 1.09986228465
32.94 0 1.10147311214
32.95 0 1.10202172869
32.96 0 1.1028090992
32.97 0 1.09786965011
32.98 0 1.0964238776
32.99 0 1.09347741641
33.0 0 1.09347741641
33.01 0 1.09347741641
33.02 0 1.11920309325
33.03 0 1.12044498335
33.04 0 1.12262816499
33.05 0 1.12531512636
33.06 0 1.12531512636
33.07 0 1.1280265067
33.08 0 1.12989766412
33.09 0 1.12989766412
33.1 0 1.12989766412
33.11 0 1.1317422649
33.12 0 1.13206715489
33.13 0 1.13193767749
33.14 0 1.13217100007
33.15 0 1.13232672224
33.16 0 1.13293194182
33.17 0 1.13293194182
33.18 0 1.13405643487
33.19 0 1.13446371332
33.2 0 1.13446371332
33.21 0 1.13446371332
33.22 0 1.13220915369
33.23 0 1.13085369502
33.24 0 1.13085369502
33.25 0 1.13085369502
33.26 0 1.1292554569
33.27 0 1.12693353445
33.28 0 1.12552207343
33.29 0 1.12548057579
33.3 0 1.12532491668
33.31 0 1.12404771225
33.32 0 1.12174359152
33.33 0 1.12011970429
33.34 0 1.11865108261
33.35 0 1.11803102504
33.36 0 1.11738005361
33.37 0 1.11660305605
33.38 0 1.11651150586
33.39 0 1.1161835855
33.4 0 1.11584629437
33.41 0 1.11686548049
33.42 0 1.11721292208
33.43 0 1.11880858273
33.44 0 1.12028563442
33.45 0 1.12150688412
33.46 0 1.12240602694
33.47 0 1.12297825893
33.48 0 1.12414215732
33.49 0 1.12414215732
33.5 0 1.12717589685
33.51 0 1.1304522749
33.52 0 1.13243874739
33.53 0 1.13650977407
33.54 0 1.1374066973
33.55 0 1.13669008242
33.56 0 1.13759309023
33.57 0 1.13953791264
33.58 0 1.14032976868
33.59 0 1.14093992855
33.6 0 1.14093992855
33.61 0 1.14093992855
33.62 0 1.14093992855
33.63 0 1.14525896095
33.64 0 1.14567203684
33.65 0 1.14597141319
33.66 0 1.14597141319
33.67 0 1.14597141319
33.68 0 1.14597141319
33.69 0 1.14835132222
33.7 0 1.1463609978
33.71 0 1.14435132354
33.72 0 1.1435280507
33.73 0 1.14363308813
33.74 0 1.14205070463
33.75 0 1.13951045561
33.76 0 1.13679726378
33.77 0 1.14121606584
33.78 0 1.15027095802
33.79 0 1.15107581396
33.8 0 1.15107581396
33.81 0 1.15473101106
33.82 0 1.15600992532
33.83 0 1.15761098973
33.84 0 1.15834059646
33.85 0 1.1583047298
33.86 0 1.15807663469
33.87 0 1.15813977088
33.88 0 1.16128340844
33.89 0 1.16166147378
33.9 0 1.16473188969
33.91 0 1.16508323748
33.92 0 1.16496350937
33.93 0 1.16329569535
33.94 0 1.1633741993
33.95 0 1.1633741993
33.96 0 1.16480409061
33.97 0 1.16539101723
33.98 0 1.16445153636
33.99 0 1.16208795049
34.0 0 1.16029015613
34.01 0 1.16073431182
34.02 0 1.16073431182
34.03 0 1.1641746458
34.04 0 1.16780944764
34.05 0 1.16923133934
34.06 0 1.16980964091
34.07 0 1.16999020374
34.08 0 1.16977159598
34.09 0 1.16767215386
34.1 0 1.16565786068
34.11 0 1.16524963059
34.12 0 1.16379167629
34.13 0 1.16230929026
34.14 0 1.16175559857
34.15 0 1.15985120094
34.16 0 1.15962980058
34.17 0 1.15962980058
34.18 0 1.15433720166
34.19 0 1.15277274288
34.2 0 1.15277274288
34.21 0 1.15139502578
34.22 0 1.15143389358
34.23 0 1.15143389358
34.24 0 1.15371632344
34.25 0 1.15555718703
34.26 0 1.15830185858
34.27 0 1.15925604209
34.28 0 1.15974252033
34.29 0 1.15975899237
34.3 0 1.15965739518
34.31 0 1.15953052306
34.32 0 1.15872274864
34.33 0 1.15886934794
34.34 0 1.15886934794
34.35 0 1.15886934794
34.36 0 1.15615962107
34.37 0 1.15535314924
34.38 0 1.15535314924
34.39 0 1.15535314924
34.4 0 1.16140980961
34.41 0 1.16203677072
34.42 0 1.16838544057
34.43 0 1.18499981318
34.44 0 1.18429946712
34.45 0 1.18308699755
34.46 0 1.18136168469
34.47 0 1.17818628486
34.48 0 1.17681180822
34.49 0 1.17624262552
34.5 0 1.18017373082
34.51 0 1.18012434933
34.52 0 1.17988698371
34.53 0 1.17924893244
34.54 0 1.17658957017
34.55 0 1.17538078113
34.56 0 1.17078404048
34.57 0 1.17078404048
34.58 0 1.16765346653
34.59 0 1.16565230657
34.6 0 1.16673430705
34.61 0 1.17647051392
34.62 0 1.17647051392
34.63 0 1.18099592834
34.64 0 1.18602111349
34.65 0 1.18602111349
34.66 0 1.18602111349
34.67 0 1.19019125091
34.68 0 1.19019125091
34.69 0 1.1891608641
34.7 0 1.19219414038
34.71 0 1.19219414038
34.72 0 1.18926129859
34.73 0 1.18682261693
34.74 0 1.18652788677
34.75 0 1.18420689124
34.76 0 1.18350941776
34.77 0 1.18350941776
34.78 0 1.18350941776
34.79 0 1.18350941776
34.8 0 1.18553804099
34.81 0 1.18698969563
34.82 0 1.18868425923
34.83 0 1.19263931191
34.84 0 1.192987862
34.85 0 1.1930266891
34.86 0 1.1930266891
34.87 0 1.19119848869
34.88 0 1.19058111188
34.89 0 1.1898727125
34.9 0 1.1898727125
34.91 0 1.18511607751
34.92 0 1.18434579246
34.93 0 1.18434579246
34.94 0 1.18286099886
34.95 0 1.17933641149
34.96 0 1.17749717771
34.97 0 1.17605046909
34.98 0 1.17527592001
34.99 0 1.17497171263
35.0 0 1.17497171263
35.01 0 1.17554091576
35.02 0 1.17660786115
35.03 0 1.17769916394
35.04 0 1.17899862585
35.05 0 1.17966888136
35.06 0 1.17966888136
35.07 0 1.18111033393
35.08 0 1.18100677185
35.09 0 1.18177955785
35.1 0 1.18237947186
35.11 0 1.18276411025
35.12 0 1.18358442506
35.13 0 1.18341145352
35.14 0 1.18335367072
35.15 0 1.18335367072
35.16 0 1.18494858183
35.17 0 1.18796655374
35.18 0 1.18796655374
35.19 0 1.18796655374
35.2 0 1.20054683238
35.21 0 1.20145582786
35.22 0 1.20173321278
35.23 0 1.20173321278
35.24 0 1.20173321278
35.25 0 1.1983841097
35.26 0 1.19533471301
35.27 0 1.19533471301
35.28 0 1.19533471301
35.29 0 1.19484922052
35.3 0 1.19440503284
35.31 0 1.19440503284
35.32 0 1.19355057373
35.33 0 1.18896240183
35.34 0 1.18558666221
35.35 0 1.18634270405
35.36 0 1.18634270405
35.37 0 1.18634270405
35.38 0 1.19193503369
35.39 0 1.19977153034
35.4 0 1.19977153034
35.41 0 1.2060843166
35.42 0 1.21592357186
35.43 0 1.2193660094
35.44 0 1.21884932081
35.45 0 1.21970848287
35.46 0 1.2171044616
35.47 0 1.21606780476
35.48 0 1.2148369056
35.49 0 1.21468205344
35.5 0 1.20867390302
35.51 0 1.2053319331
35.52 0 1.2053319331
35.53 0 1.2053319331
35.54 0 1.20182332629
35.55 0 1.20182332629
35.56 0 1.20182332629
35.57 0 1.21266747797
35.58 0 1.21121200353
35.59 0 1.2105014451
35.6 0 1.2106303853
35.61 0 1.2106303853
35.62 0 1.21238777692
35.63 0 1.21670222627
35.64 0 1.21670222627
35.65 0 1.21870679643
35.66 0 1.21753197345
35.67 0 1.21660448627
35.68 0 1.21603249582
35.69 0 1.21202826959
35.7 0 1.20836992609
35.71 0 1.20495316903
35.72 0 1.20296435035
35.73 0 1.19994668557
35.74 0 1.19843364349
35.75 0 1.19717613985
35.76 0 1.1970716467
35.77 0 1.1970716467
35.78 0 1.19579970511
35.79 0 1.19678067004
35.8 0 1.19739247199
35.81 0 1.19797479514
35.82 0 1.19726031831
35.83 0 1.19708371719
35.84 0 1.19720726979
35.85 0 1.19737791771
35.86 0 1.19737791771
35.87 0 1.19737791771
35.88 0 1.19820236864
35.89 0 1.19807135649
35.9 0 1.19770774078
35.91 0 1.19770774078
35.92 0 1.19761769921
35.93 0 1.19729055818
35.94 0 1.19804234952
35.95 0 1.19827293879
35.96 0 1.19788990204
35.97 0 1.20092766058
35.98 0 1.2014841321
35.99 0 1.20412059435
36.0 0 1.20437417791
36.01 0 1.20613533755
36.02 0 1.20426407915
36.03 0 1.20442524865
36.04 0 1.20350027223
36.05 0 1.20153775557
36.06 0 1.20035825622
36.07 0 1.20035825622
36.08 0 1.20035825622
36.09 0 1.20173963827
36.1 0 1.19952880526
36.11 0 1.19952880526
36.12 0 1.19073242426
36.13 0 1.19335250565
36.14 0 1.19636763848
36.15 0 1.21017468218
36.16 0 1.2131899395
36.17 0 1.21570520963
36.18 0 1.21640204459
36.19 0 1.21745139076
36.2 0 1.21745139076
36.21 0 1.21745139076
36.22 0 1.21933075235
36.23 0 1.22357247489
36.24 0 1.22426983721
36.25 0 1.22584136488
36.26 0 1.22670238489
36.27 0 1.22774442965
36.28 0 1.22774442965
36.29 0 1.22770982585
36.3 0 1.22836487909
36.31 0 1.22916761635
36.32 0 1.22916761635
36.33 0 1.22982070542
36.34 0 1.22966511307
36.35 0 1.22999461295
36.36 0 1.23029645875
36.37 0 1.23014287333
36.38 0 1.22861147386
36.39 0 1.22791840728
36.4 0 1.22610880494
36.41 0 1.22428872591
36.42 0 1.22428872591
36.43 0 1.22350329209
36.44 0 1.22346299116
36.45 0 1.22384016664
36.46 0 1.22263324525
36.47 0 1.22183956906
36.48 0 1.22112130856
36.49 0 1.22065684976
36.5 0 1.22065684976
36.51 0 1.2206585756
36.52 0 1.22053301402
36.53 0 1.22048440704
36.54 0 1.22056693317
36.55 0 1.22056693317
36.56 0 1.22016508176
36.57 0 1.22173512482
36.58 0 1.22571357338
36.59 0 1.22571357338
36.6 0 1.22891836
36.61 0 1.23019254391
36.62 0 1.23036977014
36.63 0 1.23036977014
36.64 0 1.2321113631
36.65 0 1.2321113631
36.66 0 1.23314756174
36.67 0 1.23314756174
36.68 0 1.23314756174
36.69 0 1.23586109944
36.7 0 1.23577413251
36.71 0 1.23630919441
36.72 0 1.23630919441
36.73 0 1.236314377
36.74 0 1.23736502833
36.75 0 1.23736502833
36.76 0 1.23752803396
36.77 0 1.23957007707
36.78 0 1.23957007707
36.79 0 1.24744425345
36.8 0 1.25035643238
36.81 0 1.25184358286
36.82 0 1.25184358286
36.83 0 1.25106976914
36.84 0 1.24900930119
36.85 0 1.24900930119
36.86 0 1.24416031835
36.87 0 1.24298395828
36.88 0 1.23673016622
36.89 0 1.22869112683
36.9 0 1.23809083345
36.91 0 1.24057197687
36.92 0 1.24139365952
36.93 0 1.24980234446
36.94 0 1.25604940235
36.95 0 1.2582399711
36.96 0 1.26223248767
36.97 0 1.2661335514
36.98 0 1.26678609484
36.99 0 1.27181194743
37.0 0 1.27181194743
37.01 0 1.27588987503
37.02 0 1.27653381053
37.03 0 1.278176753
37.04 0 1.27672677476
37.05 0 1.27596303085
37.06 0 1.27596303085
37.07 0 1.27446105715
37.08 0 1.27344430468
37.09 0 1.27256633673
37.1 0 1.27264552367
37.11 0 1.27325635774
37.12 0 1.27322998933
37.13 0 1.27412808612
37.14 0 1.27513891221
37.15 0 1.27513891221
37.16 0 1.27498405503
37.17 0 1.27226849861
37.18 0 1.27226849861
37.19 0 1.26727768823
37.2 0 1.26331902066
37.21 0 1.26199661091
37.22 0 1.26199661091
37.23 0 1.26199661091
37.24 0 1.2611909498
37.25 0 1.25918673376
37.26 0 1.25812451334
37.27 0 1.2568026297
37.28 0 1.2564416639
37.29 0 1.2564416639
37.3 0 1.25533659362
37.31 0 1.25464633268
37.32 0 1.25414856956
37.33 0 1.25272790714
37.34 0 1.25270910804
37.35 0 1.25235155553
37.36 0 1.25316250872
37.37 0 1.25392357244
37.38 0 1.25377538741
37.39 0 1.25440076857
37.4 0 1.25466096286
37.41 0 1.25470096298
37.42 0 1.25496646026
37.43 0 1.25535113204
37.44 0 1.25715911982
37.45 0 1.25715911982
37.46 0 1.25715911982
37.47 0 1.26122360211
37.48 0 1.26122360211
37.49 0 1.26135978558
37.5 0 1.26108069152
37.51 0 1.26108069152
37.52 0 1.26141675795
37.53 0 1.26199862092
37.54 0 1.26299914585
37.55 0 1.26759994799
37.56 0 1.2681132418
37.57 0 1.2681132418
37.58 0 1.27145624636
37.59 0 1.27146690546
37.6 0 1.27146690546
37.61 0 1.27214528084
37.62 0 1.26960908768
37.63 0 1.26960908768
37.64 0 1.26657215543
37.65 0 1.26901333884
37.66 0 1.2701895499
37.67 0 1.27244133905
37.68 0 1.27276956221
37.69 0 1.27276956221
37.7 0 1.27276956221
37.71 0 1.2732186097
37.72 0 1.28042520126
37.73 0 1.28129345247
37.74 0 1.28155912376
37.75 0 1.28339628204
37.76 0 1.28550268061
37.77 0 1.28663776173
37.78 0 1.28819063037
37.79 0 1.28819063037
37.8 0 1.29578270663
37.81 0 1.29806962618
37.82 0 1.29883191646
37.83 0 1.29992951797
37.84 0 1.30034740348
37.85 0 1.30000558588
37.86 0 1.29962992724
37.87 0 1.29962992724
37.88 0 1.29633942933
37.89 0 1.29603404369
37.9 0 1.29662807304
37.91 0 1.29685449908
37.92 0 1.29625479927
37.93 0 1.29509455257
37.94 0 1.29317864205
37.95 0 1.29239865461
37.96 0 1.29169236044
37.97 0 1.29233193711
37.98 0 1.29287738707
37.99 0 1.29392783258
38.0 0 1.29349233026
38.01 0 1.29349233026
38.02 0 1.29331655358
38.03 0 1.29006187117
38.04 0 1.28913482271
38.05 0 1.28804346628
38.06 0 1.28609759551
38.07 0 1.28513192817
38.08 0 1.28455751949
38.09 0 1.28432393779
38.1 0 1.28283343299
38.11 0 1.28164293865
38.12 0 1.28106270908
38.13 0 1.28070285803
38.14 0 1.28233766524
38.15 0 1.28381012562
38.16 0 1.28352264472
38.17 0 1.28466924803
38.18 0 1.28556362104
38.19 0 1.28734499531
38.2 0 1.28781606049
38.21 0 1.2892917528
38.22 0 1.2919287457
38.23 0 1.29238231404
38.24 0 1.29238231404
38.25 0 1.29463434889
38.26 0 1.29802548757
38.27 0 1.29954570706
38.28 0 1.30018784834
38.29 0 1.30018784834
38.3 0 1.30134698083
38.31 0 1.30104181136
38.32 0 1.30104181136
38.33 0 1.30217879838
38.34 0 1.30289243053
38.35 0 1.3041436138
38.36 0 1.30458273505
38.37 0 1.30597559017
38.38 0 1.30601425404
38.39 0 1.30601425404
38.4 0 1.3044249343
38.41 0 1.30348948645
38.42 0 1.29905290868
38.43 0 1.30063257125
38.44 0 1.30063257125
38.45 0 1.30063257125
38.46 0 1.31037126562
38.47 0 1.31048666781
38.48 0 1.30879328855
38.49 0 1.31016276401
38.5 0 1.31016276401
38.51 0 1.31882714623
38.52 0 1.32153147753
38.53 0 1.32242705192
38.54 0 1.32587768974
38.55 0 1.32587768974
38.56 0 1.3356627393
38.57 0 1.33701480585
38.58 0 1.3403122138
38.59 0 1.34143989935
38.6 0 1.34286149637
38.61 0 1.34310712963
38.62 0 1.34238713062
38.63 0 1.34184887147
38.64 0 1.34101468311
38.65 0 1.33895500008
38.66 0 1.33815815447
38.67 0 1.33768094687
38.68 0 1.3353480817
38.69 0 1.3348842751
38.7 0 1.33570027061
38.71 0 1.33615293267
38.72 0 1.33567562612
38.73 0 1.33532595994
38.74 0 1.33487268044
38.75 0 1.33348662935
38.76 0 1.33348662935
38.77 0 1.33348662935
38.78 0 1.33025611745
38.79 0 1.32568638501
38.8 0 1.32575277174
38.81 0 1.3256068671
38.82 0 1.32445148003
38.83 0 1.32305701624
38.84 0 1.32136978456
38.85 0 1.32028056633
38.86 0 1.31960809886
38.87 0 1.31960809886
38.88 0 1.3175234079
38.89 0 1.31662991332
38.9 0 1.31460622384
38.91 0 1.31532010823
38.92 0 1.31691578071
38.93 0 1.31842192842
38.94 0 1.31974590501
38.95 0 1.32080313736
38.96 0 1.32229134591
38.97 0 1.32288075023
38.98 0 1.32363936934
38.99 0 1.32404666723
39.0 0 1.3258236199
