time index height
0.01 0 0.0
0.02 0 0.031732190027
0.03 0 0.031732190027
0.04 0 0.0468518410628
0.05 0 0.0468518410628
0.06 0 0.0468518410628
0.07 0 0.0662684557685
0.08 0 0.0683789784139
0.09 0 0.0693358914277
0.1 0 0.0685909808007
0.11 0 0.0650193201163
0.12 0 0.0532373921693
0.13 0 0.048962425683
0.14 0 0.0403317039765
0.15 0 0.030866028882
0.16 0 0.0290783772932
0.17 0 0.0290176192331
0.18 0 0.0290176192331
0.19 0 0.0296038489485
0.2 0 0.02980771873
0.21 0 0.0305665845487
0.22 0 0.0305665845487
0.23 0 0.0325925471181
0.24 0 0.0331951896262
0.25 0 0.0343750123479
0.26 0 0.036772619191
0.27 0 0.0384441249678
0.28 0 0.0390168576432
0.29 0 0.0397586378676
0.3 0 0.040038335463
0.31 0 0.0415657392355
0.32 0 0.0419188574067
0.33 0 0.0419710587223
0.34 0 0.0413906006547
0.35 0 0.0401232873371
0.36 0 0.0390522394512
0.37 0 0.0390522394512
0.38 0 0.0390522394512
0.39 0 0.0379175189389
0.4 0 0.0378124825142
0.41 0 0.0378124825142
0.42 0 0.0380837098966
0.43 0 0.0378996423979
0.44 0 0.0374186325341
0.45 0 0.0371287019118
0.46 0 0.0368388105263
0.47 0 0.0368388105263
0.48 0 0.0377382328797
0.49 0 0.0376755026361
0.5 0 0.0376632923251
0.51 0 0.0377908918902
0.52 0 0.0380149107604
0.53 0 0.0368895304367
0.54 0 0.0372084885355
0.55 0 0.0385573027374
0.56 0 0.0389186727891
0.57 0 0.0389186727891
0.58 0 0.0389186727891
0.59 0 0.0396010409262
0.6 0 0.0408016642997
0.61 0 0.0408016642997
0.62 0 0.0421383239354
0.63 0 0.041947230531
0.64 0 0.0410280638614
0.65 0 0.040267152099
0.66 0 0.0393437628619
0.67 0 0.0393437628619
0.68 0 0.0390559483549
0.69 0 0.0390681551589
0.7 0 0.0396968072901
0.71 0 0.0403571664886
0.72 0 0.0406265752636
0.73 0 0.0409984237742
0.74 0 0.0410824183251
0.75 0 0.0410191161573
0.76 0 0.0408481179805
0.77 0 0.0408466698359
0.78 0 0.0409025412084
0.79 0 0.0409025412084
0.8 0 0.0410429138835
0.81 0 0.040231809296
0.82 0 0.0388404875658
0.83 0 0.0387511804342
0.84 0 0.0387905309638
0.85 0 0.0393001230528
0.86 0 0.0393001230528
0.87 0 0.0393001230528
0.88 0 0.0401951955453
0.89 0 0.0401951955453
0.9 0 0.0403652962887
0.91 0 0.0402846356843
0.92 0 0.041525388179
0.93 0 0.0437012692851
0.94 0 0.0483181840658
0.95 0 0.0513898262684
0.96 0 0.0513898262684
0.97 0 0.0573461765434
0.98 0 0.0574048518076
0.99 0 0.0579755054642
1.0 0 0.0577471535934
1.01 0 0.0572124752282
1.02 0 0.0559065879449
1.03 0 0.0548252099487
1.04 0 0.0535979060779
1.05 0 0.0532588139109
1.06 0 0.053747821559
1.07 0 0.0542370601444
1.08 0 0.0558912264558
1.09 0 0.0562237980995
1.1 0 0.0572684820457
1.11 0 0.057733756732
1.12 0 0.0576020539711
1.13 0 0.0568353510398
1.14 0 0.0567550018235
1.15 0 0.0564521843109
1.16 0 0.0564521843109
1.17 0 0.0562040882742
1.18 0 0.0558025093839
1.19 0 0.0551691718735
1.2 0 0.0549230579769
1.21 0 0.0552787352529
1.22 0 0.055046824583
1.23 0 0.0544047121623
1.24 0 0.0537540012201
1.25 0 0.0529391918889
1.26 0 0.0528832893404
1.27 0 0.0532909851072
1.28 0 0.0543911768483
1.29 0 0.0544610057344
1.3 0 0.0545102865506
1.31 0 0.0542531900888
1.32 0 0.0534427576515
1.33 0 0.0524668075229
1.34 0 0.0509636776062
1.35 0 0.0501376473956
1.36 0 0.0501376473956
1.37 0 0.04993035797
1.38 0 0.0500836480978
1.39 0 0.050671461158
1.4 0 0.0510620821005
1.41 0 0.0517481764278
1.42 0 0.05222969078
1.43 0 0.05222969078
1.44 0 0.0534126734623
1.45 0 0.0536766931255
1.46 0 0.0539472842387
1.47 0 0.0543472356986
1.48 0 0.0563819032641
1.49 0 0.0568477659622
1.5 0 0.0581993191756
1.51 0 0.0589897504894
1.52 0 0.0598271783718
1.53 0 0.0599499344317
1.54 0 0.0611139621111
1.55 0 0.062015694001
1.56 0 0.0630264743302
1.57 0 0.0648302527912
1.58 0 0.0667407457932
1.59 0 0.0672546075334
1.6 0 0.0704556164584
1.61 0 0.0728560888988
1.62 0 0.0736572889443
1.63 0 0.0743789833779
1.64 0 0.0747221567372
1.65 0 0.0745511081617
1.66 0 0.0743697548465
1.67 0 0.0741267954089
1.68 0 0.0737694142591
1.69 0 0.0731420847429
1.7 0 0.0731420847429
1.71 0 0.0731420847429
1.72 0 0.073376515831
1.73 0 0.0733662900193
1.74 0 0.0732932780982
1.75 0 0.0719994773549
1.76 0 0.0719994773549
1.77 0 0.0728639023844
1.78 0 0.0738348963035
1.79 0 0.0743183014595
1.8 0 0.0743183014595
1.81 0 0.075109726204
1.82 0 0.0751006662896
1.83 0 0.0754186977609
1.84 0 0.0756702417736
1.85 0 0.0759614916778
1.86 0 0.0759614916778
1.87 0 0.0766773714838
1.88 0 0.0771740988472
1.89 0 0.0776455526168
1.9 0 0.0780772863529
1.91 0 0.0788408919875
1.92 0 0.0794095783353
1.93 0 0.0799340576896
1.94 0 0.0824251094619
1.95 0 0.0836137131032
1.96 0 0.0842506807917
1.97 0 0.0842506807917
1.98 0 0.0850878927784
1.99 0 0.0846628768977
2.0 0 0.0846628768977
2.01 0 0.0822807660316
2.02 0 0.080482065924
2.03 0 0.077204958726
2.04 0 0.0761552923206
2.05 0 0.0746682907339
2.06 0 0.0741861518931
2.07 0 0.0740904499841
2.08 0 0.074149861293
2.09 0 0.0735715046859
2.1 0 0.0709541502415
2.11 0 0.068450224552
2.12 0 0.0684354534245
2.13 0 0.0732262323353
2.14 0 0.0781177371851
2.15 0 0.08052784718
2.16 0 0.0904482159129
2.17 0 0.0973396840514
2.18 0 0.101862308113
2.19 0 0.103069601219
2.2 0 0.103763836743
2.21 0 0.106822088105
2.22 0 0.108154948337
2.23 0 0.109692126191
2.24 0 0.110554230142
2.25 0 0.110006100002
2.26 0 0.109693382238
2.27 0 0.109693382238
2.28 0 0.109561717407
2.29 0 0.109656579477
2.3 0 0.109656579477
2.31 0 0.110099135114
2.32 0 0.110278636822
2.33 0 0.110167083625
2.34 0 0.110167083625
2.35 0 0.111162583775
2.36 0 0.111355960913
2.37 0 0.1115896085
2.38 0 0.111524694385
2.39 0 0.109908736643
2.4 0 0.108874959459
2.41 0 0.109031934841
2.42 0 0.110063448214
2.43 0 0.111459942043
2.44 0 0.110874635299
2.45 0 0.110556634296
2.46 0 0.11089460456
2.47 0 0.111166723846
2.48 0 0.111756449347
2.49 0 0.112025286738
2.5 0 0.111731088689
2.51 0 0.111105034246
2.52 0 0.111105034246
2.53 0 0.10964862726
2.54 0 0.105649376199
2.55 0 0.102723920322
2.56 0 0.100524221084
2.57 0 0.0996308775154
2.58 0 0.0998181725754
2.59 0 0.0998181725754
2.6 0 0.106725032742
2.61 0 0.110713394978
2.62 0 0.117459600863
2.63 0 0.12072791503
2.64 0 0.123881806147
2.65 0 0.123881806147
2.66 0 0.13118326223
2.67 0 0.13231004517
2.68 0 0.132399655656
2.69 0 0.132305349297
2.7 0 0.131661499613
2.71 0 0.131376662264
2.72 0 0.129398575025
2.73 0 0.128234017877
2.74 0 0.127794547852
2.75 0 0.126865958059
2.76 0 0.124109429341
2.77 0 0.122855816487
2.78 0 0.122039651796
2.79 0 0.121738147879
2.8 0 0.120103798353
2.81 0 0.119032866809
2.82 0 0.119032866809
2.83 0 0.119032866809
2.84 0 0.113870871205
2.85 0 0.113221814869
2.86 0 0.112219268788
2.87 0 0.102859627311
2.88 0 0.0967738303141
2.89 0 0.0917945406964
2.9 0 0.0905005192702
2.91 0 0.0936949634422
2.92 0 0.100907900416
2.93 0 0.10456104943
2.94 0 0.106729493234
2.95 0 0.108255332781
2.96 0 0.11168823315
2.97 0 0.117994152405
2.98 0 0.120515716002
2.99 0 0.126596606933
3.0 0 0.133141094375
3.01 0 0.143230713103
3.02 0 0.152141921452
3.03 0 0.159451938955
3.04 0 0.162619260646
3.05 0 0.167667704613
3.06 0 0.171241067
3.07 0 0.171241067
3.08 0 0.171241067
3.09 0 0.178412084537
3.1 0 0.180046740161
3.11 0 0.180754795698
3.12 0 0.181001159111
3.13 0 0.183726201747
3.14 0 0.185074833383
3.15 0 0.186104723742
3.16 0 0.1863889285
3.17 0 0.186895431395
3.18 0 0.186960888144
3.19 0 0.18513250443
3.2 0 0.184861617606
3.21 0 0.185679177445
3.22 0 0.187138795919
3.23 0 0.188133332261
3.24 0 0.188613538524
3.25 0 0.18961039969
3.26 0 0.18961039969
3.27 0 0.18898403559
3.28 0 0.187209480877
3.29 0 0.185601438157
3.3 0 0.185601438157
3.31 0 0.186981208244
3.32 0 0.187084977551
3.33 0 0.187940152576
3.34 0 0.18787632247
3.35 0 0.187846638597
3.36 0 0.187332273056
3.37 0 0.187501628519
3.38 0 0.187998284864
3.39 0 0.1883929278
3.4 0 0.190072460339
3.41 0 0.19046793453
3.42 0 0.191495513733
3.43 0 0.192105732825
3.44 0 0.19199649208
3.45 0 0.192870363354
3.46 0 0.191995298702
3.47 0 0.191101736125
3.48 0 0.190444606594
3.49 0 0.191231641596
3.5 0 0.192282322119
3.51 0 0.192388016169
3.52 0 0.192388016169
3.53 0 0.193495134767
3.54 0 0.193657320491
3.55 0 0.193657320491
3.56 0 0.193657320491
3.57 0 0.193315163448
3.58 0 0.190066668937
3.59 0 0.190127664809
3.6 0 0.190547839825
3.61 0 0.189153376793
3.62 0 0.188452779613
3.63 0 0.187852946282
3.64 0 0.187310395811
3.65 0 0.184461365418
3.66 0 0.181872321107
3.67 0 0.181395887564
3.68 0 0.180142504211
3.69 0 0.179799223802
3.7 0 0.178081012931
3.71 0 0.177072035372
3.72 0 0.177072035372
3.73 0 0.177072035372
3.74 0 0.175280323422
3.75 0 0.174214908694
3.76 0 0.175315045846
3.77 0 0.177079980387
3.78 0 0.178848624298
3.79 0 0.181329319415
3.8 0 0.184078144246
3.81 0 0.185223388996
3.82 0 0.186963050381
3.83 0 0.188478283326
3.84 0 0.191846764681
3.85 0 0.194228757451
3.86 0 0.197575076615
3.87 0 0.198565643373
3.88 0 0.19964318143
3.89 0 0.200244747739
3.9 0 0.201472831405
3.91 0 0.201238560291
3.92 0 0.201767287232
3.93 0 0.201045368795
3.94 0 0.19998854445
3.95 0 0.198040883796
3.96 0 0.196901203923
3.97 0 0.196901203923
3.98 0 0.189682289904
3.99 0 0.187515682344
4.0 0 0.182959224527
4.01 0 0.181366779217
4.02 0 0.180650536077
4.03 0 0.180737249713
4.04 0 0.177944381729
4.05 0 0.175106442968
4.06 0 0.174628191258
4.07 0 0.17426923959
4.08 0 0.173946419489
4.09 0 0.173748844019
4.1 0 0.173958400779
4.11 0 0.173784409324
4.12 0 0.173761808931
4.13 0 0.173761808931
4.14 0 0.175056338993
4.15 0 0.176623504434
4.16 0 0.179126802364
4.17 0 0.180397292884
4.18 0 0.180749890372
4.19 0 0.181026236034
4.2 0 0.1811154975
4.21 0 0.181280591217
4.22 0 0.181280591217
4.23 0 0.181280591217
4.24 0 0.184410649079
4.25 0 0.184809276342
4.26 0 0.184682702885
4.27 0 0.184108510301
4.28 0 0.184596107484
4.29 0 0.184131041694
4.3 0 0.184049213053
4.31 0 0.183550580259
4.32 0 0.183349125993
4.33 0 0.181489387146
4.34 0 0.177074604885
4.35 0 0.176865746618
4.36 0 0.176865746618
4.37 0 0.176810709325
4.38 0 0.175445253916
4.39 0 0.174483742421
4.4 0 0.17309372839
4.41 0 0.171358787696
4.42 0 0.16979254965
4.43 0 0.1675406418
4.44 0 0.165855566304
4.45 0 0.165855566304
4.46 0 0.165855566304
4.47 0 0.161953001361
4.48 0 0.161529601752
4.49 0 0.16109659076
4.5 0 0.160641208251
4.51 0 0.160617024594
4.52 0 0.160379974036
4.53 0 0.160616406205
4.54 0 0.160616406205
4.55 0 0.163049365699
4.56 0 0.165950247735
4.57 0 0.166168977549
4.58 0 0.166270866333
4.59 0 0.166986393976
4.6 0 0.167989383768
4.61 0 0.169751683937
4.62 0 0.170176074069
4.63 0 0.172085169003
4.64 0 0.172809933584
4.65 0 0.172809933584
4.66 0 0.177377691698
4.67 0 0.17806892315
4.68 0 0.179017787901
4.69 0 0.180889706314
4.7 0 0.181219342917
4.71 0 0.181512440063
4.72 0 0.181512440063
4.73 0 0.182625693536
4.74 0 0.181962892262
4.75 0 0.182807866152
4.76 0 0.181790299893
4.77 0 0.181792564237
4.78 0 0.181984019557
4.79 0 0.181054709662
4.8 0 0.177233476004
4.81 0 0.174147620043
4.82 0 0.171548635129
4.83 0 0.168486051422
4.84 0 0.166079513807
4.85 0 0.16397632029
4.86 0 0.161809096265
4.87 0 0.161518451788
4.88 0 0.162703993028
4.89 0 0.163887802868
4.9 0 0.164283202278
4.91 0 0.165187929981
4.92 0 0.166157961397
4.93 0 0.167906782994
4.94 0 0.170054517843
4.95 0 0.170675487999
4.96 0 0.170661901953
4.97 0 0.172390955771
4.98 0 0.172478490387
4.99 0 0.17268620367
5.0 0 0.172736254152
5.01 0 0.173844390612
5.02 0 0.174002460965
5.03 0 0.174921210689
5.04 0 0.175895464812
5.05 0 0.175001725739
5.06 0 0.174401346278
5.07 0 0.174760303245
5.08 0 0.173578936782
5.09 0 0.172202056317
5.1 0 0.170800309204
5.11 0 0.169889618921
5.12 0 0.167271261866
5.13 0 0.165269067393
5.14 0 0.164864905757
5.15 0 0.160780413968
5.16 0 0.157392638977
5.17 0 0.155979183632
5.18 0 0.154849914326
5.19 0 0.15466648969
5.2 0 0.154818127625
5.21 0 0.154633916831
5.22 0 0.154633916831
5.23 0 0.151318899117
5.24 0 0.149534239968
5.25 0 0.149534239968
5.26 0 0.145982327272
5.27 0 0.145288030082
5.28 0 0.145198119261
5.29 0 0.145580672841
5.3 0 0.145300257748
5.31 0 0.1450921721
5.32 0 0.144584741247
5.33 0 0.144596827991
5.34 0 0.145044452249
5.35 0 0.145034121241
5.36 0 0.147029932734
5.37 0 0.147719902044
5.38 0 0.148650218062
5.39 0 0.148414571784
5.4 0 0.148536629387
5.41 0 0.149067626485
5.42 0 0.150119397747
5.43 0 0.152597533617
5.44 0 0.154029089133
5.45 0 0.155876584355
5.46 0 0.157429638269
5.47 0 0.159624772414
5.48 0 0.160830935656
5.49 0 0.161899685133
5.5 0 0.161751077278
5.51 0 0.161596251158
5.52 0 0.162338591525
5.53 0 0.161748798583
5.54 0 0.163240913396
5.55 0 0.165394326459
5.56 0 0.166019124614
5.57 0 0.167460807712
5.58 0 0.168555951303
5.59 0 0.167803136214
5.6 0 0.167871748202
5.61 0 0.167871748202
5.62 0 0.168348072455
5.63 0 0.167288400851
5.64 0 0.168780885001
5.65 0 0.168202358333
5.66 0 0.167388516238
5.67 0 0.166637935759
5.68 0 0.167243057074
5.69 0 0.164000351127
5.7 0 0.16407308808
5.71 0 0.163522572537
5.72 0 0.16294792041
5.73 0 0.161762732809
5.74 0 0.159387042418
5.75 0 0.158011424876
5.76 0 0.157238308826
5.77 0 0.156962530184
5.78 0 0.156942953475
5.79 0 0.156651178091
5.8 0 0.155933903277
5.81 0 0.154812457826
5.82 0 0.154168671299
5.83 0 0.15342651584
5.84 0 0.153047383027
5.85 0 0.152458387748
5.86 0 0.152616327767
5.87 0 0.153886145722
5.88 0 0.154398614996
5.89 0 0.155903742874
5.9 0 0.156454646117
5.91 0 0.156885599528
5.92 0 0.155913037677
5.93 0 0.155913037677
5.94 0 0.155445075173
5.95 0 0.156988843688
5.96 0 0.158171202929
5.97 0 0.158557883355
5.98 0 0.158197248121
5.99 0 0.157194277893
6.0 0 0.155644946357
6.01 0 0.153505372203
6.02 0 0.152118805706
6.03 0 0.150122880509
6.04 0 0.150017996757
6.05 0 0.149407657082
6.06 0 0.149921459668
6.07 0 0.150758011621
6.08 0 0.15141931226
6.09 0 0.152302956872
6.1 0 0.15371464365
6.11 0 0.154900831644
6.12 0 0.155764511764
6.13 0 0.15561169321
6.14 0 0.154101436421
6.15 0 0.152975330653
6.16 0 0.154681141724
6.17 0 0.155570710051
6.18 0 0.158745055503
6.19 0 0.162154670679
6.2 0 0.163237893887
6.21 0 0.163084067568
6.22 0 0.163319009144
6.23 0 0.164268081517
6.24 0 0.167058528803
6.25 0 0.170475188147
6.26 0 0.171740357525
6.27 0 0.172068562076
6.28 0 0.173227208886
6.29 0 0.173308935823
6.3 0 0.174974406843
6.31 0 0.176390922512
6.32 0 0.176645527201
6.33 0 0.177126015454
6.34 0 0.178812668559
6.35 0 0.17996453927
6.36 0 0.180599928053
6.37 0 0.182582306463
6.38 0 0.185955387766
6.39 0 0.186821330585
6.4 0 0.187261193038
6.41 0 0.186946955315
6.42 0 0.186946955315
6.43 0 0.188174394051
6.44 0 0.187466948193
6.45 0 0.187466948193
6.46 0 0.186408563639
6.47 0 0.180546863348
6.48 0 0.179405338615
6.49 0 0.1778946336
6.5 0 0.17642705778
6.51 0 0.176169276502
6.52 0 0.174967023434
6.53 0 0.174372701754
6.54 0 0.174876053253
6.55 0 0.174542024219
6.56 0 0.17385647077
6.57 0 0.17559254643
6.58 0 0.176245509274
6.59 0 0.176952675783
6.6 0 0.17773675432
6.61 0 0.178032256541
6.62 0 0.178451782492
6.63 0 0.178807872539
6.64 0 0.178829510894
6.65 0 0.179388724085
6.66 0 0.17922730415
6.67 0 0.179852729897
6.68 0 0.180097959783
6.69 0 0.179446078143
6.7 0 0.179952506743
6.71 0 0.17999947703
6.72 0 0.179919867039
6.73 0 0.179573940381
6.74 0 0.179473643304
6.75 0 0.179767799329
6.76 0 0.180090486758
6.77 0 0.18067182796
6.78 0 0.181152929414
6.79 0 0.182104012956
6.8 0 0.183578588785
6.81 0 0.184984521146
6.82 0 0.184984521146
6.83 0 0.186399010373
6.84 0 0.187581382455
6.85 0 0.187903963293
6.86 0 0.188100906467
6.87 0 0.188344809575
6.88 0 0.188533757301
6.89 0 0.189621472212
6.9 0 0.189621472212
6.91 0 0.187830237547
6.92 0 0.186736255597
6.93 0 0.186526893391
6.94 0 0.185177866482
6.95 0 0.184669725638
6.96 0 0.181723570659
6.97 0 0.181723570659
6.98 0 0.179717439986
6.99 0 0.179405741339
7.0 0 0.179405741339
7.01 0 0.179405741339
7.02 0 0.181072868421
7.03 0 0.181072868421
7.04 0 0.182423923315
7.05 0 0.185374237528
7.06 0 0.184134623618
7.07 0 0.184750065521
7.08 0 0.188510158444
7.09 0 0.18859967147
7.1 0 0.19438079871
7.11 0 0.199049702127
7.12 0 0.200551633431
7.13 0 0.202995227252
7.14 0 0.206146941664
7.15 0 0.203312222563
7.16 0 0.203180170554
7.17 0 0.203022735951
7.18 0 0.204109329504
7.19 0 0.208097383735
7.2 0 0.208293113106
7.21 0 0.208573339843
7.22 0 0.209110414174
7.23 0 0.210177640881
7.24 0 0.210975847946
7.25 0 0.211487736167
7.26 0 0.21158639473
7.27 0 0.211146607261
7.28 0 0.21126471204
7.29 0 0.211173233627
7.3 0 0.210258708999
7.31 0 0.209730342215
7.32 0 0.209469906296
7.33 0 0.208804818824
7.34 0 0.207906489857
7.35 0 0.206250381741
7.36 0 0.204909999399
7.37 0 0.202845939747
7.38 0 0.20224693572
7.39 0 0.20224693572
7.4 0 0.20224693572
7.41 0 0.201523350813
7.42 0 0.201523350813
7.43 0 0.201523350813
7.44 0 0.201191521017
7.45 0 0.198792567847
7.46 0 0.198321555078
7.47 0 0.198218670089
7.48 0 0.198218670089
7.49 0 0.197843019639
7.5 0 0.195960831769
7.51 0 0.19246259219
7.52 0 0.191777913716
7.53 0 0.191699882858
7.54 0 0.191641895515
7.55 0 0.191985860002
7.56 0 0.194360178726
7.57 0 0.195153438279
7.58 0 0.197916340782
7.59 0 0.199454712427
7.6 0 0.199547832724
7.61 0 0.200612467831
7.62 0 0.202189180354
7.63 0 0.202644249551
7.64 0 0.204324444422
7.65 0 0.205412849216
7.66 0 0.207629710261
7.67 0 0.209302369896
7.68 0 0.210142546643
7.69 0 0.213129876077
7.7 0 0.213248062782
7.71 0 0.212637475108
7.72 0 0.212149953586
7.73 0 0.211178363287
7.74 0 0.210678119869
7.75 0 0.211343939882
7.76 0 0.211980858167
7.77 0 0.212113313072
7.78 0 0.212778048843
7.79 0 0.213187487097
7.8 0 0.212873737164
7.81 0 0.214072404811
7.82 0 0.216498477007
7.83 0 0.216799807459
7.84 0 0.218560263327
7.85 0 0.219616480329
7.86 0 0.220842022569
7.87 0 0.221444461835
7.88 0 0.223279467609
7.89 0 0.224093985447
7.9 0 0.22570783352
7.91 0 0.2262452874
7.92 0 0.2262452874
7.93 0 0.22841720674
7.94 0 0.229001437928
7.95 0 0.229633165218
7.96 0 0.230667421463
7.97 0 0.233192946614
7.98 0 0.233743644981
7.99 0 0.23359950939
8.0 0 0.233612271029
8.01 0 0.233607871455
8.02 0 0.233317745193
8.03 0 0.233159432292
8.04 0 0.2332020801
8.05 0 0.23276277535
8.06 0 0.232365715415
8.07 0 0.232140681746
8.08 0 0.2322500241
8.09 0 0.232687483295
8.1 0 0.232687483295
8.11 0 0.235644754168
8.12 0 0.236997031834
8.13 0 0.237958304461
8.14 0 0.238348839357
8.15 0 0.238582270065
8.16 0 0.237764389013
8.17 0 0.234061816323
8.18 0 0.231074385515
8.19 0 0.231074385515
8.2 0 0.223793315934
8.21 0 0.220525654272
8.22 0 0.217634797176
8.23 0 0.213632827685
8.24 0 0.212653359284
8.25 0 0.211738685416
8.26 0 0.211762445617
8.27 0 0.21200019418
8.28 0 0.211997307584
8.29 0 0.212366003676
8.3 0 0.213266324959
8.31 0 0.213693644696
8.32 0 0.213348827174
8.33 0 0.213002862619
8.34 0 0.212623622146
8.35 0 0.213286334123
8.36 0 0.214361383952
8.37 0 0.215027525899
8.38 0 0.216039923924
8.39 0 0.218278483943
8.4 0 0.220163373786
8.41 0 0.221753850495
8.42 0 0.222497357463
8.43 0 0.222863502833
8.44 0 0.223612646488
8.45 0 0.224127972189
8.46 0 0.225808441111
8.47 0 0.226098378191
8.48 0 0.227034236384
8.49 0 0.22829041599
8.5 0 0.229771943141
8.51 0 0.232023106938
8.52 0 0.230942903521
8.53 0 0.229069614773
8.54 0 0.228718500586
8.55 0 0.228718500586
8.56 0 0.228299383249
8.57 0 0.227358544333
8.58 0 0.229224942844
8.59 0 0.227523111317
8.6 0 0.2278479105
8.61 0 0.230096178924
8.62 0 0.230581021145
8.63 0 0.230733515571
8.64 0 0.231967077452
8.65 0 0.233650300104
8.66 0 0.234828849472
8.67 0 0.235117520051
8.68 0 0.235117520051
8.69 0 0.237341294307
8.7 0 0.238871778372
8.71 0 0.240971286514
8.72 0 0.241942941125
8.73 0 0.241942941125
8.74 0 0.241942941125
8.75 0 0.245345284757
8.76 0 0.247252383592
8.77 0 0.247610801641
8.78 0 0.248074220744
8.79 0 0.247713402453
8.8 0 0.245899022577
8.81 0 0.245192778432
8.82 0 0.244984844569
8.83 0 0.244984844569
8.84 0 0.243922239643
8.85 0 0.243089982134
8.86 0 0.243249340676
8.87 0 0.24370846884
8.88 0 0.244291042288
8.89 0 0.245127344613
8.9 0 0.245864675644
8.91 0 0.247270006625
8.92 0 0.247234863064
8.93 0 0.247631578272
8.94 0 0.24788047042
8.95 0 0.247954651782
8.96 0 0.247458359923
8.97 0 0.244521826723
8.98 0 0.242310481152
8.99 0 0.242310481152
9.0 0 0.242310481152
9.01 0 0.23927402087
9.02 0 0.239461675944
9.03 0 0.239491507508
9.04 0 0.23936476885
9.05 0 0.23936476885
9.06 0 0.240006419267
9.07 0 0.239955225471
9.08 0 0.241249409472
9.09 0 0.242634705655
9.1 0 0.242634705655
9.11 0 0.24576748537
9.12 0 0.247148964811
9.13 0 0.249406626638
9.14 0 0.249218978021
9.15 0 0.251374197063
9.16 0 0.252520609597
9.17 0 0.252951964117
9.18 0 0.253086279253
9.19 0 0.25566655455
9.2 0 0.257325852339
9.21 0 0.25739267559
9.22 0 0.257928174145
9.23 0 0.259457303565
9.24 0 0.258797259811
9.25 0 0.258934273501
9.26 0 0.2598385878
9.27 0 0.259877481384
9.28 0 0.261191579957
9.29 0 0.262059313469
9.3 0 0.26330623887
9.31 0 0.265390788489
9.32 0 0.265390788489
9.33 0 0.265942946663
9.34 0 0.26540985298
9.35 0 0.263870760818
9.36 0 0.264392098288
9.37 0 0.26070791417
9.38 0 0.256044149844
9.39 0 0.256448474074
9.4 0 0.256922900842
9.41 0 0.258019523187
9.42 0 0.25771414385
9.43 0 0.259543746051
9.44 0 0.261264648124
9.45 0 0.26274119864
9.46 0 0.264970023666
9.47 0 0.265636981045
9.48 0 0.265636981045
9.49 0 0.268221597866
9.5 0 0.27429834326
9.51 0 0.275519491791
9.52 0 0.271153427827
9.53 0 0.270747091717
9.54 0 0.270806848307
9.55 0 0.270806848307
9.56 0 0.271764812294
9.57 0 0.271320291879
9.58 0 0.268429853387
9.59 0 0.266144682277
9.6 0 0.261707719268
9.61 0 0.255142495546
9.62 0 0.242415315422
9.63 0 0.237722187027
9.64 0 0.234811090702
9.65 0 0.233525580217
9.66 0 0.234742508931
9.67 0 0.234742508931
9.68 0 0.242309087276
9.69 0 0.243828953819
9.7 0 0.245165979922
9.71 0 0.244997245904
9.72 0 0.244647496528
9.73 0 0.243116342604
9.74 0 0.24154117248
9.75 0 0.241267596743
9.76 0 0.240809304658
9.77 0 0.240606757664
9.78 0 0.240642144153
9.79 0 0.240039081186
9.8 0 0.239304971081
9.81 0 0.239169728298
9.82 0 0.23877582019
9.83 0 0.23877582019
9.84 0 0.238597094396
9.85 0 0.239652984671
9.86 0 0.241950922149
9.87 0 0.242389166077
9.88 0 0.245129131161
9.89 0 0.246963591327
9.9 0 0.248559811544
9.91 0 0.24952910065
9.92 0 0.250346004833
9.93 0 0.251347167318
9.94 0 0.251347167318
9.95 0 0.251347167318
9.96 0 0.252528327285
9.97 0 0.252528327285
9.98 0 0.254378978597
9.99 0 0.254549602266
10.0 0 0.254971326306
10.01 0 0.255481083986
10.02 0 0.256836653723
10.03 0 0.258080537756
10.04 0 0.260659938687
10.05 0 0.260659938687
10.06 0 0.262654994976
10.07 0 0.262654994976
10.08 0 0.263332069328
10.09 0 0.266742911854
10.1 0 0.266190399136
10.11 0 0.266190399136
10.12 0 0.267646899861
10.13 0 0.26809266091
10.14 0 0.267878873895
10.15 0 0.268656504225
10.16 0 0.26861094765
10.17 0 0.273396629038
10.18 0 0.274524704527
10.19 0 0.276533923557
10.2 0 0.277251829766
10.21 0 0.278264248914
10.22 0 0.280114336779
10.23 0 0.279839156605
10.24 0 0.279084170383
10.25 0 0.281128375631
10.26 0 0.282211023814
10.27 0 0.283332490116
10.28 0 0.283511203861
10.29 0 0.283511203861
10.3 0 0.285284354495
10.31 0 0.285756120549
10.32 0 0.287278195874
10.33 0 0.288777654565
10.34 0 0.288358971726
10.35 0 0.286100410164
10.36 0 0.279720379441
10.37 0 0.275517737421
10.38 0 0.271369452988
10.39 0 0.255697343695
10.4 0 0.244550185395
10.41 0 0.236468211223
10.42 0 0.23372566776
10.43 0 0.233408541367
10.44 0 0.234029156881
10.45 0 0.236758259722
10.46 0 0.238413768497
10.47 0 0.240072066776
10.48 0 0.241926443658
10.49 0 0.242638376627
10.5 0 0.242960770887
10.51 0 0.24408423791
10.52 0 0.244321350999
10.53 0 0.245012979134
10.54 0 0.244967152186
10.55 0 0.2443193629
10.56 0 0.243828178784
10.57 0 0.244132425129
10.58 0 0.24384158409
10.59 0 0.243672137351
10.6 0 0.244093448333
10.61 0 0.244093448333
10.62 0 0.246133078842
10.63 0 0.249481534842
10.64 0 0.252846212692
10.65 0 0.254869148438
10.66 0 0.256679448972
10.67 0 0.257497621553
10.68 0 0.25869216988
10.69 0 0.259309008746
10.7 0 0.259465600984
10.71 0 0.259050573116
10.72 0 0.25954116499
10.73 0 0.25954116499
10.74 0 0.261665553311
10.75 0 0.262538121364
10.76 0 0.2632277537
10.77 0 0.26411486872
10.78 0 0.264895490563
10.79 0 0.266079939834
10.8 0 0.26672194413
10.81 0 0.267265337017
10.82 0 0.267540143264
10.83 0 0.269412498486
10.84 0 0.272675147529
10.85 0 0.275021190742
10.86 0 0.278366249482
10.87 0 0.28127234595
10.88 0 0.281204594538
10.89 0 0.280564629622
10.9 0 0.280017615898
10.91 0 0.280093314381
10.92 0 0.281013998314
10.93 0 0.281512717157
10.94 0 0.281793348772
10.95 0 0.282550088664
10.96 0 0.287751937494
10.97 0 0.287216106678
10.98 0 0.288064649497
10.99 0 0.291791825687
11.0 0 0.292077922016
11.01 0 0.292389959349
11.02 0 0.292635595888
11.03 0 0.292108367469
11.04 0 0.291296011915
11.05 0 0.291757844834
11.06 0 0.292443527825
11.07 0 0.292443527825
11.08 0 0.294195457016
11.09 0 0.29256088543
11.1 0 0.291111651781
11.11 0 0.291111651781
11.12 0 0.286709870412
11.13 0 0.287837838722
11.14 0 0.287804142517
11.15 0 0.28815740857
11.16 0 0.287926021446
11.17 0 0.281155523336
11.18 0 0.274111900509
11.19 0 0.267630184956
11.2 0 0.26226624685
11.21 0 0.260647971749
11.22 0 0.259473038662
11.23 0 0.259664383428
11.24 0 0.260911980962
11.25 0 0.263621198156
11.26 0 0.266389861155
11.27 0 0.266701171525
11.28 0 0.266701171525
11.29 0 0.268361615153
11.3 0 0.26923051215
11.31 0 0.269184107005
11.32 0 0.269447161946
11.33 0 0.269619234679
11.34 0 0.270594974029
11.35 0 0.271251404541
11.36 0 0.27195946308
11.37 0 0.271939920957
11.38 0 0.270753196741
11.39 0 0.271262338929
11.4 0 0.272090549466
11.41 0 0.274240498912
11.42 0 0.27489021557
11.43 0 0.275577008237
11.44 0 0.276015377921
11.45 0 0.277935871864
11.46 0 0.278711387051
11.47 0 0.278652634566
11.48 0 0.279592807329
11.49 0 0.280350073008
11.5 0 0.281463367299
11.51 0 0.283501375222
11.52 0 0.283823602952
11.53 0 0.284211544456
11.54 0 0.285672470541
11.55 0 0.285872143109
11.56 0 0.286779210509
11.57 0 0.287136387901
11.58 0 0.287136387901
11.59 0 0.288861868565
11.6 0 0.291060144795
11.61 0 0.292796470462
11.62 0 0.294924887483
11.63 0 0.296919564921
11.64 0 0.299526995157
11.65 0 0.301945340935
11.66 0 0.303601661957
11.67 0 0.304524091659
11.68 0 0.306653496728
11.69 0 0.306652316434
11.7 0 0.304063927425
11.71 0 0.30396005845
11.72 0 0.306200059315
11.73 0 0.307314898279
11.74 0 0.30723983107
11.75 0 0.306855698837
11.76 0 0.307114276002
11.77 0 0.307596658477
11.78 0 0.309695254757
11.79 0 0.309695254757
11.8 0 0.314261721373
11.81 0 0.319106951081
11.82 0 0.321232504697
11.83 0 0.322767815602
11.84 0 0.323880500645
11.85 0 0.326488495374
11.86 0 0.329271235494
11.87 0 0.328714252093
11.88 0 0.328602435993
11.89 0 0.327382562384
11.9 0 0.327343268407
11.91 0 0.327343268407
11.92 0 0.321546793506
11.93 0 0.32121656926
11.94 0 0.319216523046
11.95 0 0.319080219795
11.96 0 0.318694023624
11.97 0 0.318694023624
11.98 0 0.319093751855
11.99 0 0.318381456584
12.0 0 0.318381456584
12.01 0 0.317591387746
12.02 0 0.316368867734
12.03 0 0.313242156207
12.04 0 0.31123822287
12.05 0 0.312114823125
12.06 0 0.313032365483
12.07 0 0.312829447702
12.08 0 0.312696340632
12.09 0 0.311842099636
12.1 0 0.311459874604
12.11 0 0.311412572743
12.12 0 0.311481508829
12.13 0 0.312278754183
12.14 0 0.312116572651
12.15 0 0.312149318753
12.16 0 0.312676936862
12.17 0 0.312464109764
12.18 0 0.312577895834
12.19 0 0.311745501243
12.2 0 0.311939032123
12.21 0 0.312409479376
12.22 0 0.312875989808
12.23 0 0.313465236896
12.24 0 0.313465236896
12.25 0 0.313251629103
12.26 0 0.313251629103
12.27 0 0.313778727974
12.28 0 0.313778727974
12.29 0 0.315038297102
12.3 0 0.315414326804
12.31 0 0.316206347954
12.32 0 0.317464399233
12.33 0 0.317535262594
12.34 0 0.31853375206
12.35 0 0.318516231428
12.36 0 0.318715045511
12.37 0 0.319753854173
12.38 0 0.320771502649
12.39 0 0.321649403611
12.4 0 0.323979862673
12.41 0 0.324251872145
12.42 0 0.323971420988
12.43 0 0.325175527594
12.44 0 0.326073925926
12.45 0 0.328576262666
12.46 0 0.327569531072
12.47 0 0.327604910754
12.48 0 0.326934909555
12.49 0 0.326749969094
12.5 0 0.324720320287
12.51 0 0.324508232415
12.52 0 0.323600286236
12.53 0 0.322369122539
12.54 0 0.321894431032
12.55 0 0.325091299856
12.56 0 0.326445383346
12.57 0 0.329480172417
12.58 0 0.330132184886
12.59 0 0.334964806404
12.6 0 0.337679924383
12.61 0 0.342349876365
12.62 0 0.345902712756
12.63 0 0.345902712756
12.64 0 0.347633930158
12.65 0 0.348150862654
12.66 0 0.348080948455
12.67 0 0.348291178333
12.68 0 0.347549097418
12.69 0 0.347200921267
12.7 0 0.347235741501
12.71 0 0.348381667741
12.72 0 0.34888547606
12.73 0 0.349204180038
12.74 0 0.348968185043
12.75 0 0.348616523973
12.76 0 0.34898541564
12.77 0 0.349674315314
12.78 0 0.350069638747
12.79 0 0.350389003579
12.8 0 0.348153614599
12.81 0 0.348306839447
12.82 0 0.348306839447
12.83 0 0.345851930926
12.84 0 0.345130048588
12.85 0 0.344417630549
12.86 0 0.344417630549
12.87 0 0.343114662772
12.88 0 0.341464135364
12.89 0 0.340379445119
12.9 0 0.340379445119
12.91 0 0.340379445119
12.92 0 0.339041083351
12.93 0 0.338884771444
12.94 0 0.338576980322
12.95 0 0.338156347286
12.96 0 0.338385726829
12.97 0 0.339345962396
12.98 0 0.340595480887
12.99 0 0.340804197502
13.0 0 0.342205414744
13.01 0 0.343290459258
13.02 0 0.343491205163
13.03 0 0.343682499951
13.04 0 0.344849754658
13.05 0 0.345803289406
13.06 0 0.345882688229
13.07 0 0.345906304666
13.08 0 0.346304673397
13.09 0 0.34637050244
13.1 0 0.346796360245
13.11 0 0.347029635739
13.12 0 0.347398936602
13.13 0 0.348362664782
13.14 0 0.349221919705
13.15 0 0.349889264054
13.16 0 0.351277853205
13.17 0 0.351251777086
13.18 0 0.3545561361
13.19 0 0.357107239061
13.2 0 0.357578718963
13.21 0 0.357084798095
13.22 0 0.356281017891
13.23 0 0.359444670288
13.24 0 0.361160764065
13.25 0 0.363522970169
13.26 0 0.363342866033
13.27 0 0.36320096841
13.28 0 0.36320096841
13.29 0 0.361981567471
13.3 0 0.360486451372
13.31 0 0.35929905299
13.32 0 0.35928548015
13.33 0 0.361717295762
13.34 0 0.362584621348
13.35 0 0.362598260756
13.36 0 0.362452960271
13.37 0 0.364394444076
13.38 0 0.366012112612
13.39 0 0.367539866908
13.4 0 0.369558257832
13.41 0 0.37116510131
13.42 0 0.37446967856
13.43 0 0.374465315903
13.44 0 0.376460522061
13.45 0 0.376794065373
13.46 0 0.377907044007
13.47 0 0.377373208814
13.48 0 0.37773788549
13.49 0 0.377715877368
13.5 0 0.377861433162
13.51 0 0.378030139951
13.52 0 0.378788408071
13.53 0 0.378898436115
13.54 0 0.379524244638
13.55 0 0.379949085427
13.56 0 0.38155968272
13.57 0 0.38158860775
13.58 0 0.380722831264
13.59 0 0.382380467059
13.6 0 0.383174491216
13.61 0 0.384717102857
13.62 0 0.383907188833
13.63 0 0.383434256864
13.64 0 0.382980287214
13.65 0 0.381486120514
13.66 0 0.379978286206
13.67 0 0.38013784411
13.68 0 0.380148004469
13.69 0 0.380148004469
13.7 0 0.379377995211
13.71 0 0.379377995211
13.72 0 0.381084816596
13.73 0 0.379786653049
13.74 0 0.37932654645
13.75 0 0.37932654645
13.76 0 0.380711967094
13.77 0 0.381002781301
13.78 0 0.382222508138
13.79 0 0.38363271225
13.8 0 0.384974382573
13.81 0 0.385898156952
13.82 0 0.385898156952
13.83 0 0.386698246585
13.84 0 0.386829676007
13.85 0 0.386829676007
13.86 0 0.38710517721
13.87 0 0.387352939506
13.88 0 0.388172028248
13.89 0 0.390515665694
13.9 0 0.39154648389
13.91 0 0.392138341424
13.92 0 0.392576640581
13.93 0 0.394376511804
13.94 0 0.394537030445
13.95 0 0.394537030445
13.96 0 0.396760124249
13.97 0 0.397490701707
13.98 0 0.394717385913
13.99 0 0.393946562416
14.0 0 0.394324904496
14.01 0 0.397079110674
14.02 0 0.399170663377
14.03 0 0.402221967976
14.04 0 0.401226894652
14.05 0 0.401662463155
14.06 0 0.40134900334
14.07 0 0.399939418261
14.08 0 0.397731104778
14.09 0 0.394065547026
14.1 0 0.394957702808
14.11 0 0.395094432321
14.12 0 0.39324101339
14.13 0 0.39504406956
14.14 0 0.391518294685
14.15 0 0.390006692404
14.16 0 0.401465562726
14.17 0 0.404721065795
14.18 0 0.404721065795
14.19 0 0.40477467397
14.2 0 0.406348641608
14.21 0 0.405352930051
14.22 0 0.404519974383
14.23 0 0.405480781379
14.24 0 0.405393046888
14.25 0 0.404420248041
14.26 0 0.402759567053
14.27 0 0.40190436607
14.28 0 0.40100739091
14.29 0 0.401382021347
14.3 0 0.403760367065
14.31 0 0.405453265091
14.32 0 0.405841729009
14.33 0 0.407253482868
14.34 0 0.406971677382
14.35 0 0.406529316446
14.36 0 0.405816318383
14.37 0 0.406274846202
14.38 0 0.406183795981
14.39 0 0.406183795981
14.4 0 0.405113214722
14.41 0 0.404999377055
14.42 0 0.403018148137
14.43 0 0.402423193119
14.44 0 0.400080496608
14.45 0 0.396426233611
14.46 0 0.394042595676
14.47 0 0.394808808339
14.48 0 0.394750468331
14.49 0 0.394320439864
14.5 0 0.394878427541
14.51 0 0.396936868356
14.52 0 0.396936868356
14.53 0 0.398644808332
14.54 0 0.398812077665
14.55 0 0.399085287451
14.56 0 0.398878694681
14.57 0 0.400204202108
14.58 0 0.402943006655
14.59 0 0.404340635318
14.6 0 0.404670549018
14.61 0 0.404670549018
14.62 0 0.406227068758
14.63 0 0.407184068069
14.64 0 0.406953918062
14.65 0 0.407084890236
14.66 0 0.407471930923
14.67 0 0.407380422402
14.68 0 0.407965710572
14.69 0 0.409658522096
14.7 0 0.410648601126
14.71 0 0.410934995914
14.72 0 0.411758955735
14.73 0 0.412263732147
14.74 0 0.414328195357
14.75 0 0.414538539501
14.76 0 0.418421418143
14.77 0 0.418421418143
14.78 0 0.419748318266
14.79 0 0.420823938878
14.8 0 0.420823938878
14.81 0 0.418335524826
14.82 0 0.418475914974
14.83 0 0.418475914974
14.84 0 0.417577538415
14.85 0 0.41863410025
14.86 0 0.419581737564
14.87 0 0.420068274573
14.88 0 0.420953283445
14.89 0 0.41954825206
14.9 0 0.419603292368
14.91 0 0.419706584409
14.92 0 0.421654751565
14.93 0 0.423866566368
14.94 0 0.426029843197
14.95 0 0.426029843197
14.96 0 0.427945912937
14.97 0 0.427945912937
14.98 0 0.434610801216
14.99 0 0.43524129552
15.0 0 0.43524129552
15.01 0 0.43548503896
15.02 0 0.434705237551
15.03 0 0.433569307958
15.04 0 0.434849523185
15.05 0 0.433414718797
15.06 0 0.433703828303
15.07 0 0.433703828303
15.08 0 0.429981385411
15.09 0 0.432756213383
15.1 0 0.437678092546
15.11 0 0.439452498948
15.12 0 0.440554767915
15.13 0 0.440488099425
15.14 0 0.439942226346
15.15 0 0.439559647722
15.16 0 0.439559647722
15.17 0 0.438626494211
15.18 0 0.437810347827
15.19 0 0.437821420721
15.2 0 0.437697169747
15.21 0 0.43747453028
15.22 0 0.435495053353
15.23 0 0.433451775911
15.24 0 0.433451775911
15.25 0 0.431878348567
15.26 0 0.431320170792
15.27 0 0.430946750786
15.28 0 0.430575247317
15.29 0 0.430899159813
15.3 0 0.432211933319
15.31 0 0.432603858554
15.32 0 0.432775084351
15.33 0 0.433466422427
15.34 0 0.434645406411
15.35 0 0.435225848872
15.36 0 0.436844981137
15.37 0 0.438004741453
15.38 0 0.438248592833
15.39 0 0.439971934447
15.4 0 0.440266933911
15.41 0 0.440489471937
15.42 0 0.442412209441
15.43 0 0.442886298792
15.44 0 0.442895709325
15.45 0 0.443675649053
15.46 0 0.444475470977
15.47 0 0.44447419818
15.48 0 0.444283588791
15.49 0 0.444303006721
15.5 0 0.445474690386
15.51 0 0.448589683697
15.52 0 0.450949216101
15.53 0 0.451844787742
15.54 0 0.452933533317
15.55 0 0.454701091516
15.56 0 0.453475103282
15.57 0 0.454047962513
15.58 0 0.454711304427
15.59 0 0.456875654023
15.6 0 0.457959417852
15.61 0 0.460942097127
15.62 0 0.460709161823
15.63 0 0.460709161823
15.64 0 0.459018624038
15.65 0 0.457179864924
15.66 0 0.454821451954
15.67 0 0.454290991303
15.68 0 0.453044903612
15.69 0 0.453044903612
15.7 0 0.461995816151
15.71 0 0.461880906621
15.72 0 0.461880906621
15.73 0 0.468005970384
15.74 0 0.467237599667
15.75 0 0.466858202939
15.76 0 0.467499001918
15.77 0 0.467772750509
15.78 0 0.469290710847
15.79 0 0.46802024856
15.8 0 0.467609129605
15.81 0 0.465832917696
15.82 0 0.462342432159
15.83 0 0.459215589996
15.84 0 0.460949684239
15.85 0 0.466259845006
15.86 0 0.466728019965
15.87 0 0.469617992828
15.88 0 0.469194280583
15.89 0 0.469747564611
15.9 0 0.469617634213
15.91 0 0.469626776074
15.92 0 0.469219074878
15.93 0 0.469009361676
15.94 0 0.471166607497
15.95 0 0.471239431464
15.96 0 0.46993811715
15.97 0 0.469472482249
15.98 0 0.469189433216
15.99 0 0.466037882626
16.0 0 0.465150765063
16.01 0 0.464259016316
16.02 0 0.464259016316
16.03 0 0.462013694169
16.04 0 0.46185168547
16.05 0 0.461211113537
16.06 0 0.460553211764
16.07 0 0.460199700113
16.08 0 0.459807856708
16.09 0 0.46093320148
16.1 0 0.462874356304
16.11 0 0.46509923923
16.12 0 0.466294167986
16.13 0 0.4664455456
16.14 0 0.468530200424
16.15 0 0.468530200424
16.16 0 0.469280237155
16.17 0 0.469468842499
16.18 0 0.469745722901
16.19 0 0.46974378557
16.2 0 0.46974378557
16.21 0 0.469919399997
16.22 0 0.469960916639
16.23 0 0.470394068634
16.24 0 0.470874143398
16.25 0 0.470942725475
16.26 0 0.471365889358
16.27 0 0.472156530701
16.28 0 0.471922226977
16.29 0 0.47172712398
16.3 0 0.473644063905
16.31 0 0.475110360569
16.32 0 0.477197140781
16.33 0 0.477742362634
16.34 0 0.478668971112
16.35 0 0.48392766346
16.36 0 0.483553235045
16.37 0 0.483914517027
16.38 0 0.485048583242
16.39 0 0.489355135691
16.4 0 0.488298314337
16.41 0 0.48737246694
16.42 0 0.486481279651
16.43 0 0.483285161925
16.44 0 0.479953543369
16.45 0 0.477090311034
16.46 0 0.474862994897
16.47 0 0.479218772504
16.48 0 0.47811824819
16.49 0 0.4815938475
16.5 0 0.490736840116
16.51 0 0.494034067676
16.52 0 0.499255515533
16.53 0 0.499837375468
16.54 0 0.50734713163
16.55 0 0.50734713163
16.56 0 0.507796270891
16.57 0 0.507996498247
16.58 0 0.507706328432
16.59 0 0.509366809365
16.6 0 0.509366809365
16.61 0 0.510914671125
16.62 0 0.511456112209
16.63 0 0.511456112209
16.64 0 0.51192371956
16.65 0 0.512051271782
16.66 0 0.511851710955
16.67 0 0.511975942854
16.68 0 0.512450180727
16.69 0 0.512861810565
16.7 0 0.513966915285
16.71 0 0.513130960742
16.72 0 0.514505216876
16.73 0 0.514838396786
16.74 0 0.515040921809
16.75 0 0.516387373524
16.76 0 0.515637651697
16.77 0 0.514942434472
16.78 0 0.513023923674
16.79 0 0.510111992731
16.8 0 0.508388003522
16.81 0 0.506801356568
16.82 0 0.505843339118
16.83 0 0.505715322116
16.84 0 0.505739975498
16.85 0 0.505299284556
16.86 0 0.505299284556
16.87 0 0.505147164011
16.88 0 0.505495241126
16.89 0 0.505369557879
16.9 0 0.506042121403
16.91 0 0.507883991564
16.92 0 0.511412005292
16.93 0 0.513152544004
16.94 0 0.515096778791
16.95 0 0.515452635157
16.96 0 0.515652721437
16.97 0 0.515652721437
16.98 0 0.515652721437
16.99 0 0.516818176068
17.0 0 0.517269270422
17.01 0 0.517406743141
17.02 0 0.518064837694
17.03 0 0.517825151165
17.04 0 0.517208137764
17.05 0 0.517157908934
17.06 0 0.517425305752
17.07 0 0.518484922125
17.08 0 0.520344499059
17.09 0 0.522128322221
17.1 0 0.522619353165
17.11 0 0.522905296935
17.12 0 0.523166456595
17.13 0 0.523166456595
17.14 0 0.524513897237
17.15 0 0.529485286106
17.16 0 0.528773247467
17.17 0 0.52761165051
17.18 0 0.530291056911
17.19 0 0.530563724255
17.2 0 0.530861929146
17.21 0 0.531115820762
17.22 0 0.531558930547
17.23 0 0.53232922964
17.24 0 0.531815289501
17.25 0 0.531461367246
17.26 0 0.530852157889
17.27 0 0.530921697786
17.28 0 0.53220404889
17.29 0 0.53220404889
17.3 0 0.533725753593
17.31 0 0.534310323832
17.32 0 0.533615653079
17.33 0 0.535882160472
17.34 0 0.540259014112
17.35 0 0.543270253402
17.36 0 0.543679589522
17.37 0 0.543679589522
17.38 0 0.543679589522
17.39 0 0.547829663033
17.4 0 0.548954635159
17.41 0 0.549839933385
17.42 0 0.550451832827
17.43 0 0.551578515717
17.44 0 0.550956611577
17.45 0 0.550766392062
17.46 0 0.550355638555
17.47 0 0.549898476508
17.48 0 0.550443882957
17.49 0 0.549438776889
17.5 0 0.549438776889
17.51 0 0.551765426715
17.52 0 0.552031961501
17.53 0 0.552056978005
17.54 0 0.550220687874
17.55 0 0.547087834169
17.56 0 0.544451626026
17.57 0 0.541584828214
17.58 0 0.541225190051
17.59 0 0.541092152014
17.6 0 0.540414302233
17.61 0 0.539955539222
17.62 0 0.539455017562
17.63 0 0.539143500072
17.64 0 0.538938635681
17.65 0 0.539160590773
17.66 0 0.540188404329
17.67 0 0.541201001503
17.68 0 0.541619770246
17.69 0 0.542194187443
17.7 0 0.542791375908
17.71 0 0.543871372689
17.72 0 0.545206318749
17.73 0 0.546620704742
17.74 0 0.546620704742
17.75 0 0.549193801317
17.76 0 0.552546930962
17.77 0 0.555662426372
17.78 0 0.558078886889
17.79 0 0.560037068288
17.8 0 0.561268562362
17.81 0 0.561511451679
17.82 0 0.561078187405
17.83 0 0.560770584348
17.84 0 0.560066089475
17.85 0 0.55964939486
17.86 0 0.560403487626
17.87 0 0.562081447269
17.88 0 0.563795811278
17.89 0 0.564672956744
17.9 0 0.564672956744
17.91 0 0.564672956744
17.92 0 0.568631730063
17.93 0 0.56997890661
17.94 0 0.574010950987
17.95 0 0.573634388533
17.96 0 0.580375725507
17.97 0 0.579658497658
17.98 0 0.579322951393
17.99 0 0.578020188061
18.0 0 0.576674246599
18.01 0 0.574887999085
18.02 0 0.575030902846
18.03 0 0.575471838787
18.04 0 0.576759209277
18.05 0 0.577913787066
18.06 0 0.579129999132
18.07 0 0.580656871826
18.08 0 0.582077251362
18.09 0 0.583412555413
18.1 0 0.584669862695
18.11 0 0.585556188449
18.12 0 0.586041025047
18.13 0 0.587410738518
18.14 0 0.587814820442
18.15 0 0.587982806135
18.16 0 0.587821404279
18.17 0 0.587158260731
18.18 0 0.587043636114
18.19 0 0.587043636114
18.2 0 0.587943142006
18.21 0 0.589485063996
18.22 0 0.588690530176
18.23 0 0.587946333427
18.24 0 0.587780581764
18.25 0 0.587317332551
18.26 0 0.581903545699
18.27 0 0.581669862346
18.28 0 0.579706759293
18.29 0 0.57814191009
18.3 0 0.577390689102
18.31 0 0.578141806816
18.32 0 0.577626083945
18.33 0 0.578590420356
18.34 0 0.57974215902
18.35 0 0.580286724661
18.36 0 0.581202089026
18.37 0 0.57962781628
18.38 0 0.578072917641
18.39 0 0.57791143685
18.4 0 0.576500842625
18.41 0 0.574948160311
18.42 0 0.574522548658
18.43 0 0.574551941004
18.44 0 0.574524721019
18.45 0 0.574495852995
18.46 0 0.575949122151
18.47 0 0.576106734372
18.48 0 0.577051224895
18.49 0 0.577653148558
18.5 0 0.579335305282
18.51 0 0.579789307032
18.52 0 0.58227149632
18.53 0 0.583270623815
18.54 0 0.583572956009
18.55 0 0.584643964347
18.56 0 0.586876197802
18.57 0 0.589071746283
18.58 0 0.591657624806
18.59 0 0.593657631038
18.6 0 0.593689733789
18.61 0 0.592519492002
18.62 0 0.591845091016
18.63 0 0.591845091016
18.64 0 0.591372117951
18.65 0 0.591744324685
18.66 0 0.59264477062
18.67 0 0.594156654979
18.68 0 0.597348665666
18.69 0 0.597348665666
18.7 0 0.599096487407
18.71 0 0.600300269891
18.72 0 0.601401123024
18.73 0 0.602706744918
18.74 0 0.60170305039
18.75 0 0.610569495112
18.76 0 0.610161244882
18.77 0 0.609437800354
18.78 0 0.608881196634
18.79 0 0.607400806612
18.8 0 0.606737173056
18.81 0 0.60697376926
18.82 0 0.603882826402
18.83 0 0.60300964752
18.84 0 0.597153820379
18.85 0 0.605122678271
18.86 0 0.605122678271
18.87 0 0.607496280203
18.88 0 0.613264661037
18.89 0 0.613535962637
18.9 0 0.61848257968
18.91 0 0.622086017445
18.92 0 0.622599366671
18.93 0 0.622737399042
18.94 0 0.622753092637
18.95 0 0.622870111721
18.96 0 0.622870111721
18.97 0 0.623808493148
18.98 0 0.623808493148
18.99 0 0.625936405177
19.0 0 0.626184730976
19.01 0 0.62614622829
19.02 0 0.625242185575
19.03 0 0.62550782615
19.04 0 0.626739189377
19.05 0 0.627445754755
19.06 0 0.62446752497
19.07 0 0.621460010316
19.08 0 0.619342090088
19.09 0 0.617547042679
19.1 0 0.617495879744
19.11 0 0.617495879744
19.12 0 0.616666969783
19.13 0 0.616882075157
19.14 0 0.616882075157
19.15 0 0.613090699419
19.16 0 0.612203004652
19.17 0 0.61041727395
19.18 0 0.609832379301
19.19 0 0.608898794896
19.2 0 0.608424561248
19.21 0 0.607522524211
19.22 0 0.607341598359
19.23 0 0.606985794599
19.24 0 0.606798287502
19.25 0 0.607510578516
19.26 0 0.608497935251
19.27 0 0.6087149421
19.28 0 0.6087149421
19.29 0 0.610108137451
19.3 0 0.613293775159
19.31 0 0.616349417523
19.32 0 0.617064931988
19.33 0 0.618695006543
19.34 0 0.621087710348
19.35 0 0.624735756566
19.36 0 0.627909497245
19.37 0 0.629104853802
19.38 0 0.627974583432
19.39 0 0.62717755384
19.4 0 0.627195472343
19.41 0 0.626551770721
19.42 0 0.626375390904
19.43 0 0.626971718098
19.44 0 0.628015732164
19.45 0 0.629919524904
19.46 0 0.632274549285
19.47 0 0.633882967663
19.48 0 0.634166252234
19.49 0 0.635575095847
19.5 0 0.635948541225
19.51 0 0.638160146207
19.52 0 0.643692814378
19.53 0 0.645439973226
19.54 0 0.646937878812
19.55 0 0.645404534346
19.56 0 0.64442745241
19.57 0 0.64239935502
19.58 0 0.639750199563
19.59 0 0.639228480518
19.6 0 0.639228480518
19.61 0 0.63991395645
19.62 0 0.64045140143
19.63 0 0.642167248343
19.64 0 0.643638173289
19.65 0 0.644632108101
19.66 0 0.645611965732
19.67 0 0.647370111782
19.68 0 0.648763995685
19.69 0 0.649725737494
19.7 0 0.65062145971
19.71 0 0.649367438704
19.72 0 0.649926499455
19.73 0 0.650135645316
19.74 0 0.651053642959
19.75 0 0.652975991367
19.76 0 0.653955345951
19.77 0 0.654124160171
19.78 0 0.654395013484
19.79 0 0.654984957738
19.8 0 0.655406112591
19.81 0 0.656163386879
19.82 0 0.657542653779
19.83 0 0.657545835347
19.84 0 0.654103907891
19.85 0 0.647816082599
19.86 0 0.645746121578
19.87 0 0.640425376673
19.88 0 0.640657060787
19.89 0 0.639585984616
19.9 0 0.638569179486
19.91 0 0.635713852923
19.92 0 0.634839570103
19.93 0 0.634226840217
19.94 0 0.63206908574
19.95 0 0.630823844484
19.96 0 0.629559323748
19.97 0 0.629716196255
19.98 0 0.630335430896
19.99 0 0.6304185136
20.0 0 0.630583853551
20.01 0 0.630641360043
20.02 0 0.63072745076
20.03 0 0.631742596307
20.04 0 0.634066378597
20.05 0 0.635911753307
20.06 0 0.635152590753
20.07 0 0.634766907669
20.08 0 0.63534724726
20.09 0 0.639118830136
20.1 0 0.639118830136
20.11 0 0.642610996818
20.12 0 0.644352015551
20.13 0 0.644681511718
20.14 0 0.647511670467
20.15 0 0.652140866913
20.16 0 0.652140866913
20.17 0 0.652332918956
20.18 0 0.652628419449
20.19 0 0.651905583716
20.2 0 0.651120134029
20.21 0 0.651265913056
20.22 0 0.651558731804
20.23 0 0.65486746638
20.24 0 0.655568517913
20.25 0 0.657444397025
20.26 0 0.658333334654
20.27 0 0.659840103342
20.28 0 0.660281823827
20.29 0 0.660512711476
20.3 0 0.669423705628
20.31 0 0.668332961343
20.32 0 0.667050434896
20.33 0 0.663310904511
20.34 0 0.662123344114
20.35 0 0.66036733765
20.36 0 0.659666092415
20.37 0 0.659779926294
20.38 0 0.659779926294
20.39 0 0.662765517232
20.4 0 0.662917294065
20.41 0 0.66397865203
20.42 0 0.666295201546
20.43 0 0.668587807483
20.44 0 0.668587807483
20.45 0 0.669794075892
20.46 0 0.669794075892
20.47 0 0.673920569137
20.48 0 0.676634343969
20.49 0 0.677404815452
20.5 0 0.677005594366
20.51 0 0.675256863789
20.52 0 0.675034603608
20.53 0 0.673692257533
20.54 0 0.672661032008
20.55 0 0.673160748783
20.56 0 0.673753018236
20.57 0 0.673533765504
20.58 0 0.676639481239
20.59 0 0.679087215697
20.6 0 0.679059347314
20.61 0 0.678256219394
20.62 0 0.678256219394
20.63 0 0.676903397691
20.64 0 0.676903397691
20.65 0 0.674468644883
20.66 0 0.671777307375
20.67 0 0.670923746279
20.68 0 0.670209520129
20.69 0 0.670894730457
20.7 0 0.67468880377
20.71 0 0.674418530373
20.72 0 0.673622457723
20.73 0 0.673005557686
20.74 0 0.672156970594
20.75 0 0.670089578481
20.76 0 0.66936082896
20.77 0 0.668883343652
20.78 0 0.669307755688
20.79 0 0.669093675696
20.8 0 0.669020880568
20.81 0 0.669069896562
20.82 0 0.669649251515
20.83 0 0.670740969852
20.84 0 0.670603068421
20.85 0 0.670407149734
20.86 0 0.670512181935
20.87 0 0.671897318528
20.88 0 0.673533264787
20.89 0 0.675469496324
20.9 0 0.676699003053
20.91 0 0.676948759365
20.92 0 0.680146790847
20.93 0 0.682522982607
20.94 0 0.683607780428
20.95 0 0.685231298011
20.96 0 0.684227070814
20.97 0 0.683125799001
20.98 0 0.682650701192
20.99 0 0.68192422087
21.0 0 0.682851043103
21.01 0 0.68471630442
21.02 0 0.684806506278
21.03 0 0.687210699646
21.04 0 0.687403568002
21.05 0 0.687403568002
21.06 0 0.689780460747
21.07 0 0.693069613411
21.08 0 0.69863704267
21.09 0 0.69874703165
21.1 0 0.698687557158
21.11 0 0.698687557158
21.12 0 0.697612600802
21.13 0 0.696731184676
21.14 0 0.696578772635
21.15 0 0.696332946486
21.16 0 0.695764709498
21.17 0 0.695410782382
21.18 0 0.695701560053
21.19 0 0.695795659499
21.2 0 0.697325648313
21.21 0 0.695784249787
21.22 0 0.695143520053
21.23 0 0.694987711505
21.24 0 0.695619637645
21.25 0 0.695619637645
21.26 0 0.697430335586
21.27 0 0.70532299966
21.28 0 0.707422177822
21.29 0 0.710397126575
21.3 0 0.710397126575
21.31 0 0.712317734205
21.32 0 0.719125824359
21.33 0 0.719927337943
21.34 0 0.720983074434
21.35 0 0.721915399251
21.36 0 0.722885819263
21.37 0 0.722186228553
21.38 0 0.721690320102
21.39 0 0.72159896304
21.4 0 0.720437638862
21.41 0 0.717337624039
21.42 0 0.714382106492
21.43 0 0.712623140284
21.44 0 0.708445147278
21.45 0 0.706948004715
21.46 0 0.706948004715
21.47 0 0.70658294643
21.48 0 0.705830629988
21.49 0 0.706683976606
21.5 0 0.707433641692
21.51 0 0.706511477972
21.52 0 0.705076548396
21.53 0 0.704339002654
21.54 0 0.703154992191
21.55 0 0.702893646375
21.56 0 0.703120944145
21.57 0 0.70408736686
21.58 0 0.703744092817
21.59 0 0.702196013112
21.6 0 0.702005639151
21.61 0 0.702177355359
21.62 0 0.702440774296
21.63 0 0.702970751773
21.64 0 0.702970751773
21.65 0 0.706801164317
21.66 0 0.707193691515
21.67 0 0.707209825041
21.68 0 0.70736155821
21.69 0 0.710275565597
21.7 0 0.711440993714
21.71 0 0.713836947704
21.72 0 0.714730412769
21.73 0 0.714482005227
21.74 0 0.714765377014
21.75 0 0.714591949016
21.76 0 0.714387798904
21.77 0 0.713961324896
21.78 0 0.713961324896
21.79 0 0.713282304683
21.8 0 0.714017498796
21.81 0 0.716197872016
21.82 0 0.716996320325
21.83 0 0.71911697858
21.84 0 0.719366520277
21.85 0 0.720918331067
21.86 0 0.720261977427
21.87 0 0.725170246009
21.88 0 0.72492768548
21.89 0 0.726109460512
21.9 0 0.726199406044
21.91 0 0.723744520736
21.92 0 0.723499895919
21.93 0 0.723545806012
21.94 0 0.723636347718
21.95 0 0.723636347718
21.96 0 0.725157727125
21.97 0 0.726577653498
21.98 0 0.726673627995
21.99 0 0.729325353049
22.0 0 0.729602200699
22.01 0 0.730389912421
22.02 0 0.730995571643
22.03 0 0.737932549288
22.04 0 0.740437811315
22.05 0 0.742799611981
22.06 0 0.742896124177
22.07 0 0.740252145857
22.08 0 0.739587009312
22.09 0 0.738271984033
22.1 0 0.73782245853
22.11 0 0.737710039534
22.12 0 0.739191217817
22.13 0 0.740856811651
22.14 0 0.741715141312
22.15 0 0.742635807922
22.16 0 0.742830702485
22.17 0 0.74342158276
22.18 0 0.74352578526
22.19 0 0.744068045106
22.2 0 0.744997655865
22.21 0 0.743602272185
22.22 0 0.74003279877
22.23 0 0.737451597234
22.24 0 0.736460457529
22.25 0 0.735429335211
22.26 0 0.733664415468
22.27 0 0.732940275962
22.28 0 0.731883403483
22.29 0 0.728980484482
22.3 0 0.727843107289
22.31 0 0.72697044717
22.32 0 0.726318030527
22.33 0 0.726148796897
22.34 0 0.726148796897
22.35 0 0.725592382223
22.36 0 0.726259607913
22.37 0 0.726259607913
22.38 0 0.726433384387
22.39 0 0.72637375814
22.4 0 0.72788112429
22.41 0 0.731237700873
22.42 0 0.731237700873
22.43 0 0.732663672305
22.44 0 0.732663672305
22.45 0 0.734938502557
22.46 0 0.734938502557
22.47 0 0.737905214711
22.48 0 0.740442014218
22.49 0 0.741214321422
22.5 0 0.742414786484
22.51 0 0.742414786484
22.52 0 0.742414786484
22.53 0 0.745647531739
22.54 0 0.745671583271
22.55 0 0.745769928258
22.56 0 0.745651638911
22.57 0 0.745382315788
22.58 0 0.744516180156
22.59 0 0.746488378327
22.6 0 0.748947552024
22.61 0 0.749709281295
22.62 0 0.75065122514
22.63 0 0.752268134059
22.64 0 0.754415526991
22.65 0 0.753384145811
22.66 0 0.754259601156
22.67 0 0.754259601156
22.68 0 0.761557591182
22.69 0 0.759085853774
22.7 0 0.759085853774
22.71 0 0.754064536957
22.72 0 0.752060241418
22.73 0 0.752060241418
22.74 0 0.750458291993
22.75 0 0.754659635667
22.76 0 0.757219317649
22.77 0 0.760549165693
22.78 0 0.760549165693
22.79 0 0.768042893612
22.8 0 0.771496810426
22.81 0 0.772865006278
22.82 0 0.775110583303
22.83 0 0.775199001491
22.84 0 0.775199001491
22.85 0 0.779743944836
22.86 0 0.780410457252
22.87 0 0.780113576646
22.88 0 0.780720463337
22.89 0 0.78079984726
22.9 0 0.781752830013
22.91 0 0.782367236303
22.92 0 0.782973222619
22.93 0 0.783373528215
22.94 0 0.782900312218
22.95 0 0.782658527392
22.96 0 0.781608813646
22.97 0 0.780759955562
22.98 0 0.779357800682
22.99 0 0.774845349863
23.0 0 0.768269093162
23.01 0 0.766995312997
23.02 0 0.766233202879
23.03 0 0.765960416913
23.04 0 0.766500725885
23.05 0 0.767289138038
23.06 0 0.767161018665
23.07 0 0.766067859589
23.08 0 0.766067859589
23.09 0 0.76262181341
23.1 0 0.761207042293
23.11 0 0.760620999197
23.12 0 0.760420543939
23.13 0 0.760443161241
23.14 0 0.760549023599
23.15 0 0.760408321524
23.16 0 0.76029640848
23.17 0 0.760095697139
23.18 0 0.760813721775
23.19 0 0.760780842054
23.2 0 0.761381537354
23.21 0 0.765127987329
23.22 0 0.766865222281
23.23 0 0.768924562915
23.24 0 0.770886737644
23.25 0 0.772250533907
23.26 0 0.772655479961
23.27 0 0.775208255682
23.28 0 0.777007116904
23.29 0 0.778184867024
23.3 0 0.778756236687
23.31 0 0.780168324265
23.32 0 0.780656494942
23.33 0 0.780037849903
23.34 0 0.778656314658
23.35 0 0.778113086323
23.36 0 0.77905169836
23.37 0 0.779701625138
23.38 0 0.780191029323
23.39 0 0.781787362887
23.4 0 0.784365327164
23.41 0 0.784604788071
23.42 0 0.786197600213
23.43 0 0.785585354408
23.44 0 0.785605836774
23.45 0 0.787833426482
23.46 0 0.792801040441
23.47 0 0.787229105044
23.48 0 0.784318799424
23.49 0 0.782891318187
23.5 0 0.782606528267
23.51 0 0.782807945846
23.52 0 0.783530267031
23.53 0 0.784021736395
23.54 0 0.78460725649
23.55 0 0.785357593759
23.56 0 0.793038724451
23.57 0 0.793962968124
23.58 0 0.793987640903
23.59 0 0.795663313122
23.6 0 0.797544164627
23.61 0 0.799921826273
23.62 0 0.802439148477
23.63 0 0.801011598321
23.64 0 0.801532925663
23.65 0 0.802905653295
23.66 0 0.803563267382
23.67 0 0.803943800526
23.68 0 0.804996354994
23.69 0 0.805828580552
23.7 0 0.80666217164
23.71 0 0.806671355874
23.72 0 0.806252194679
23.73 0 0.805776930093
23.74 0 0.805603959476
23.75 0 0.807893480297
23.76 0 0.808339043118
23.77 0 0.806694408331
23.78 0 0.805053865542
23.79 0 0.805053865542
23.8 0 0.796477627019
23.81 0 0.794661734122
23.82 0 0.793372373893
23.83 0 0.793466174811
23.84 0 0.795026620827
23.85 0 0.796560478343
23.86 0 0.796248920102
23.87 0 0.797785601481
23.88 0 0.797084412887
23.89 0 0.795966570666
23.9 0 0.795298110892
23.91 0 0.795113895499
23.92 0 0.79484695291
23.93 0 0.793979003543
23.94 0 0.793795525106
23.95 0 0.793836845397
23.96 0 0.794944374669
23.97 0 0.796079440274
23.98 0 0.796513296945
23.99 0 0.796182783941
24.0 0 0.798031146577
24.01 0 0.799038175103
24.02 0 0.800603850089
24.03 0 0.80185270207
24.04 0 0.802990518753
24.05 0 0.802990518753
24.06 0 0.806411999384
24.07 0 0.809514209983
24.08 0 0.810088904433
24.09 0 0.809443655663
24.1 0 0.809954349606
24.11 0 0.809905977985
24.12 0 0.810145583989
24.13 0 0.810145583989
24.14 0 0.808788325605
24.15 0 0.808557929215
24.16 0 0.808681806081
24.17 0 0.812256910869
24.18 0 0.812564855529
24.19 0 0.814374470403
24.2 0 0.815187082665
24.21 0 0.818166920403
24.22 0 0.818560725126
24.23 0 0.818725595374
24.24 0 0.824989464772
24.25 0 0.82493286809
24.26 0 0.825688703938
24.27 0 0.824757172093
24.28 0 0.82463090729
24.29 0 0.825321536668
24.3 0 0.823317684862
24.31 0 0.818288270537
24.32 0 0.815759953977
24.33 0 0.815730275125
24.34 0 0.81395893476
24.35 0 0.81395893476
24.36 0 0.820261115058
24.37 0 0.819737886879
24.38 0 0.819737886879
24.39 0 0.83149101666
24.4 0 0.837643632711
24.41 0 0.837396856854
24.42 0 0.837396856854
24.43 0 0.837396856854
24.44 0 0.8401427588
24.45 0 0.839744166665
24.46 0 0.839633497128
24.47 0 0.839796820562
24.48 0 0.842195213889
24.49 0 0.842197433741
24.5 0 0.842197433741
24.51 0 0.842324201298
24.52 0 0.841688101438
24.53 0 0.841033804693
24.54 0 0.841033804693
24.55 0 0.838001481725
24.56 0 0.826103124754
24.57 0 0.823855522595
24.58 0 0.822358563815
24.59 0 0.822358563815
24.6 0 0.820990286154
24.61 0 0.820990286154
24.62 0 0.820382432206
24.63 0 0.820382432206
24.64 0 0.822240525848
24.65 0 0.821101861519
24.66 0 0.820836716251
24.67 0 0.818998858105
24.68 0 0.817703952451
24.69 0 0.817029275419
24.7 0 0.816432874177
24.71 0 0.81654021454
24.72 0 0.816333533244
24.73 0 0.816217586458
24.74 0 0.816383342563
24.75 0 0.818957984838
24.76 0 0.818957984838
24.77 0 0.820389512431
24.78 0 0.820389512431
24.79 0 0.822452613753
24.8 0 0.822452613753
24.81 0 0.827467969229
24.82 0 0.827467969229
24.83 0 0.829158415626
24.84 0 0.830677145849
24.85 0 0.831566986732
24.86 0 0.832962056883
24.87 0 0.832962056883
24.88 0 0.836475349518
24.89 0 0.837708032956
24.9 0 0.83814395607
24.91 0 0.838054277022
24.92 0 0.838072589196
24.93 0 0.838203660081
24.94 0 0.840161005164
24.95 0 0.841414607084
24.96 0 0.842540395684
24.97 0 0.842540395684
24.98 0 0.842493515613
24.99 0 0.844978591124
25.0 0 0.849293283531
25.01 0 0.847887830902
25.02 0 0.847531179607
25.03 0 0.847856526582
25.04 0 0.848435889224
25.05 0 0.847596105562
25.06 0 0.845622530209
25.07 0 0.845452659121
25.08 0 0.84453838293
25.09 0 0.845861633963
25.1 0 0.845861633963
25.11 0 0.84584436018
25.12 0 0.847119811533
25.13 0 0.848210523765
25.14 0 0.848652281053
25.15 0 0.850307930834
25.16 0 0.851260447726
25.17 0 0.852486355413
25.18 0 0.854840779901
25.19 0 0.855122881054
25.2 0 0.856519043681
25.21 0 0.860083810236
25.22 0 0.862437603064
25.23 0 0.862638880844
25.24 0 0.862902560867
25.25 0 0.864260649122
25.26 0 0.864715704916
25.27 0 0.865227936453
25.28 0 0.865451393044
25.29 0 0.865691140976
25.3 0 0.86589928599
25.31 0 0.86589928599
25.32 0 0.860579602884
25.33 0 0.854114519677
25.34 0 0.852241920133
25.35 0 0.850776163962
25.36 0 0.851045898356
25.37 0 0.850602037741
25.38 0 0.846513868963
25.39 0 0.845514515876
25.4 0 0.845674033975
25.41 0 0.843613783658
25.42 0 0.841528275931
25.43 0 0.840018347459
25.44 0 0.837495802896
25.45 0 0.835733268781
25.46 0 0.834905234017
25.47 0 0.833968945551
25.48 0 0.834115856081
25.49 0 0.834115856081
25.5 0 0.835458761983
25.51 0 0.835790646515
25.52 0 0.835761667371
25.53 0 0.835939641915
25.54 0 0.83733879343
25.55 0 0.83733879343
25.56 0 0.839904854863
25.57 0 0.83996781454
25.58 0 0.841940601132
25.59 0 0.844253633964
25.6 0 0.84511150848
25.61 0 0.846101393317
25.62 0 0.846101393317
25.63 0 0.847299306264
25.64 0 0.849771205382
25.65 0 0.851236444952
25.66 0 0.851542087247
25.67 0 0.853375442243
25.68 0 0.853316647955
25.69 0 0.853781658071
25.7 0 0.853310909572
25.71 0 0.852885787273
25.72 0 0.853634894215
25.73 0 0.855730984807
25.74 0 0.856778629276
25.75 0 0.856556238626
25.76 0 0.858038707587
25.77 0 0.859575492326
25.78 0 0.860952984665
25.79 0 0.865270039607
25.8 0 0.864894272817
25.81 0 0.86539580974
25.82 0 0.865252182714
25.83 0 0.864088124309
25.84 0 0.862473277968
25.85 0 0.860760485798
25.86 0 0.859478751489
25.87 0 0.858423490325
25.88 0 0.858336488487
25.89 0 0.85863805899
25.9 0 0.856013350374
25.91 0 0.861924680707
25.92 0 0.863531616789
25.93 0 0.863531616789
25.94 0 0.864890945593
25.95 0 0.864890945593
25.96 0 0.865433114149
25.97 0 0.867024411703
25.98 0 0.872985902252
25.99 0 0.874323372245
26.0 0 0.874898391949
26.01 0 0.87515459211
26.02 0 0.875452878374
26.03 0 0.876132944781
26.04 0 0.878021469771
26.05 0 0.878414304475
26.06 0 0.877872143196
26.07 0 0.877697070118
26.08 0 0.877461539574
26.09 0 0.877841483188
26.1 0 0.878010097119
26.11 0 0.878010097119
26.12 0 0.878708265713
26.13 0 0.877209634836
26.14 0 0.875576923427
26.15 0 0.874450407595
26.16 0 0.872575960484
26.17 0 0.870617453751
26.18 0 0.871835986662
26.19 0 0.872018384482
26.2 0 0.870831652044
26.21 0 0.869106973556
26.22 0 0.866683469118
26.23 0 0.864415616776
26.24 0 0.86324521976
26.25 0 0.862243300751
26.26 0 0.862053021986
26.27 0 0.861206050889
26.28 0 0.860985684517
26.29 0 0.860660424953
26.3 0 0.860491391385
26.31 0 0.860491391385
26.32 0 0.860265709063
26.33 0 0.860265709063
26.34 0 0.86399464378
26.35 0 0.864889754843
26.36 0 0.867720423296
26.37 0 0.869661837979
26.38 0 0.869661837979
26.39 0 0.870625416448
26.4 0 0.871394354364
26.41 0 0.873382630421
26.42 0 0.877219103093
26.43 0 0.881112329335
26.44 0 0.884679794586
26.45 0 0.884679794586
26.46 0 0.884111449063
26.47 0 0.884198795152
26.48 0 0.883660947663
26.49 0 0.883738341011
26.5 0 0.883773964252
26.51 0 0.883773964252
26.52 0 0.885337043777
26.53 0 0.887591325311
26.54 0 0.887591325311
26.55 0 0.888030561403
26.56 0 0.888965847878
26.57 0 0.888516000638
26.58 0 0.892386278074
26.59 0 0.891895464233
26.6 0 0.890822321495
26.61 0 0.890219937663
26.62 0 0.887747128963
26.63 0 0.884985826319
26.64 0 0.882364602248
26.65 0 0.882364602248
26.66 0 0.884406056316
26.67 0 0.886206044338
26.68 0 0.88558828036
26.69 0 0.88656276798
26.7 0 0.886385713209
26.71 0 0.889153965472
26.72 0 0.888378828763
26.73 0 0.890057524818
26.74 0 0.88993975631
26.75 0 0.893122436339
26.76 0 0.897027774534
26.77 0 0.897632834129
26.78 0 0.899274131665
26.79 0 0.899552406569
26.8 0 0.901282637663
26.81 0 0.901643013209
26.82 0 0.902255425994
26.83 0 0.904097724722
26.84 0 0.903993545476
26.85 0 0.903887347222
26.86 0 0.905877700485
26.87 0 0.906095390538
26.88 0 0.90621022846
26.89 0 0.90621022846
26.9 0 0.904685778564
26.91 0 0.902822670038
26.92 0 0.898409486104
26.93 0 0.897472962711
26.94 0 0.891527495033
26.95 0 0.890611595404
26.96 0 0.890952510666
26.97 0 0.890854527612
26.98 0 0.891189883245
26.99 0 0.891098962845
27.0 0 0.891718367717
27.01 0 0.892796572344
27.02 0 0.893206075192
27.03 0 0.892517862798
27.04 0 0.892209318949
27.05 0 0.890562561591
27.06 0 0.888034617178
27.07 0 0.885331285041
27.08 0 0.884852192959
27.09 0 0.884778076805
27.1 0 0.884716310212
27.11 0 0.884946372136
27.12 0 0.885841562251
27.13 0 0.887458551844
27.14 0 0.887055900017
27.15 0 0.887455838836
27.16 0 0.889799656231
27.17 0 0.889799656231
27.18 0 0.891065677649
27.19 0 0.891065677649
27.2 0 0.891976210591
27.21 0 0.892826641097
27.22 0 0.892826641097
27.23 0 0.896103033878
27.24 0 0.896596782502
27.25 0 0.896493810381
27.26 0 0.897573730444
27.27 0 0.898024269787
27.28 0 0.898615381742
27.29 0 0.898243928429
27.3 0 0.898542510088
27.31 0 0.900061607306
27.32 0 0.901057672171
27.33 0 0.902581258856
27.34 0 0.904820250585
27.35 0 0.904975565084
27.36 0 0.904975565084
27.37 0 0.906004116241
27.38 0 0.905896800782
27.39 0 0.90570302737
27.4 0 0.90685330769
27.41 0 0.907452751512
27.42 0 0.907326867771
27.43 0 0.90713447088
27.44 0 0.906460372091
27.45 0 0.903882617386
27.46 0 0.899214209249
27.47 0 0.903702819119
27.48 0 0.908116805401
27.49 0 0.908321404058
27.5 0 0.908321404058
27.51 0 0.91973488097
27.52 0 0.918878357216
27.53 0 0.919532104695
27.54 0 0.92290733286
27.55 0 0.923756819945
27.56 0 0.922191986802
27.57 0 0.922191986802
27.58 0 0.921223519307
27.59 0 0.920114320582
27.6 0 0.920714928906
27.61 0 0.921080944306
27.62 0 0.923157056019
27.63 0 0.928522096172
27.64 0 0.92948276871
27.65 0 0.930444004765
27.66 0 0.930943406851
27.67 0 0.930517757723
27.68 0 0.930517757723
27.69 0 0.929139149892
27.7 0 0.929260184797
27.71 0 0.928459890786
27.72 0 0.928237814595
27.73 0 0.92920902437
27.74 0 0.929485068346
27.75 0 0.929347099643
27.76 0 0.929347099643
27.77 0 0.928979477472
27.78 0 0.928979477472
27.79 0 0.927302925793
27.8 0 0.924868087565
27.81 0 0.924674289535
27.82 0 0.92462224025
27.83 0 0.925054411952
27.84 0 0.924983166938
27.85 0 0.924233807594
27.86 0 0.922553688243
27.87 0 0.92182797936
27.88 0 0.922152188696
27.89 0 0.923161568088
27.9 0 0.923714565117
27.91 0 0.924120406186
27.92 0 0.925000124745
27.93 0 0.925476003
27.94 0 0.9276277123
27.95 0 0.929272392888
27.96 0 0.930327880004
27.97 0 0.930414988345
27.98 0 0.931012783243
27.99 0 0.934666573618
28.0 0 0.935862696735
28.01 0 0.935293706695
28.02 0 0.936162244204
28.03 0 0.936746309476
28.04 0 0.935698702321
28.05 0 0.934751332845
28.06 0 0.934557532781
28.07 0 0.935077682264
28.08 0 0.936991935938
28.09 0 0.938004706979
28.1 0 0.938004706979
28.11 0 0.937539401674
28.12 0 0.939438924539
28.13 0 0.939839113351
28.14 0 0.9451179484
28.15 0 0.945046981822
28.16 0 0.94381247964
28.17 0 0.94408750945
28.18 0 0.94238920153
28.19 0 0.941918593207
28.2 0 0.940828148632
28.21 0 0.940363087022
28.22 0 0.938404148024
28.23 0 0.940132349123
28.24 0 0.94070785523
28.25 0 0.94070785523
28.26 0 0.937336601493
28.27 0 0.937336601493
28.28 0 0.941844738214
28.29 0 0.944256225566
28.3 0 0.948014437528
28.31 0 0.950188923101
28.32 0 0.953852330405
28.33 0 0.956372087095
28.34 0 0.959434282272
28.35 0 0.958598903832
28.36 0 0.959389569114
28.37 0 0.960939705873
28.38 0 0.961009290887
28.39 0 0.96126557554
28.4 0 0.965112162424
28.41 0 0.96674150681
28.42 0 0.96674150681
28.43 0 0.966341044718
28.44 0 0.966473132285
28.45 0 0.96537575681
28.46 0 0.965316200164
28.47 0 0.965227763748
28.48 0 0.964572391856
28.49 0 0.964433995536
28.5 0 0.964433995536
28.51 0 0.9540698398
28.52 0 0.951409819579
28.53 0 0.950046982818
28.54 0 0.948911354741
28.55 0 0.949277956314
28.56 0 0.949222819059
28.57 0 0.952267078345
28.58 0 0.95325365355
28.59 0 0.955369898478
28.6 0 0.953912867886
28.61 0 0.95181533439
28.62 0 0.948789968787
28.63 0 0.948536713754
28.64 0 0.948162723566
28.65 0 0.947882258726
28.66 0 0.947685658484
28.67 0 0.948258478939
28.68 0 0.948726685447
28.69 0 0.947929500589
28.7 0 0.94788324816
28.71 0 0.948267274516
28.72 0 0.948267274516
28.73 0 0.9516154202
28.74 0 0.952207689113
28.75 0 0.953675041995
28.76 0 0.954575913949
28.77 0 0.956591695712
28.78 0 0.960433273978
28.79 0 0.963571041433
28.8 0 0.963234316857
28.81 0 0.963247500152
28.82 0 0.962952293297
28.83 0 0.962475238753
28.84 0 0.962392819799
28.85 0 0.962392819799
28.86 0 0.963361153199
28.87 0 0.966696496373
28.88 0 0.966887840693
28.89 0 0.96870649376
28.9 0 0.970682874149
28.91 0 0.971067905478
28.92 0 0.971357445201
28.93 0 0.969469710608
28.94 0 0.973615833188
28.95 0 0.98078145821
28.96 0 0.979920073523
28.97 0 0.979801841967
28.98 0 0.977326945732
28.99 0 0.972618109277
29.0 0 0.97270550886
29.01 0 0.974086666519
29.02 0 0.975202397984
29.03 0 0.974055780542
29.04 0 0.974170316237
29.05 0 0.974193763915
29.06 0 0.976254992241
29.07 0 0.976343885047
29.08 0 0.978862780209
29.09 0 0.978862780209
29.1 0 0.984649848341
29.11 0 0.993265500893
29.12 0 0.996970400521
29.13 0 0.997193168257
29.14 0 0.998863815182
29.15 0 0.998662272453
29.16 0 0.998726737231
29.17 0 0.998896595087
29.18 0 0.998741768144
29.19 0 0.999736835288
29.2 0 1.00047381126
29.21 0 1.00047381126
29.22 0 1.00088786945
29.23 0 1.00025260135
29.24 0 1.00025260135
29.25 0 0.998591856417
29.26 0 0.997848493164
29.27 0 0.997848493164
29.28 0 0.995066452734
29.29 0 0.990375056643
29.3 0 0.989320723742
29.31 0 0.988008114129
29.32 0 0.988008114129
29.33 0 0.992286383403
29.34 0 0.990562088917
29.35 0 0.9885673687
29.36 0 0.985757951945
29.37 0 0.985757951945
29.38 0 0.982870070537
29.39 0 0.978537487954
29.4 0 0.978180055039
29.41 0 0.977832972515
29.42 0 0.97710267365
29.43 0 0.976527570228
29.44 0 0.976418516376
29.45 0 0.976440342563
29.46 0 0.976367081928
29.47 0 0.976367081928
29.48 0 0.978639829278
29.49 0 0.97881101667
29.5 0 0.97881101667
29.51 0 0.978476721049
29.52 0 0.98006311638
29.53 0 0.980585420895
29.54 0 0.983224792931
29.55 0 0.985145573695
29.56 0 0.987012236422
29.57 0 0.992053056152
29.58 0 0.992407881176
29.59 0 0.993913106405
29.6 0 0.994358440769
29.61 0 0.994358440769
29.62 0 0.99543442762
29.63 0 0.994668439687
29.64 0 0.994476721547
29.65 0 0.995180815343
29.66 0 0.997229310762
29.67 0 0.998734885558
29.68 0 0.998944613864
29.69 0 0.999560744703
29.7 0 1.00026932102
29.71 0 1.0009255377
29.72 0 1.0009255377
29.73 0 1.0013618914
29.74 0 1.00973553333
29.75 0 1.00956901894
29.76 0 1.00983663907
29.77 0 1.0097598796
29.78 0 1.00966179231
29.79 0 1.00966179231
29.8 0 1.0091604713
29.81 0 1.00803053417
29.82 0 1.00662684718
29.83 0 1.0060013506
29.84 0 1.00771101343
29.85 0 1.01041482504
29.86 0 1.01204892015
29.87 0 1.01183569495
29.88 0 1.01184633732
29.89 0 1.01387880995
29.9 0 1.01706966563
29.91 0 1.01844649552
29.92 0 1.01867045344
29.93 0 1.01803823394
29.94 0 1.018022632
29.95 0 1.01885615351
29.96 0 1.02011532611
29.97 0 1.02278657914
29.98 0 1.02629874419
29.99 0 1.02578113559
30.0 0 1.0251419706
30.01 0 1.02395750019
30.02 0 1.02366060599
30.03 0 1.02483377696
30.04 0 1.02242838679
30.05 0 1.02242838679
30.06 0 1.02077591173
30.07 0 1.01897593342
30.08 0 1.01715815863
30.09 0 1.01715815863
30.1 0 1.01378516281
30.11 0 1.01378516281
30.12 0 1.00884785144
30.13 0 1.00380957683
30.14 0 1.00434040425
30.15 0 1.0044635742
30.16 0 1.01016096262
30.17 0 1.01075352659
30.18 0 1.00876579469
30.19 0 1.00696291375
30.2 0 1.00648468331
30.21 0 1.00547510349
30.22 0 1.00493353878
30.23 0 1.00453881424
30.24 0 1.00436898105
30.25 0 1.00501887242
30.26 0 1.00532192758
30.27 0 1.00525750038
30.28 0 1.00554290586
30.29 0 1.00519553435
30.3 0 1.00519553435
30.31 0 1.00628601695
30.32 0 1.00873172114
30.33 0 1.00956644289
30.34 0 1.01129496609
30.35 0 1.0125488032
30.36 0 1.01297752476
30.37 0 1.01552724756
30.38 0 1.01767208813
30.39 0 1.01759188419
30.4 0 1.01676836756
30.41 0 1.01627266503
30.42 0 1.01581242453
30.43 0 1.0157888336
30.44 0 1.01730295047
30.45 0 1.01799637037
30.46 0 1.01799637037
30.47 0 1.02188439866
30.48 0 1.02314001503
30.49 0 1.02421966392
30.5 0 1.02455638445
30.51 0 1.03014199982
30.52 0 1.02981574452
30.53 0 1.02981574452
30.54 0 1.02947907635
30.55 0 1.02923360449
30.56 0 1.02933107464
30.57 0 1.029446083
30.58 0 1.02817656935
30.59 0 1.02763462349
30.6 0 1.02657516143
30.61 0 1.02700971728
30.62 0 1.02875164684
30.63 0 1.02971085242
30.64 0 1.03730767997
30.65 0 1.03977589359
30.66 0 1.04009719885
30.67 0 1.03986967887
30.68 0 1.04357880403
30.69 0 1.04642163896
30.7 0 1.04747569292
30.71 0 1.04566288508
30.72 0 1.04661419613
30.73 0 1.04801940646
30.74 0 1.04869569299
30.75 0 1.0499753565
30.76 0 1.05278945526
30.77 0 1.05635123257
30.78 0 1.05673211178
30.79 0 1.05643423177
30.8 0 1.05543338502
30.81 0 1.05428831754
30.82 0 1.05319372015
30.83 0 1.05076028929
30.84 0 1.04953239444
30.85 0 1.04782928201
30.86 0 1.04269338089
30.87 0 1.03677567108
30.88 0 1.03626868347
30.89 0 1.03626868347
30.9 0 1.03534006495
30.91 0 1.03338221962
30.92 0 1.03214969022
30.93 0 1.0302797825
30.94 0 1.03000355926
30.95 0 1.02988531487
30.96 0 1.02936502735
30.97 0 1.02952432358
30.98 0 1.02977366348
30.99 0 1.0302716436
31.0 0 1.03023435216
31.01 0 1.03026041678
31.02 0 1.0302180223
31.03 0 1.03001751961
31.04 0 1.03042598647
31.05 0 1.03052722096
31.06 0 1.03104351187
31.07 0 1.03104351187
31.08 0 1.03234570454
31.09 0 1.03234570454
31.1 0 1.03738287868
31.11 0 1.03976800772
31.12 0 1.04271204293
31.13 0 1.04456462948
31.14 0 1.04456462948
31.15 0 1.04835507117
31.16 0 1.04880096344
31.17 0 1.04887590966
31.18 0 1.04937675473
31.19 0 1.04937675473
31.2 0 1.04771359262
31.21 0 1.0493206716
31.22 0 1.05024159516
31.23 0 1.0509872852
31.24 0 1.05311621259
31.25 0 1.0555545818
31.26 0 1.05563687193
31.27 0 1.05530237517
31.28 0 1.05637198246
31.29 0 1.05637198246
31.3 0 1.06563348334
31.31 0 1.06518740053
31.32 0 1.06466226306
31.33 0 1.06178734246
31.34 0 1.06178734246
31.35 0 1.06025587657
31.36 0 1.05912721537
31.37 0 1.05926370963
31.38 0 1.05866555951
31.39 0 1.05729870869
31.4 0 1.05710429534
31.41 0 1.05710429534
31.42 0 1.05634158124
31.43 0 1.05652896187
31.44 0 1.05652896187
31.45 0 1.0555763672
31.46 0 1.05853744061
31.47 0 1.06367678072
31.48 0 1.06594528815
31.49 0 1.06650887288
31.5 0 1.06650509169
31.51 0 1.06685523818
31.52 0 1.06688151814
31.53 0 1.06688690382
31.54 0 1.06839556033
31.55 0 1.0686222549
31.56 0 1.06847728782
31.57 0 1.06807871531
31.58 0 1.06812912002
31.59 0 1.06955943627
31.6 0 1.06973328254
31.61 0 1.07059725224
31.62 0 1.06875369564
31.63 0 1.06312348519
31.64 0 1.05446791786
31.65 0 1.05328773775
31.66 0 1.05166695294
31.67 0 1.05093295347
31.68 0 1.0521283551
31.69 0 1.05277803606
31.7 0 1.05323886058
31.71 0 1.05301100974
31.72 0 1.05167190051
31.73 0 1.049958878
31.74 0 1.05022773893
31.75 0 1.05126870858
31.76 0 1.05135497851
31.77 0 1.05143581466
31.78 0 1.05139832319
31.79 0 1.05134526809
31.8 0 1.05128211629
31.81 0 1.05134014138
31.82 0 1.05146061248
31.83 0 1.05192462517
31.84 0 1.05252472183
31.85 0 1.05389040092
31.86 0 1.05453651039
31.87 0 1.05548494869
31.88 0 1.05554732513
31.89 0 1.05648405873
31.9 0 1.0573558291
31.91 0 1.0573558291
31.92 0 1.0573558291
31.93 0 1.05968375875
31.94 0 1.05968375875
31.95 0 1.05994632384
31.96 0 1.06064438358
31.97 0 1.06117335634
31.98 0 1.06129246455
31.99 0 1.06073309652
32.0 0 1.05996699417
32.01 0 1.05977710809
32.02 0 1.06603319942
32.03 0 1.06649960833
32.04 0 1.06686836147
32.05 0 1.06929885096
32.06 0 1.07275284755
32.07 0 1.07260201381
32.08 0 1.0723111784
32.09 0 1.07293650311
32.1 0 1.0728377219
32.11 0 1.07340075345
32.12 0 1.07322336877
32.13 0 1.07276208913
32.14 0 1.07164291437
32.15 0 1.07300912252
32.16 0 1.07473679649
32.17 0 1.08183963072
32.18 0 1.08150766582
32.19 0 1.08251022204
32.2 0 1.08581308948
32.21 0 1.08730841829
32.22 0 1.088579453
32.23 0 1.08978527898
32.24 0 1.08950883902
32.25 0 1.08918524721
32.26 0 1.0915672177
32.27 0 1.09444572091
32.28 0 1.09546536442
32.29 0 1.09587852091
32.3 0 1.09600318284
32.31 0 1.09687071715
32.32 0 1.09897383707
32.33 0 1.09921461784
32.34 0 1.09954896777
32.35 0 1.10016908208
32.36 0 1.10157967158
32.37 0 1.10244295964
32.38 0 1.10318078775
32.39 0 1.10282878018
32.4 0 1.10239639585
32.41 0 1.10093063898
32.42 0 1.10038540848
32.43 0 1.09953098054
32.44 0 1.09511384182
32.45 0 1.09364455325
32.46 0 1.09202383498
32.47 0 1.09607694755
32.48 0 1.0975281944
32.49 0 1.09713331443
32.5 0 1.09539118451
32.51 0 1.09337324994
32.52 0 1.0926467127
32.53 0 1.09263011581
32.54 0 1.0928210049
32.55 0 1.09226662393
32.56 0 1.09163324646
32.57 0 1.09113265628
32.58 0 1.09113265628
32.59 0 1.09065692624
32.6 0 1.09203154928
32.61 0 1.0931729961
32.62 0 1.0949985472
32.63 0 1.09655929383
32.64 0 1.09695064945
32.65 0 1.0975972061
32.66 0 1.09818843533
32.67 0 1.09827714098
32.68 0 1.09836795533
32.69 0 1.10017844484
32.7 0 1.10017844484
32.71 0 1.10149045565
32.72 0 1.10264707308
32.73 0 1.10309366673
32.74 0 1.10417127373
32.75 0 1.10539126158
32.76 0 1.1054029372
32.77 0 1.10480106766
32.78 0 1.10496552228
32.79 0 1.10643838656
32.8 0 1.1081327
32.81 0 1.10961022821
32.82 0 1.11028537408
32.83 0 1.11168325595
32.84 0 1.11516914772
32.85 0 1.1149655253
32.86 0 1.11565607109
32.87 0 1.11528311152
32.88 0 1.11461832042
32.89 0 1.11487795469
32.9 0 1.11522590043
32.91 0 1.11524801406
32.92 0 1.11518627599
32.93 0 1.11491220061
32.94 0 1.11141446115
32.95 0 1.10811136854
32.96 0 1.10838906684
32.97 0 1.11016868754
32.98 0 1.11069407236
32.99 0 1.11204412658
33.0 0 1.11404903492
33.01 0 1.12205749488
33.02 0 1.12523084014
33.03 0 1.12796142739
33.04 0 1.12796142739
33.05 0 1.12796142739
33.06 0 1.13519456086
33.07 0 1.13732252589
33.08 0 1.13801924329
33.09 0 1.13977647852
33.1 0 1.14059917052
33.11 0 1.14117708716
33.12 0 1.14120140917
33.13 0 1.14255504369
33.14 0 1.14255504369
33.15 0 1.14310585614
33.16 0 1.14024817423
33.17 0 1.13979225664
33.18 0 1.13992513856
33.19 0 1.14017813371
33.2 0 1.14019769127
33.21 0 1.1394909041
33.22 0 1.13597566455
33.23 0 1.13535149984
33.24 0 1.13075790414
33.25 0 1.13139620146
33.26 0 1.13305858718
33.27 0 1.13362073896
33.28 0 1.13486771446
33.29 0 1.13165698046
33.3 0 1.12819317572
33.31 0 1.12626172826
33.32 0 1.12405735125
33.33 0 1.12296290021
33.34 0 1.12255842278
33.35 0 1.12240020409
33.36 0 1.12089004189
33.37 0 1.1196497226
33.38 0 1.11763721773
33.39 0 1.11763721773
33.4 0 1.11748400911
33.41 0 1.11707544031
33.42 0 1.11729975858
33.43 0 1.11724424761
33.44 0 1.11805486548
33.45 0 1.11893863296
33.46 0 1.11941439249
33.47 0 1.11965716272
33.48 0 1.1205667176
33.49 0 1.1205667176
33.5 0 1.12142272665
33.51 0 1.12067319721
33.52 0 1.12164652186
33.53 0 1.12187492732
33.54 0 1.12186115921
33.55 0 1.12289687052
33.56 0 1.12289687052
33.57 0 1.12406741737
33.58 0 1.12605809579
33.59 0 1.12753123287
33.6 0 1.1280109524
33.61 0 1.12917562718
33.62 0 1.13709541194
33.63 0 1.13713114648
33.64 0 1.13714051932
33.65 0 1.13530118465
33.66 0 1.13446592432
33.67 0 1.13375517216
33.68 0 1.13352442509
33.69 0 1.13330608372
33.7 0 1.13287694199
33.71 0 1.13233060443
33.72 0 1.13203794951
33.73 0 1.13137535471
33.74 0 1.129792354
33.75 0 1.12879872369
33.76 0 1.1286345708
33.77 0 1.12661467123
33.78 0 1.13108701518
33.79 0 1.12821202258
33.8 0 1.1305519825
33.81 0 1.13104706225
33.82 0 1.13842583858
33.83 0 1.14710994127
33.84 0 1.14864891181
33.85 0 1.14916662159
33.86 0 1.14814736494
33.87 0 1.14645374457
33.88 0 1.14622256205
33.89 0 1.14462903334
33.9 0 1.14462903334
33.91 0 1.14462903334
33.92 0 1.14596069981
33.93 0 1.14759557247
33.94 0 1.14848307896
33.95 0 1.14966971699
33.96 0 1.15071245761
33.97 0 1.14968117201
33.98 0 1.15062996272
33.99 0 1.1501425198
34.0 0 1.14786789369
34.01 0 1.14398155771
34.02 0 1.1381207425
34.03 0 1.13117081306
34.04 0 1.12953397871
34.05 0 1.13367592733
34.06 0 1.13635457161
34.07 0 1.13334608092
34.08 0 1.13039385977
34.09 0 1.12973998507
34.1 0 1.12800163711
34.11 0 1.12687199235
34.12 0 1.12581235897
34.13 0 1.12581235897
34.14 0 1.12531753749
34.15 0 1.12536612553
34.16 0 1.1251317502
34.17 0 1.12504708115
34.18 0 1.12431879597
34.19 0 1.12539638236
34.2 0 1.12684852878
34.21 0 1.12777393024
34.22 0 1.12867045526
34.23 0 1.12920313263
34.24 0 1.12931902535
34.25 0 1.13085685692
34.26 0 1.13176052562
34.27 0 1.13176884636
34.28 0 1.13169274132
34.29 0 1.13171662317
34.3 0 1.13646952044
34.31 0 1.137277583
34.32 0 1.1388374801
34.33 0 1.13980394273
34.34 0 1.13986314091
34.35 0 1.1386025069
34.36 0 1.13861056006
34.37 0 1.13829171466
34.38 0 1.13964380561
34.39 0 1.1422954945
34.4 0 1.14373578783
34.41 0 1.14427925543
34.42 0 1.14431320985
34.43 0 1.14462755042
34.44 0 1.14492043572
34.45 0 1.14492043572
34.46 0 1.14580478462
34.47 0 1.14562468354
34.48 0 1.14571306878
34.49 0 1.14633383938
34.5 0 1.14734071157
34.51 0 1.1456369491
34.52 0 1.14796823135
34.53 0 1.14796823135
34.54 0 1.15006055061
34.55 0 1.15027200865
34.56 0 1.15088329959
34.57 0 1.1528461933
34.58 0 1.1534043717
34.59 0 1.16112799432
34.6 0 1.1625669518
34.61 0 1.16465282595
34.62 0 1.16673047343
34.63 0 1.16728589351
34.64 0 1.16742936495
34.65 0 1.16695913169
34.66 0 1.16762293341
34.67 0 1.16815740905
34.68 0 1.16759539347
34.69 0 1.16775772398
34.7 0 1.16800275357
34.71 0 1.16817250932
34.72 0 1.16817250932
34.73 0 1.16926106982
34.74 0 1.16935363601
34.75 0 1.16871907438
34.76 0 1.16835293876
34.77 0 1.16874102662
34.78 0 1.17176885295
34.79 0 1.17176885295
34.8 0 1.17244137502
34.81 0 1.17191877793
34.82 0 1.16760910742
34.83 0 1.16616545814
34.84 0 1.16397293343
34.85 0 1.16303305865
34.86 0 1.16038845005
34.87 0 1.15905948575
34.88 0 1.15905948575
34.89 0 1.15681756289
34.9 0 1.15681756289
34.91 0 1.15341489613
34.92 0 1.15173969113
34.93 0 1.14944040762
34.94 0 1.14696122604
34.95 0 1.14646939895
34.96 0 1.14646939895
34.97 0 1.1445664065
34.98 0 1.1445664065
34.99 0 1.14276178252
35.0 0 1.14276178252
35.01 0 1.13577191777
35.02 0 1.13560264091
35.03 0 1.13571410846
35.04 0 1.13724977368
35.05 0 1.13742232679
35.06 0 1.13878259043
35.07 0 1.13889682323
35.08 0 1.14092070342
35.09 0 1.140896228
35.1 0 1.140896228
35.11 0 1.1403300235
35.12 0 1.14135408023
35.13 0 1.14151912742
35.14 0 1.14244104422
35.15 0 1.14261322095
35.16 0 1.14386129356
35.17 0 1.14386129356
35.18 0 1.14582339773
35.19 0 1.14857888198
35.2 0 1.14800299399
35.21 0 1.14786114351
35.22 0 1.15070373347
35.23 0 1.15156476929
35.24 0 1.15327179245
35.25 0 1.15435039498
35.26 0 1.15481659703
35.27 0 1.15533511617
35.28 0 1.15647064855
35.29 0 1.14912823863
35.3 0 1.14849690142
35.31 0 1.14849690142
35.32 0 1.14392393236
35.33 0 1.14909567061
35.34 0 1.15894355218
35.35 0 1.16207812054
35.36 0 1.16293890093
35.37 0 1.16293890093
35.38 0 1.16788278531
35.39 0 1.1695768886
35.4 0 1.16934458232
35.41 0 1.17144164567
35.42 0 1.17161307538
35.43 0 1.17055717686
35.44 0 1.17055717686
35.45 0 1.17027397254
35.46 0 1.16985134379
35.47 0 1.16985134379
35.48 0 1.16954197175
35.49 0 1.16949554656
35.5 0 1.16949554656
35.51 0 1.16901172388
35.52 0 1.16821407175
35.53 0 1.16871786519
35.54 0 1.16854384252
35.55 0 1.17056548046
35.56 0 1.17177967554
35.57 0 1.1688270832
35.58 0 1.16791433739
35.59 0 1.16594950086
35.6 0 1.16503726815
35.61 0 1.16414999995
35.62 0 1.16357988017
35.63 0 1.16326583547
35.64 0 1.16261947462
35.65 0 1.16237338459
35.66 0 1.16116386615
35.67 0 1.15887436557
35.68 0 1.15692069008
35.69 0 1.15649508601
35.7 0 1.15590028876
35.71 0 1.15487282473
35.72 0 1.15363395934
35.73 0 1.15122887772
35.74 0 1.15012717134
35.75 0 1.15012717134
35.76 0 1.14667325566
35.77 0 1.14715606395
35.78 0 1.14715606395
35.79 0 1.14892127903
35.8 0 1.14971521868
35.81 0 1.15035637706
35.82 0 1.15092535339
35.83 0 1.15194817597
35.84 0 1.15352473928
35.85 0 1.15661576538
35.86 0 1.15762353407
35.87 0 1.15838517314
35.88 0 1.15979731538
35.89 0 1.16085172144
35.9 0 1.16070579888
35.91 0 1.16070579888
35.92 0 1.160183397
35.93 0 1.15950601702
35.94 0 1.16075051627
35.95 0 1.16403890157
35.96 0 1.16403890157
35.97 0 1.16543625998
35.98 0 1.16858698864
35.99 0 1.16941535211
36.0 0 1.16755064495
36.01 0 1.16753152438
36.02 0 1.16753152438
36.03 0 1.17245202941
36.04 0 1.17527387656
36.05 0 1.1762362479
36.06 0 1.17733861239
36.07 0 1.17459661546
36.08 0 1.1725184769
36.09 0 1.1725184769
36.1 0 1.16815960699
36.11 0 1.15002572332
36.12 0 1.15280459429
36.13 0 1.15207692307
36.14 0 1.16252335705
36.15 0 1.16528840848
36.16 0 1.17513683133
36.17 0 1.17897277389
36.18 0 1.1794492654
36.19 0 1.18087967172
36.2 0 1.18288660202
36.21 0 1.18307334407
36.22 0 1.18374509294
36.23 0 1.1828887118
36.24 0 1.18256838289
36.25 0 1.1850381376
36.26 0 1.18598848215
36.27 0 1.18647965436
36.28 0 1.18771309167
36.29 0 1.18754386687
36.3 0 1.18609905405
36.31 0 1.18607826138
36.32 0 1.18840495805
36.33 0 1.18666778317
36.34 0 1.18712285191
36.35 0 1.18505384336
36.36 0 1.18253616965
36.37 0 1.18216427643
36.38 0 1.1804159144
36.39 0 1.18115309736
36.4 0 1.18298632004
36.41 0 1.18227469775
36.42 0 1.18115529778
36.43 0 1.18036814217
36.44 0 1.17918159477
36.45 0 1.17717585157
36.46 0 1.17492068994
36.47 0 1.17382198568
36.48 0 1.17360749663
36.49 0 1.17334782054
36.5 0 1.17313539813
36.51 0 1.17309118646
36.52 0 1.17309210757
36.53 0 1.17305198181
36.54 0 1.17319102356
36.55 0 1.1736956413
36.56 0 1.17406386026
36.57 0 1.17468113335
36.58 0 1.17581865464
36.59 0 1.17773576809
36.6 0 1.1783452643
36.61 0 1.1793734477
36.62 0 1.18069668036
36.63 0 1.1808764428
36.64 0 1.18117898825
36.65 0 1.18160333273
36.66 0 1.18242579475
36.67 0 1.18455788233
36.68 0 1.18516480571
36.69 0 1.18596316071
36.7 0 1.18585525179
36.71 0 1.18626450411
36.72 0 1.18583638446
36.73 0 1.18599115831
36.74 0 1.18630972567
36.75 0 1.18730472378
36.76 0 1.19175993463
36.77 0 1.1938867376
36.78 0 1.19462724525
36.79 0 1.19462724525
36.8 0 1.19500817358
36.81 0 1.19573111525
36.82 0 1.19615293725
36.83 0 1.19637662471
36.84 0 1.19446639483
36.85 0 1.19446639483
36.86 0 1.19172467387
36.87 0 1.18531660779
36.88 0 1.18535277566
36.89 0 1.18324584046
36.9 0 1.1945773315
36.91 0 1.19939293102
36.92 0 1.20017916799
36.93 0 1.20017916799
36.94 0 1.20261253408
36.95 0 1.2034812268
36.96 0 1.20556824317
36.97 0 1.20556824317
36.98 0 1.20516953045
36.99 0 1.2080549195
37.0 0 1.21181191863
37.01 0 1.21464639918
37.02 0 1.2157481624
37.03 0 1.2146147588
37.04 0 1.21413781568
37.05 0 1.21613025576
37.06 0 1.21716677863
37.07 0 1.21852480735
37.08 0 1.21952424758
37.09 0 1.21971176034
37.1 0 1.21970083367
37.11 0 1.21991312989
37.12 0 1.21982179971
37.13 0 1.21920425922
37.14 0 1.21859975294
37.15 0 1.21774098402
37.16 0 1.21732694008
37.17 0 1.21739188197
37.18 0 1.21652160696
37.19 0 1.2161614077
37.2 0 1.21729134912
37.21 0 1.21574556672
37.22 0 1.214094125
37.23 0 1.21200899644
37.24 0 1.21049828373
37.25 0 1.20885189298
37.26 0 1.20866250702
37.27 0 1.20823396807
37.28 0 1.20773238357
37.29 0 1.20756728702
37.3 0 1.20736244433
37.31 0 1.20689009413
37.32 0 1.20690462636
37.33 0 1.20711803852
37.34 0 1.20711803852
37.35 0 1.20802656428
37.36 0 1.20837814313
37.37 0 1.20838472416
37.38 0 1.20916706058
37.39 0 1.21091604833
37.4 0 1.21166648398
37.41 0 1.21183994481
37.42 0 1.21199172814
37.43 0 1.21195114083
37.44 0 1.21195114083
37.45 0 1.21337446934
37.46 0 1.2137520971
37.47 0 1.21491754151
37.48 0 1.21504949647
37.49 0 1.21476382856
37.5 0 1.21630597873
37.51 0 1.21707583077
37.52 0 1.2175893417
37.53 0 1.21807242836
37.54 0 1.21849858121
37.55 0 1.22120632932
37.56 0 1.22483781395
37.57 0 1.22592717945
37.58 0 1.22694585306
37.59 0 1.22670919019
37.6 0 1.22635482599
37.61 0 1.22641929614
37.62 0 1.22655724452
37.63 0 1.22362929863
37.64 0 1.22362929863
37.65 0 1.21708003178
37.66 0 1.21472707583
37.67 0 1.21086934688
37.68 0 1.21585918001
37.69 0 1.22071143491
37.7 0 1.22515550455
37.71 0 1.22699517705
37.72 0 1.23266274775
37.73 0 1.23411529373
37.74 0 1.23603790964
37.75 0 1.23858322855
37.76 0 1.24028267293
37.77 0 1.2434033382
37.78 0 1.24675192794
37.79 0 1.24824897753
37.8 0 1.251310778
37.81 0 1.25200060158
37.82 0 1.25200060158
37.83 0 1.25351294731
37.84 0 1.25141026822
37.85 0 1.24992839724
37.86 0 1.2490392687
37.87 0 1.25023292893
37.88 0 1.25124929389
37.89 0 1.25085301035
37.9 0 1.2491820202
37.91 0 1.24684157819
37.92 0 1.24395956232
37.93 0 1.2416394653
37.94 0 1.24008344613
37.95 0 1.23947318872
37.96 0 1.23933823528
37.97 0 1.24000607563
37.98 0 1.24067308066
37.99 0 1.23999968473
38.0 0 1.2390078237
38.01 0 1.238863173
38.02 0 1.23680297089
38.03 0 1.23655691786
38.04 0 1.23655691786
38.05 0 1.23567819302
38.06 0 1.23477051039
38.07 0 1.23422841084
38.08 0 1.23351569403
38.09 0 1.23332137234
38.1 0 1.23331209946
38.11 0 1.23521770428
38.12 0 1.2363368376
38.13 0 1.23886686049
38.14 0 1.2393749549
38.15 0 1.24056805525
38.16 0 1.24205658677
38.17 0 1.24314500574
38.18 0 1.24486814568
38.19 0 1.24728173085
38.2 0 1.25007460874
38.21 0 1.25223918243
38.22 0 1.25369245511
38.23 0 1.25414734659
38.24 0 1.25445162881
38.25 0 1.25540365249
38.26 0 1.25507963287
38.27 0 1.25453724645
38.28 0 1.25374262058
38.29 0 1.25374262058
38.3 0 1.25650837935
38.31 0 1.25853269231
38.32 0 1.25988228495
38.33 0 1.26187655658
38.34 0 1.2651733159
38.35 0 1.26551406262
38.36 0 1.26520379873
38.37 0 1.26813617396
38.38 0 1.27129347484
38.39 0 1.2717690426
38.4 0 1.27113451218
38.41 0 1.2679172261
38.42 0 1.25963941493
38.43 0 1.25500642701
38.44 0 1.24987776775
38.45 0 1.25231351229
38.46 0 1.25231351229
38.47 0 1.25949565794
38.48 0 1.25961144103
38.49 0 1.25887732134
38.5 0 1.26239880955
38.51 0 1.26381783479
38.52 0 1.26487435337
38.53 0 1.26710178475
38.54 0 1.27318269862
38.55 0 1.27678547527
38.56 0 1.27853153917
38.57 0 1.27910365348
38.58 0 1.27995614382
38.59 0 1.28059658743
38.6 0 1.28059658743
38.61 0 1.28048799149
38.62 0 1.28119406119
38.63 0 1.2815754173
38.64 0 1.28210277605
38.65 0 1.28260743755
38.66 0 1.28309208333
38.67 0 1.28240101359
38.68 0 1.2823028658
38.69 0 1.28373723844
38.7 0 1.27466147638
38.71 0 1.27199244858
38.72 0 1.27170126946
38.73 0 1.27253637903
38.74 0 1.27244406856
38.75 0 1.27244406856
38.76 0 1.27426390567
38.77 0 1.27426390567
38.78 0 1.27163125985
38.79 0 1.26940307982
38.8 0 1.26807409838
38.81 0 1.2664444928
38.82 0 1.26521672109
38.83 0 1.26483668067
38.84 0 1.2651913552
38.85 0 1.26515354761
38.86 0 1.26520949775
38.87 0 1.26498017457
38.88 0 1.26457489483
38.89 0 1.2644684052
38.9 0 1.263730386
38.91 0 1.26498139853
38.92 0 1.26512501903
38.93 0 1.26629951072
38.94 0 1.26629951072
38.95 0 1.26871132948
38.96 0 1.26958963042
38.97 0 1.2705813053
38.98 0 1.27089572471
38.99 0 1.27093151397
39.0 0 1.27098210194
