time index height
0.0 0 0.0
0.057 0 0.0265332011792
0.061 0 0.0275029685283
0.071 0 0.0324250759152
0.08 0 0.0360004540666
0.09 0 0.040828067949
0.101 0 0.0449958088423
0.109 0 0.0515000871109
0.12 0 0.0559360106198
0.132 0 0.0614811497608
0.142 0 0.0668956195615
0.15 0 0.071098186032
0.16 0 0.075738052199
0.171 0 0.0785897988649
0.185 0 0.0825662065728
0.191 0 0.084619835193
0.2 0 0.0855362915345
0.212 0 0.0866788465992
0.223 0 0.0875079216116
0.229 0 0.0877178592397
0.242 0 0.0879157949224
0.255 0 0.0876023047078
0.264 0 0.0865623978921
0.272 0 0.0858993778968
0.284 0 0.0835009897069
0.289 0 0.0835009897069
0.3 0 0.0809759596454
0.31 0 0.0793534151038
0.322 0 0.0774708085539
0.332 0 0.0762065148976
0.34 0 0.0752742655983
0.357 0 0.0735563173667
0.359 0 0.0730198377297
0.371 0 0.071941225578
0.384 0 0.0704792736837
0.392 0 0.0685014523877
0.406 0 0.0663501233088
0.413 0 0.0648553765392
0.42 0 0.0634923354545
0.433 0 0.0606921358817
0.439 0 0.0589390113661
0.452 0 0.0547883511536
0.459 0 0.0513758185797
0.47 0 0.0463378925499
0.48 0 0.0418035501213
0.489 0 0.0378434741494
0.501 0 0.0338644259794
0.511 0 0.0304473174002
0.52 0 0.0294398932557
0.532 0 0.0297884342424
0.54 0 0.0306774223476
0.551 0 0.0317424146636
0.563 0 0.0332124105624
0.568 0 0.0337325483177
0.582 0 0.0350553852787
0.591 0 0.0362210786191
0.599 0 0.0368613377728
0.612 0 0.0377533648655
0.623 0 0.0387318514929
0.63 0 0.0390247146181
0.641 0 0.0395817058638
0.652 0 0.0400100140653
0.659 0 0.0401321952299
0.672 0 0.0402923610105
0.68 0 0.040305012358
0.691 0 0.0403832354754
0.706 0 0.0404861559106
0.713 0 0.0405323559295
0.723 0 0.0407329885773
0.733 0 0.0407888613602
0.743 0 0.0407999701486
0.756 0 0.0407035363578
0.762 0 0.0406779929633
0.774 0 0.04072263888
0.782 0 0.0406036383963
0.792 0 0.0404213148741
0.803 0 0.0400241502107
0.811 0 0.0398149014666
0.822 0 0.0396554034056
0.831 0 0.0392073018741
0.841 0 0.0388960577824
0.85 0 0.0386945630616
0.864 0 0.0380770761868
0.872 0 0.0379741387194
0.884 0 0.0377573124494
0.894 0 0.0377812450132
0.903 0 0.037688850215
0.911 0 0.037846815505
0.922 0 0.039106265788
0.931 0 0.04085804641
0.94 0 0.0428597760334
0.95 0 0.0447546866338
0.96 0 0.0468301384342
0.97 0 0.0490152312038
0.982 0 0.0509689769595
0.993 0 0.0518311237985
1.0 0 0.0523153070536
1.013 0 0.0528751778524
1.024 0 0.0535320879011
1.036 0 0.0539977841927
1.039 0 0.0540695801271
1.052 0 0.0545403737834
1.062 0 0.054896689291
1.073 0 0.0549714731042
1.079 0 0.0549201143259
1.093 0 0.0547036534375
1.104 0 0.0545400223481
1.112 0 0.0546258436079
1.121 0 0.0546039419069
1.134 0 0.0542760978515
1.144 0 0.0543458649061
1.155 0 0.0545743802865
1.162 0 0.0545609101133
1.17 0 0.0544006818876
1.184 0 0.0539579666822
1.189 0 0.0539472597553
1.201 0 0.0539112450822
1.213 0 0.0530767835126
1.22 0 0.0527091168369
1.233 0 0.0517299268101
1.241 0 0.0504988489134
1.259 0 0.0492252257705
1.263 0 0.0490000624377
1.271 0 0.0488997745488
1.283 0 0.0484046709871
1.293 0 0.047984563043
1.301 0 0.0475748389954
1.312 0 0.0469252831018
1.326 0 0.0462268394144
1.332 0 0.0460288719575
1.353 0 0.0452103250743
1.357 0 0.0451866513901
1.364 0 0.0448643175304
1.373 0 0.0446861727346
1.383 0 0.0446861727346
1.392 0 0.0439186023402
1.402 0 0.0442304369555
1.41 0 0.0442304369555
1.42 0 0.0462321578457
1.434 0 0.0472657589448
1.439 0 0.0474733475865
1.452 0 0.048275646425
1.461 0 0.0489966628908
1.471 0 0.049600471335
1.483 0 0.0508155941556
1.491 0 0.0514676722961
1.504 0 0.0518480864013
1.509 0 0.0519509336027
1.523 0 0.0521222044578
1.532 0 0.0525776398523
1.542 0 0.052977689285
1.55 0 0.0534602373318
1.562 0 0.0543693140778
1.573 0 0.0548877678882
1.585 0 0.0554578354218
1.595 0 0.0554292683714
1.602 0 0.0559564161706
1.613 0 0.0555369713832
1.622 0 0.0557048602799
1.634 0 0.0552588927231
1.642 0 0.0547750868773
1.656 0 0.0538795759363
1.661 0 0.0539071171375
1.676 0 0.0526887562842
1.682 0 0.0523851826138
1.69 0 0.0521843616635
1.702 0 0.0520878487325
1.712 0 0.0515247199835
1.722 0 0.0507723520645
1.734 0 0.0508762401669
1.747 0 0.0515701174323
1.754 0 0.0516731770147
1.763 0 0.0533104845964
1.772 0 0.0544398629463
1.784 0 0.0555299099218
1.794 0 0.0565855255937
1.803 0 0.0584762850466
1.809 0 0.0598855901582
1.821 0 0.0626406252563
1.832 0 0.0654112282373
1.846 0 0.0681004939097
1.85 0 0.0684561972958
1.863 0 0.0702556138431
1.87 0 0.0710103311438
1.884 0 0.0716401807157
1.891 0 0.0716319982333
1.902 0 0.0719135956661
1.91 0 0.0719746018342
1.919 0 0.0720089043308
1.93 0 0.0723038001721
1.943 0 0.0725416891496
1.952 0 0.072971402944
1.96 0 0.0734348443862
1.972 0 0.074023593895
1.987 0 0.0740276141184
1.991 0 0.0740578613887
1.999 0 0.0743402551792
2.011 0 0.0745804198503
2.027 0 0.075111736653
2.033 0 0.0751651646672
2.04 0 0.0755430671262
2.053 0 0.0754382335508
2.065 0 0.0747454711868
2.071 0 0.0744978670012
2.082 0 0.0731345621039
2.091 0 0.0720273699605
2.104 0 0.0707872159734
2.119 0 0.0696214735333
2.121 0 0.0692577331579
2.134 0 0.0678677241084
2.143 0 0.0673553598628
2.154 0 0.0666964007069
2.161 0 0.0664861883343
2.17 0 0.066546069471
2.181 0 0.0663694478845
2.192 0 0.0659281748722
2.206 0 0.0650736808965
2.21 0 0.0648510504167
2.222 0 0.0637645830872
2.235 0 0.062312777677
2.245 0 0.0622429812869
2.253 0 0.0635466402711
2.262 0 0.064614878737
2.271 0 0.065414765154
2.284 0 0.0670177176483
2.289 0 0.0684341617406
2.303 0 0.0700803885179
2.31 0 0.0702069277679
2.329 0 0.0724900322112
2.337 0 0.0729186720186
2.341 0 0.0730652473038
2.353 0 0.0738055574073
2.362 0 0.0742481511991
2.372 0 0.0754570844831
2.382 0 0.0762764480482
2.392 0 0.0767331581866
2.402 0 0.078187022892
2.413 0 0.0793476635985
2.423 0 0.0803037222341
2.436 0 0.082399383123
2.442 0 0.0834454131727
2.453 0 0.0847283506068
2.463 0 0.0855301358744
2.472 0 0.0874979473966
2.482 0 0.0886236997234
2.491 0 0.0896356426793
2.502 0 0.0912546077645
2.514 0 0.0928077031562
2.525 0 0.0938871584206
2.534 0 0.094515553128
2.544 0 0.0966938946866
2.556 0 0.0972734985528
2.562 0 0.0982280626279
2.572 0 0.0986929098541
2.581 0 0.0981026888242
2.589 0 0.0976878192334
2.602 0 0.0966144266556
2.61 0 0.0963427266676
2.623 0 0.0954242122816
2.635 0 0.0951651801664
2.642 0 0.0950436355891
2.652 0 0.0951772115572
2.669 0 0.0950123883327
2.675 0 0.0950123883327
2.681 0 0.0950123883327
2.69 0 0.094066704712
2.705 0 0.0937438253366
2.714 0 0.0937860741367
2.723 0 0.0940768624918
2.734 0 0.0943451439449
2.742 0 0.0945537511026
2.751 0 0.0947246710225
2.762 0 0.0945329933934
2.771 0 0.0944741161991
2.783 0 0.0944834146277
2.793 0 0.0944559752519
2.808 0 0.0948026523585
2.811 0 0.0949707365928
2.822 0 0.0949079366023
2.831 0 0.0945821823111
2.845 0 0.0947640643094
2.852 0 0.0947685707462
2.864 0 0.0953691397982
2.873 0 0.095884558891
2.88 0 0.0963081643926
2.893 0 0.0972583744111
2.901 0 0.0975482701656
2.91 0 0.0974817007904
2.921 0 0.0972970768104
2.934 0 0.09678351028
2.945 0 0.0961681386369
2.953 0 0.0954569340837
2.964 0 0.0942854376267
2.974 0 0.0934515432659
2.983 0 0.0921856244466
2.989 0 0.0917427149049
3.003 0 0.0914374558814
3.013 0 0.0916354451703
3.031 0 0.0928102970731
3.042 0 0.0938645760308
3.046 0 0.0944562211937
3.055 0 0.0953739095632
3.065 0 0.0970977613275
3.076 0 0.0976737040928
3.084 0 0.0996651730939
3.094 0 0.100723513467
3.104 0 0.101784500671
3.111 0 0.104848791362
3.126 0 0.10848690599
3.137 0 0.111564542224
3.143 0 0.113484746263
3.15 0 0.116457296831
3.165 0 0.122364823372
3.174 0 0.123668481266
3.18 0 0.126507797759
3.192 0 0.127769558908
3.203 0 0.129820102356
3.215 0 0.131213086467
3.22 0 0.13297110785
3.233 0 0.133765605783
3.243 0 0.134390817584
3.252 0 0.133958648118
3.261 0 0.13508837642
3.274 0 0.135809131911
3.284 0 0.135485183548
3.292 0 0.136118220902
3.303 0 0.137381918184
3.312 0 0.137772993706
3.322 0 0.137393515511
3.331 0 0.137792306163
3.341 0 0.137151484568
3.352 0 0.137064388171
3.362 0 0.136563306367
3.376 0 0.136657071109
3.384 0 0.136403387835
3.394 0 0.136397196987
3.408 0 0.135340580105
3.413 0 0.134981577943
3.419 0 0.134448161186
3.432 0 0.133401391054
3.441 0 0.132923695983
3.453 0 0.132080728127
3.464 0 0.131769654605
3.471 0 0.131779888631
3.482 0 0.131587641204
3.493 0 0.131799864702
3.504 0 0.132768144968
3.512 0 0.132919654333
3.525 0 0.133665856683
3.534 0 0.133983773576
3.542 0 0.134158059177
3.552 0 0.135128800741
3.561 0 0.135183805424
3.573 0 0.135666080855
3.583 0 0.13641313544
3.595 0 0.136784349047
3.602 0 0.137233401071
3.613 0 0.137827881236
3.624 0 0.138304280041
3.631 0 0.138822854467
3.645 0 0.138524723137
3.652 0 0.138475245935
3.662 0 0.138119063722
3.673 0 0.138023890881
3.684 0 0.138204493525
3.69 0 0.138204644378
3.703 0 0.138033156724
3.711 0 0.137724911103
3.722 0 0.137528956377
3.731 0 0.137319448385
3.742 0 0.137189567039
3.752 0 0.137162787423
3.763 0 0.137439850883
3.772 0 0.13759593108
3.785 0 0.137400679915
3.793 0 0.138627143084
3.802 0 0.138877485137
3.815 0 0.139665992906
3.823 0 0.140353007084
3.833 0 0.141215033996
3.844 0 0.143188404764
3.852 0 0.144410675117
3.864 0 0.145942534728
3.87 0 0.147542269372
3.883 0 0.14978058359
3.891 0 0.152661626274
3.901 0 0.155324300406
3.916 0 0.157912529984
3.923 0 0.161000179689
3.937 0 0.162155892106
3.943 0 0.16426335837
3.952 0 0.16481292334
3.96 0 0.167627892441
3.974 0 0.170688616947
3.983 0 0.172288756223
3.993 0 0.174366637976
4.0 0 0.175291374729
4.017 0 0.177426134691
4.028 0 0.178383281717
4.031 0 0.178843218875
4.046 0 0.180562143731
4.053 0 0.182056034388
4.059 0 0.182655400606
4.072 0 0.183786119553
4.079 0 0.183788057686
4.094 0 0.184602763279
4.105 0 0.184415045148
4.113 0 0.185080913872
4.122 0 0.184987250898
4.133 0 0.184987250898
4.141 0 0.185796250402
4.15 0 0.186275707321
4.163 0 0.186608966216
4.174 0 0.186858605198
4.18 0 0.186660370377
4.19 0 0.186336128589
4.203 0 0.185739731652
4.212 0 0.184969226019
4.224 0 0.184094797315
4.232 0 0.183694343564
4.243 0 0.182999936937
4.252 0 0.182390417952
4.261 0 0.181898084133
4.271 0 0.181169110352
4.281 0 0.18026464944
4.291 0 0.180520639843
4.304 0 0.180299723566
4.312 0 0.180385252714
4.322 0 0.181294744495
4.335 0 0.182232675734
4.341 0 0.182392213909
4.352 0 0.183186018368
4.361 0 0.183241583697
4.372 0 0.183423188466
4.385 0 0.183545012966
4.39 0 0.183504807946
4.401 0 0.183692769153
4.414 0 0.183448240537
4.423 0 0.183291955365
4.434 0 0.183580235985
4.443 0 0.183887236788
4.452 0 0.184459249165
4.463 0 0.185663688019
4.47 0 0.185476268749
4.483 0 0.185546384756
4.494 0 0.185000870373
4.502 0 0.184836287719
4.513 0 0.184398248749
4.522 0 0.184411259999
4.532 0 0.184114003507
4.54 0 0.184620047363
4.555 0 0.18445614198
4.562 0 0.184343509914
4.571 0 0.184890266504
4.583 0 0.184449331937
4.591 0 0.184276111069
4.604 0 0.183844312292
4.612 0 0.184268679719
4.624 0 0.184542335112
4.637 0 0.185740392397
4.644 0 0.187166753108
4.651 0 0.186808699812
4.661 0 0.187092751385
4.675 0 0.188355617956
4.681 0 0.189683334642
4.692 0 0.19045120671
4.707 0 0.189981187607
4.711 0 0.190154636191
4.73 0 0.1923604133
4.738 0 0.193335216441
4.741 0 0.195682666445
4.755 0 0.196502838703
4.76 0 0.198687590253
4.774 0 0.200892086598
4.78 0 0.200545778667
4.794 0 0.202483689357
4.803 0 0.203271941246
4.813 0 0.204434905647
4.821 0 0.204914849288
4.831 0 0.205543791235
4.842 0 0.20748868041
4.854 0 0.206820945926
4.862 0 0.206398180886
4.876 0 0.205521346191
4.886 0 0.205120507479
4.895 0 0.205628275824
4.902 0 0.205316247476
4.914 0 0.205062680655
4.923 0 0.204254976511
4.934 0 0.204064370139
4.943 0 0.203961560867
4.952 0 0.202862317899
4.961 0 0.201667899746
4.974 0 0.200362497257
4.985 0 0.198769964912
4.99 0 0.198140864567
5.004 0 0.196221465529
5.013 0 0.194952969592
5.021 0 0.193805676756
5.034 0 0.192776703892
5.043 0 0.191679586447
5.052 0 0.190682850298
5.062 0 0.189516416776
5.074 0 0.188194002072
5.084 0 0.187555067324
5.091 0 0.187155657317
5.103 0 0.187113075933
5.112 0 0.187462664206
5.12 0 0.187907526891
5.132 0 0.188803476537
5.145 0 0.189874943023
5.153 0 0.190158018519
5.161 0 0.190611330658
5.17 0 0.191194502852
5.182 0 0.192042530832
5.193 0 0.192872801176
5.204 0 0.19379391357
5.212 0 0.194043406681
5.224 0 0.195181175999
5.232 0 0.196232382657
5.242 0 0.196697185716
5.255 0 0.197882977382
5.265 0 0.198890466986
5.272 0 0.19955197164
5.281 0 0.200042760661
5.295 0 0.199848949701
5.299 0 0.199915387826
5.313 0 0.20045626806
5.32 0 0.199724877747
5.334 0 0.198174573764
5.344 0 0.197701043866
5.353 0 0.197495992927
5.362 0 0.19732153698
5.373 0 0.195752418637
5.385 0 0.194209785031
5.392 0 0.192821862806
5.402 0 0.190090574597
5.413 0 0.187897259422
5.422 0 0.184870593303
5.431 0 0.183961726407
5.444 0 0.181895842222
5.454 0 0.1826017755
5.463 0 0.181018564363
5.471 0 0.18194459464
5.485 0 0.180290899423
5.491 0 0.180292389414
5.503 0 0.180908556553
5.514 0 0.181721599562
5.525 0 0.184362299899
5.534 0 0.184922169652
5.544 0 0.188298722163
5.551 0 0.188158340198
5.563 0 0.191699050246
5.574 0 0.191159396316
5.584 0 0.193075333726
5.589 0 0.195373762729
5.601 0 0.195047194284
5.615 0 0.195889807792
5.621 0 0.197944145341
5.632 0 0.202042985772
5.642 0 0.202491348032
5.653 0 0.201166885132
5.663 0 0.199942169166
5.673 0 0.197057810038
5.682 0 0.195148324127
5.69 0 0.191179749384
5.7 0 0.188914963285
5.712 0 0.185096564758
5.72 0 0.182014773234
5.733 0 0.177160476966
5.743 0 0.172532291931
5.754 0 0.166140643975
5.761 0 0.161820468242
5.772 0 0.15790114653
5.784 0 0.152472421798
5.795 0 0.148961866556
5.804 0 0.147173427932
5.813 0 0.145026773619
5.825 0 0.142048418898
5.833 0 0.139292642491
5.844 0 0.136695109859
5.853 0 0.13461270304
5.864 0 0.133279353268
5.872 0 0.131780590036
5.883 0 0.130114770863
5.892 0 0.128469246124
5.905 0 0.128165935386
5.914 0 0.128046338018
5.923 0 0.127804526242
5.933 0 0.127633256718
5.945 0 0.128247730618
5.958 0 0.1291107862
5.966 0 0.128827855857
5.971 0 0.128728554959
5.983 0 0.128498776015
5.994 0 0.128059727204
6.003 0 0.128456467762
6.012 0 0.128490873504
6.023 0 0.129096922689
6.032 0 0.129861969772
6.042 0 0.130258217428
6.05 0 0.130421197477
6.065 0 0.131297200241
6.07 0 0.13127802635
6.084 0 0.131353287601
6.091 0 0.131151289619
6.104 0 0.131091989887
6.113 0 0.130830053243
6.121 0 0.130934061027
6.132 0 0.130401447251
6.142 0 0.131062353163
6.15 0 0.13159855529
6.161 0 0.131831152301
6.172 0 0.131426558362
6.181 0 0.130578507171
6.191 0 0.131426130706
6.199 0 0.132251507814
6.21 0 0.132443288363
6.222 0 0.133873416414
6.231 0 0.13399359306
6.243 0 0.136088630506
6.253 0 0.136728927496
6.26 0 0.136944949785
6.275 0 0.140239514259
6.281 0 0.139688099413
6.292 0 0.141249578285
6.301 0 0.143660456928
6.313 0 0.144913630157
6.321 0 0.145756817781
6.333 0 0.146391574495
6.343 0 0.14597096971
6.353 0 0.148221167173
6.361 0 0.151464213604
6.37 0 0.152753775329
6.38 0 0.155671876239
6.391 0 0.158001810599
6.404 0 0.160248145092
6.412 0 0.161095246971
6.422 0 0.163390926517
6.431 0 0.162068317064
6.445 0 0.164157305707
6.451 0 0.164844496659
6.461 0 0.167975501193
6.471 0 0.170348325031
6.483 0 0.169826890323
6.492 0 0.17125513536
6.5 0 0.171125866388
6.512 0 0.171792992926
6.523 0 0.171045802676
6.532 0 0.172154805558
6.543 0 0.169994039064
6.549 0 0.170469528095
6.562 0 0.168852984789
6.573 0 0.165726620381
6.58 0 0.164855637863
6.59 0 0.162345335533
6.603 0 0.162255754424
6.613 0 0.161653641141
6.623 0 0.161605203583
6.633 0 0.161217626821
6.642 0 0.160176097919
6.651 0 0.159746411038
6.662 0 0.159375054809
6.669 0 0.159647660644
6.686 0 0.160298026217
6.69 0 0.160498799609
6.702 0 0.161327931155
6.713 0 0.161228109206
6.723 0 0.159744182066
6.732 0 0.158556824293
6.743 0 0.158179977971
6.75 0 0.157700959432
6.765 0 0.156469686598
6.773 0 0.155035359043
6.784 0 0.153288094961
6.792 0 0.15155638853
6.804 0 0.149395362373
6.811 0 0.149654706802
6.823 0 0.149033381693
6.835 0 0.14787051928
6.843 0 0.146990018438
6.854 0 0.146890738819
6.861 0 0.146244817871
6.872 0 0.146060744336
6.882 0 0.145388826197
6.892 0 0.144952755938
6.904 0 0.14392952353
6.913 0 0.143752496259
6.921 0 0.142965867482
6.93 0 0.142557833955
6.942 0 0.141916538872
6.95 0 0.141610675345
6.963 0 0.141271036081
6.973 0 0.141282920407
6.984 0 0.141471605439
6.992 0 0.140987146768
7.003 0 0.142862843649
7.012 0 0.142233881801
7.021 0 0.143761277262
7.031 0 0.14301919042
7.042 0 0.143811111473
7.054 0 0.145054839638
7.063 0 0.147370052357
7.074 0 0.148790751931
7.082 0 0.151569907588
7.091 0 0.153125594237
7.104 0 0.159061813587
7.113 0 0.160213877079
7.123 0 0.165952192594
7.132 0 0.168421650336
7.143 0 0.169927561998
7.153 0 0.16942072391
7.164 0 0.171464938596
7.169 0 0.172493615122
7.183 0 0.1764219096
7.192 0 0.177695296352
7.202 0 0.177926034457
7.211 0 0.178816736498
7.222 0 0.179646395253
7.231 0 0.178583185588
7.241 0 0.179272218595
7.253 0 0.179033138854
7.264 0 0.177744211724
7.273 0 0.175493306202
7.283 0 0.173337112672
7.292 0 0.170924557503
7.302 0 0.168280679181
7.313 0 0.166118792697
7.322 0 0.163092037058
7.332 0 0.161237475308
7.342 0 0.159079694678
7.353 0 0.156327408107
7.364 0 0.150988725897
7.376 0 0.146208969185
7.384 0 0.142495064093
7.396 0 0.138969811447
7.405 0 0.136173397862
7.413 0 0.134127796268
7.424 0 0.132990574984
7.43 0 0.132620414359
7.443 0 0.133010676727
7.449 0 0.13329967352
7.459 0 0.13453298749
7.473 0 0.136355504784
7.48 0 0.137996807928
7.499 0 0.139589350647
7.504 0 0.14022448509
7.518 0 0.142647434078
7.528 0 0.144074718258
7.535 0 0.144321498943
7.543 0 0.145134392747
7.552 0 0.145670434671
7.561 0 0.146556103414
7.574 0 0.147439855971
7.583 0 0.147941790185
7.593 0 0.148023070317
7.602 0 0.148256560997
7.611 0 0.148255472789
7.623 0 0.147893170459
7.633 0 0.148484053128
7.641 0 0.148794501477
7.651 0 0.148574253993
7.661 0 0.148172572934
7.67 0 0.14773462117
7.682 0 0.148391671579
7.696 0 0.148923705672
7.703 0 0.148835137113
7.711 0 0.148912442769
7.722 0 0.149124277682
7.733 0 0.150753962235
7.743 0 0.151216797589
7.755 0 0.152795203579
7.758 0 0.15217761801
7.773 0 0.154114630662
7.781 0 0.155969542155
7.789 0 0.156517373346
7.802 0 0.158430854497
7.81 0 0.158005559831
7.819 0 0.157837041909
7.833 0 0.160093595842
7.846 0 0.159959760629
7.851 0 0.161737892791
7.862 0 0.162685836407
7.873 0 0.163966297167
7.879 0 0.163002338119
7.893 0 0.166828419218
7.905 0 0.167628773371
7.911 0 0.168365905692
7.924 0 0.172938511738
7.934 0 0.175547748671
7.946 0 0.178696512248
7.952 0 0.178358864411
7.963 0 0.180515220235
7.973 0 0.182992518029
7.982 0 0.187848709251
7.993 0 0.190138785188
7.999 0 0.189541046567
8.014 0 0.191978307516
8.02 0 0.195182376059
8.035 0 0.196600648663
8.041 0 0.195893206353
8.053 0 0.195766346748
8.062 0 0.194536077146
8.076 0 0.191846096493
8.082 0 0.191213471963
8.093 0 0.187719571063
8.102 0 0.185088128202
8.11 0 0.18305635157
8.122 0 0.180656079973
8.132 0 0.178584438918
8.142 0 0.176616605903
8.153 0 0.172620649766
8.162 0 0.168694810818
8.171 0 0.166646110096
8.18 0 0.164469839384
8.191 0 0.163326888824
8.201 0 0.163326888824
8.211 0 0.164059150446
8.223 0 0.163773393333
8.232 0 0.164354600796
8.241 0 0.164371939688
8.252 0 0.164233140591
8.263 0 0.163465443173
8.273 0 0.162919769425
8.283 0 0.162976445017
8.293 0 0.162774898822
8.301 0 0.162338812498
8.313 0 0.161461436931
8.324 0 0.160867748196
8.334 0 0.161118504628
8.342 0 0.162476252849
8.355 0 0.162678867121
8.365 0 0.162981075147
8.372 0 0.163090949585
8.382 0 0.163352513576
8.39 0 0.163036373862
8.403 0 0.162718629111
8.412 0 0.162429026698
8.427 0 0.162222131966
8.432 0 0.161566780274
8.441 0 0.160975645146
8.451 0 0.160264543883
8.461 0 0.160275511962
8.472 0 0.160119169454
8.483 0 0.16111141989
8.495 0 0.162552569892
8.501 0 0.16393897071
8.517 0 0.16568169313
8.523 0 0.166393765916
8.532 0 0.168534103809
8.543 0 0.170309254745
8.555 0 0.172504467842
8.564 0 0.173303293782
8.571 0 0.173629625215
8.581 0 0.17540949927
8.591 0 0.176495029296
8.603 0 0.177658879419
8.611 0 0.180023517518
8.623 0 0.17969340653
8.629 0 0.181678265205
8.639 0 0.181678265205
8.653 0 0.1853201267
8.659 0 0.187976189346
8.671 0 0.19044963697
8.688 0 0.192484451869
8.694 0 0.19334667532
8.703 0 0.194158838674
8.71 0 0.19475776272
8.724 0 0.196956589786
8.735 0 0.196819305685
8.746 0 0.20122237147
8.754 0 0.201230456403
8.767 0 0.202202133345
8.775 0 0.204627581902
8.779 0 0.20518981631
8.791 0 0.206103673353
8.803 0 0.206628743066
8.812 0 0.206018818541
8.83 0 0.205873635647
8.836 0 0.206688604726
8.843 0 0.206693327427
8.853 0 0.205574707802
8.861 0 0.205032371254
8.874 0 0.203247064435
8.884 0 0.200857922299
8.894 0 0.199416592146
8.903 0 0.196994571133
8.912 0 0.195223262927
8.923 0 0.192828073515
8.933 0 0.191664189012
8.938 0 0.191314266404
8.951 0 0.190187673771
8.964 0 0.190211412331
8.973 0 0.190204681142
8.983 0 0.189889208499
8.994 0 0.189040202647
9.001 0 0.189085783234
9.012 0 0.190035504147
9.022 0 0.192636918978
9.03 0 0.193901755033
9.042 0 0.195137202981
9.052 0 0.195032769585
9.062 0 0.195169784979
9.072 0 0.193955850325
9.084 0 0.194041656799
9.093 0 0.194770785924
9.103 0 0.193692920945
9.113 0 0.191884231946
9.119 0 0.191465727295
9.133 0 0.191215336331
9.141 0 0.190659135192
9.151 0 0.190659135192
9.165 0 0.186914328817
9.172 0 0.185679905385
9.183 0 0.18356394192
9.191 0 0.181919785254
9.201 0 0.178243851166
9.212 0 0.174188421389
9.222 0 0.169970261709
9.231 0 0.166368797441
9.243 0 0.164267912627
9.253 0 0.162263294648
9.264 0 0.161406294899
9.274 0 0.160988627512
9.283 0 0.16093622561
9.295 0 0.162297131828
9.299 0 0.162889099597
9.31 0 0.163944479546
9.325 0 0.166701056785
9.332 0 0.166756529296
9.338 0 0.167520084402
9.36 0 0.17214621984
9.363 0 0.173822591289
9.373 0 0.176695049377
9.388 0 0.179315706877
9.399 0 0.1783721868
9.406 0 0.179875746844
9.408 0 0.179875746844
9.424 0 0.182428019339
9.434 0 0.18666999239
9.44 0 0.188221378222
9.451 0 0.192151526076
9.465 0 0.193338435113
9.473 0 0.196712269934
9.48 0 0.196712269934
9.497 0 0.205733552291
9.504 0 0.205862736659
9.511 0 0.205760598694
9.523 0 0.207268701822
9.536 0 0.205887036618
9.541 0 0.204301508228
9.556 0 0.198735105331
9.559 0 0.201085627105
9.571 0 0.202156180639
9.583 0 0.204004631366
9.59 0 0.203027772269
9.601 0 0.203995326582
9.612 0 0.203908428658
9.629 0 0.206310377597
9.635 0 0.206105544894
9.643 0 0.206251472364
9.653 0 0.207346216519
9.662 0 0.207133374334
9.673 0 0.205834631991
9.684 0 0.204784869226
9.691 0 0.203884525652
9.702 0 0.201549068191
9.716 0 0.198682191701
9.722 0 0.196793865569
9.733 0 0.195378429833
9.738 0 0.194307932362
9.753 0 0.193545917199
9.762 0 0.192681544834
9.772 0 0.192462652009
9.778 0 0.192358025611
9.791 0 0.19322265927
9.802 0 0.194373746613
9.809 0 0.194919670764
9.822 0 0.194743453037
9.832 0 0.195135229574
9.84 0 0.19520592304
9.855 0 0.19601624856
9.861 0 0.196471642204
9.872 0 0.196557968427
9.884 0 0.19666803169
9.893 0 0.197227785878
9.904 0 0.197485077726
9.914 0 0.198093844757
9.927 0 0.197478094113
9.929 0 0.197200838057
9.941 0 0.19713334539
9.952 0 0.197602764678
9.962 0 0.198273985189
9.97 0 0.198804042752
9.985 0 0.198262791334
9.993 0 0.197518164188
10.006 0 0.193933914929
10.017 0 0.19048937087
10.022 0 0.188202327409
10.031 0 0.185371326943
10.045 0 0.183275620839
10.055 0 0.184014327146
10.064 0 0.184173965133
10.073 0 0.184735069109
10.084 0 0.185763093444
10.094 0 0.187220326916
10.103 0 0.188288319432
10.114 0 0.189898657415
10.119 0 0.190533158003
10.135 0 0.192553893186
10.143 0 0.195043619982
10.153 0 0.197063231409
10.162 0 0.195850569218
10.171 0 0.195181476899
10.183 0 0.195607425976
10.191 0 0.197718704232
10.202 0 0.198157767554
10.213 0 0.197088643467
10.22 0 0.20007968655
10.232 0 0.201851776088
10.242 0 0.204634649404
10.254 0 0.20499606555
10.26 0 0.206853898237
10.272 0 0.206101889175
10.281 0 0.205436765033
10.293 0 0.202926713308
10.303 0 0.202726316572
10.311 0 0.205983365519
10.324 0 0.203370385896
10.329 0 0.206174488818
10.342 0 0.201845458456
10.352 0 0.203703412975
10.36 0 0.205740242196
10.371 0 0.206863730738
10.382 0 0.206863730738
10.393 0 0.206808917794
10.403 0 0.208183029839
10.413 0 0.207630201079
10.426 0 0.208701541095
10.431 0 0.209171699058
10.446 0 0.209606594276
10.453 0 0.209227551453
10.465 0 0.208180156975
10.476 0 0.207628696882
10.487 0 0.207450443455
10.494 0 0.207454139755
10.504 0 0.207265253741
10.515 0 0.207131458063
10.521 0 0.207146781885
10.535 0 0.206712440896
10.547 0 0.205476091107
10.556 0 0.20450478543
10.563 0 0.20317956712
10.573 0 0.201645344811
10.591 0 0.199133061717
10.592 0 0.198892303859
10.602 0 0.19793364944
10.613 0 0.196975068211
10.622 0 0.195884932177
10.632 0 0.195312882618
10.64 0 0.195127713381
10.651 0 0.195166001117
10.661 0 0.195601647106
10.673 0 0.194676407945
10.685 0 0.194286282573
10.691 0 0.194425326865
10.703 0 0.194835498688
10.714 0 0.195211151601
10.73 0 0.195662351284
10.735 0 0.195639246233
10.741 0 0.196224764693
10.753 0 0.196697602484
10.761 0 0.196881205844
10.77 0 0.196998009162
10.783 0 0.196984430148
10.801 0 0.196997111882
10.808 0 0.197931904167
10.814 0 0.1985912283
10.824 0 0.200556069496
10.832 0 0.202162586488
10.841 0 0.203239651293
10.852 0 0.203660742514
10.861 0 0.204845658248
10.871 0 0.206864407347
10.882 0 0.207165582561
10.89 0 0.207577175381
10.903 0 0.207226836793
10.913 0 0.20979894155
10.923 0 0.211629251452
10.929 0 0.212815901416
10.941 0 0.213125761997
10.952 0 0.215390387516
10.961 0 0.216505272731
10.972 0 0.216618927373
10.981 0 0.216715004289
10.995 0 0.216289452691
11.002 0 0.214898476489
11.011 0 0.216961885529
11.021 0 0.216033610684
11.032 0 0.217909705934
11.046 0 0.217762608566
11.055 0 0.219332705741
11.065 0 0.222224068996
11.074 0 0.22329992271
11.083 0 0.224950527406
11.094 0 0.227538422536
11.102 0 0.229037311883
11.112 0 0.229214535521
11.121 0 0.230739901108
11.133 0 0.23181729515
11.143 0 0.232835256346
11.152 0 0.234527299392
11.16 0 0.23533193608
11.173 0 0.236998174074
11.184 0 0.237343910435
11.195 0 0.237165880209
11.199 0 0.237111711134
11.214 0 0.237035923541
11.223 0 0.236829543179
11.234 0 0.236208080069
11.243 0 0.2354092813
11.254 0 0.235409134244
11.264 0 0.235358154297
11.271 0 0.235268971783
11.281 0 0.235165160041
11.291 0 0.235611600612
11.301 0 0.235937263583
11.316 0 0.237004258147
11.324 0 0.237220193787
11.331 0 0.237220193787
11.341 0 0.241636800007
11.353 0 0.24178179545
11.363 0 0.241022729476
11.374 0 0.239761341001
11.382 0 0.238483394416
11.392 0 0.237132979899
11.404 0 0.234837551046
11.411 0 0.232530995466
11.422 0 0.229457382166
11.433 0 0.225027175941
11.441 0 0.222861933338
11.452 0 0.21910494967
11.467 0 0.215509707701
11.469 0 0.214404069878
11.48 0 0.211316147974
11.492 0 0.207531935741
11.501 0 0.206817742213
11.511 0 0.204605324241
11.52 0 0.203819925773
11.53 0 0.204059353797
11.542 0 0.204422588721
11.552 0 0.204180497721
11.565 0 0.204543761051
11.57 0 0.204601115645
11.585 0 0.205031463477
11.598 0 0.207037188148
11.604 0 0.208177679208
11.613 0 0.209159445904
11.626 0 0.210243472158
11.63 0 0.210923362398
11.645 0 0.21093433225
11.652 0 0.212628497422
11.668 0 0.21430043936
11.674 0 0.214727558585
11.684 0 0.216139048846
11.691 0 0.217584096735
11.703 0 0.218283290426
11.714 0 0.220982962646
11.721 0 0.222227733047
11.732 0 0.223549878093
11.744 0 0.225133464055
11.749 0 0.227500136362
11.763 0 0.229504681074
11.771 0 0.23143136525
11.781 0 0.234259488851
11.792 0 0.23604647173
11.803 0 0.23686296843
11.812 0 0.237577176293
11.821 0 0.241565880635
11.833 0 0.243732451163
11.839 0 0.243495581771
11.85 0 0.246166967679
11.862 0 0.24763370168
11.871 0 0.24664527157
11.881 0 0.249069250593
11.892 0 0.250013780024
11.902 0 0.250655274299
11.91 0 0.253123885736
11.922 0 0.253770698494
11.934 0 0.253742798052
11.943 0 0.253430839701
11.954 0 0.253061438889
11.964 0 0.253769135568
11.974 0 0.254254884938
11.983 0 0.25444793999
11.99 0 0.253664639146
12.003 0 0.252873110925
12.014 0 0.251314554044
12.023 0 0.249613592346
12.033 0 0.248020072501
12.042 0 0.248117567275
12.052 0 0.247692738916
12.061 0 0.247553765836
12.071 0 0.247809864734
12.082 0 0.248274673686
12.096 0 0.248444354691
12.104 0 0.247877129075
12.114 0 0.246330193016
12.126 0 0.244950144326
12.134 0 0.243348501429
12.144 0 0.242311502569
12.157 0 0.242544600272
12.161 0 0.24260119166
12.171 0 0.242305876259
12.182 0 0.240704420949
12.194 0 0.238443142496
12.202 0 0.236302577778
12.213 0 0.233162011889
12.219 0 0.231832980513
12.231 0 0.228939930339
12.242 0 0.226727649149
12.254 0 0.224093799361
12.263 0 0.22249244236
12.273 0 0.221609004849
12.282 0 0.219999247572
12.292 0 0.217843586037
12.304 0 0.217200741106
12.316 0 0.216791574065
12.324 0 0.217260104447
12.336 0 0.21819230854
12.344 0 0.218629590666
12.351 0 0.218853717111
12.366 0 0.220726998676
12.376 0 0.221905985115
12.385 0 0.223520283729
12.392 0 0.224318553019
12.402 0 0.224403377832
12.413 0 0.226974007243
12.418 0 0.227533936275
12.434 0 0.229747571027
12.442 0 0.229672624569
12.45 0 0.230627970339
12.464 0 0.231279115599
12.475 0 0.232902753091
12.482 0 0.232316221149
12.492 0 0.235789203213
12.502 0 0.2392338241
12.513 0 0.240865261418
12.522 0 0.240881389
12.531 0 0.243071564591
12.539 0 0.245735887808
12.554 0 0.24811487725
12.565 0 0.25017908945
12.572 0 0.2486472371
12.583 0 0.249703646482
12.596 0 0.25062788492
12.606 0 0.25077832646
12.612 0 0.252217155361
12.622 0 0.251046415336
12.634 0 0.254717506014
12.643 0 0.258245683969
12.655 0 0.259045904014
12.662 0 0.259658841228
12.674 0 0.26082756178
12.684 0 0.26433211992
12.695 0 0.265004259684
12.705 0 0.265220519567
12.709 0 0.265220519567
12.725 0 0.263033981534
12.733 0 0.26051577788
12.744 0 0.258007507644
12.753 0 0.25503590374
12.761 0 0.252861457066
12.769 0 0.2518887168
12.782 0 0.251413860872
12.792 0 0.249865661154
12.803 0 0.248216318736
12.812 0 0.247485140791
12.823 0 0.247151035951
12.832 0 0.246601295865
12.842 0 0.246533204183
12.852 0 0.247071821351
12.863 0 0.248056587207
12.873 0 0.249106837897
12.883 0 0.249106837897
12.892 0 0.2526877323
12.905 0 0.250943441915
12.912 0 0.250286139115
12.922 0 0.249818821434
12.936 0 0.249848917398
12.95 0 0.249499076008
12.959 0 0.249308985494
12.966 0 0.249198189115
12.97 0 0.249074147533
12.983 0 0.247741828171
12.996 0 0.245013128299
13.005 0 0.24207174799
13.014 0 0.240070570833
13.022 0 0.237823043188
13.033 0 0.234249116577
13.044 0 0.231258867789
13.048 0 0.230565720889
13.063 0 0.226753153494
13.073 0 0.223572552184
13.085 0 0.219545917701
13.094 0 0.217619471458
13.102 0 0.216753632269
13.112 0 0.216447735849
13.122 0 0.217093009132
13.132 0 0.217390720227
13.14 0 0.217941397613
13.152 0 0.217719291292
13.165 0 0.218562320498
13.169 0 0.218640828463
13.181 0 0.219874951274
13.194 0 0.220469509877
13.203 0 0.221811816509
13.213 0 0.22247855339
13.223 0 0.224970336381
13.228 0 0.224797727526
13.243 0 0.227824039148
13.253 0 0.231103709653
13.268 0 0.232008528033
13.277 0 0.235725399267
13.284 0 0.23581931747
13.293 0 0.239252812542
13.301 0 0.24165984128
13.314 0 0.242147196837
13.322 0 0.243618847801
13.336 0 0.247772756979
13.342 0 0.246632464722
13.35 0 0.24948329102
13.36 0 0.250844874829
13.374 0 0.251268576264
13.38 0 0.250141547627
13.393 0 0.249283469201
13.4 0 0.249187360194
13.412 0 0.253718824246
13.426 0 0.254376922508
13.437 0 0.2572932992
13.445 0 0.258168308104
13.451 0 0.25962646895
13.462 0 0.262415784031
13.473 0 0.265305250841
13.481 0 0.265910007156
13.494 0 0.266163547399
13.503 0 0.265995743817
13.513 0 0.264860822136
13.526 0 0.262284379163
13.534 0 0.260113898208
13.542 0 0.259635324253
13.553 0 0.259177633715
13.565 0 0.260470120985
13.57 0 0.260624649594
13.583 0 0.260683105539
13.593 0 0.26065948342
13.604 0 0.260705294244
13.614 0 0.25977996965
13.623 0 0.25919878566
13.632 0 0.258066453217
13.642 0 0.257940937593
13.654 0 0.258081730557
13.661 0 0.257816255262
13.672 0 0.25813999244
13.682 0 0.258701859575
13.693 0 0.258306849609
13.703 0 0.257345236171
13.715 0 0.2575418359
13.721 0 0.25789054684
13.733 0 0.25834329724
13.743 0 0.258223890464
13.757 0 0.258172816545
13.763 0 0.257969517453
13.77 0 0.257871964374
13.784 0 0.257630586893
13.795 0 0.255734222054
13.804 0 0.254448375606
13.815 0 0.252420137063
13.82 0 0.25188822481
13.831 0 0.249484179678
13.841 0 0.247685490384
13.85 0 0.244930857216
13.861 0 0.241380246759
13.872 0 0.236562418104
13.884 0 0.233139324825
13.89 0 0.231857911999
13.902 0 0.230971126219
13.916 0 0.230625161192
13.924 0 0.230526321435
13.934 0 0.230271945939
13.942 0 0.231063499316
13.956 0 0.232537242751
13.965 0 0.233019339877
13.971 0 0.233877712907
13.985 0 0.235947071785
13.995 0 0.237051403309
14.007 0 0.238352372562
14.012 0 0.23749346645
14.024 0 0.239109839516
14.032 0 0.241430393979
14.044 0 0.241890180045
14.05 0 0.244884192976
14.064 0 0.247367379947
14.073 0 0.250085706226
14.082 0 0.249174877627
14.095 0 0.252232753797
14.102 0 0.252232753797
14.114 0 0.256536243168
14.122 0 0.258825238244
14.131 0 0.259132243377
14.141 0 0.259986750043
14.149 0 0.25726040195
14.164 0 0.258381742066
14.174 0 0.257971266164
14.181 0 0.258236662587
14.188 0 0.257746710964
14.205 0 0.259585266929
14.212 0 0.261565656092
14.221 0 0.265768365396
14.231 0 0.265205635404
14.24 0 0.265666849604
14.252 0 0.266495546398
14.262 0 0.267104713327
14.272 0 0.26811592715
14.285 0 0.270370888716
14.294 0 0.269488337179
14.303 0 0.267786899893
14.313 0 0.265706986498
14.324 0 0.265116400466
14.334 0 0.266655230787
14.344 0 0.26642550636
14.351 0 0.265958319469
14.363 0 0.265085869169
14.373 0 0.261548166331
14.385 0 0.258487288798
14.392 0 0.257861324141
14.401 0 0.257861324141
14.412 0 0.248283735282
14.424 0 0.244945965204
14.43 0 0.24397454068
14.443 0 0.242289008676
14.453 0 0.242503730286
14.464 0 0.241747926164
14.473 0 0.240670317477
14.481 0 0.239540858964
14.494 0 0.238093602369
14.5 0 0.236690252603
14.512 0 0.233796318983
14.522 0 0.231641324745
14.533 0 0.227962217366
14.542 0 0.227813026593
14.553 0 0.226312822925
14.561 0 0.225671097786
14.571 0 0.225348988709
14.586 0 0.226496901123
14.594 0 0.227257484377
14.604 0 0.229150062941
14.615 0 0.23278070096
14.623 0 0.235293377406
14.631 0 0.236967275123
14.644 0 0.238668398807
14.652 0 0.23914451271
14.663 0 0.240483074218
14.675 0 0.241699950617
14.687 0 0.243126482415
14.695 0 0.24387371087
14.706 0 0.244603250141
14.712 0 0.245105589754
14.724 0 0.245842353424
14.735 0 0.245894370816
14.742 0 0.246578485157
14.753 0 0.247627137781
14.763 0 0.24875857093
14.773 0 0.250117851762
14.785 0 0.249026814282
14.793 0 0.250376063806
14.803 0 0.253221197031
14.815 0 0.255503899239
14.822 0 0.257586395775
14.833 0 0.257910787067
14.842 0 0.26137538976
14.851 0 0.261227247699
14.862 0 0.2660991787
14.873 0 0.268589693973
14.884 0 0.270796741252
14.891 0 0.271237963817
14.899 0 0.270267636111
14.914 0 0.267944259149
14.923 0 0.267611922021
14.936 0 0.268747469411
14.944 0 0.272414007886
14.954 0 0.269240652694
14.962 0 0.272137529758
14.971 0 0.265835578192
14.986 0 0.272046748327
14.993 0 0.279526443653
15.003 0 0.281844419413
15.014 0 0.281798823574
15.023 0 0.285137768253
15.034 0 0.287793445521
15.042 0 0.289053354567
15.052 0 0.290902347784
15.063 0 0.292234893025
15.072 0 0.292271866787
15.082 0 0.29257915575
15.091 0 0.292587235242
15.103 0 0.291733594289
15.117 0 0.291118201759
15.122 0 0.290574997346
15.133 0 0.28996328023
15.14 0 0.289164139752
15.151 0 0.288307578302
15.162 0 0.288307578302
15.173 0 0.28232360935
15.182 0 0.279135264139
15.19 0 0.277767301946
15.203 0 0.272769467394
15.211 0 0.268324783289
15.221 0 0.267645433536
15.232 0 0.267078974451
15.24 0 0.266448060774
15.256 0 0.264804678607
15.262 0 0.264181099908
15.272 0 0.26398648366
15.283 0 0.263387475017
15.29 0 0.26271476356
15.304 0 0.262243298584
15.318 0 0.262275480156
15.323 0 0.262236799017
15.336 0 0.262037171809
15.345 0 0.261460303775
15.353 0 0.260857462088
15.362 0 0.260919638357
15.375 0 0.261270436153
15.384 0 0.261469758
15.394 0 0.261336027622
15.405 0 0.261578474911
15.413 0 0.262010084105
15.425 0 0.262446572731
15.433 0 0.262634405895
15.445 0 0.262490426078
15.454 0 0.26216691319
15.463 0 0.261591596522
15.473 0 0.261479886292
15.482 0 0.260413641339
15.492 0 0.259275413784
15.503 0 0.259933220014
15.513 0 0.261109539538
15.522 0 0.262151593101
15.536 0 0.263391643127
15.538 0 0.26426249441
15.553 0 0.267021353121
15.56 0 0.266935621136
15.575 0 0.269507473742
15.581 0 0.270852301656
15.595 0 0.272265295333
15.602 0 0.274187799261
15.611 0 0.278399717752
15.622 0 0.279875912011
15.632 0 0.282519820703
15.641 0 0.283079946577
15.652 0 0.281700048886
15.662 0 0.281538630127
15.67 0 0.281096026896
15.681 0 0.28266875808
15.693 0 0.284482807865
15.7 0 0.286886134592
15.715 0 0.289036413353
15.726 0 0.291158954841
15.732 0 0.289037945608
15.742 0 0.297661191692
15.756 0 0.298519905323
15.761 0 0.29511889775
15.774 0 0.303617138075
15.785 0 0.305525263468
15.792 0 0.306103101706
15.802 0 0.305873755529
15.813 0 0.310370635692
15.823 0 0.311232072257
15.83 0 0.313875596322
15.844 0 0.315165568486
15.853 0 0.315457997895
15.862 0 0.31567507628
15.872 0 0.315474021764
15.886 0 0.313983363999
15.891 0 0.313043744556
15.901 0 0.310989955237
15.912 0 0.309480717626
15.924 0 0.306919292972
15.934 0 0.305225575278
15.941 0 0.304202310295
15.956 0 0.300445472798
15.961 0 0.299093154393
15.975 0 0.297619277251
15.982 0 0.296703302824
15.995 0 0.295575515479
16.007 0 0.294996003921
16.015 0 0.294748702653
16.024 0 0.29358508669
16.029 0 0.292739211534
16.041 0 0.290798489918
16.052 0 0.290348469682
16.063 0 0.290000200724
16.074 0 0.289760862738
16.081 0 0.289566577498
16.092 0 0.288806417208
16.11 0 0.288544604424
16.117 0 0.288200854791
16.123 0 0.288367806524
16.132 0 0.288897228557
16.142 0 0.288469139939
16.156 0 0.288033006202
16.162 0 0.288367395519
16.174 0 0.289454197036
16.182 0 0.290125217455
16.195 0 0.291775487021
16.204 0 0.292380898626
16.213 0 0.292815897049
16.221 0 0.293227402307
16.233 0 0.293634883806
16.241 0 0.294110773528
16.252 0 0.293671784446
16.261 0 0.29324192674
16.272 0 0.293431554156
16.279 0 0.293976111663
16.293 0 0.295094698412
16.307 0 0.295717403141
16.313 0 0.295717403141
16.323 0 0.298614127639
16.337 0 0.299208147747
16.338 0 0.299208147747
16.352 0 0.302255161845
16.363 0 0.302083742322
16.372 0 0.304671359809
16.385 0 0.30563612048
16.392 0 0.309344364297
16.403 0 0.311597561051
16.413 0 0.311500522
16.421 0 0.31189292182
16.433 0 0.317946848279
16.445 0 0.321748404727
16.453 0 0.324089525949
16.462 0 0.325599763592
16.473 0 0.323144712727
16.48 0 0.320557710185
16.492 0 0.318075194585
16.504 0 0.325352376509
16.512 0 0.324007691319
16.523 0 0.333126839978
16.532 0 0.335447473786
16.542 0 0.337648257179
16.553 0 0.338249746929
16.562 0 0.338817883622
16.577 0 0.341951086307
16.587 0 0.34336615205
16.592 0 0.342529112028
16.602 0 0.342635961221
16.61 0 0.343790384054
16.622 0 0.343484892757
16.631 0 0.343484892757
16.643 0 0.346284205611
16.654 0 0.346136948243
16.661 0 0.345215130713
16.675 0 0.343210278263
16.684 0 0.339434887947
16.692 0 0.337348841977
16.704 0 0.339587676058
16.715 0 0.338929350301
16.724 0 0.339315754013
16.732 0 0.33897114366
16.742 0 0.337233722472
16.753 0 0.334174657607
16.766 0 0.330697921534
16.772 0 0.329566356876
16.783 0 0.325803244116
16.794 0 0.324564574142
16.804 0 0.323695221244
16.813 0 0.322807429444
16.822 0 0.320360075254
16.83 0 0.318792476504
16.843 0 0.315620790597
16.853 0 0.316389623163
16.866 0 0.317831069251
16.869 0 0.317447158968
16.885 0 0.319155314088
16.892 0 0.319943502232
16.901 0 0.320277385585
16.913 0 0.319517891635
16.921 0 0.319022031645
16.934 0 0.318568896673
16.947 0 0.318672855456
16.951 0 0.3193630003
16.967 0 0.319008458083
16.973 0 0.319367439278
16.988 0 0.320031879991
16.996 0 0.319987221083
17.005 0 0.320723457657
17.01 0 0.320927985516
17.021 0 0.321481648743
17.033 0 0.321736636477
17.044 0 0.3221200535
17.051 0 0.322127817907
17.062 0 0.322691246682
17.07 0 0.322636481639
17.082 0 0.323173271385
17.09 0 0.323358089788
17.106 0 0.325861881113
17.113 0 0.32647694316
17.121 0 0.326629366124
17.136 0 0.328017643997
17.14 0 0.327170064839
17.152 0 0.328214414376
17.165 0 0.333179155029
17.171 0 0.3346226461
17.182 0 0.334165212606
17.194 0 0.336217388439
17.202 0 0.337297055044
17.213 0 0.341929754522
17.223 0 0.343166966344
17.233 0 0.344295023464
17.243 0 0.343369549569
17.256 0 0.349973664911
17.265 0 0.353704159802
17.273 0 0.348955035428
17.288 0 0.354045463275
17.292 0 0.356813834678
17.3 0 0.358458692893
17.316 0 0.360016701682
17.323 0 0.360454766391
17.33 0 0.361167336157
17.343 0 0.36105381937
17.354 0 0.360902948836
17.361 0 0.362369500892
17.373 0 0.363224002824
17.383 0 0.365673875775
17.394 0 0.36704666818
17.403 0 0.368360115523
17.416 0 0.37129418399
17.421 0 0.373095953245
17.433 0 0.374412224262
17.447 0 0.374520425226
17.453 0 0.373964740664
17.466 0 0.372378712279
17.478 0 0.369642113709
17.485 0 0.369002299176
17.493 0 0.368529922531
17.503 0 0.368287303359
17.511 0 0.368423938236
17.523 0 0.36727368922
17.532 0 0.365686780975
17.542 0 0.363570183634
17.551 0 0.361938153117
17.561 0 0.360553714223
17.576 0 0.360233777881
17.584 0 0.359750235168
17.592 0 0.359161695678
17.601 0 0.359406241173
17.616 0 0.359047654473
17.623 0 0.358010687625
17.63 0 0.356214710394
17.645 0 0.356214710394
17.653 0 0.356214710394
17.665 0 0.349362132331
17.674 0 0.347824964654
17.684 0 0.343294901311
17.69 0 0.340181513587
17.703 0 0.337365325939
17.714 0 0.335489590651
17.723 0 0.335023671706
17.732 0 0.334521120983
17.742 0 0.334172813548
17.754 0 0.33360353283
17.765 0 0.334030850391
17.773 0 0.333738244313
17.784 0 0.332883995794
17.789 0 0.332827813805
17.803 0 0.33241510484
17.817 0 0.332716203487
17.823 0 0.333049605727
17.833 0 0.333451777365
17.843 0 0.333889479358
17.851 0 0.333955403018
17.862 0 0.333826393093
17.872 0 0.333968622978
17.883 0 0.334361484571
17.892 0 0.335730344121
17.905 0 0.337229985919
17.914 0 0.339926931937
17.922 0 0.340720939806
17.934 0 0.341717775167
17.941 0 0.343555384545
17.95 0 0.343674964463
17.962 0 0.349987659766
17.972 0 0.349521462966
17.982 0 0.351637328126
17.994 0 0.35074206566
18.003 0 0.355857263011
18.011 0 0.354455030164
18.022 0 0.357445340728
18.035 0 0.36400388082
18.039 0 0.362454462235
18.051 0 0.369119105085
18.064 0 0.36922846573
18.073 0 0.367265142998
18.083 0 0.370485462793
18.094 0 0.371744452771
18.104 0 0.372442980301
18.114 0 0.375008918267
18.123 0 0.376308979371
18.134 0 0.378211422879
18.142 0 0.378830766226
18.154 0 0.377473228001
18.159 0 0.377998281372
18.172 0 0.377892101369
18.178 0 0.379234096279
18.189 0 0.3800700155
18.201 0 0.382273203652
18.211 0 0.382262899605
18.219 0 0.38255016861
18.232 0 0.382167446629
18.244 0 0.381240649362
18.254 0 0.379812088277
18.264 0 0.378967114541
18.276 0 0.377365833755
18.282 0 0.377583661704
18.293 0 0.377442458677
18.3 0 0.376669129646
18.309 0 0.376813941134
18.324 0 0.374206214237
18.334 0 0.371948942731
18.341 0 0.371081102382
18.353 0 0.369197508988
18.363 0 0.369377597484
18.37 0 0.368671510029
18.385 0 0.367936817853
18.391 0 0.367111001513
18.402 0 0.365708113371
18.412 0 0.364698304281
18.425 0 0.363535806262
18.433 0 0.362751410316
18.441 0 0.362069800944
18.454 0 0.360511994933
18.46 0 0.359478781825
18.473 0 0.357167829359
18.483 0 0.356741886078
18.49 0 0.356356431313
18.502 0 0.355529629614
18.508 0 0.355445337998
18.52 0 0.355034612338
18.536 0 0.356182475865
18.544 0 0.356923569953
18.553 0 0.356673008915
18.561 0 0.356700835966
18.572 0 0.356457255972
18.582 0 0.355642280372
18.593 0 0.356399627372
18.605 0 0.358650127171
18.613 0 0.359596141371
18.623 0 0.359414721652
18.632 0 0.360758643198
18.646 0 0.362598079537
18.657 0 0.364340559279
18.663 0 0.364725975814
18.673 0 0.366035925322
18.684 0 0.368935072363
18.694 0 0.370406299274
18.703 0 0.371719967797
18.714 0 0.373630873707
18.723 0 0.376477264304
18.733 0 0.375688264322
18.743 0 0.376483099963
18.753 0 0.380719113258
18.761 0 0.379898089563
18.773 0 0.385376095011
18.787 0 0.384667516686
18.791 0 0.384683631071
18.804 0 0.389258562985
18.816 0 0.391230436611
18.82 0 0.391603272695
18.837 0 0.394757853687
18.844 0 0.393501709247
18.852 0 0.393501709247
18.864 0 0.397858367651
18.875 0 0.398215586546
18.88 0 0.397934975472
18.893 0 0.398064148305
18.908 0 0.39827330088
18.913 0 0.397952793712
18.923 0 0.396731536635
18.929 0 0.39470663198
18.946 0 0.391835369028
18.954 0 0.388701362724
18.964 0 0.393821717994
18.975 0 0.386425866553
18.984 0 0.38632234192
18.993 0 0.387989819964
19.005 0 0.395857093059
19.013 0 0.399978563343
19.022 0 0.399795466678
19.03 0 0.399297872591
19.044 0 0.398941764085
19.056 0 0.400226869386
19.062 0 0.400348011745
19.075 0 0.400708431247
19.084 0 0.400494799811
19.089 0 0.399794290589
19.104 0 0.397763299364
19.118 0 0.397506179785
19.122 0 0.396960487232
19.132 0 0.394846532695
19.145 0 0.393555371088
19.154 0 0.392837849453
19.164 0 0.392144268315
19.173 0 0.391874248776
19.181 0 0.391871853264
19.193 0 0.390805374863
19.204 0 0.391021078182
19.221 0 0.389454233775
19.224 0 0.388668791226
19.234 0 0.3869826813
19.238 0 0.385178175508
19.253 0 0.383622057729
19.262 0 0.382232751879
19.268 0 0.381973831421
19.282 0 0.381514821964
19.293 0 0.38144116275
19.302 0 0.381633907631
19.312 0 0.381586905164
19.324 0 0.380294615188
19.338 0 0.380475027084
19.346 0 0.380330086926
19.354 0 0.380541244888
19.363 0 0.381380280018
19.368 0 0.381797795783
19.381 0 0.383068918875
19.394 0 0.384829760722
19.404 0 0.386670515965
19.411 0 0.388382679219
19.424 0 0.389983815407
19.432 0 0.390879874015
19.442 0 0.392162685254
19.452 0 0.39362994196
19.458 0 0.393766422985
19.473 0 0.39537999446
19.485 0 0.396396018261
19.491 0 0.397664898961
19.501 0 0.398724672134
19.513 0 0.400549305393
19.528 0 0.40081030756
19.537 0 0.404292938499
19.544 0 0.404313948949
19.552 0 0.407658674183
19.564 0 0.410280805477
19.572 0 0.414768330919
19.581 0 0.415783749269
19.593 0 0.418442219206
19.603 0 0.420254725923
19.611 0 0.422660326098
19.62 0 0.422172724882
19.632 0 0.423179868933
19.64 0 0.424252473102
19.651 0 0.430066653242
19.66 0 0.427991736736
19.672 0 0.429739955336
19.683 0 0.430754790409
19.692 0 0.430060448523
19.703 0 0.432598958857
19.712 0 0.433436574764
19.726 0 0.434201371505
19.732 0 0.433860924712
19.741 0 0.433115114781
19.752 0 0.431339891118
19.762 0 0.432236311323
19.771 0 0.431952739736
19.784 0 0.434591335332
19.792 0 0.436102869178
19.803 0 0.437114359732
19.814 0 0.438117443358
19.825 0 0.438283025506
19.833 0 0.438141732558
19.842 0 0.4392320368
19.851 0 0.438892513711
19.861 0 0.438664429602
19.87 0 0.438998031615
19.884 0 0.440975683688
19.891 0 0.440377283785
19.907 0 0.439158738405
19.913 0 0.439772616637
19.924 0 0.438407575775
19.933 0 0.437029841008
19.943 0 0.437181206271
19.949 0 0.435985384518
19.962 0 0.435420716258
19.97 0 0.43251315049
19.981 0 0.432489976935
19.995 0 0.432747776961
20.001 0 0.432747776961
20.011 0 0.429604303181
20.024 0 0.428382835833
20.035 0 0.426341888949
20.045 0 0.424710063462
20.054 0 0.42184550538
20.064 0 0.420868093611
20.074 0 0.41859275844
20.084 0 0.417676888965
20.093 0 0.416090186883
20.101 0 0.415558697825
20.113 0 0.41599139612
20.125 0 0.4164247914
20.134 0 0.416840413132
20.143 0 0.41743609266
20.154 0 0.419604938896
20.163 0 0.420991264215
20.173 0 0.421772855629
20.178 0 0.421981535523
20.191 0 0.422222383
20.205 0 0.422222383
20.214 0 0.421648585397
20.223 0 0.421960561292
20.233 0 0.423947626909
20.246 0 0.426240278502
20.253 0 0.426591797165
20.263 0 0.429186601704
20.273 0 0.43137030546
20.284 0 0.431002554367
20.293 0 0.432882104648
20.306 0 0.432568798248
20.31 0 0.432568798248
20.323 0 0.432568798248
20.334 0 0.438125842485
20.34 0 0.437532431497
20.352 0 0.439389921535
20.362 0 0.440131769094
20.371 0 0.444075548544
20.386 0 0.444708992142
20.391 0 0.447320567595
20.403 0 0.44929915328
20.415 0 0.451524561285
20.423 0 0.452429723399
20.438 0 0.450492291514
20.444 0 0.454018254191
20.45 0 0.450533335016
20.464 0 0.451058701479
20.473 0 0.452505061099
20.481 0 0.458445338864
20.494 0 0.456723049221
20.503 0 0.458351686366
20.515 0 0.463938576538
20.524 0 0.465874038046
20.533 0 0.469342532415
20.541 0 0.47150183579
20.554 0 0.47387677482
20.562 0 0.474691698402
20.571 0 0.474690656778
20.584 0 0.473671197729
20.591 0 0.47332052744
20.601 0 0.47124573318
20.616 0 0.471056137031
20.625 0 0.470225890059
20.632 0 0.470720828448
20.643 0 0.469937511277
20.652 0 0.467002203709
20.662 0 0.465937080311
20.673 0 0.462909053208
20.684 0 0.460406865026
20.691 0 0.458562293234
20.701 0 0.457406196361
20.713 0 0.457981208158
20.723 0 0.457882091227
20.735 0 0.457047114111
20.742 0 0.457164928311
20.752 0 0.457168798738
20.766 0 0.454605606831
20.769 0 0.453794325432
20.786 0 0.45100645564
20.795 0 0.44849022025
20.808 0 0.446999900824
20.815 0 0.447085187044
20.825 0 0.446181033692
20.834 0 0.446144706333
20.845 0 0.44616386417
20.853 0 0.445870957301
20.865 0 0.445923858448
20.875 0 0.44553642076
20.883 0 0.446147435809
20.894 0 0.44746234703
20.907 0 0.448103978208
20.914 0 0.448600592063
20.923 0 0.449958542304
20.934 0 0.451092840341
20.941 0 0.451311264229
20.953 0 0.451295430752
20.962 0 0.452094088352
20.972 0 0.452154549485
20.983 0 0.451840005441
20.992 0 0.4520443271
21.001 0 0.4520443271
21.013 0 0.452983595736
21.027 0 0.453847660194
21.033 0 0.454495291266
21.043 0 0.45474647959
21.05 0 0.455738882193
21.06 0 0.457027540081
21.07 0 0.457703136546
21.082 0 0.459489613023
21.092 0 0.461450906088
21.104 0 0.46320184874
21.109 0 0.466253936875
21.12 0 0.466843795116
21.133 0 0.473753465478
21.145 0 0.475569485948
21.155 0 0.47669302219
21.162 0 0.476305393939
21.173 0 0.473657178585
21.181 0 0.477584362928
21.194 0 0.481214770452
21.203 0 0.482078969366
21.211 0 0.486522776196
21.224 0 0.487802363543
21.233 0 0.488806302599
21.245 0 0.489770979292
21.253 0 0.488291474883
21.262 0 0.488397495591
21.275 0 0.488891864609
21.283 0 0.492140517862
21.295 0 0.494427417051
21.306 0 0.495706165507
21.31 0 0.495859795437
21.321 0 0.498143948067
21.334 0 0.499833394016
21.341 0 0.501239685029
21.358 0 0.502053118079
21.367 0 0.501598908119
21.373 0 0.500746031069
21.383 0 0.499374899584
21.392 0 0.497856310189
21.402 0 0.496068265813
21.413 0 0.495740274994
21.422 0 0.49396289891
21.433 0 0.492512140173
21.443 0 0.491353183559
21.454 0 0.490045358762
21.463 0 0.488485092433
21.473 0 0.487102662618
21.483 0 0.48781059151
21.492 0 0.488506706448
21.502 0 0.488552503155
21.513 0 0.487552246975
21.524 0 0.486303449064
21.532 0 0.485083485694
21.543 0 0.483565822973
21.552 0 0.481231929631
21.563 0 0.479933798746
21.568 0 0.479761692474
21.581 0 0.477649926823
21.593 0 0.474958254712
21.602 0 0.473464860231
21.61 0 0.473155799966
21.618 0 0.472921059098
21.633 0 0.471717504095
21.642 0 0.471056525647
21.652 0 0.470305656612
21.658 0 0.469228967827
21.673 0 0.466505543118
21.681 0 0.466290036261
21.692 0 0.467247110829
21.698 0 0.467766100836
21.716 0 0.46932246179
21.72 0 0.469838824028
21.735 0 0.470930688896
21.743 0 0.471456770306
21.753 0 0.471844624155
21.761 0 0.471485198128
21.771 0 0.470962174568
21.78 0 0.4705499429
21.792 0 0.471467539649
21.801 0 0.471145235692
21.815 0 0.471710088688
21.822 0 0.471812095987
21.832 0 0.473089097136
21.843 0 0.475526013708
21.854 0 0.479213906275
21.862 0 0.479803068145
21.873 0 0.483743416588
21.882 0 0.484856387495
21.892 0 0.484958858804
21.903 0 0.487654201674
21.915 0 0.488301030261
21.922 0 0.488933274297
21.934 0 0.488256303148
21.946 0 0.490296200524
21.953 0 0.490718705921
21.961 0 0.488618452089
21.973 0 0.493191786196
21.981 0 0.493832134664
21.995 0 0.496279286715
22.001 0 0.496535621816
22.015 0 0.500824967132
22.03 0 0.500902017663
22.035 0 0.498754678331
22.044 0 0.498684090809
22.057 0 0.504411427314
22.063 0 0.506961064739
22.075 0 0.506813570657
22.083 0 0.508969456075
22.093 0 0.509998359215
22.102 0 0.511650449995
22.109 0 0.512652847871
22.12 0 0.515405184875
22.128 0 0.517065082377
22.142 0 0.516867865017
22.15 0 0.516096848574
22.162 0 0.515604720101
22.173 0 0.513837249343
22.179 0 0.514051153876
22.192 0 0.512805115163
22.205 0 0.513309826568
22.211 0 0.512494227377
22.218 0 0.512057412305
22.234 0 0.510646610601
22.243 0 0.508648273008
22.252 0 0.507746278665
22.262 0 0.506815934178
22.272 0 0.507132891713
22.285 0 0.507640118616
22.292 0 0.508363750758
22.303 0 0.509027037325
22.309 0 0.508821158671
22.324 0 0.507807817274
22.332 0 0.506245409839
22.341 0 0.505044063625
22.354 0 0.501579548481
22.361 0 0.49824143
22.369 0 0.494929276555
22.379 0 0.491702461874
22.393 0 0.489862936039
22.402 0 0.489442022874
22.416 0 0.489390238108
22.422 0 0.489505833241
22.433 0 0.489618106257
22.445 0 0.49114728275
22.454 0 0.491702442655
22.464 0 0.492650092194
22.474 0 0.495567284096
22.482 0 0.495854122462
22.491 0 0.497360311956
22.499 0 0.498526634525
22.512 0 0.501812735426
22.524 0 0.502719779597
22.53 0 0.502719779597
22.544 0 0.505232087337
22.554 0 0.507320307353
22.56 0 0.507768403483
22.573 0 0.50837312943
22.582 0 0.508563969629
22.59 0 0.508838765496
22.6 0 0.509297151214
22.616 0 0.51094989489
22.621 0 0.512049312552
22.633 0 0.511770150393
22.641 0 0.515805575652
22.653 0 0.518351381558
22.665 0 0.520000236756
22.669 0 0.520273751491
22.684 0 0.525848880144
22.694 0 0.527091144894
22.704 0 0.530758850289
22.711 0 0.530758850289
22.721 0 0.530758850289
22.735 0 0.53362671016
22.745 0 0.53202842642
22.754 0 0.537186022253
22.762 0 0.53752425144
22.774 0 0.541051134091
22.788 0 0.542941608322
22.793 0 0.54351473354
22.802 0 0.544919533751
22.812 0 0.548472422916
22.824 0 0.548295424392
22.833 0 0.54720069676
22.845 0 0.54805928732
22.858 0 0.547655072701
22.864 0 0.549747872243
22.873 0 0.549918530495
22.881 0 0.55371533939
22.892 0 0.555598093727
22.904 0 0.557480076244
22.915 0 0.55923223844
22.931 0 0.559310034361
22.933 0 0.55910452778
22.949 0 0.558561283886
22.957 0 0.55791508972
22.971 0 0.556320699554
22.976 0 0.555327211197
22.98 0 0.554939607505
22.991 0 0.555062252316
23.002 0 0.554817472201
23.013 0 0.551403025197
23.021 0 0.548919093731
23.035 0 0.543854088448
23.043 0 0.541939927638
23.05 0 0.541137719544
23.062 0 0.540633572878
23.071 0 0.541916476764
23.083 0 0.542176870714
23.098 0 0.5408813048
23.103 0 0.540239523031
23.112 0 0.539562536043
23.123 0 0.539270182392
23.132 0 0.537537854009
23.141 0 0.535916999966
23.149 0 0.534574543441
23.162 0 0.53196285791
23.168 0 0.531107977455
23.186 0 0.528863912783
23.192 0 0.528882593102
23.205 0 0.528348558265
23.212 0 0.528190493073
23.22 0 0.528233811879
23.232 0 0.528285385276
23.241 0 0.528007818382
23.252 0 0.530478918782
23.264 0 0.532721375537
23.27 0 0.532922767761
23.279 0 0.533557946751
23.291 0 0.533768530778
23.304 0 0.535754743636
23.315 0 0.536014971422
23.327 0 0.536172787044
23.341 0 0.537024886212
23.342 0 0.537024886212
23.354 0 0.537898380214
23.359 0 0.538399041166
23.371 0 0.538977542531
23.383 0 0.539750501916
23.393 0 0.539712197158
23.403 0 0.541386292745
23.412 0 0.543900383346
23.424 0 0.544335182867
23.432 0 0.545845291415
23.444 0 0.546217962557
23.453 0 0.550367641786
23.466 0 0.553866182739
23.473 0 0.554531226288
23.481 0 0.55623738363
23.492 0 0.552203693759
23.501 0 0.55093930503
23.516 0 0.555626443729
23.524 0 0.554887429238
23.532 0 0.558536198319
23.541 0 0.5597840633
23.553 0 0.564436629548
23.56 0 0.560149616454
23.572 0 0.56175563153
23.58 0 0.565145038584
23.594 0 0.568371597515
23.603 0 0.571386924506
23.608 0 0.574663665845
23.622 0 0.579317585763
23.634 0 0.581743761287
23.639 0 0.581792126752
23.654 0 0.583713901851
23.66 0 0.584065903949
23.675 0 0.584581480047
23.684 0 0.584092720578
23.693 0 0.585197947382
23.705 0 0.585373972577
23.713 0 0.585301067411
23.722 0 0.584584722318
23.742 0 0.583555718102
23.745 0 0.583393263865
23.759 0 0.582949219977
23.768 0 0.582433647709
23.777 0 0.580738898977
23.784 0 0.581808911133
23.792 0 0.58132366917
23.799 0 0.580246856152
23.81 0 0.579657635276
23.826 0 0.575869643675
23.834 0 0.575165923631
23.842 0 0.575669076885
23.849 0 0.575393099814
23.861 0 0.575756520162
23.872 0 0.575808546204
23.881 0 0.575428372973
23.895 0 0.575091508845
23.9 0 0.575140840635
23.915 0 0.574465951987
23.921 0 0.574472145778
23.937 0 0.573092268425
23.942 0 0.572712263179
23.952 0 0.572023638754
23.965 0 0.57116722503
23.97 0 0.570730378532
23.983 0 0.570028219374
23.993 0 0.569997745774
23.999 0 0.569726058807
24.01 0 0.568767345771
24.021 0 0.56920778569
24.036 0 0.570761331986
24.041 0 0.571272487648
24.05 0 0.572571997471
24.063 0 0.574478327931
24.076 0 0.57595896509
24.083 0 0.576815454513
24.094 0 0.578300854914
24.099 0 0.578483620733
24.113 0 0.578705064836
24.126 0 0.578139652629
24.135 0 0.57790782291
24.144 0 0.578281577691
24.156 0 0.57801528794
24.159 0 0.577953367344
24.177 0 0.578711453949
24.187 0 0.580136122034
24.195 0 0.582019704767
24.202 0 0.583805086632
24.21 0 0.583024897303
24.222 0 0.586073786724
24.232 0 0.588824621159
24.24 0 0.590446973274
24.25 0 0.591019982018
24.264 0 0.5923753949
24.274 0 0.592258431498
24.285 0 0.589629713682
24.297 0 0.59091135383
24.304 0 0.589975316044
24.313 0 0.592192747212
24.322 0 0.596288282093
24.331 0 0.597907191523
24.344 0 0.600360343021
24.352 0 0.600123309348
24.366 0 0.599360644062
24.373 0 0.602366582171
24.381 0 0.602985837435
24.39 0 0.604109796117
24.402 0 0.606366540861
24.413 0 0.609708070771
24.425 0 0.61056150018
24.431 0 0.611680405641
24.443 0 0.612545385019
24.455 0 0.613302451886
24.472 0 0.615811617785
24.478 0 0.616855723042
24.486 0 0.617946581549
24.491 0 0.6167737316
24.501 0 0.616413230157
24.516 0 0.615904261562
24.523 0 0.614240333028
24.529 0 0.614673232555
24.543 0 0.614429455322
24.551 0 0.614387067942
24.562 0 0.615563257013
24.572 0 0.614456046903
24.582 0 0.611833178096
24.594 0 0.610486972739
24.603 0 0.608221567658
24.612 0 0.607712543533
24.624 0 0.607819188346
24.631 0 0.60939886254
24.645 0 0.609376281899
24.653 0 0.609419719735
24.662 0 0.608913857285
24.669 0 0.608204327
24.683 0 0.608204327
24.692 0 0.606768715742
24.702 0 0.60663428511
24.711 0 0.606535401662
24.724 0 0.605070843228
24.737 0 0.602836204754
24.744 0 0.602576416942
24.753 0 0.602128326064
24.765 0 0.602294125819
24.769 0 0.602303967955
24.783 0 0.601347065758
24.792 0 0.601024008657
24.802 0 0.60082129452
24.814 0 0.602122751015
24.822 0 0.603146116082
24.83 0 0.60432597911
24.842 0 0.60505471381
24.849 0 0.605220850062
24.863 0 0.605922590602
24.87 0 0.606365954127
24.883 0 0.607603577731
24.891 0 0.608419486206
24.901 0 0.609422545338
24.911 0 0.61085607607
24.922 0 0.612008210345
24.931 0 0.613913185072
24.941 0 0.614978216579
24.951 0 0.616305982515
24.96 0 0.616767945021
24.975 0 0.619560402994
24.983 0 0.618741149903
24.992 0 0.620667408391
24.999 0 0.623487553283
25.015 0 0.625870666365
25.022 0 0.626451660309
25.031 0 0.630131371609
25.049 0 0.631257269586
25.055 0 0.629711468859
25.064 0 0.631394836097
25.072 0 0.631428001418
25.08 0 0.629778807808
25.092 0 0.632022674464
25.103 0 0.631972584511
25.112 0 0.630865936561
25.125 0 0.63721468422
25.131 0 0.63721468422
25.141 0 0.6379361655
25.151 0 0.637107028029
25.161 0 0.636154745834
25.171 0 0.636214302104
25.182 0 0.644912064638
25.192 0 0.646800360965
25.202 0 0.649376001969
25.213 0 0.651611718048
25.221 0 0.652318326809
25.236 0 0.654449518805
25.246 0 0.655720716677
25.253 0 0.655977596774
25.262 0 0.656654741062
25.275 0 0.657558040742
25.286 0 0.658484329885
25.292 0 0.658285575054
25.3 0 0.657748991336
25.311 0 0.6569300434
25.324 0 0.655612366354
25.328 0 0.655510106455
25.341 0 0.654108470607
25.353 0 0.653426071294
25.361 0 0.653763873371
25.377 0 0.652022776877
25.383 0 0.651160810185
25.392 0 0.650102857288
25.402 0 0.648580752566
25.411 0 0.647738400648
25.429 0 0.647481418724
25.429 0 0.647481418724
25.443 0 0.646288980858
25.452 0 0.646286870458
25.461 0 0.645873119388
25.473 0 0.644718480632
25.48 0 0.643688656655
25.494 0 0.642183156776
25.501 0 0.641840366272
25.514 0 0.642294764708
25.521 0 0.643061360363
25.534 0 0.643407338113
25.54 0 0.64325465526
25.553 0 0.642756203122
25.564 0 0.642272861592
25.573 0 0.642118121513
25.58 0 0.642502754256
25.59 0 0.642781032328
25.602 0 0.643968048633
25.611 0 0.644993657752
25.622 0 0.645807063498
25.629 0 0.646111500419
25.642 0 0.647303639326
25.656 0 0.648329684336
25.66 0 0.648508770546
25.669 0 0.649536766821
25.68 0 0.650724325511
25.693 0 0.651817760049
25.7 0 0.652476257724
25.712 0 0.65357565178
25.722 0 0.654508231287
25.732 0 0.656104274264
25.743 0 0.657410125068
25.755 0 0.659043944665
25.762 0 0.658507687868
25.771 0 0.659965415711
25.78 0 0.6629459155
25.794 0 0.664613445425
25.802 0 0.668145448856
25.81 0 0.667687410386
25.823 0 0.669942198885
25.831 0 0.669533675678
25.844 0 0.67161575538
25.851 0 0.669936147309
25.862 0 0.669936147309
25.873 0 0.669712494012
25.882 0 0.667934733916
25.897 0 0.669270799644
25.9 0 0.672834121969
25.912 0 0.676189215454
25.923 0 0.67357960187
25.93 0 0.674270004254
25.941 0 0.671223437306
25.951 0 0.670696024553
25.961 0 0.672456484541
25.976 0 0.679486828493
25.979 0 0.678683503235
25.993 0 0.679681899039
26.002 0 0.681039819825
26.013 0 0.682182158149
26.023 0 0.683897266479
26.031 0 0.6850617203
26.041 0 0.68690288358
26.053 0 0.688751215915
26.061 0 0.68920074893
26.072 0 0.688981366932
26.083 0 0.688023161495
26.092 0 0.687355880626
26.101 0 0.686351673229
26.112 0 0.685934687682
26.126 0 0.687519930165
26.132 0 0.68826510039
26.141 0 0.687596407623
26.151 0 0.686990500485
26.165 0 0.688173521036
26.171 0 0.68731739439
26.185 0 0.685330736307
26.192 0 0.682528854546
26.2 0 0.678803385757
26.211 0 0.677561673373
26.232 0 0.67728661097
26.237 0 0.677269183726
26.246 0 0.678131361137
26.25 0 0.678328833364
26.263 0 0.678858209663
26.271 0 0.678793048799
26.283 0 0.678290687967
26.293 0 0.676971699543
26.3 0 0.676382614625
26.311 0 0.675577240306
26.321 0 0.675924909671
26.332 0 0.676642550356
26.34 0 0.677160049918
26.351 0 0.676786908382
26.363 0 0.67694085454
26.379 0 0.677218324113
26.388 0 0.678216905953
26.394 0 0.679318850944
26.403 0 0.680102854033
26.408 0 0.680102801436
26.424 0 0.681615602331
26.434 0 0.683103873012
26.442 0 0.684662813919
26.45 0 0.68604322129
26.459 0 0.687273841491
26.473 0 0.688198516324
26.481 0 0.688445379416
26.489 0 0.688350077327
26.503 0 0.687421954163
26.512 0 0.688022207226
26.523 0 0.689671171025
26.53 0 0.690501517253
26.542 0 0.693325625095
26.55 0 0.694101016652
26.56 0 0.696548928014
26.571 0 0.697190506362
26.582 0 0.697638192858
26.594 0 0.702985448722
26.599 0 0.703133067579
26.612 0 0.703475375407
26.621 0 0.704170110986
26.637 0 0.704209799314
26.641 0 0.701967713933
26.653 0 0.704218000599
26.661 0 0.703582472725
26.67 0 0.700297009512
26.682 0 0.698857251961
26.688 0 0.699912281654
26.701 0 0.709237048564
26.711 0 0.714190006516
26.721 0 0.714883976675
26.73 0 0.713436653464
26.74 0 0.713612773049
26.751 0 0.714817437651
26.762 0 0.714546349074
26.772 0 0.716582802969
26.781 0 0.715968758399
26.788 0 0.713492009695
26.802 0 0.713676447561
26.809 0 0.716536176106
26.818 0 0.720426594888
26.829 0 0.722865168825
26.843 0 0.725695179032
26.848 0 0.725758355548
26.859 0 0.725081577461
26.873 0 0.723988110179
26.882 0 0.723768712178
26.89 0 0.723768712178
26.901 0 0.723585608135
26.911 0 0.72425434756
26.92 0 0.723549225124
26.931 0 0.721514468662
26.944 0 0.719674224211
26.95 0 0.718828745083
26.962 0 0.717342286502
26.978 0 0.713831190592
26.984 0 0.7124991991
26.995 0 0.711320378588
27.003 0 0.711337697233
27.017 0 0.711764409028
27.022 0 0.711875042834
27.03 0 0.710915341434
27.041 0 0.7097361389
27.05 0 0.708211062974
27.061 0 0.705282932847
27.072 0 0.70285652555
27.08 0 0.700532704547
27.09 0 0.698116322694
27.104 0 0.696398837348
27.113 0 0.695350398863
27.122 0 0.694720329049
27.134 0 0.694035729923
27.14 0 0.693599646647
27.15 0 0.693420893037
27.162 0 0.693234662836
27.171 0 0.691750658068
27.18 0 0.691221900307
27.192 0 0.691581977676
27.204 0 0.692201531163
27.21 0 0.692696526771
27.224 0 0.693393543461
27.238 0 0.695040585007
27.244 0 0.695312019963
27.253 0 0.696922104228
27.261 0 0.699058887751
27.268 0 0.699673168886
27.283 0 0.70204693337
27.292 0 0.703051279842
27.301 0 0.702343489649
27.314 0 0.701812758133
27.323 0 0.700705145389
27.33 0 0.701480200329
27.34 0 0.702035361545
27.35 0 0.703854566032
27.361 0 0.708366977929
27.37 0 0.708017025213
27.379 0 0.711902319818
27.388 0 0.713150769353
27.401 0 0.71413790129
27.411 0 0.713359841549
27.423 0 0.714222310479
27.429 0 0.713680767251
27.443 0 0.711474466811
27.455 0 0.70893984156
27.469 0 0.711636412825
27.47 0 0.71122128422
27.481 0 0.715359775483
27.493 0 0.718199194339
27.5 0 0.715400606207
27.512 0 0.716034804255
27.522 0 0.718925327124
27.529 0 0.719478997677
27.542 0 0.715438623819
27.553 0 0.720211842146
27.566 0 0.719533739634
27.572 0 0.720511124099
27.581 0 0.723087418192
27.591 0 0.72808676928
27.603 0 0.730792952144
27.611 0 0.731979085602
27.62 0 0.733688452014
27.632 0 0.735766688062
27.641 0 0.735756779188
27.651 0 0.735484844564
27.663 0 0.734710475072
27.67 0 0.73291897606
27.681 0 0.732006697304
27.691 0 0.732757367937
27.702 0 0.733837696215
27.709 0 0.732872291387
27.722 0 0.733953665647
27.737 0 0.735318162111
27.738 0 0.735318162111
27.755 0 0.734245405429
27.761 0 0.732280682392
27.772 0 0.730328422493
27.787 0 0.729031369841
27.79 0 0.728167272836
27.8 0 0.727356897982
27.811 0 0.727063674211
27.821 0 0.724552935637
27.833 0 0.721907705865
27.841 0 0.720524748752
27.853 0 0.718548093167
27.861 0 0.716936019907
27.871 0 0.715448692164
27.883 0 0.7117279667
27.891 0 0.709129698919
27.902 0 0.707867968012
27.913 0 0.70589670751
27.922 0 0.704631086358
27.931 0 0.703620765688
27.943 0 0.701506923663
27.949 0 0.701646484898
27.96 0 0.702299623353
27.971 0 0.702126103952
27.981 0 0.702345055373
27.991 0 0.702365883261
28.004 0 0.701969327317
28.011 0 0.702091501398
28.019 0 0.702254096826
28.035 0 0.702356096282
28.039 0 0.703214315626
28.057 0 0.704880079849
28.065 0 0.70573970695
28.074 0 0.70573970695
28.083 0 0.707942777868
28.093 0 0.707351432017
28.102 0 0.707524922353
28.112 0 0.708278736955
28.119 0 0.709028354243
28.136 0 0.709570308943
28.141 0 0.71151128194
28.15 0 0.712676034433
28.162 0 0.717987413186
28.176 0 0.719072761798
28.185 0 0.723694621436
28.191 0 0.723014570339
28.204 0 0.725642326654
28.213 0 0.724863458765
28.225 0 0.727670324969
28.234 0 0.728651182404
28.241 0 0.730448185921
28.253 0 0.729159169076
28.262 0 0.729577523883
28.274 0 0.731628414607
28.284 0 0.73421461227
28.293 0 0.73171857766
28.301 0 0.733711690196
28.315 0 0.730238477288
28.321 0 0.729967481815
28.332 0 0.734929691164
28.34 0 0.736022844999
28.35 0 0.734620674542
28.361 0 0.740921110599
28.371 0 0.74221751748
28.383 0 0.743600702594
28.393 0 0.744951162162
28.4 0 0.747549919843
28.411 0 0.747867049989
28.419 0 0.747871864686
28.431 0 0.747348084296
28.442 0 0.746783918911
28.452 0 0.74606181649
28.462 0 0.745305873427
28.471 0 0.745584864618
28.484 0 0.746884959222
28.494 0 0.747930715606
28.506 0 0.747717003612
28.513 0 0.748181711544
28.523 0 0.747803130637
28.532 0 0.747265733175
28.54 0 0.748935850815
28.551 0 0.748407979574
28.561 0 0.747428782487
28.575 0 0.74577244472
28.581 0 0.745159661758
28.593 0 0.743935593892
28.601 0 0.743554810936
28.61 0 0.743910995541
28.62 0 0.740962532441
28.629 0 0.739187260969
28.641 0 0.736494540671
28.653 0 0.733874354611
28.662 0 0.730528265313
28.671 0 0.727084522152
28.682 0 0.725275579248
28.689 0 0.725275579248
28.701 0 0.717007723135
28.711 0 0.713134306192
28.722 0 0.71140853181
28.733 0 0.711696581386
28.744 0 0.713158205924
28.752 0 0.713037074862
28.761 0 0.713773526068
28.771 0 0.713773526068
28.787 0 0.711020600247
28.793 0 0.708608236497
28.8 0 0.708487711267
28.811 0 0.710075816069
28.824 0 0.712770585835
28.83 0 0.713820915915
28.842 0 0.716436552248
28.85 0 0.716813822866
28.866 0 0.718426999004
28.872 0 0.718121182739
28.882 0 0.719015034286
28.891 0 0.719095483163
28.904 0 0.718236775365
28.909 0 0.719540310475
28.923 0 0.723163827473
28.93 0 0.724806740959
28.941 0 0.725772836899
28.95 0 0.727028512562
28.963 0 0.731139856795
28.978 0 0.731764601849
28.981 0 0.732520873077
28.991 0 0.731283347562
28.999 0 0.731211276462
29.009 0 0.730763484803
29.022 0 0.732078376452
29.034 0 0.734054324458
29.044 0 0.736077306785
29.054 0 0.736760366195
29.062 0 0.735262708026
29.07 0 0.7352389221
29.082 0 0.738177473152
29.092 0 0.744354818061
29.099 0 0.745323053238
29.114 0 0.746726951258
29.122 0 0.748689538699
29.131 0 0.748914903076
29.141 0 0.751066966299
29.149 0 0.751234555559
29.163 0 0.752446499214
29.176 0 0.753292554823
29.183 0 0.754472185476
29.192 0 0.756033292004
29.204 0 0.75718184747
29.211 0 0.757262263055
29.222 0 0.756480977793
29.229 0 0.75550469547
29.242 0 0.755431212718
29.253 0 0.754118678285
29.26 0 0.752067849322
29.27 0 0.752781161658
29.287 0 0.751000838493
29.29 0 0.751777344872
29.301 0 0.751788932048
29.315 0 0.750570809351
29.326 0 0.751002452958
29.334 0 0.750695394093
29.342 0 0.750557443167
29.35 0 0.750081340999
29.362 0 0.748848093424
29.371 0 0.748715388201
29.383 0 0.748042863014
29.393 0 0.746856507496
29.401 0 0.745524507975
29.413 0 0.74352845725
29.424 0 0.742017695404
29.431 0 0.740781759946
29.439 0 0.738491074786
29.455 0 0.736480922617
29.464 0 0.735176976029
29.47 0 0.734102820529
29.48 0 0.732063269996
29.492 0 0.729665434646
29.505 0 0.72536927341
29.511 0 0.725218952376
29.521 0 0.725296258619
29.534 0 0.72611413625
29.538 0 0.726487688783
29.552 0 0.727295964743
29.562 0 0.728338566657
29.572 0 0.728909314157
29.581 0 0.729359381593
29.595 0 0.730914429783
29.607 0 0.732768752123
29.615 0 0.733577294493
29.626 0 0.734004549806
29.632 0 0.734594021436
29.642 0 0.735709417395
29.652 0 0.7367281381
29.66 0 0.736667402242
29.671 0 0.736667402242
29.697 0 0.736111861164
29.701 0 0.73716721329
29.709 0 0.739411354511
29.715 0 0.741374346561
29.72 0 0.741374346561
29.733 0 0.741374346561
29.741 0 0.749372024698
29.752 0 0.749995892359
29.762 0 0.751917790876
29.777 0 0.749926185837
29.784 0 0.750847872453
29.794 0 0.752035507455
29.803 0 0.749639793729
29.816 0 0.750193729983
29.821 0 0.749687582238
29.83 0 0.747708798867
29.839 0 0.751006286184
29.853 0 0.751006286184
29.86 0 0.749915451306
29.872 0 0.749626385163
29.885 0 0.753497792856
29.893 0 0.759346495378
29.902 0 0.757312470936
29.912 0 0.762925397469
29.921 0 0.761659579143
29.933 0 0.762944611057
29.942 0 0.762286072638
29.95 0 0.766040758356
29.959 0 0.768000580564
29.971 0 0.769364534191
29.982 0 0.769010420129
29.992 0 0.76775592252
30.0 0 0.76706054228
30.012 0 0.766672246654
30.021 0 0.765427070942
30.031 0 0.765636412991
30.041 0 0.767759749418
30.052 0 0.767865124749
30.077 0 0.767361813155
30.081 0 0.768129267182
30.089 0 0.767606400415
30.096 0 0.768028443289
30.103 0 0.768185396923
30.114 0 0.768192847809
30.12 0 0.768316056203
30.131 0 0.768316056203
30.143 0 0.766605000716
30.15 0 0.76597833673
30.162 0 0.76600674274
30.172 0 0.766501087212
30.181 0 0.766055279654
30.192 0 0.765032813672
30.202 0 0.763772419281
30.211 0 0.762085532336
30.222 0 0.759500288002
30.234 0 0.756611283754
30.24 0 0.75507314055
30.251 0 0.752513809205
30.261 0 0.748513350899
30.272 0 0.746368081787
30.279 0 0.74477082837
30.291 0 0.744581066182
30.304 0 0.744843134933
30.315 0 0.745111973347
30.325 0 0.745474301593
30.334 0 0.745474301593
30.343 0 0.746417910217
30.351 0 0.74585277236
30.364 0 0.745159666585
30.371 0 0.744985864508
30.381 0 0.744987198907
30.393 0 0.746323955171
30.4 0 0.746788007854
30.41 0 0.74796740313
30.423 0 0.749569604269
30.428 0 0.750209997398
30.441 0 0.749508710921
30.451 0 0.748542581253
30.461 0 0.746938264131
30.474 0 0.7484908931
30.483 0 0.750072602526
30.492 0 0.753357086177
30.501 0 0.75493577655
30.516 0 0.75903066532
30.524 0 0.762030967113
30.531 0 0.764201883131
30.542 0 0.765276384649
30.55 0 0.766406863466
30.563 0 0.768074832501
30.57 0 0.767948725219
30.582 0 0.767924880878
30.597 0 0.762158596351
30.603 0 0.763192088559
30.612 0 0.760983065465
30.622 0 0.76577434708
30.634 0 0.765411459901
30.645 0 0.761276907624
30.651 0 0.761797092727
30.663 0 0.764470348739
30.671 0 0.760942120421
30.68 0 0.756537519857
30.689 0 0.761551585029
30.7 0 0.763165790286
30.71 0 0.762927059048
30.724 0 0.767963870613
30.732 0 0.769254442167
30.738 0 0.769267532766
30.752 0 0.771687146391
30.762 0 0.771715968065
30.771 0 0.774493599801
30.783 0 0.774325939223
30.791 0 0.774292153804
30.803 0 0.772906736666
30.815 0 0.769237735215
30.823 0 0.771835626092
30.833 0 0.771421076773
30.843 0 0.771404777924
30.85 0 0.76940830894
30.862 0 0.76990781928
30.869 0 0.769808433899
30.88 0 0.767781067075
30.889 0 0.764706044362
30.903 0 0.761797022988
30.912 0 0.76219595289
30.922 0 0.762236087474
30.933 0 0.763270620265
30.944 0 0.763397640077
30.951 0 0.763011730561
30.966 0 0.761813745486
30.975 0 0.760858117835
30.98 0 0.760492812811
30.993 0 0.758335332469
30.999 0 0.757874488515
31.013 0 0.756202576183
31.023 0 0.753934759684
31.032 0 0.752112330343
31.041 0 0.75045690925
31.055 0 0.748245553318
31.065 0 0.747727480203
31.075 0 0.747054986792
31.082 0 0.746336443757
31.091 0 0.747141161417
31.103 0 0.747694381224
31.111 0 0.747871814773
31.122 0 0.748581996129
31.132 0 0.749612225245
31.142 0 0.75053760417
31.15 0 0.751134688005
31.161 0 0.751836109831
31.172 0 0.753285922494
31.18 0 0.754284884954
31.191 0 0.755372536653
31.201 0 0.756613914286
31.211 0 0.756587831973
31.219 0 0.755886502635
31.229 0 0.75574299541
31.239 0 0.755929967453
31.253 0 0.755737155975
31.261 0 0.756763043583
31.271 0 0.759373108654
31.281 0 0.761018234881
31.292 0 0.763831082045
31.302 0 0.765469877524
31.31 0 0.766659111503
31.322 0 0.770717391239
31.33 0 0.770496301983
31.342 0 0.7701999902
31.351 0 0.769463768426
31.36 0 0.767005421753
31.372 0 0.764568487821
31.383 0 0.762231549832
31.39 0 0.763690110279
31.401 0 0.77477864565
31.41 0 0.776383140235
31.421 0 0.777564396061
31.433 0 0.779509513311
31.441 0 0.777848012645
31.45 0 0.774358897181
31.461 0 0.784172516167
31.472 0 0.78454175934
31.482 0 0.786440574482
31.492 0 0.7886502075
31.502 0 0.789304837491
31.509 0 0.789748176374
31.519 0 0.790704105172
31.53 0 0.791420924809
31.544 0 0.794008751508
31.552 0 0.794740176624
31.565 0 0.794630212768
31.569 0 0.794320041141
31.585 0 0.792607101228
31.594 0 0.791454926299
31.6 0 0.790631007771
31.611 0 0.789597722926
31.621 0 0.79054717841
31.631 0 0.790972225638
31.642 0 0.790590214947
31.651 0 0.789604615714
31.662 0 0.789511558881
31.674 0 0.788098724541
31.679 0 0.787177582122
31.692 0 0.785857492765
31.701 0 0.785820371582
31.716 0 0.784513644589
31.722 0 0.783868674845
31.73 0 0.784105961792
31.742 0 0.783757385683
31.753 0 0.783324264461
31.762 0 0.78284118505
31.772 0 0.781400243021
31.781 0 0.780185804711
31.789 0 0.778874640737
31.801 0 0.777437790115
31.813 0 0.775346968718
31.821 0 0.775072968254
31.83 0 0.77451715939
31.841 0 0.774009972154
31.849 0 0.772788079918
31.86 0 0.771591358601
31.87 0 0.771134325634
31.882 0 0.771781071042
31.892 0 0.771823934659
31.903 0 0.772453934528
31.91 0 0.772713491628
31.921 0 0.772974565192
31.93 0 0.773115507153
31.94 0 0.773455486961
31.951 0 0.77376478894
31.962 0 0.774965591008
31.971 0 0.776062221551
31.981 0 0.77698999295
31.992 0 0.777627020684
31.999 0 0.777334614683
32.013 0 0.776243004867
32.021 0 0.775615564318
32.031 0 0.775948445589
32.041 0 0.776923465007
32.051 0 0.777627654023
32.061 0 0.778266399091
32.073 0 0.783031910283
32.083 0 0.785748282854
32.092 0 0.785388008565
32.101 0 0.791822302407
32.109 0 0.792370011757
32.122 0 0.791488055471
32.132 0 0.789141396451
32.142 0 0.784438043847
32.152 0 0.782826408288
32.164 0 0.780094601102
32.17 0 0.781902978453
32.181 0 0.78243898941
32.189 0 0.781150650528
32.201 0 0.787218447055
32.209 0 0.791448431895
32.22 0 0.794108157129
32.231 0 0.79376531899
32.242 0 0.795205613327
32.25 0 0.795471484092
32.262 0 0.796505129794
32.27 0 0.795371747054
32.281 0 0.795577897821
32.291 0 0.795523733242
32.306 0 0.79684170409
32.31 0 0.795896481014
32.322 0 0.795896481014
32.33 0 0.795896481014
32.342 0 0.806118825485
32.35 0 0.808539673741
32.361 0 0.808985167396
32.373 0 0.808482446837
32.38 0 0.806898380996
32.394 0 0.805230065938
32.405 0 0.80435644051
32.411 0 0.804582054648
32.421 0 0.803765159223
32.433 0 0.803769866963
32.44 0 0.802429603102
32.452 0 0.802497594656
32.461 0 0.802145676004
32.472 0 0.802096775327
32.485 0 0.801759906172
32.492 0 0.801254137877
32.504 0 0.799392689931
32.512 0 0.799233890778
32.522 0 0.798025188015
32.533 0 0.796987968458
32.543 0 0.795602489569
32.552 0 0.793708832325
32.566 0 0.791629279597
32.571 0 0.790556135249
32.582 0 0.788781032835
32.594 0 0.786443113425
32.601 0 0.785038555154
32.615 0 0.783518660029
32.625 0 0.782081632113
32.633 0 0.780034805168
32.643 0 0.778979527281
32.653 0 0.778979527281
32.662 0 0.773655065106
32.67 0 0.774097275859
32.68 0 0.774573157402
32.691 0 0.774174036846
32.703 0 0.774082747683
32.711 0 0.773334272549
32.722 0 0.772168015575
32.733 0 0.770436879829
32.742 0 0.771232171447
32.751 0 0.772947250708
32.761 0 0.775308661759
32.771 0 0.776847836299
32.781 0 0.778605262225
32.793 0 0.779593853706
32.799 0 0.779593853706
32.812 0 0.781419447433
32.822 0 0.780999526637
32.83 0 0.78177136259
32.841 0 0.781604126421
32.853 0 0.783251750006
32.861 0 0.784495490385
32.872 0 0.787129590364
32.878 0 0.791319587284
32.892 0 0.794694179251
32.904 0 0.79467350407
32.91 0 0.794201288374
32.921 0 0.792309953938
32.933 0 0.791684662451
32.941 0 0.791215583743
32.95 0 0.788796140674
32.963 0 0.792514924895
32.97 0 0.789329410397
32.984 0 0.790660772423
32.993 0 0.790184011527
33.003 0 0.790086013947
33.013 0 0.798348717741
33.023 0 0.798758659861
33.031 0 0.800440896286
33.042 0 0.801552229774
33.05 0 0.803292601431
33.061 0 0.804829983018
33.075 0 0.804952730735
33.084 0 0.804575524178
33.092 0 0.805221616939
33.103 0 0.805795997578
33.112 0 0.807551140864
33.124 0 0.809529223653
33.135 0 0.810190842338
33.143 0 0.810851963455
33.154 0 0.810545305028
33.161 0 0.809624879106
33.173 0 0.809443456686
33.181 0 0.810201514647
33.191 0 0.810768947822
33.201 0 0.81047671852
33.212 0 0.810434256105
33.224 0 0.809444537647
33.232 0 0.809056701766
33.239 0 0.809445170738
33.254 0 0.809529766568
33.263 0 0.808370085968
33.274 0 0.805756851861
33.281 0 0.803013588573
33.291 0 0.80132954771
33.301 0 0.799472119057
33.312 0 0.799349632193
33.319 0 0.798789603742
33.33 0 0.796957012733
33.343 0 0.795771011524
33.353 0 0.794530671161
33.363 0 0.790683018663
33.372 0 0.789961869205
33.38 0 0.789309937371
33.392 0 0.787397026822
33.402 0 0.786302934726
33.412 0 0.785360288782
33.419 0 0.783646522803
33.431 0 0.782893460781
33.444 0 0.78294353811
33.453 0 0.783501984084
33.461 0 0.783768364235
33.472 0 0.783790423892
33.481 0 0.783304769584
33.489 0 0.782372942153
33.499 0 0.782162534176
33.512 0 0.783376249866
33.521 0 0.783853699009
33.529 0 0.784694345018
33.541 0 0.786640950004
33.553 0 0.787846195921
33.562 0 0.788249262077
33.57 0 0.788925180881
33.584 0 0.789112640654
33.591 0 0.789155025482
33.603 0 0.789435686039
33.614 0 0.789832864369
33.622 0 0.791398464285
33.631 0 0.791043410401
33.644 0 0.792903650873
33.649 0 0.795745262296
33.661 0 0.799325779312
33.67 0 0.799842464556
33.682 0 0.799938699758
33.69 0 0.800689609224
33.704 0 0.80582641493
33.711 0 0.807162184145
33.722 0 0.808274108198
33.731 0 0.806362894988
33.745 0 0.809149132666
33.754 0 0.810373065663
33.76 0 0.811005499056
33.771 0 0.815266408614
33.78 0 0.817438436885
33.791 0 0.821121107314
33.802 0 0.82184405633
33.813 0 0.820370004596
33.823 0 0.819652774768
33.83 0 0.819654702317
33.841 0 0.823007201841
33.851 0 0.824742884569
33.86 0 0.825925280613
33.871 0 0.828540428076
33.88 0 0.83026257341
33.894 0 0.8327164894
33.903 0 0.834317185312
33.91 0 0.835998041301
33.92 0 0.836746798565
33.933 0 0.836030855634
33.943 0 0.835308438018
33.952 0 0.834536148163
33.963 0 0.832768120052
33.971 0 0.832375593584
33.982 0 0.833011168259
33.991 0 0.833506835893
34.004 0 0.833077258827
34.013 0 0.831871425923
34.023 0 0.830700387424
34.032 0 0.830314217824
34.04 0 0.827992994599
34.052 0 0.825231980352
34.059 0 0.824846200729
34.071 0 0.823746843561
34.083 0 0.82135745392
34.091 0 0.82022579095
34.102 0 0.819425737017
34.111 0 0.819527312804
34.121 0 0.819561904975
34.132 0 0.818723245756
34.139 0 0.818069637014
34.151 0 0.815761251813
34.163 0 0.813769084137
34.171 0 0.81205752219
34.181 0 0.81097739873
34.191 0 0.80963364682
34.2 0 0.807849645832
34.213 0 0.805470802567
34.224 0 0.805773884224
34.231 0 0.806232194564
34.242 0 0.806994962908
34.249 0 0.807408810962
34.264 0 0.808299101235
34.273 0 0.808433875968
34.281 0 0.8091230179
34.291 0 0.810899535904
34.302 0 0.810824020243
34.31 0 0.811048764521
34.322 0 0.81088609103
34.334 0 0.811619634452
34.34 0 0.813035324896
34.353 0 0.814012907165
34.36 0 0.81474146684
34.37 0 0.814227407152
34.381 0 0.813295629491
34.392 0 0.813209520527
34.401 0 0.815330695022
34.41 0 0.818391606356
34.422 0 0.820842961824
34.431 0 0.82084547419
34.44 0 0.827066571736
34.45 0 0.830657365697
34.46 0 0.831719552729
34.474 0 0.830608421177
34.481 0 0.829280132513
34.493 0 0.829968580718
34.5 0 0.827371411892
34.511 0 0.824372186139
34.521 0 0.826555344437
34.532 0 0.823705154643
34.541 0 0.825654113999
34.552 0 0.829318553041
34.559 0 0.83057955655
34.571 0 0.826658240748
34.582 0 0.830962329344
34.59 0 0.825671960891
34.602 0 0.827662397923
34.613 0 0.82443841348
34.622 0 0.829224154152
34.633 0 0.830238601842
34.639 0 0.831184144983
34.652 0 0.832249641037
34.664 0 0.833609405629
34.673 0 0.835271103623
34.684 0 0.837441277237
34.69 0 0.836952744983
34.701 0 0.840647183241
34.713 0 0.841638768956
34.723 0 0.84186213291
34.729 0 0.841304658747
34.74 0 0.840657788341
34.753 0 0.840933036077
34.762 0 0.841121299488
34.772 0 0.840737593895
34.78 0 0.841749467242
34.79 0 0.840559638648
34.801 0 0.839314894407
34.814 0 0.837995326334
34.822 0 0.836208178736
34.83 0 0.835291015618
34.841 0 0.834957219237
34.852 0 0.835651550626
34.863 0 0.835673919514
34.87 0 0.836380432859
34.882 0 0.836280338333
34.891 0 0.835625265982
34.905 0 0.833976687861
34.913 0 0.832578808061
34.924 0 0.830879822389
34.93 0 0.830456767894
34.942 0 0.829633246396
34.952 0 0.829900385398
34.962 0 0.829775200003
34.97 0 0.828909813284
34.979 0 0.82673046195
34.991 0 0.824410600164
34.999 0 0.823332870972
35.012 0 0.822642708093
35.025 0 0.8215773115
35.029 0 0.820473321935
35.041 0 0.81879754656
35.052 0 0.817317202121
35.063 0 0.817114101081
35.071 0 0.816780848374
35.082 0 0.815864298966
35.093 0 0.815596547096
35.101 0 0.815708731607
35.112 0 0.814845035735
35.121 0 0.814454918102
35.131 0 0.814372276502
35.142 0 0.813034981602
35.149 0 0.812488043636
35.162 0 0.810429586617
35.169 0 0.809691769792
35.182 0 0.810390856185
35.192 0 0.811593771867
35.202 0 0.813930162966
35.212 0 0.81644802725
35.222 0 0.820244950855
35.23 0 0.824260119715
35.241 0 0.827839482164
35.251 0 0.828376597174
35.261 0 0.829185577305
35.27 0 0.831226088179
35.284 0 0.830169672254
35.292 0 0.827501704229
35.302 0 0.827871773843
35.312 0 0.828243501816
35.323 0 0.825787002945
35.33 0 0.828674684203
35.344 0 0.827166223112
35.354 0 0.828165915596
35.36 0 0.82606879836
35.37 0 0.826314303564
35.382 0 0.826406993474
35.392 0 0.824552845031
35.401 0 0.827156293676
35.415 0 0.825893413675
35.421 0 0.822955140462
35.434 0 0.825550624549
35.441 0 0.82990594371
35.453 0 0.831938118372
35.463 0 0.834530833093
35.474 0 0.83629004663
35.483 0 0.837865510741
35.493 0 0.838468514835
35.5 0 0.838442601935
35.513 0 0.839025808619
35.522 0 0.836737951718
35.532 0 0.839059340496
35.543 0 0.839273606922
35.553 0 0.840468817973
35.561 0 0.839458630749
35.571 0 0.838230672421
35.586 0 0.838958716984
35.591 0 0.838802159097
35.601 0 0.838584240198
35.611 0 0.838833921538
35.624 0 0.838911338214
35.631 0 0.839955910025
35.64 0 0.840908903629
35.653 0 0.840248121383
35.663 0 0.840052820939
35.673 0 0.838435882202
35.683 0 0.835652057721
35.694 0 0.833337236323
35.702 0 0.831295961621
35.713 0 0.829129729951
35.722 0 0.827216239009
35.731 0 0.825894396366
35.742 0 0.824758804623
35.753 0 0.824119011648
35.76 0 0.823460905984
35.774 0 0.822268407874
35.782 0 0.821294720144
35.791 0 0.819764943505
35.802 0 0.820473295303
35.812 0 0.821519030294
35.826 0 0.821406566239
35.832 0 0.821674788209
35.841 0 0.821902739371
35.852 0 0.821576798309
35.862 0 0.82056547927
35.87 0 0.820424843301
35.882 0 0.821711718663
35.896 0 0.82345783415
35.902 0 0.824673185463
35.91 0 0.825765061154
35.92 0 0.826405837405
35.932 0 0.825685360626
35.941 0 0.825214778694
35.953 0 0.824898514866
35.962 0 0.825503917791
35.971 0 0.827940486795
35.981 0 0.829270162373
35.995 0 0.831378755406
36.002 0 0.831530917135
36.011 0 0.837287818584
36.023 0 0.839469043532
36.031 0 0.839580654522
36.041 0 0.839086113938
36.054 0 0.838334155364
36.062 0 0.836920461637
36.069 0 0.834178734276
36.083 0 0.832202044047
36.093 0 0.826342184274
36.103 0 0.830852869322
36.111 0 0.835969565934
36.123 0 0.837322767406
36.133 0 0.836423254375
36.144 0 0.840737812546
36.151 0 0.838623782653
36.163 0 0.839924653437
36.169 0 0.83655669156
36.18 0 0.843826191828
36.193 0 0.847755934539
36.204 0 0.850039409735
36.212 0 0.851240585103
36.225 0 0.852731505274
36.231 0 0.85305796241
36.24 0 0.853718141428
36.251 0 0.855349309152
36.261 0 0.85709644032
36.274 0 0.856865079731
36.281 0 0.856261679297
36.293 0 0.855703545526
36.302 0 0.854838403822
36.313 0 0.853935588597
36.321 0 0.853622923524
36.332 0 0.853670691158
36.339 0 0.854536000389
36.35 0 0.854807382195
36.365 0 0.855218221691
36.372 0 0.856011231729
36.381 0 0.856170318692
36.392 0 0.854828946776
36.401 0 0.854509554038
36.41 0 0.853867158815
36.424 0 0.851508360185
36.434 0 0.852392447517
36.445 0 0.851877845475
36.455 0 0.850356577852
36.465 0 0.849571846642
36.471 0 0.849571846642
36.483 0 0.844555423181
36.495 0 0.84238705332
36.5 0 0.84060559654
36.509 0 0.838199763859
36.523 0 0.835689248396
36.53 0 0.835147266677
36.543 0 0.8352142369
36.552 0 0.83471913193
36.56 0 0.833959709965
36.572 0 0.831687419535
36.58 0 0.83088740533
36.592 0 0.832039893929
36.603 0 0.833084363547
36.612 0 0.833131372891
36.622 0 0.833548492669
36.632 0 0.832924080505
36.639 0 0.832864332902
36.653 0 0.832327273071
36.661 0 0.83260543658
36.67 0 0.833528496469
36.68 0 0.834009652532
36.691 0 0.835186152257
36.7 0 0.835720542033
36.714 0 0.836454974131
36.724 0 0.835851125668
36.734 0 0.835384510006
36.746 0 0.835648531206
36.754 0 0.837243176364
36.762 0 0.838595726723
36.771 0 0.840490177025
36.781 0 0.841533165774
36.795 0 0.845510693315
36.8 0 0.84817148973
36.812 0 0.848499606675
36.823 0 0.849422753732
36.832 0 0.846965433843
36.843 0 0.848175303009
36.853 0 0.847171859508
36.86 0 0.844611516483
36.872 0 0.846192504466
36.88 0 0.846192504466
36.892 0 0.84012364743
36.903 0 0.844483515441
36.913 0 0.847740709778
36.919 0 0.848485621619
36.932 0 0.847460815523
36.941 0 0.842563960149
36.951 0 0.848465445895
36.961 0 0.846733070021
36.973 0 0.851778457482
36.982 0 0.849098403048
36.991 0 0.852681874322
37.0 0 0.850395508645
37.013 0 0.855426158336
37.023 0 0.857759557103
37.029 0 0.859079523406
37.041 0 0.861368076736
37.051 0 0.86206351051
37.063 0 0.861672729553
37.071 0 0.861175922741
37.084 0 0.859663378629
37.089 0 0.859315304858
37.102 0 0.857523727211
37.115 0 0.857150596546
37.119 0 0.857199304664
37.131 0 0.856344313671
37.14 0 0.856691203172
37.154 0 0.855928848278
37.16 0 0.855710920138
37.172 0 0.856196886526
37.185 0 0.85489500805
37.193 0 0.854630958236
37.201 0 0.853637368721
37.21 0 0.853333339413
37.223 0 0.853256117294
37.229 0 0.852853001657
37.239 0 0.852786351151
37.25 0 0.851785203059
37.259 0 0.850318104836
37.273 0 0.847254610379
37.28 0 0.846313063961
37.29 0 0.844854908398
37.301 0 0.84446205318
37.312 0 0.843095115751
37.319 0 0.842280266691
37.335 0 0.840242456152
37.343 0 0.839792067449
37.353 0 0.83895067461
37.361 0 0.838400725262
37.371 0 0.838184242587
37.382 0 0.838427513693
37.393 0 0.838745534928
37.4 0 0.838756747948
37.41 0 0.83891758507
37.422 0 0.8394107511
37.429 0 0.839132918886
37.441 0 0.839149755005
37.45 0 0.839149755005
37.461 0 0.84020282704
37.474 0 0.841894197707
37.485 0 0.843221390826
37.496 0 0.843748831968
37.504 0 0.843368020805
37.511 0 0.842899727146
37.523 0 0.842647600558
37.534 0 0.843552380611
37.542 0 0.845094384794
37.551 0 0.847028179714
37.563 0 0.850707927278
37.576 0 0.852544025069
37.582 0 0.853392970956
37.592 0 0.855875988261
37.602 0 0.857727593592
37.614 0 0.857727593592
37.624 0 0.859124861493
37.634 0 0.857268962435
37.64 0 0.859042991461
37.65 0 0.855736583962
37.663 0 0.853411764659
37.672 0 0.853451688738
37.679 0 0.855523095939
37.692 0 0.853810538475
37.701 0 0.858071034666
37.712 0 0.857588587129
37.723 0 0.856043163357
37.73 0 0.856949269301
37.743 0 0.854463040168
37.749 0 0.86086180833
37.765 0 0.860338337298
37.771 0 0.865128025124
37.78 0 0.866589161061
37.79 0 0.865897616243
37.803 0 0.872485933466
37.811 0 0.873741638286
37.822 0 0.873502044951
37.832 0 0.874000902877
37.841 0 0.873923910496
37.855 0 0.873684316442
37.864 0 0.872651479278
37.87 0 0.87257381742
37.886 0 0.872310401775
37.901 0 0.8708873514
37.901 0 0.8708873514
37.919 0 0.870077741494
37.927 0 0.868266270949
37.931 0 0.86771218854
37.942 0 0.868058652424
37.952 0 0.866624786035
37.963 0 0.867819142839
37.97 0 0.867300966967
37.979 0 0.86735839714
37.99 0 0.867711799633
37.999 0 0.868223830974
38.01 0 0.868485690588
38.024 0 0.868255891126
38.03 0 0.866814871017
38.041 0 0.86633163308
38.051 0 0.865398065997
38.063 0 0.864653236936
38.071 0 0.86384173039
38.084 0 0.863232337357
38.091 0 0.862366866998
38.1 0 0.860619487212
38.113 0 0.858187925512
38.124 0 0.856942121549
38.131 0 0.856382047619
38.144 0 0.855317755132
38.15 0 0.854837860781
38.161 0 0.854201812306
38.171 0 0.853877574506
38.181 0 0.853943881585
38.194 0 0.854639776747
38.201 0 0.854949604244
38.212 0 0.855409261863
38.222 0 0.855855238134
38.233 0 0.856144985793
38.243 0 0.857122873742
38.251 0 0.857429044403
38.26 0 0.857722358181
38.271 0 0.858382305507
38.285 0 0.857825849883
38.294 0 0.85696226142
38.304 0 0.855799524608
38.315 0 0.856435568135
38.324 0 0.858032206899
38.333 0 0.858899773058
38.344 0 0.862330719072
38.353 0 0.86276931172
38.361 0 0.867596630847
38.375 0 0.867747245868
38.381 0 0.868175327924
38.392 0 0.869518212001
38.403 0 0.869736416286
38.41 0 0.871213091128
38.421 0 0.868904740529
38.432 0 0.869463247184
38.439 0 0.866607935229
38.452 0 0.867190476816
38.461 0 0.866314440155
38.472 0 0.866765380792
38.482 0 0.871383333723
38.492 0 0.873424653602
38.501 0 0.869604984184
38.512 0 0.862766585717
38.521 0 0.864017854937
38.531 0 0.872277794956
38.542 0 0.875091896601
38.549 0 0.877469904686
38.562 0 0.878527836738
38.574 0 0.886575809475
38.581 0 0.889142798907
38.592 0 0.891877240219
38.601 0 0.894174067736
38.611 0 0.895214263304
38.622 0 0.894732619111
38.633 0 0.8937293833
38.64 0 0.893530929701
38.651 0 0.892211282306
38.661 0 0.891254592978
38.669 0 0.890572682372
38.683 0 0.889635305512
38.691 0 0.890483282628
38.702 0 0.890876278855
38.714 0 0.891046713319
38.722 0 0.892297919596
38.732 0 0.892278807967
38.74 0 0.892316195735
38.753 0 0.890751246907
38.762 0 0.889089006853
38.771 0 0.887977522926
38.782 0 0.885759335588
38.791 0 0.885097813807
38.8 0 0.884368205702
38.811 0 0.884307673151
38.823 0 0.882956576385
38.833 0 0.881333817851
38.841 0 0.880803476694
38.852 0 0.879416899394
38.863 0 0.877213928525
38.872 0 0.875010775642
38.882 0 0.872429176733
38.893 0 0.869841643347
38.902 0 0.868398431411
38.909 0 0.86719802973
38.92 0 0.865238933328
38.932 0 0.863042513616
38.942 0 0.862052858244
38.953 0 0.862296173949
38.962 0 0.86336350135
38.976 0 0.863588690524
38.985 0 0.864209494716
38.992 0 0.864582810288
39.001 0 0.863795705302
