time index height
0.0 0 0.0
0.036 0 0.0259815684014
0.046 0 0.0272078388301
0.052 0 0.0289842771716
0.056 0 0.0303888717903
0.06 0 0.0318898919254
0.064 0 0.033463279647
0.074 0 0.0378188538892
0.084 0 0.0431459228132
0.094 0 0.0488801578558
0.104 0 0.0533593098789
0.118 0 0.0612462244278
0.125 0 0.0654628496787
0.133 0 0.0690689285449
0.145 0 0.0744962779418
0.151 0 0.0781190447369
0.164 0 0.0826105828016
0.174 0 0.0852520563269
0.184 0 0.087786385045
0.193 0 0.0894950824856
0.205 0 0.0904875808548
0.213 0 0.090938134911
0.223 0 0.0913579898637
0.233 0 0.0914495066161
0.243 0 0.09124426041
0.252 0 0.0906876303434
0.263 0 0.0894394886134
0.272 0 0.0881194591004
0.284 0 0.0859615621621
0.293 0 0.083450777997
0.303 0 0.0812437180353
0.314 0 0.0790003654081
0.324 0 0.0769407816197
0.334 0 0.075011424268
0.344 0 0.0729653303168
0.355 0 0.0707232278047
0.366 0 0.0688547017262
0.374 0 0.0671723595487
0.383 0 0.0653282462531
0.391 0 0.0634002611327
0.404 0 0.0599421487449
0.413 0 0.0561979537804
0.423 0 0.0522371660221
0.435 0 0.0475936378988
0.442 0 0.0427547970833
0.455 0 0.0383843424693
0.463 0 0.0355741659508
0.473 0 0.0335141741168
0.483 0 0.0314187841226
0.495 0 0.0296394869026
0.504 0 0.0292294891366
0.516 0 0.0295447254142
0.522 0 0.0307428685979
0.534 0 0.0324402430638
0.541 0 0.0330084442561
0.554 0 0.0342997049701
0.565 0 0.035449531441
0.573 0 0.0367306703208
0.582 0 0.0377333653715
0.593 0 0.0388545402119
0.603 0 0.0393560195301
0.613 0 0.0397408009207
0.623 0 0.0398918367854
0.636 0 0.0398577809022
0.644 0 0.0399076716858
0.653 0 0.040097072147
0.664 0 0.0401220378482
0.676 0 0.0402114038846
0.683 0 0.0403221095161
0.693 0 0.0407847271454
0.703 0 0.0409216428084
0.715 0 0.0410608893857
0.725 0 0.0411303937077
0.733 0 0.0411519613672
0.744 0 0.0412646936388
0.754 0 0.0412081474228
0.763 0 0.0410969217604
0.775 0 0.0409553012485
0.783 0 0.0408420619638
0.793 0 0.0407129314699
0.802 0 0.0405273923786
0.814 0 0.0402337805659
0.824 0 0.0400024753454
0.833 0 0.0396926213043
0.844 0 0.0392933926975
0.853 0 0.0389048554999
0.862 0 0.0387005638664
0.877 0 0.0381908145721
0.885 0 0.0380899092639
0.895 0 0.0379411202326
0.902 0 0.0379102929289
0.912 0 0.0382598801597
0.924 0 0.039737879357
0.934 0 0.0412239536329
0.944 0 0.0438553498116
0.954 0 0.0460664312152
0.964 0 0.0477162840013
0.974 0 0.0497021894248
0.984 0 0.051121434306
0.994 0 0.0520875279091
1.001 0 0.0523760475253
1.015 0 0.0529361426653
1.025 0 0.0534160053511
1.034 0 0.0540930564997
1.043 0 0.05444227665
1.057 0 0.0544189066932
1.065 0 0.0544644783141
1.073 0 0.0547220675397
1.085 0 0.0551875359698
1.092 0 0.0557437862186
1.105 0 0.0562947022498
1.115 0 0.0567492938811
1.125 0 0.0568328172384
1.133 0 0.0567876407831
1.144 0 0.0566601977087
1.153 0 0.0569079631859
1.163 0 0.0570019538026
1.172 0 0.0567041970101
1.182 0 0.0563541918433
1.192 0 0.0560661319295
1.203 0 0.0558911596655
1.214 0 0.0555967681635
1.223 0 0.0547493884795
1.232 0 0.0539670858229
1.244 0 0.0525438315199
1.253 0 0.0517013396372
1.263 0 0.050870217095
1.274 0 0.0501765388418
1.282 0 0.0497810946382
1.294 0 0.0494657096822
1.306 0 0.0486502666171
1.314 0 0.0483360795968
1.323 0 0.0479216438373
1.334 0 0.0476010071743
1.343 0 0.0472306928358
1.353 0 0.046709020923
1.363 0 0.0459688832837
1.376 0 0.0451034357473
1.385 0 0.0445391932376
1.394 0 0.044565790188
1.402 0 0.0451287839947
1.412 0 0.0457075480905
1.425 0 0.0471112610667
1.433 0 0.0480248176068
1.442 0 0.0486991945661
1.453 0 0.0498082796538
1.462 0 0.0507845815818
1.472 0 0.051256334326
1.482 0 0.0516316285816
1.493 0 0.0520929772571
1.504 0 0.0521771100118
1.514 0 0.0522753432529
1.522 0 0.0527279852136
1.533 0 0.0530811218031
1.543 0 0.0536253981226
1.553 0 0.0544052009569
1.561 0 0.0547401507177
1.572 0 0.0553792957907
1.585 0 0.0557027337485
1.592 0 0.0563318768003
1.602 0 0.0565752979119
1.614 0 0.0565398946926
1.62 0 0.0569587034172
1.633 0 0.056442868679
1.644 0 0.0564774896017
1.653 0 0.0559091010887
1.666 0 0.0549820398648
1.675 0 0.0536478753279
1.683 0 0.0533486681279
1.694 0 0.0528646378673
1.703 0 0.0525645459036
1.713 0 0.0522775154953
1.723 0 0.0516066700341
1.732 0 0.0513380263022
1.743 0 0.0521512490804
1.753 0 0.05308752336
1.764 0 0.0547004877677
1.775 0 0.0570910781469
1.782 0 0.0582040303998
1.793 0 0.0607105852342
1.803 0 0.0622244003589
1.813 0 0.0651725239733
1.824 0 0.0677179568548
1.833 0 0.0690736929932
1.841 0 0.0698258753305
1.853 0 0.0702930158676
1.863 0 0.0707888881705
1.872 0 0.0710887579545
1.882 0 0.0718173697596
1.892 0 0.0723912601882
1.903 0 0.0730479807772
1.913 0 0.0736545173174
1.923 0 0.0741810440744
1.932 0 0.0744786357506
1.944 0 0.0745667755148
1.953 0 0.0744887141448
1.963 0 0.0745620276881
1.971 0 0.0746881598841
1.983 0 0.0748809790195
1.992 0 0.075228137356
2.005 0 0.0754899567505
2.014 0 0.0757581405965
2.024 0 0.0761267959308
2.032 0 0.0762693276295
2.045 0 0.0759976954754
2.053 0 0.075755928031
2.064 0 0.075134088734
2.075 0 0.0745803028117
2.082 0 0.0739588097226
2.094 0 0.0728942859398
2.103 0 0.0719777484887
2.116 0 0.0710387114137
2.123 0 0.0700667558383
2.136 0 0.0694807611659
2.144 0 0.0691800855571
2.154 0 0.0687250842363
2.167 0 0.0681281317611
2.175 0 0.0676141760329
2.185 0 0.0666882363576
2.195 0 0.0657573421285
2.204 0 0.0651443096843
2.213 0 0.0644532397488
2.226 0 0.0630356824872
2.235 0 0.0626858492893
2.246 0 0.0633985690651
2.253 0 0.0642312526728
2.267 0 0.0660999074348
2.276 0 0.0670043330831
2.284 0 0.0675959899574
2.298 0 0.0688032100525
2.303 0 0.069283462909
2.313 0 0.069862309397
2.324 0 0.0708615401958
2.337 0 0.071633985265
2.343 0 0.0722593964897
2.352 0 0.072980172585
2.362 0 0.074229021686
2.372 0 0.0749730864766
2.386 0 0.0773659227716
2.393 0 0.0790070339665
2.403 0 0.0801915076327
2.414 0 0.0808564121269
2.422 0 0.0816443204469
2.433 0 0.083316157095
2.444 0 0.0856897757641
2.455 0 0.0865418475412
2.465 0 0.0878002306189
2.473 0 0.0894132563236
2.485 0 0.0900495861237
2.492 0 0.0914083465352
2.503 0 0.0916827533847
2.515 0 0.0924038425729
2.524 0 0.0935474096718
2.533 0 0.0941870193894
2.544 0 0.0940754953179
2.556 0 0.0952574160374
2.565 0 0.095931572712
2.574 0 0.0965046888046
2.584 0 0.0975922710603
2.594 0 0.0980786594444
2.603 0 0.0981920789506
2.614 0 0.0975924880605
2.622 0 0.0967803358538
2.635 0 0.0966628323391
2.643 0 0.0977167813152
2.654 0 0.0983871885415
2.665 0 0.0988759464444
2.673 0 0.0987705789824
2.682 0 0.098699184301
2.693 0 0.0985993390663
2.706 0 0.0982514842436
2.716 0 0.0974530006483
2.725 0 0.0972986774993
2.735 0 0.0972429748398
2.744 0 0.0969327003425
2.755 0 0.0965407339022
2.764 0 0.0969249928776
2.775 0 0.0970038713321
2.785 0 0.0969760483842
2.795 0 0.0966628295592
2.805 0 0.09647621552
2.815 0 0.0962796250064
2.822 0 0.0962813184451
2.833 0 0.0960067094201
2.843 0 0.0956611478748
2.855 0 0.0954366989314
2.864 0 0.0956694423629
2.873 0 0.0956797018476
2.885 0 0.0955697484257
2.893 0 0.0953257936589
2.903 0 0.0950643091688
2.915 0 0.0947801317191
2.924 0 0.094264510963
2.931 0 0.0937417677053
2.944 0 0.0931141128494
2.952 0 0.092757186347
2.964 0 0.0919990907213
2.975 0 0.0920206956173
2.983 0 0.0921270846594
2.997 0 0.0923508110015
3.002 0 0.0921671628864
3.011 0 0.0926582975097
3.022 0 0.0933924607865
3.036 0 0.0941719008918
3.044 0 0.0960445089853
3.054 0 0.0970566199979
3.073 0 0.100543824444
3.081 0 0.103980967747
3.09 0 0.105649649962
3.099 0 0.107209195808
3.101 0 0.108662456314
3.113 0 0.111287430277
3.125 0 0.11300814557
3.134 0 0.115248296657
3.145 0 0.117930082172
3.154 0 0.120236788522
3.166 0 0.122391064438
3.173 0 0.12383960712
3.183 0 0.125981345801
3.197 0 0.128692482989
3.205 0 0.130109399782
3.214 0 0.132988365311
3.225 0 0.134760187864
3.234 0 0.135925357357
3.244 0 0.137588206468
3.256 0 0.138189629318
3.262 0 0.138984748192
3.274 0 0.139498144853
3.282 0 0.140275144326
3.292 0 0.139608744077
3.306 0 0.138720870045
3.315 0 0.137054878035
3.326 0 0.135916705387
3.335 0 0.134416542744
3.346 0 0.132800861447
3.352 0 0.131212610836
3.365 0 0.128987486234
3.376 0 0.125902607793
3.386 0 0.123093191799
3.395 0 0.120204328836
3.406 0 0.117339365205
3.413 0 0.114570706496
3.425 0 0.110749902119
3.435 0 0.106846946094
3.448 0 0.104963808058
3.453 0 0.104909344223
3.465 0 0.105237050903
3.474 0 0.105744218653
3.481 0 0.106395561274
3.497 0 0.107839104537
3.503 0 0.108477666643
3.516 0 0.108876471871
3.525 0 0.108729321889
3.533 0 0.108358591814
3.544 0 0.108346237286
3.556 0 0.108092614996
3.564 0 0.107888860678
3.573 0 0.107887059589
3.587 0 0.107132058144
3.593 0 0.10694695871
3.604 0 0.106766359444
3.615 0 0.106293114583
3.624 0 0.105896590073
3.634 0 0.105400765443
3.645 0 0.104624960445
3.656 0 0.103675075103
3.667 0 0.103200611248
3.675 0 0.102535653577
3.685 0 0.102172882904
3.696 0 0.101460678925
3.707 0 0.101231769824
3.714 0 0.100890486399
3.727 0 0.100292363407
3.736 0 0.0995549114651
3.746 0 0.0991919805571
3.753 0 0.0987610230873
3.763 0 0.0980489062457
3.775 0 0.0973903221414
3.786 0 0.0968569065538
3.793 0 0.0973632583445
3.804 0 0.0987580091015
3.816 0 0.100371216572
3.822 0 0.102408801067
3.836 0 0.106218432633
3.846 0 0.109115147679
3.856 0 0.114094193228
3.864 0 0.116438808779
3.875 0 0.121170657003
3.882 0 0.123185390395
3.897 0 0.129029090501
3.903 0 0.131013437789
3.912 0 0.13529867982
3.923 0 0.138415554411
3.934 0 0.141645028971
3.943 0 0.144727718657
3.956 0 0.148397983972
3.964 0 0.150791912419
3.975 0 0.153558218227
3.985 0 0.156325905134
3.992 0 0.157105491535
4.005 0 0.16154428629
4.016 0 0.163028667425
4.026 0 0.164689379371
4.037 0 0.16776730495
4.045 0 0.16911656534
4.053 0 0.169679788528
4.066 0 0.169882354053
4.076 0 0.169591223219
4.082 0 0.168541042392
4.096 0 0.168160873756
4.103 0 0.167257177871
4.115 0 0.165747689203
4.126 0 0.163161485962
4.134 0 0.160400770391
4.148 0 0.15576363396
4.157 0 0.151811094196
4.164 0 0.148603034876
4.176 0 0.144946098124
4.184 0 0.138522387618
4.193 0 0.133813762455
4.203 0 0.128446663303
4.219 0 0.120771080574
4.225 0 0.116352039079
4.233 0 0.113762183856
4.243 0 0.109124981722
4.254 0 0.106029583812
4.268 0 0.103949403999
4.275 0 0.103626601892
4.282 0 0.103812145591
4.294 0 0.104936841789
4.306 0 0.107684654669
4.315 0 0.109960450879
4.323 0 0.111582978506
4.333 0 0.113898434782
4.345 0 0.115615604625
4.354 0 0.117012053012
4.366 0 0.118833326717
4.375 0 0.120076118752
4.384 0 0.121834738763
4.394 0 0.1238927933
4.41 0 0.12752769342
4.415 0 0.128370785436
4.424 0 0.131515784573
4.435 0 0.134150096089
4.443 0 0.137267955483
4.452 0 0.138754238544
4.464 0 0.140385978284
4.476 0 0.142116362125
4.485 0 0.14291762319
4.494 0 0.142832713157
4.501 0 0.142819976806
4.513 0 0.142682317421
4.524 0 0.142502059013
4.531 0 0.142860697145
4.543 0 0.143394346907
4.555 0 0.143224615744
4.562 0 0.143328442192
4.574 0 0.143603035568
4.583 0 0.144507168461
4.598 0 0.144297623753
4.603 0 0.144470947277
4.615 0 0.145406433769
4.626 0 0.145618273999
4.638 0 0.146744338952
4.64 0 0.148197825126
4.653 0 0.149457552933
4.665 0 0.151256913479
4.675 0 0.153116852085
4.682 0 0.155179005659
4.695 0 0.159380711937
4.703 0 0.162988458584
4.711 0 0.165482146497
4.72 0 0.166405955884
4.736 0 0.168504291398
4.744 0 0.171320712897
4.756 0 0.173809737484
4.764 0 0.173731960146
4.773 0 0.175882684277
4.784 0 0.176944108592
4.792 0 0.178110218157
4.803 0 0.179186155857
4.814 0 0.178919488103
4.824 0 0.178645097493
4.833 0 0.177571363324
4.845 0 0.17790458528
4.855 0 0.176288289625
4.862 0 0.175776828689
4.875 0 0.174109018677
4.886 0 0.172953395106
4.896 0 0.172109838591
4.904 0 0.1700143149
4.914 0 0.168083596357
4.923 0 0.166148435647
4.935 0 0.163312564394
4.943 0 0.160028307258
4.956 0 0.15269013287
4.967 0 0.149309690314
4.973 0 0.147791753016
4.985 0 0.143754706133
4.993 0 0.141623104766
5.003 0 0.140234571456
5.015 0 0.139586441798
5.027 0 0.139215941734
5.032 0 0.138963566079
5.043 0 0.139395655104
5.055 0 0.140408397003
5.064 0 0.140597676018
5.073 0 0.141397470561
5.084 0 0.142400214216
5.094 0 0.142946702671
5.104 0 0.143603563873
5.12 0 0.143859575812
5.123 0 0.143746057123
5.133 0 0.143431661589
5.142 0 0.142701300369
5.155 0 0.141940994487
5.163 0 0.141587596865
5.175 0 0.139973484108
5.183 0 0.139304285352
5.192 0 0.13814788471
5.205 0 0.137097284085
5.212 0 0.136436339374
5.224 0 0.135830124171
5.235 0 0.13554480124
5.243 0 0.135049335817
5.254 0 0.13402762118
5.263 0 0.133536248842
5.271 0 0.133258219094
5.283 0 0.132617733012
5.295 0 0.131648453698
5.301 0 0.131333210894
5.315 0 0.130106852256
5.325 0 0.129737408109
5.333 0 0.129577813931
5.343 0 0.129307079109
5.354 0 0.12845291935
5.36 0 0.128493861433
5.374 0 0.128492134875
5.384 0 0.128390744274
5.394 0 0.129456938326
5.406 0 0.13107430412
5.415 0 0.132279881005
5.425 0 0.133411284519
5.433 0 0.13561694902
5.444 0 0.136573491512
5.452 0 0.136659421883
5.468 0 0.138679957671
5.474 0 0.139359472244
5.481 0 0.14040716008
5.493 0 0.141203463817
5.507 0 0.143377199713
5.517 0 0.145599793034
5.525 0 0.146077083819
5.535 0 0.150105260698
5.543 0 0.150592107885
5.556 0 0.153896408298
5.561 0 0.155619007032
5.573 0 0.157795696507
5.588 0 0.162839825503
5.602 0 0.165098552223
5.614 0 0.168739695063
5.618 0 0.170164996078
5.623 0 0.169781862773
5.633 0 0.173601305883
5.645 0 0.175986365587
5.657 0 0.177095178718
5.665 0 0.177623577786
5.674 0 0.176511350424
5.684 0 0.176245178417
5.695 0 0.1751187772
5.704 0 0.173563808496
5.713 0 0.172298736661
5.727 0 0.169262686913
5.739 0 0.167986700532
5.747 0 0.166391042603
5.755 0 0.163909952321
5.76 0 0.162210896794
5.776 0 0.158224239278
5.787 0 0.155401885394
5.796 0 0.154129021555
5.806 0 0.152560631927
5.815 0 0.15043705457
5.824 0 0.149440479553
5.837 0 0.148837783475
5.844 0 0.149423458724
5.854 0 0.150794067045
5.868 0 0.152540585984
5.874 0 0.153115770803
5.883 0 0.154192724037
5.896 0 0.155032225584
5.904 0 0.155332778001
5.913 0 0.156271398108
5.925 0 0.156622825624
5.935 0 0.15672885996
5.947 0 0.155655951661
5.952 0 0.154868840039
5.966 0 0.152427078052
5.975 0 0.150715352913
5.985 0 0.149444545509
5.993 0 0.148785882477
6.004 0 0.147618135257
6.012 0 0.147551771753
6.025 0 0.146674122195
6.033 0 0.145621799425
6.043 0 0.144827011476
6.053 0 0.143927816739
6.065 0 0.142990791451
6.072 0 0.142262517276
6.083 0 0.141009413173
6.095 0 0.139229284424
6.11 0 0.137289813499
6.113 0 0.137256343829
6.127 0 0.135864821502
6.135 0 0.13573865845
6.144 0 0.135479924055
6.153 0 0.135034253376
6.167 0 0.134306143162
6.176 0 0.134434393855
6.181 0 0.134991106925
6.193 0 0.136263164393
6.205 0 0.137795328499
6.216 0 0.138157831729
6.223 0 0.13915255654
6.233 0 0.140803523373
6.244 0 0.144140230858
6.254 0 0.145669798434
6.263 0 0.146184700656
6.274 0 0.147113810881
6.286 0 0.149727856057
6.295 0 0.148374729999
6.304 0 0.150294958501
6.313 0 0.15382356167
6.324 0 0.155718820358
6.333 0 0.154761587478
6.348 0 0.157885011044
6.356 0 0.158557577459
6.364 0 0.163321361625
6.378 0 0.167079656348
6.391 0 0.168081999673
6.392 0 0.168665784002
6.403 0 0.171553530419
6.415 0 0.17034929961
6.423 0 0.1704169463
6.432 0 0.172236494179
6.449 0 0.170029623757
6.458 0 0.171704690867
6.462 0 0.169953829384
6.474 0 0.171257257117
6.488 0 0.169113308753
6.496 0 0.167241232785
6.505 0 0.166605217788
6.519 0 0.161777031954
6.522 0 0.162719272002
6.533 0 0.159568512644
6.548 0 0.158331580372
6.557 0 0.156923246321
6.568 0 0.157190720366
6.576 0 0.158755433987
6.582 0 0.157828785798
6.594 0 0.157549582568
6.603 0 0.156696562454
6.613 0 0.155688626693
6.624 0 0.153691405686
6.633 0 0.153044338931
6.645 0 0.151715988708
6.658 0 0.150164656512
6.665 0 0.149588036356
6.677 0 0.14957081772
6.684 0 0.149026573121
6.697 0 0.148656195729
6.707 0 0.148141245877
6.714 0 0.147594573558
6.724 0 0.146128901317
6.736 0 0.143274236244
6.744 0 0.142585295066
6.755 0 0.142994144224
6.767 0 0.141340152133
6.774 0 0.140215472392
6.784 0 0.138741993356
6.793 0 0.138074349795
6.803 0 0.136857084269
6.815 0 0.135593039893
6.823 0 0.13529167633
6.833 0 0.134295883464
6.842 0 0.133479945035
6.855 0 0.132576438858
6.863 0 0.132576438858
6.876 0 0.131380222269
6.883 0 0.131934448466
6.893 0 0.132447442027
6.902 0 0.13276601696
6.914 0 0.133149846239
6.925 0 0.134076661425
6.934 0 0.134123559551
6.944 0 0.135387165043
6.954 0 0.134828035531
6.961 0 0.135320068513
6.973 0 0.135513927187
6.983 0 0.135680230808
6.992 0 0.135894424308
7.001 0 0.136647529968
7.014 0 0.137870940681
7.023 0 0.139937948985
7.033 0 0.141348749367
7.042 0 0.140893501512
7.054 0 0.142800735522
7.066 0 0.143071697772
7.074 0 0.143422778878
7.083 0 0.145520542975
7.095 0 0.144797829193
7.1 0 0.145238710093
7.117 0 0.14757318257
7.121 0 0.147957066202
7.134 0 0.149451592598
7.143 0 0.152079335965
7.152 0 0.152473056728
7.164 0 0.156323216032
7.172 0 0.157806228073
7.183 0 0.157917891358
7.193 0 0.160607112252
7.203 0 0.162801967053
7.215 0 0.163124963558
7.222 0 0.164264648145
7.236 0 0.166174783299
7.243 0 0.168639451004
7.253 0 0.170145687063
7.262 0 0.168921997232
7.273 0 0.171182395476
7.283 0 0.170701034581
7.293 0 0.168787359452
7.304 0 0.168019465547
7.314 0 0.166113443616
7.321 0 0.165197518674
7.333 0 0.162524577857
7.344 0 0.160231479309
7.353 0 0.157524730056
7.367 0 0.151287074843
7.374 0 0.151102851761
7.383 0 0.150791154618
7.392 0 0.150726422642
7.404 0 0.151744030393
7.412 0 0.152440408527
7.421 0 0.151887368216
7.434 0 0.151433395659
7.443 0 0.151792016216
7.455 0 0.152894344923
7.463 0 0.152543486321
7.474 0 0.152199885486
7.485 0 0.151910666067
7.493 0 0.152367663489
7.502 0 0.152962651144
7.513 0 0.152879850046
7.525 0 0.152725655776
7.537 0 0.150696079615
7.547 0 0.149937308676
7.553 0 0.14868018462
7.564 0 0.146269280075
7.575 0 0.143882318837
7.585 0 0.142691712854
7.593 0 0.142952670888
7.604 0 0.141969267391
7.612 0 0.140842843676
7.621 0 0.138765234545
7.634 0 0.138040172162
7.644 0 0.138304501303
7.654 0 0.138199077479
7.664 0 0.138503321466
7.672 0 0.138232280805
7.682 0 0.138223995663
7.69 0 0.138265320328
7.706 0 0.13862465157
7.71 0 0.138681341729
7.724 0 0.139233468643
7.737 0 0.140467522692
7.743 0 0.141022504345
7.753 0 0.142379647025
7.764 0 0.142414224909
7.773 0 0.142354219141
7.783 0 0.142795451138
7.795 0 0.143220183987
7.803 0 0.142861346015
7.813 0 0.143273017379
7.823 0 0.143512543008
7.833 0 0.144951677236
7.842 0 0.149847814124
7.854 0 0.151776322915
7.863 0 0.150491931216
7.873 0 0.151116908268
7.883 0 0.153357219072
7.894 0 0.154019753459
7.904 0 0.154855964186
7.915 0 0.153799879069
7.924 0 0.157024006816
7.935 0 0.156913274095
7.942 0 0.159848582931
7.952 0 0.159100081479
7.966 0 0.162317848937
7.975 0 0.16166891499
7.985 0 0.163854036195
7.994 0 0.163973822402
8.002 0 0.161614866389
8.025 0 0.162110549223
8.027 0 0.163341284979
8.034 0 0.164813164009
8.047 0 0.164003077965
8.053 0 0.164160098813
8.063 0 0.16438792965
8.072 0 0.163059930264
8.088 0 0.164479571273
8.094 0 0.163315206719
8.104 0 0.162931919335
8.113 0 0.162728997458
8.125 0 0.162346889555
8.134 0 0.161132815409
8.144 0 0.158998527509
8.155 0 0.15681449382
8.167 0 0.15480930142
8.171 0 0.154306493639
8.182 0 0.153651812629
8.195 0 0.151867788901
8.203 0 0.150598771134
8.213 0 0.150644154273
8.223 0 0.150840989449
8.231 0 0.150840989449
8.243 0 0.149869139677
8.253 0 0.149335827322
8.265 0 0.147581202518
8.273 0 0.14714676601
8.283 0 0.146202598657
8.294 0 0.145504830393
8.306 0 0.145931534531
8.313 0 0.146152350957
8.326 0 0.146419302743
8.332 0 0.146419302743
8.346 0 0.146958390746
8.354 0 0.145949452189
8.363 0 0.144792633782
8.373 0 0.144838710105
8.385 0 0.144510670891
8.394 0 0.144443186989
8.404 0 0.143963784323
8.415 0 0.143336386545
8.424 0 0.142720935883
8.433 0 0.141967532722
8.445 0 0.14030716617
8.455 0 0.140089539083
8.462 0 0.139802454761
8.475 0 0.139393465515
8.483 0 0.138739883961
8.493 0 0.13747429191
8.503 0 0.137028712846
8.512 0 0.136085992665
8.526 0 0.136914796656
8.533 0 0.136428294039
8.544 0 0.137207602364
8.555 0 0.138006546177
8.563 0 0.137956002768
8.573 0 0.139340017079
8.583 0 0.138544546674
8.593 0 0.139090666011
8.602 0 0.140832814138
8.616 0 0.142963178966
8.62 0 0.143481505922
8.634 0 0.144182190053
8.646 0 0.149808343125
8.655 0 0.151121670381
8.663 0 0.154161376333
8.674 0 0.160634587467
8.683 0 0.161718980378
8.694 0 0.166781649069
8.704 0 0.169711148288
8.714 0 0.171930308457
8.724 0 0.175241066068
8.733 0 0.17726122017
8.744 0 0.178077445456
8.754 0 0.180802169081
8.764 0 0.184085231767
8.772 0 0.184565494431
8.783 0 0.184498786427
8.793 0 0.184994030113
8.804 0 0.183181667246
8.814 0 0.182138173297
8.823 0 0.180390573839
8.834 0 0.177844687531
8.845 0 0.174111974489
8.852 0 0.171991932881
8.864 0 0.168138115682
8.875 0 0.164691896501
8.882 0 0.162178227062
8.898 0 0.157824267282
8.905 0 0.155864069963
8.914 0 0.154963915106
8.923 0 0.153534029309
8.936 0 0.148431374842
8.946 0 0.14489589633
8.951 0 0.141933860659
8.965 0 0.139594430415
8.976 0 0.138274314238
8.986 0 0.137383404977
8.994 0 0.136340044168
9.003 0 0.135503090636
9.014 0 0.135425841078
9.024 0 0.13705543929
9.035 0 0.139074531215
9.044 0 0.139074531215
9.052 0 0.139074531215
9.067 0 0.1423756756
9.073 0 0.143409123991
9.084 0 0.144508645949
9.091 0 0.144762062434
9.105 0 0.144762062434
9.114 0 0.147882224376
9.128 0 0.14835689105
9.136 0 0.149466040839
9.145 0 0.150006388194
9.152 0 0.150536696785
9.167 0 0.151760142692
9.176 0 0.151982927876
9.183 0 0.151521007138
9.192 0 0.151222730797
9.2 0 0.151222730797
9.214 0 0.151222730797
9.224 0 0.149600174337
9.236 0 0.149945021816
9.244 0 0.149549138504
9.254 0 0.149838069382
9.263 0 0.150669209368
9.275 0 0.150201334999
9.284 0 0.150474435741
9.295 0 0.151537600301
9.306 0 0.152033711749
9.315 0 0.153545386782
9.326 0 0.154895037012
9.336 0 0.156178520153
9.346 0 0.156647226263
9.354 0 0.158589046632
9.363 0 0.160947165488
9.376 0 0.160238046707
9.386 0 0.161122223916
9.393 0 0.159751747106
9.403 0 0.160022655088
9.411 0 0.160519059514
9.423 0 0.165081243027
9.438 0 0.167752905594
9.447 0 0.167153642002
9.454 0 0.167588819442
9.465 0 0.168093669773
9.476 0 0.169166301683
9.484 0 0.174651944961
9.493 0 0.174610485304
9.504 0 0.177511658839
9.514 0 0.181357358803
9.523 0 0.185069883045
9.532 0 0.186991361062
9.545 0 0.188922760323
9.551 0 0.188749147998
9.564 0 0.190305811427
9.572 0 0.192930636964
9.585 0 0.193871337621
9.601 0 0.194016787674
9.601 0 0.194016787674
9.611 0 0.192902194325
9.626 0 0.192616436597
9.643 0 0.189228126356
9.645 0 0.189228126356
9.654 0 0.186913511267
9.663 0 0.184470226138
9.676 0 0.18130976466
9.687 0 0.178206016613
9.693 0 0.177047949292
9.706 0 0.174022457326
9.713 0 0.171754578112
9.721 0 0.168501987254
9.732 0 0.164440035762
9.746 0 0.159602207184
9.752 0 0.15774188888
9.763 0 0.154914915227
9.771 0 0.153273736016
9.784 0 0.151581048028
9.796 0 0.1514052482
9.806 0 0.151833599766
9.814 0 0.152749699985
9.824 0 0.153146904146
9.836 0 0.153913534
9.843 0 0.153803239265
9.854 0 0.153661501965
9.863 0 0.15398672818
9.875 0 0.153548877709
9.886 0 0.152616168901
9.892 0 0.152411264283
9.902 0 0.152249306703
9.916 0 0.154568463299
9.925 0 0.156327379052
9.935 0 0.157164931297
9.945 0 0.15766274068
9.955 0 0.158473780115
9.964 0 0.1587701071
9.973 0 0.158728125391
9.984 0 0.159098100285
9.995 0 0.159917867364
10.007 0 0.160645154722
10.015 0 0.161029813715
10.024 0 0.161153416671
10.037 0 0.16119523865
10.044 0 0.161435272636
10.055 0 0.161231465339
10.065 0 0.161607621342
10.075 0 0.1613489153
10.084 0 0.162083577584
10.096 0 0.163386715145
10.105 0 0.165168217871
10.114 0 0.167450447006
10.123 0 0.168370732297
10.136 0 0.169650514485
10.141 0 0.171002299547
10.154 0 0.173156109166
10.164 0 0.174058522695
10.173 0 0.174023124395
10.187 0 0.175596394266
10.193 0 0.175533174306
10.205 0 0.175545695619
10.218 0 0.173983519111
10.227 0 0.174992251935
10.235 0 0.175987538171
10.244 0 0.178427612874
10.253 0 0.181095643514
10.263 0 0.183587701202
10.279 0 0.188521138229
10.286 0 0.1911451607
10.295 0 0.193201856075
10.305 0 0.19506695463
10.314 0 0.200236054476
10.324 0 0.200324973834
10.333 0 0.203890496948
10.344 0 0.206081832042
10.355 0 0.206905711085
10.367 0 0.207614983294
10.372 0 0.207771294591
10.384 0 0.207600128413
10.397 0 0.207020466704
10.409 0 0.208236507251
10.415 0 0.208132920313
10.425 0 0.208384407469
10.434 0 0.208158386109
10.445 0 0.207151280816
10.453 0 0.205199930035
10.464 0 0.20298717078
10.473 0 0.200838007015
10.484 0 0.198074113111
10.496 0 0.194847834644
10.502 0 0.193909057261
10.515 0 0.191126510746
10.524 0 0.189769297539
10.538 0 0.188364719794
10.544 0 0.187412094134
10.555 0 0.187208281802
10.564 0 0.185819065067
10.573 0 0.186161002164
10.584 0 0.187588235749
10.595 0 0.189850071724
10.606 0 0.191869675657
10.611 0 0.192094226277
10.626 0 0.192024453918
10.631 0 0.192554518775
10.644 0 0.192208013562
10.657 0 0.192008948141
10.663 0 0.192769160818
10.673 0 0.193073599827
10.686 0 0.192528261994
10.695 0 0.192479504902
10.703 0 0.192289568187
10.714 0 0.191976167982
10.722 0 0.191579105744
10.735 0 0.190247072826
10.745 0 0.189133678844
10.756 0 0.187390859702
10.762 0 0.187105697998
10.773 0 0.185811956456
10.783 0 0.18482462388
10.795 0 0.181658107389
10.803 0 0.177788456575
10.814 0 0.173037824665
10.825 0 0.168979094934
10.834 0 0.167271674196
10.846 0 0.165046428162
10.854 0 0.164356408477
10.864 0 0.164085013092
10.875 0 0.165214408499
10.888 0 0.16658615094
10.897 0 0.167267207148
10.902 0 0.167596397686
10.914 0 0.168762258374
10.923 0 0.170536376326
10.937 0 0.174605990007
10.944 0 0.176663550392
10.955 0 0.181661942779
10.964 0 0.184852828594
10.976 0 0.187382682497
10.983 0 0.189834790778
10.995 0 0.192788744275
11.005 0 0.194404883962
11.013 0 0.195077877541
11.023 0 0.195640314029
11.035 0 0.196549310445
11.042 0 0.197109858207
11.056 0 0.199016388042
11.06 0 0.197325522555
11.074 0 0.200122487353
11.083 0 0.199355866836
11.092 0 0.201271654473
11.102 0 0.203629742739
11.114 0 0.208731196584
11.124 0 0.206842394175
11.134 0 0.207976729867
11.147 0 0.211632722611
11.157 0 0.210532718989
11.166 0 0.210061456201
11.175 0 0.209227116795
11.184 0 0.209583100905
11.198 0 0.20811788359
11.206 0 0.207664449088
11.221 0 0.206374981616
11.225 0 0.205928661468
11.238 0 0.204606823218
11.247 0 0.204779899882
11.258 0 0.203751900149
11.266 0 0.20195636266
11.275 0 0.200744820231
11.287 0 0.201083769729
11.294 0 0.201058608095
11.313 0 0.199350034458
11.32 0 0.199363362035
11.331 0 0.199271833201
11.336 0 0.198881726326
11.345 0 0.198677887109
11.355 0 0.197652855615
11.363 0 0.197213318712
11.377 0 0.197436922968
11.381 0 0.197263738286
11.395 0 0.197429514308
11.403 0 0.196828490042
11.417 0 0.198897197325
11.426 0 0.199138501307
11.433 0 0.198943950053
11.444 0 0.198635082329
11.455 0 0.197401345681
11.464 0 0.196771289186
11.474 0 0.195992094209
11.484 0 0.194878836489
11.497 0 0.194146585479
11.503 0 0.193863163183
11.516 0 0.193726886368
11.522 0 0.193679609935
11.531 0 0.193404701419
11.543 0 0.193365354063
11.557 0 0.192745418657
11.564 0 0.192130892118
11.574 0 0.190798312955
11.583 0 0.189467755149
11.594 0 0.188483161074
11.604 0 0.189489130239
11.617 0 0.190939573083
11.624 0 0.191929862238
11.632 0 0.192519352682
11.643 0 0.193503764026
11.656 0 0.194804094154
11.664 0 0.196964388396
11.671 0 0.19742498916
11.682 0 0.19959162963
11.696 0 0.200740453612
11.705 0 0.204062340999
11.716 0 0.203742112554
11.724 0 0.206609338195
11.734 0 0.208473022182
11.745 0 0.206778832195
11.755 0 0.211144439149
11.766 0 0.205557662081
11.773 0 0.207739155301
11.785 0 0.208080912379
11.794 0 0.209237972695
11.807 0 0.200438559696
11.812 0 0.208164351761
11.825 0 0.206158928773
11.831 0 0.21032442028
11.844 0 0.216307221762
11.853 0 0.220477678778
11.864 0 0.222847194783
11.874 0 0.221190112612
11.887 0 0.224926426316
11.895 0 0.224514498234
11.902 0 0.21950403083
11.913 0 0.22944207763
11.928 0 0.23762423849
11.935 0 0.237339732119
11.946 0 0.233192420244
11.953 0 0.234169616721
11.964 0 0.229563755513
11.973 0 0.228497911737
11.985 0 0.228045375893
11.994 0 0.223907474384
12.007 0 0.222268351071
12.013 0 0.221417703259
12.025 0 0.218997644942
12.034 0 0.217165647025
12.042 0 0.217800643914
12.056 0 0.219126057762
12.063 0 0.220158007684
12.076 0 0.22137950899
12.086 0 0.221937519704
12.098 0 0.222093730937
12.103 0 0.222417596302
12.113 0 0.222382040153
12.125 0 0.2223463667
12.135 0 0.221936449914
12.144 0 0.221473387948
12.152 0 0.22042921249
12.168 0 0.216304019442
12.175 0 0.215193054246
12.182 0 0.212955301281
12.195 0 0.210730569387
12.204 0 0.209922820998
12.215 0 0.208875646803
12.227 0 0.208913366025
12.234 0 0.208352703626
12.244 0 0.207712256272
12.256 0 0.206982942443
12.265 0 0.2059466066
12.28 0 0.203948027973
12.289 0 0.203210496691
12.295 0 0.203061435161
12.302 0 0.202601685952
12.315 0 0.202866197665
12.326 0 0.203672461867
12.334 0 0.204804845203
12.346 0 0.205799168639
12.351 0 0.206187098881
12.366 0 0.206123965668
12.375 0 0.205786669307
12.384 0 0.205425505756
12.394 0 0.205991179163
12.403 0 0.204726108043
12.413 0 0.205595588363
12.427 0 0.207005641523
12.437 0 0.208846329811
12.445 0 0.210275772051
12.455 0 0.211400141834
12.465 0 0.21343649292
12.475 0 0.215946848844
12.483 0 0.217766286285
12.494 0 0.220877245471
12.504 0 0.220979518764
12.516 0 0.222391177951
12.529 0 0.226071060163
12.536 0 0.227405925652
12.544 0 0.227363871901
12.558 0 0.230523327649
12.565 0 0.232681815908
12.574 0 0.232458467027
12.588 0 0.236119237814
12.595 0 0.237514259955
12.605 0 0.239793708697
12.615 0 0.241447108635
12.625 0 0.243211374081
12.636 0 0.245270824665
12.646 0 0.245496315214
12.653 0 0.246582815628
12.665 0 0.246862272815
12.674 0 0.248601933259
12.686 0 0.250576537167
12.697 0 0.251369099721
12.706 0 0.25322822123
12.712 0 0.25376415359
12.723 0 0.253514325507
12.736 0 0.252242947771
12.745 0 0.25116939911
12.753 0 0.250844294684
12.761 0 0.250823592122
12.773 0 0.250675414085
12.786 0 0.250479877058
12.794 0 0.24945419775
12.807 0 0.247500287798
12.816 0 0.24503804997
12.823 0 0.241171397541
12.836 0 0.238673763208
12.844 0 0.237730363393
12.856 0 0.23559361504
12.862 0 0.234801621142
12.872 0 0.232758394203
12.885 0 0.23177807924
12.894 0 0.23011638271
12.905 0 0.22738451229
12.913 0 0.224831907886
12.923 0 0.222275135889
12.936 0 0.218510878297
12.944 0 0.216259763198
12.954 0 0.214014807581
12.966 0 0.211475605862
12.978 0 0.21085450351
12.982 0 0.210866098214
12.998 0 0.211106030507
13.004 0 0.211294330106
13.015 0 0.211143709337
13.028 0 0.21145556297
13.034 0 0.212695556542
13.045 0 0.213578337665
13.053 0 0.213687954425
13.066 0 0.214084649332
13.076 0 0.213722060869
13.087 0 0.213587471589
13.094 0 0.213569239274
13.106 0 0.213489268754
13.111 0 0.214018273597
13.124 0 0.215471364198
13.135 0 0.216326184852
13.144 0 0.217048001829
13.154 0 0.217779110139
13.167 0 0.218079987788
13.174 0 0.218285622806
13.183 0 0.220176610866
13.194 0 0.219578291224
13.204 0 0.219731883265
13.214 0 0.221383523319
13.222 0 0.221328276563
13.235 0 0.222977140429
13.244 0 0.223679733262
13.252 0 0.223314818208
13.265 0 0.226484256919
13.276 0 0.229438554197
13.286 0 0.232171958716
13.294 0 0.235589704444
13.304 0 0.237348469606
13.311 0 0.238721667114
13.323 0 0.240785900652
13.336 0 0.24310691863
13.344 0 0.24039703161
13.355 0 0.242299907535
13.365 0 0.241112144254
13.375 0 0.242005951224
13.387 0 0.241159876128
13.399 0 0.248288559447
13.406 0 0.249703507334
13.413 0 0.253451204405
13.426 0 0.256083904579
13.435 0 0.257382405762
13.443 0 0.258831139231
13.458 0 0.259524318851
13.465 0 0.26103068513
13.475 0 0.257702434804
13.486 0 0.258142540092
13.496 0 0.257894557787
13.505 0 0.253976208566
13.514 0 0.25751041321
13.523 0 0.25782608903
13.533 0 0.259469564571
13.546 0 0.257016400285
13.555 0 0.253701433493
13.566 0 0.254533761117
13.576 0 0.25804810379
13.582 0 0.256440603138
13.595 0 0.258681061815
13.605 0 0.261063718025
13.616 0 0.262766021894
13.623 0 0.263237187377
13.634 0 0.263497820822
13.646 0 0.263822420835
13.656 0 0.264558865726
13.668 0 0.264277069391
13.674 0 0.263991851353
13.684 0 0.26356971787
13.696 0 0.262824521749
13.706 0 0.2631839588
13.716 0 0.263019873863
13.725 0 0.262589547603
13.734 0 0.261682070345
13.745 0 0.260630819072
13.753 0 0.259737345319
13.767 0 0.257384168863
13.775 0 0.256366710666
13.785 0 0.254824777143
13.796 0 0.253952474864
13.805 0 0.252209801918
13.815 0 0.249353853772
13.825 0 0.247094426026
13.835 0 0.247114923559
13.848 0 0.246807088499
13.856 0 0.246647495789
13.863 0 0.246203164313
13.877 0 0.246629230765
13.884 0 0.247143250935
13.895 0 0.248064261925
13.904 0 0.249564502221
13.915 0 0.248001362581
13.927 0 0.250083433783
13.933 0 0.25105749346
13.944 0 0.252597314416
13.96 0 0.256682408676
13.967 0 0.257674785109
13.977 0 0.259661973134
13.986 0 0.261937724583
13.995 0 0.262532688464
14.004 0 0.263918350853
14.017 0 0.266768763248
14.024 0 0.269583625757
14.034 0 0.271117432107
14.044 0 0.273098862857
14.055 0 0.275383742253
14.061 0 0.276670530191
14.078 0 0.278230171576
14.084 0 0.277116026852
14.096 0 0.28001395808
14.103 0 0.284015077597
14.114 0 0.284847143058
14.122 0 0.290957683226
14.135 0 0.291427471053
14.146 0 0.292163312256
14.156 0 0.288874426315
14.167 0 0.292454706653
14.173 0 0.285828350065
14.185 0 0.293721439862
14.198 0 0.293828332849
14.207 0 0.292071522503
14.217 0 0.290953651199
14.225 0 0.296510551724
14.234 0 0.296904382884
14.248 0 0.295356560628
14.253 0 0.299617286274
14.267 0 0.302333932213
14.276 0 0.304672860807
14.283 0 0.30477208328
14.295 0 0.304661732398
14.306 0 0.302172106489
14.313 0 0.300564648297
14.323 0 0.297844851498
14.334 0 0.295113582786
14.346 0 0.292509173055
14.356 0 0.289819101977
14.364 0 0.287392120732
14.373 0 0.284976955981
14.388 0 0.277699541598
14.402 0 0.277109907968
14.402 0 0.276276677313
14.416 0 0.272607209286
14.428 0 0.269270566094
14.435 0 0.267904559709
14.441 0 0.266347648919
14.457 0 0.263219255127
14.467 0 0.261871750535
14.473 0 0.261233988499
14.485 0 0.259309931366
14.493 0 0.258468605444
14.504 0 0.258216062231
14.515 0 0.256732961796
14.523 0 0.256301788316
14.536 0 0.255037886584
14.546 0 0.253701262057
14.553 0 0.253673404541
14.567 0 0.253369695739
14.574 0 0.2528383506
14.583 0 0.251501337234
14.594 0 0.250057005872
14.607 0 0.249567587762
14.614 0 0.249766151937
14.623 0 0.250220830636
14.635 0 0.250781368794
14.646 0 0.251131088941
14.652 0 0.251825443714
14.663 0 0.252767762357
14.672 0 0.253766699421
14.684 0 0.254244224104
14.693 0 0.255450419363
14.705 0 0.256422846007
14.715 0 0.255379703287
14.726 0 0.257135566814
14.737 0 0.25906096877
14.745 0 0.259539572321
14.755 0 0.261548816983
14.764 0 0.263916970958
14.774 0 0.265862693107
14.786 0 0.268631236329
14.792 0 0.271280116412
14.804 0 0.274935275161
14.812 0 0.275818120033
14.823 0 0.279368863224
14.836 0 0.280901092984
14.848 0 0.284259024528
14.853 0 0.28307126332
14.863 0 0.283050981297
14.875 0 0.281231572386
14.885 0 0.284278270419
14.897 0 0.284434161138
14.902 0 0.285769550653
14.916 0 0.286849299003
14.923 0 0.290570790044
14.936 0 0.2885422832
14.942 0 0.292772950136
14.952 0 0.290210133031
14.964 0 0.290210133031
14.974 0 0.302354342356
14.985 0 0.304468748108
14.996 0 0.30855623421
15.006 0 0.307658839041
15.015 0 0.309469506517
15.024 0 0.310121260179
15.035 0 0.31043128473
15.041 0 0.311206598971
15.054 0 0.31146730963
15.062 0 0.31146730963
15.075 0 0.310279501551
15.085 0 0.309419277197
15.094 0 0.307780643986
15.104 0 0.305447965851
15.116 0 0.30112886012
15.124 0 0.299425969432
15.135 0 0.296740083725
15.146 0 0.293747469831
15.156 0 0.29265788637
15.164 0 0.289801154881
15.176 0 0.287640289694
15.186 0 0.285981628397
15.194 0 0.284919302456
15.206 0 0.283057541846
15.216 0 0.282011122513
15.224 0 0.280982305016
15.235 0 0.279504657187
15.242 0 0.279194900603
15.254 0 0.279194900603
15.265 0 0.277291175005
15.271 0 0.276284375351
15.287 0 0.273183303326
15.29 0 0.272754355671
15.303 0 0.270303246103
15.316 0 0.27043683058
15.325 0 0.270470337196
15.333 0 0.270337850296
15.346 0 0.269947410022
15.356 0 0.269579075218
15.362 0 0.269643748664
15.376 0 0.26903326347
15.384 0 0.268322452002
15.396 0 0.268379098191
15.404 0 0.268222300831
15.412 0 0.268107410143
15.426 0 0.268116526805
15.434 0 0.267238088381
15.444 0 0.267617235011
15.457 0 0.268304653905
15.463 0 0.269232445048
15.474 0 0.270389578887
15.483 0 0.27253811248
15.493 0 0.273420443688
15.508 0 0.274841761674
15.515 0 0.275986992345
15.525 0 0.277683176278
15.536 0 0.280070417423
15.548 0 0.280733930829
15.555 0 0.282148582867
15.564 0 0.284469466196
15.574 0 0.285964356055
15.585 0 0.288287473922
15.594 0 0.288730559981
15.604 0 0.292435359486
15.613 0 0.29329170498
15.624 0 0.298239394712
15.637 0 0.301795091736
15.645 0 0.30121507295
15.656 0 0.302856213792
15.664 0 0.308101097802
15.675 0 0.309675320043
15.688 0 0.312607332153
15.695 0 0.311310833368
15.707 0 0.308030117054
15.715 0 0.308486114552
15.723 0 0.314804001296
15.737 0 0.316809087115
15.744 0 0.319395564539
15.754 0 0.31962645563
15.764 0 0.321008668875
15.775 0 0.321889647302
15.784 0 0.325820270672
15.797 0 0.32434212411
15.806 0 0.326191676372
15.816 0 0.326569069126
15.826 0 0.327766211726
15.831 0 0.328770233933
15.845 0 0.331010273995
15.855 0 0.330756499159
15.86 0 0.330744385411
15.877 0 0.32913921654
15.883 0 0.329074481668
15.894 0 0.327758693428
15.902 0 0.326747083227
15.913 0 0.325178561079
15.925 0 0.32297407842
15.938 0 0.321196109235
15.948 0 0.319625603433
15.957 0 0.317439878559
15.966 0 0.314428642882
15.977 0 0.310419721638
15.983 0 0.309625553189
15.996 0 0.306226591758
16.002 0 0.304792817603
16.014 0 0.304418474302
16.027 0 0.304243705879
16.035 0 0.304001929607
16.043 0 0.303585058619
16.053 0 0.302627894036
16.062 0 0.302154706297
16.076 0 0.300577656733
16.084 0 0.298986121804
16.093 0 0.298121137019
16.105 0 0.297244376087
16.115 0 0.296514704102
16.124 0 0.295023286511
16.138 0 0.292935345253
16.146 0 0.290629643572
16.155 0 0.289608385422
16.165 0 0.28872169056
16.176 0 0.288386490774
16.181 0 0.28848841899
16.194 0 0.289942370979
16.203 0 0.290423393
16.216 0 0.289806793341
16.224 0 0.289249844967
16.234 0 0.287720234643
16.245 0 0.286254072261
16.255 0 0.284737340696
16.268 0 0.284894144371
16.275 0 0.285058625402
16.283 0 0.285634183501
16.293 0 0.285634183501
16.304 0 0.288305608433
16.318 0 0.289807431832
16.326 0 0.289323789983
16.337 0 0.289605283674
16.343 0 0.289605283674
16.354 0 0.293405824571
16.362 0 0.292468626883
16.377 0 0.295239251653
16.387 0 0.295720930992
16.398 0 0.298699348448
16.406 0 0.299715146333
16.411 0 0.302217253696
16.424 0 0.304380287979
16.434 0 0.305114967017
16.445 0 0.302596611663
16.458 0 0.305685191038
16.465 0 0.304872428431
16.473 0 0.310685709021
16.485 0 0.310869994051
16.494 0 0.310872000855
16.503 0 0.310296497658
16.515 0 0.312568417927
16.529 0 0.312963819841
16.534 0 0.320408906108
16.543 0 0.319670706394
16.553 0 0.322685042559
16.565 0 0.329035518608
16.574 0 0.332483460879
16.587 0 0.335047268839
16.593 0 0.337725648145
16.604 0 0.340476553411
16.622 0 0.342281002997
16.629 0 0.342179730912
16.635 0 0.34202521935
16.646 0 0.341955447665
16.655 0 0.34163232473
16.667 0 0.341201021519
16.679 0 0.339347369399
16.684 0 0.338299803615
16.694 0 0.336108530034
16.705 0 0.333900637404
16.715 0 0.332202868145
16.727 0 0.330571864325
16.736 0 0.329050874016
16.747 0 0.326619547509
16.753 0 0.326619547509
16.764 0 0.326619547509
16.774 0 0.319181803837
16.786 0 0.316970686724
16.795 0 0.314323753267
16.803 0 0.313497536928
16.813 0 0.313826303342
16.826 0 0.313767171237
16.833 0 0.312716105531
16.845 0 0.310943723501
16.857 0 0.309720630007
16.861 0 0.309771501223
16.877 0 0.308784098616
16.885 0 0.308521918621
16.895 0 0.305556468289
16.909 0 0.303127717729
16.915 0 0.302967820645
16.928 0 0.301986232708
16.935 0 0.300843911225
16.946 0 0.298539242497
16.955 0 0.297048945595
16.965 0 0.296528723495
16.973 0 0.296676151581
16.986 0 0.297843477459
16.992 0 0.298748273631
17.007 0 0.299158096293
17.015 0 0.299139690445
17.022 0 0.297847967421
17.035 0 0.295746934066
17.043 0 0.294071522194
17.052 0 0.292190151958
17.066 0 0.292849092225
17.075 0 0.293164430709
17.084 0 0.293377498343
17.094 0 0.295082192314
17.105 0 0.296548077184
17.113 0 0.296272407906
17.128 0 0.298114468332
17.136 0 0.297323881747
17.145 0 0.298060659226
17.155 0 0.301020578392
17.167 0 0.301707226968
17.175 0 0.305316988657
17.183 0 0.304604897396
17.194 0 0.309564875815
17.203 0 0.31094435909
17.213 0 0.310751961866
17.225 0 0.310314756507
17.237 0 0.312584389689
17.246 0 0.31195998627
17.253 0 0.314553564786
17.265 0 0.314158352102
17.277 0 0.320953753378
17.286 0 0.317476753974
17.299 0 0.320845764972
17.304 0 0.329370431898
17.316 0 0.33319968021
17.324 0 0.335431955188
17.334 0 0.340982797871
17.345 0 0.344010652713
17.35 0 0.344538275036
17.365 0 0.349528391615
17.375 0 0.352592743661
17.38 0 0.353901736695
17.396 0 0.353989403493
17.406 0 0.353706051672
17.413 0 0.354017720921
17.421 0 0.354097028776
17.436 0 0.35334444733
17.445 0 0.352753592417
17.451 0 0.35164077557
17.466 0 0.349622424291
17.473 0 0.348768507264
17.484 0 0.346268558597
17.495 0 0.34428329585
17.504 0 0.342454283547
17.514 0 0.338368686733
17.529 0 0.332853601991
17.535 0 0.331705897111
17.543 0 0.327912034533
17.551 0 0.325984624222
17.566 0 0.325144185227
17.582 0 0.325904503627
17.583 0 0.325904503627
17.596 0 0.327092080429
17.605 0 0.327664722231
17.615 0 0.325333673726
17.626 0 0.322877197743
17.64 0 0.321934075311
17.644 0 0.322077270706
17.655 0 0.322519807993
17.669 0 0.323760015668
17.673 0 0.323777683131
17.686 0 0.323387245446
17.693 0 0.322688233051
17.711 0 0.322056597137
17.715 0 0.322078268695
17.721 0 0.321410748693
17.732 0 0.320802825414
17.744 0 0.320719769302
17.754 0 0.32039555161
17.765 0 0.320647646927
17.774 0 0.320851980236
17.792 0 0.32095688843
17.797 0 0.321259407507
17.807 0 0.321572508657
17.815 0 0.320311708827
17.824 0 0.319931100851
17.834 0 0.318772999349
17.841 0 0.317822875381
17.854 0 0.316369909664
17.867 0 0.317435661655
17.875 0 0.318443812765
17.885 0 0.319525823128
17.894 0 0.321341214687
17.903 0 0.321872043729
17.914 0 0.324217844289
17.924 0 0.327426140364
17.936 0 0.326800532943
17.945 0 0.327349164732
17.953 0 0.330155845002
17.962 0 0.331808525522
17.977 0 0.335550462627
17.983 0 0.336366016285
17.992 0 0.336911121536
18.005 0 0.34131593979
18.013 0 0.340977991395
18.023 0 0.342997247897
18.033 0 0.347840555466
18.045 0 0.349376105087
18.054 0 0.350316821267
18.063 0 0.352015843907
18.082 0 0.357009701623
18.088 0 0.3592092009
18.099 0 0.360709950891
18.107 0 0.361148487143
18.115 0 0.36092044137
18.128 0 0.362375867389
18.137 0 0.362885591493
18.147 0 0.363708959255
18.155 0 0.36314328903
18.168 0 0.362931535527
18.175 0 0.360679978772
18.186 0 0.360811069582
18.195 0 0.363183860456
18.205 0 0.364735323959
18.215 0 0.365920033838
18.225 0 0.366539176557
18.234 0 0.366628587553
18.244 0 0.365196911196
18.253 0 0.365035850944
18.268 0 0.364403292466
18.275 0 0.364686774754
18.284 0 0.364499125562
18.296 0 0.364088988401
18.303 0 0.362876616413
18.319 0 0.358967164563
18.323 0 0.357123778699
18.332 0 0.355444132141
18.346 0 0.352409991307
18.356 0 0.351564587655
18.366 0 0.350675634389
18.373 0 0.350149033794
18.382 0 0.349899053662
18.392 0 0.349917427086
18.408 0 0.349299786332
18.415 0 0.3490195432
18.424 0 0.34843377747
18.434 0 0.347507587614
18.442 0 0.346904940318
18.454 0 0.346558113063
18.464 0 0.34630370067
18.476 0 0.34589700868
18.484 0 0.345752383871
18.495 0 0.34594464127
18.505 0 0.345849310096
18.512 0 0.344742026347
18.523 0 0.343255545389
18.531 0 0.34190020276
18.545 0 0.340840111365
18.558 0 0.341146798441
18.566 0 0.342257455946
18.573 0 0.341978145364
18.584 0 0.341553503098
18.594 0 0.339981191511
18.603 0 0.338247099851
18.613 0 0.335961882616
18.623 0 0.335011779659
18.634 0 0.334282535147
18.645 0 0.333421489203
18.658 0 0.334449722151
18.662 0 0.335026731318
18.674 0 0.336911181932
18.683 0 0.338214754493
18.695 0 0.339839746053
18.704 0 0.340147659945
18.715 0 0.34249105295
18.722 0 0.342843393651
18.734 0 0.344042492095
18.746 0 0.346869616215
18.753 0 0.347573776261
18.763 0 0.350206788435
18.776 0 0.355970748906
18.788 0 0.359206472431
18.792 0 0.359746936139
18.808 0 0.362437555548
18.816 0 0.362222829387
18.823 0 0.362634300466
18.835 0 0.359074489033
18.844 0 0.362530363396
18.853 0 0.37352303198
18.861 0 0.375417733891
18.873 0 0.379217362729
18.886 0 0.380774245219
18.893 0 0.379816865721
18.904 0 0.378230553422
18.913 0 0.380154307822
18.926 0 0.374955566521
18.94 0 0.373335220838
18.948 0 0.366750008128
18.957 0 0.365454594483
18.964 0 0.37062077854
18.973 0 0.364493937317
18.983 0 0.371687416088
18.992 0 0.37439242801
19.006 0 0.373657616866
19.014 0 0.374360483078
19.023 0 0.374152156174
19.037 0 0.37286424076
19.045 0 0.371948847071
19.059 0 0.372289691731
19.067 0 0.37236786107
19.076 0 0.37227654476
19.085 0 0.372037440537
19.094 0 0.371824679939
19.105 0 0.371532880286
19.115 0 0.371689404021
19.123 0 0.371336727229
19.133 0 0.37093504492
19.147 0 0.368977638959
19.158 0 0.367857966002
19.168 0 0.368666151638
19.178 0 0.367701474121
19.183 0 0.366675929689
19.191 0 0.365430681997
19.202 0 0.36379684969
19.211 0 0.363137331185
19.223 0 0.362541836056
19.233 0 0.362541836056
19.248 0 0.357601661197
19.252 0 0.356927522493
19.263 0 0.356439083063
19.275 0 0.356452382215
19.284 0 0.355793450258
19.293 0 0.355229274761
19.307 0 0.354308871192
19.315 0 0.354308871192
19.322 0 0.354308871192
19.335 0 0.357326775173
19.346 0 0.35686082768
19.354 0 0.35686082768
19.364 0 0.35852811964
19.373 0 0.358265801881
19.383 0 0.359237897954
19.396 0 0.360899272837
19.403 0 0.362825934277
19.414 0 0.363655656839
19.424 0 0.365000621479
19.434 0 0.366737446391
19.445 0 0.367718638369
19.456 0 0.369572900109
19.461 0 0.370146180694
19.473 0 0.372065491785
19.484 0 0.373668356757
19.493 0 0.372722355922
19.505 0 0.372720462243
19.514 0 0.375121442843
19.526 0 0.376039003392
19.537 0 0.378127098149
19.543 0 0.380421366566
19.552 0 0.383851658467
19.565 0 0.385948377275
19.574 0 0.389905598324
19.585 0 0.390851836912
19.594 0 0.392999787392
19.603 0 0.395912715843
19.614 0 0.398426969
19.623 0 0.399665559343
19.632 0 0.403702654356
19.644 0 0.405942183987
19.651 0 0.406780747301
19.663 0 0.408287564006
19.673 0 0.408611895346
19.682 0 0.408930924135
19.692 0 0.411405453191
19.704 0 0.412214579577
19.712 0 0.41294694117
19.723 0 0.410323914023
19.735 0 0.411294387401
19.744 0 0.412455459227
19.752 0 0.412182799126
19.763 0 0.414780201846
19.774 0 0.416987199399
19.784 0 0.418509170811
19.794 0 0.419649830987
19.805 0 0.419680020196
19.814 0 0.419204602803
19.823 0 0.418156126176
19.834 0 0.419315556693
19.846 0 0.418450083702
19.855 0 0.416323439997
19.864 0 0.414271112799
19.873 0 0.412720466441
19.888 0 0.410097739253
19.894 0 0.407921144485
19.904 0 0.40477829777
19.917 0 0.403188639001
19.923 0 0.402997567452
19.933 0 0.402431548911
19.944 0 0.402238398029
19.954 0 0.401726119352
19.966 0 0.401869283606
19.975 0 0.400338547366
19.984 0 0.398319338356
19.994 0 0.398259537884
20.002 0 0.398216061734
20.016 0 0.397790071846
20.023 0 0.397113319428
20.032 0 0.396619514853
20.046 0 0.396671157738
20.057 0 0.397747261273
20.063 0 0.398695549752
20.074 0 0.398602559913
20.086 0 0.399287961651
20.094 0 0.400018722948
20.109 0 0.402140201996
20.117 0 0.403275216641
20.124 0 0.404598843345
20.134 0 0.40650078283
20.146 0 0.409386759138
20.152 0 0.409613152664
20.166 0 0.411346962233
20.174 0 0.411386066802
20.181 0 0.4117949555
20.193 0 0.412452978272
20.204 0 0.412660485175
20.215 0 0.41191614546
20.224 0 0.41121607449
20.237 0 0.411991730206
20.248 0 0.413142463614
20.253 0 0.415676957072
20.263 0 0.41672419674
20.273 0 0.418128992797
20.281 0 0.417609375578
20.299 0 0.41978415197
20.305 0 0.420253708328
20.315 0 0.424719372204
20.325 0 0.427004203069
20.333 0 0.427636470596
20.345 0 0.427519882863
20.358 0 0.427130063883
20.36 0 0.425713806312
20.374 0 0.428189837186
20.384 0 0.42831111235
20.396 0 0.428431272231
20.402 0 0.431156474248
20.413 0 0.431882400186
20.425 0 0.430757838404
20.43 0 0.428828447588
20.444 0 0.430834473354
20.453 0 0.438034189426
20.463 0 0.436785895837
20.472 0 0.438608035643
20.488 0 0.442755067105
20.495 0 0.445007113618
20.503 0 0.446309192727
20.514 0 0.446037352419
20.525 0 0.445294005674
20.534 0 0.445652314611
20.546 0 0.447662242484
20.554 0 0.448969236984
20.564 0 0.45076680878
20.577 0 0.45158883939
20.582 0 0.451861674453
20.591 0 0.451895597819
20.604 0 0.451430398492
20.619 0 0.450658202223
20.628 0 0.451802099321
20.638 0 0.450898253574
20.65 0 0.451463810919
20.656 0 0.4506649811
20.665 0 0.448630125414
20.674 0 0.445580251551
20.694 0 0.441954402514
20.696 0 0.441216884118
20.705 0 0.441554116396
20.712 0 0.441755698325
20.723 0 0.44121625327
20.736 0 0.440527400072
20.745 0 0.438933149256
20.754 0 0.438670835217
20.763 0 0.438510174858
20.772 0 0.437704899636
20.786 0 0.437364109652
20.791 0 0.437514915981
20.804 0 0.436534630166
20.819 0 0.435753625235
20.826 0 0.435664712066
20.835 0 0.435989399004
20.845 0 0.436346576417
20.859 0 0.436914692232
20.867 0 0.438549108496
20.877 0 0.440276093288
20.882 0 0.440994341242
20.895 0 0.442913694618
20.904 0 0.444815806585
20.913 0 0.445896100387
20.925 0 0.447297994981
20.934 0 0.448523074494
20.941 0 0.449651673412
20.956 0 0.450706453533
20.965 0 0.451539126569
20.974 0 0.452229389437
20.983 0 0.452241643777
20.996 0 0.45246721517
21.004 0 0.452538217028
21.014 0 0.452726025617
21.024 0 0.453567902582
21.033 0 0.454779209521
21.044 0 0.455306091898
21.054 0 0.456682002211
21.063 0 0.456665287543
21.073 0 0.456665287543
21.082 0 0.459173160714
21.094 0 0.460777460843
21.103 0 0.465276283391
21.113 0 0.468719549882
21.125 0 0.469163552206
21.134 0 0.469163552206
21.146 0 0.479625657167
21.154 0 0.485103781197
21.162 0 0.487609317387
21.172 0 0.48581714445
21.184 0 0.487542781208
21.192 0 0.48651589402
21.202 0 0.485999108466
21.214 0 0.485957492189
21.225 0 0.489538815678
21.235 0 0.492721607788
21.245 0 0.492075101816
21.255 0 0.492299367975
21.263 0 0.491782139862
21.275 0 0.493875401106
21.285 0 0.494013401315
21.293 0 0.494233837276
21.301 0 0.494827721726
21.312 0 0.496503268656
21.328 0 0.495535728102
21.333 0 0.496252241691
21.346 0 0.497087462912
21.356 0 0.497366213144
21.362 0 0.497419013941
21.373 0 0.496966476868
21.383 0 0.496561415992
21.394 0 0.49553576779
21.406 0 0.494448632485
21.414 0 0.492540782891
21.424 0 0.493607359414
21.432 0 0.493264308964
21.445 0 0.492599705943
21.453 0 0.49092528617
21.465 0 0.489056076422
21.473 0 0.489012723939
21.485 0 0.490848461224
21.494 0 0.491630684284
21.506 0 0.490407708069
21.514 0 0.489807661042
21.522 0 0.489540124438
21.534 0 0.488723637111
21.541 0 0.488412874444
21.553 0 0.488369053869
21.562 0 0.488268251814
21.574 0 0.487984463073
21.584 0 0.486716784374
21.593 0 0.484859324967
21.603 0 0.483189342689
21.614 0 0.481690726265
21.625 0 0.479846594767
21.635 0 0.479631609668
21.641 0 0.479806925644
21.653 0 0.479783792516
21.666 0 0.480399386032
21.674 0 0.480521197539
21.683 0 0.483284766307
21.694 0 0.483724756769
21.702 0 0.485670574336
21.714 0 0.486266321135
21.722 0 0.487488659507
21.735 0 0.488889678922
21.748 0 0.490055686806
21.755 0 0.490699754245
21.763 0 0.491458020054
21.772 0 0.492745702686
21.786 0 0.494396388143
21.798 0 0.494030596222
21.804 0 0.493991977472
21.812 0 0.494583849965
21.82 0 0.494606240451
21.831 0 0.492916501018
21.846 0 0.494092681305
21.863 0 0.496389081122
21.864 0 0.496389081122
21.878 0 0.498082332759
21.885 0 0.499060909163
21.894 0 0.503437727949
21.907 0 0.506689115637
21.918 0 0.509745671747
21.926 0 0.512110044698
21.934 0 0.513312861194
21.948 0 0.511770767206
21.954 0 0.513444744979
21.964 0 0.512217635075
21.98 0 0.515258056531
21.986 0 0.519120804825
21.994 0 0.518958246324
22.002 0 0.521276881955
22.014 0 0.521453923115
22.023 0 0.519390377416
22.037 0 0.518802739022
22.05 0 0.520366352916
22.055 0 0.525341778556
22.063 0 0.524838902743
22.073 0 0.53087513202
22.082 0 0.530977149199
22.096 0 0.531415963023
22.103 0 0.531112533791
22.113 0 0.532662945716
22.124 0 0.533396159895
22.135 0 0.5330988716
22.143 0 0.532866878409
22.155 0 0.53124283567
22.166 0 0.532019987375
22.174 0 0.531588028678
22.181 0 0.531111877933
22.194 0 0.532927126307
22.206 0 0.531884732401
22.214 0 0.532610279534
22.225 0 0.52990286276
22.234 0 0.527896769919
22.247 0 0.525088733279
22.254 0 0.523341740311
22.267 0 0.521906239753
22.276 0 0.522704151963
22.284 0 0.52314686466
22.295 0 0.522394895878
22.306 0 0.522199251348
22.316 0 0.521412161169
22.326 0 0.521797652048
22.333 0 0.52158298768
22.346 0 0.520516497174
22.354 0 0.519152731583
22.364 0 0.517169883513
22.371 0 0.516654509401
22.389 0 0.51488675568
22.396 0 0.514008996837
22.403 0 0.513545009054
22.415 0 0.513035704067
22.426 0 0.5117005986
22.433 0 0.511983412991
22.444 0 0.511822569193
22.455 0 0.511392219435
22.463 0 0.510646521454
22.474 0 0.5115686776
22.483 0 0.512030162185
22.497 0 0.512826889784
22.503 0 0.512821216091
22.51 0 0.513319487798
22.525 0 0.514505961508
22.532 0 0.515096902374
22.543 0 0.516199903481
22.557 0 0.518021623193
22.566 0 0.518565243514
22.575 0 0.520421784133
22.581 0 0.520663034018
22.593 0 0.520709022519
22.606 0 0.520792919103
22.618 0 0.521921690104
22.625 0 0.523238403671
22.634 0 0.525805830086
22.644 0 0.528785774505
22.655 0 0.528498826725
22.667 0 0.53326590034
22.675 0 0.533854615279
22.685 0 0.536244138068
22.695 0 0.536482198524
22.707 0 0.540154218242
22.715 0 0.538977365259
22.724 0 0.538380752992
22.738 0 0.540750566434
22.74 0 0.540750566434
22.753 0 0.538654199734
22.763 0 0.538654199734
22.779 0 0.539417761194
22.785 0 0.53849450513
22.794 0 0.53964137105
22.805 0 0.543478166381
22.813 0 0.538997672949
22.825 0 0.547605788455
22.835 0 0.548254895882
22.843 0 0.552356999043
22.855 0 0.550415065472
22.866 0 0.555060710337
22.876 0 0.556205695834
22.884 0 0.555136984034
22.892 0 0.559270303213
22.904 0 0.561011786475
22.913 0 0.561011786475
22.923 0 0.562850474881
22.935 0 0.562721002462
22.944 0 0.56214576295
22.952 0 0.562069492458
22.963 0 0.561698229605
22.975 0 0.562114913644
22.981 0 0.562547759964
22.991 0 0.563013999884
23.004 0 0.562977893902
23.017 0 0.561264770475
23.025 0 0.561734943646
23.034 0 0.560785136757
23.044 0 0.559764488557
23.057 0 0.558451731785
23.065 0 0.559212497357
23.075 0 0.560402911055
23.084 0 0.561265490579
23.1 0 0.56087178938
23.105 0 0.560334235373
23.115 0 0.559377386549
23.123 0 0.558722306739
23.134 0 0.558123955675
23.145 0 0.557878091191
23.158 0 0.557651644102
23.165 0 0.557001923086
23.175 0 0.556119368052
23.183 0 0.555053814588
23.193 0 0.554062770369
23.205 0 0.553871876277
23.219 0 0.554037585371
23.223 0 0.554037585371
23.234 0 0.554037585371
23.249 0 0.555915452539
23.252 0 0.556073508908
23.264 0 0.557019870336
23.274 0 0.558123379297
23.283 0 0.559479714692
23.291 0 0.560029028879
23.305 0 0.560570336194
23.312 0 0.560570336194
23.323 0 0.56234398972
23.336 0 0.562521202102
23.349 0 0.562642849686
23.356 0 0.563663931738
23.366 0 0.564165727076
23.377 0 0.564289102124
23.384 0 0.565072371843
23.394 0 0.565404165518
23.408 0 0.566817477595
23.415 0 0.567073029869
23.425 0 0.56731026663
23.434 0 0.571735279678
23.445 0 0.573283409476
23.455 0 0.573717479904
23.464 0 0.573261252094
23.475 0 0.57343018332
23.483 0 0.574107441718
23.494 0 0.571734069699
23.505 0 0.571233321268
23.515 0 0.571363542561
23.524 0 0.570763884155
23.535 0 0.571592231681
23.544 0 0.57571777028
23.552 0 0.576003484132
23.566 0 0.578467439085
23.578 0 0.579181581592
23.585 0 0.582639056614
23.593 0 0.578547308406
23.605 0 0.574206051985
23.615 0 0.577666282646
23.623 0 0.579607261667
23.632 0 0.58922080678
23.645 0 0.587164010251
23.656 0 0.594608944342
23.663 0 0.595880800013
23.675 0 0.60025487757
23.681 0 0.60157735544
23.694 0 0.603523790604
23.7 0 0.603864319004
23.714 0 0.603806537556
23.725 0 0.603438950827
23.735 0 0.60265272524
23.745 0 0.602010957152
23.754 0 0.601394701717
23.765 0 0.601110218866
23.774 0 0.599977323059
23.785 0 0.599753389841
23.793 0 0.598912275323
23.806 0 0.598042063488
23.815 0 0.595429840709
23.821 0 0.59422119692
23.835 0 0.593032086556
23.848 0 0.593165519895
23.852 0 0.593290899257
23.862 0 0.593354015487
23.875 0 0.593334826515
23.885 0 0.592750470172
23.895 0 0.590992060845
23.904 0 0.588073769322
23.915 0 0.58501656947
23.926 0 0.582993458603
23.934 0 0.582229640611
23.945 0 0.580955869848
23.954 0 0.579588864154
23.968 0 0.576439113708
23.975 0 0.575311275265
23.988 0 0.574161258472
23.993 0 0.57410876902
24.004 0 0.574357170523
24.014 0 0.575175620645
24.024 0 0.576907319492
24.033 0 0.577485397143
24.043 0 0.577501468365
24.055 0 0.577741465141
24.062 0 0.578109801645
24.073 0 0.57869907718
24.083 0 0.578291469232
24.094 0 0.577345699332
24.106 0 0.578462164996
24.114 0 0.578861789346
24.122 0 0.579854221936
24.134 0 0.580069082884
24.145 0 0.581134748201
24.154 0 0.582063967543
24.163 0 0.582615184716
24.175 0 0.583255837391
24.181 0 0.582956371462
24.193 0 0.584275154582
24.203 0 0.585416735071
24.217 0 0.58597928634
24.221 0 0.588202199613
24.234 0 0.593275948247
24.244 0 0.594535824705
24.254 0 0.598933788225
24.266 0 0.601879800599
24.276 0 0.599831308147
24.284 0 0.598323147608
24.295 0 0.603667764504
24.303 0 0.602183831491
24.315 0 0.606662819679
24.322 0 0.605679673328
24.334 0 0.60837224539
24.345 0 0.609094803252
24.353 0 0.605406006092
24.364 0 0.610711139091
24.375 0 0.614389722394
24.383 0 0.614385459337
24.393 0 0.615474452444
24.405 0 0.618333539074
24.412 0 0.618703184111
24.423 0 0.6181832309
24.436 0 0.61832602759
24.442 0 0.619180266403
24.456 0 0.618152703754
24.462 0 0.619097040494
24.473 0 0.620967284116
24.484 0 0.623890145086
24.494 0 0.624108231595
24.502 0 0.624612393317
24.514 0 0.62487416906
24.525 0 0.624418164704
24.534 0 0.623299864743
24.545 0 0.622169085836
24.552 0 0.621312467858
24.565 0 0.619357568495
24.576 0 0.61763413258
24.585 0 0.616535023305
24.596 0 0.614767756928
24.601 0 0.613421085811
24.616 0 0.610524803836
24.624 0 0.611383711924
24.635 0 0.611094728312
24.645 0 0.611035789593
24.657 0 0.611558848006
24.664 0 0.611712792918
24.675 0 0.611924197343
24.686 0 0.611989788795
24.693 0 0.611487411989
24.704 0 0.609993427641
24.712 0 0.609341162231
24.72 0 0.608683588965
24.737 0 0.6098713058
24.741 0 0.610678701431
24.754 0 0.611530975749
24.765 0 0.611833178861
24.773 0 0.612142773238
24.784 0 0.612271553362
24.793 0 0.612704089708
24.801 0 0.613071581368
24.814 0 0.61403221421
24.823 0 0.614954361926
24.833 0 0.615301809726
24.846 0 0.616409102779
24.854 0 0.617616773877
24.865 0 0.617919614473
24.875 0 0.618498039366
24.894 0 0.620956411629
24.895 0 0.621059729405
24.905 0 0.622267042132
24.915 0 0.623653181341
24.924 0 0.624312697221
24.935 0 0.625500166318
24.945 0 0.62713516245
24.955 0 0.628666941412
24.97 0 0.630279915385
24.976 0 0.632248203284
24.99 0 0.635392370741
24.995 0 0.636751560368
25.005 0 0.636525655201
25.012 0 0.639015689543
25.027 0 0.641468038332
25.041 0 0.64222023857
25.046 0 0.64322628845
25.054 0 0.641672570031
25.062 0 0.643623701182
25.074 0 0.644241519556
25.085 0 0.644122438005
25.097 0 0.644780776093
25.105 0 0.642411693422
25.115 0 0.64135071527
25.123 0 0.646761693213
25.136 0 0.648196697813
25.146 0 0.652074377565
25.159 0 0.648493528707
25.167 0 0.652761412017
25.176 0 0.64854296235
25.18 0 0.651910770185
25.191 0 0.653152062185
25.205 0 0.654604531555
25.218 0 0.65722722248
25.226 0 0.657692323768
25.237 0 0.664216917661
25.248 0 0.667932339575
25.253 0 0.668834042552
25.263 0 0.671020569011
25.275 0 0.671181982229
25.284 0 0.67134085219
25.294 0 0.670747942272
25.303 0 0.670078462679
25.321 0 0.667653750856
25.329 0 0.667810492469
25.336 0 0.668954695627
25.342 0 0.668533632494
25.353 0 0.668384906252
25.364 0 0.666980209899
25.374 0 0.665706929363
25.383 0 0.663698052156
25.394 0 0.66235520436
25.404 0 0.661308073052
25.414 0 0.660360201115
25.423 0 0.659868996544
25.433 0 0.659860390528
25.443 0 0.659860390528
25.454 0 0.65862973944
25.465 0 0.656879602598
25.476 0 0.655489818875
25.484 0 0.654483315914
25.493 0 0.65193751453
25.506 0 0.650360532072
25.517 0 0.650245958564
25.523 0 0.649457616501
25.534 0 0.648121061101
25.545 0 0.646755301485
25.553 0 0.645684057854
25.565 0 0.645100954101
25.578 0 0.644236121173
25.585 0 0.644014815692
25.595 0 0.643495609382
25.606 0 0.643669472908
25.615 0 0.644242313275
25.625 0 0.643894939592
25.634 0 0.644147200614
25.644 0 0.64404898598
25.656 0 0.644906896069
25.666 0 0.646260141791
25.676 0 0.647279484074
25.683 0 0.647883473162
25.695 0 0.647867165353
25.703 0 0.646752071526
25.712 0 0.647250724743
25.723 0 0.646879777377
25.732 0 0.645296003228
25.744 0 0.64435499032
25.754 0 0.646135743508
25.76 0 0.647931621794
25.772 0 0.651627688761
25.784 0 0.653863397829
25.793 0 0.656142954007
25.803 0 0.656422789198
25.814 0 0.661367639708
25.824 0 0.661287362735
25.834 0 0.662037195673
25.846 0 0.662803450764
25.854 0 0.661288320038
25.864 0 0.659612907172
25.875 0 0.659677315608
25.884 0 0.659025621179
25.896 0 0.660548885269
25.906 0 0.663530363594
25.921 0 0.666461992264
25.926 0 0.665616975967
25.941 0 0.667870249297
25.947 0 0.670526608878
25.956 0 0.667209772029
25.968 0 0.669297861142
25.976 0 0.670077801842
25.985 0 0.673055084375
25.997 0 0.673234619295
26.005 0 0.673595364893
26.011 0 0.670712049118
26.024 0 0.673225819826
26.038 0 0.673134775972
26.042 0 0.673736929441
26.053 0 0.673695258265
26.061 0 0.674123831215
26.073 0 0.673708248477
26.082 0 0.672272687979
26.094 0 0.673085144331
26.103 0 0.674790773083
26.113 0 0.675252425524
26.125 0 0.67519009574
26.134 0 0.67488432196
26.147 0 0.674481090429
26.153 0 0.673968950376
26.165 0 0.673216476834
26.173 0 0.673551409495
26.184 0 0.674062519529
26.193 0 0.673481213968
26.204 0 0.674693606162
26.214 0 0.674858321735
26.223 0 0.674950018639
26.234 0 0.675183661614
26.243 0 0.674913148468
26.252 0 0.675036757404
26.265 0 0.675187140065
26.274 0 0.674588057083
26.285 0 0.673924927005
26.293 0 0.673304263163
26.304 0 0.67303979647
26.315 0 0.672484713306
26.325 0 0.671925232343
26.337 0 0.670966898002
26.342 0 0.670443686565
26.353 0 0.670244542661
26.371 0 0.669659221088
26.377 0 0.669937070993
26.386 0 0.670302196348
26.395 0 0.67049713089
26.405 0 0.670979705979
26.415 0 0.671479412864
26.426 0 0.670795790548
26.432 0 0.670611535115
26.448 0 0.671932028713
26.453 0 0.672267995473
26.465 0 0.672311412925
26.472 0 0.673554728924
26.484 0 0.67383964155
26.492 0 0.673933797993
26.505 0 0.673613967061
26.515 0 0.672947973901
26.53 0 0.673869998913
26.539 0 0.675526569451
26.543 0 0.675368616113
26.557 0 0.677845731034
26.566 0 0.676758277177
26.575 0 0.677829473715
26.585 0 0.68127936316
26.593 0 0.682418625839
26.604 0 0.682775404963
26.613 0 0.683566501614
26.624 0 0.683342425584
26.635 0 0.683523533945
26.642 0 0.6803165325
26.654 0 0.682039391843
26.665 0 0.680062741236
26.676 0 0.684380034566
26.686 0 0.682675430997
26.696 0 0.685312799135
26.711 0 0.682662110772
26.718 0 0.688537478186
26.726 0 0.691412345499
26.736 0 0.691184484066
26.747 0 0.693797908844
26.754 0 0.690238170815
26.767 0 0.696977569379
26.773 0 0.694587596187
26.786 0 0.699149559044
26.794 0 0.699669379715
26.803 0 0.699294857363
26.813 0 0.699378989262
26.823 0 0.70032542575
26.834 0 0.702200521661
26.84 0 0.702589645312
26.851 0 0.702163574535
26.866 0 0.70090117046
26.874 0 0.700036870085
26.884 0 0.699169544552
26.899 0 0.699123032592
26.904 0 0.699252339682
26.914 0 0.69841466359
26.926 0 0.697252074688
26.935 0 0.696251680255
26.944 0 0.697183567783
26.955 0 0.696597186615
26.964 0 0.697012915807
26.974 0 0.69889723409
26.985 0 0.697484449279
26.994 0 0.696959962646
27.006 0 0.696983577809
27.015 0 0.696461132978
27.026 0 0.696109275828
27.034 0 0.695855560745
27.047 0 0.69564886256
27.055 0 0.69522055122
27.064 0 0.693408922318
27.076 0 0.691768889042
27.083 0 0.689105376982
27.095 0 0.685588782197
27.106 0 0.683086326414
27.111 0 0.681932466506
27.122 0 0.679499023481
27.135 0 0.676268440887
27.145 0 0.67542359914
27.157 0 0.674738813207
27.165 0 0.673926305493
27.176 0 0.67349547817
27.186 0 0.672232345088
27.195 0 0.67150092893
27.202 0 0.671069731815
27.216 0 0.669693551743
27.224 0 0.669691071523
27.238 0 0.67057957492
27.244 0 0.670804177073
27.255 0 0.671428468803
27.262 0 0.670626844575
27.271 0 0.670042165935
27.283 0 0.669317314319
27.296 0 0.668725559484
27.301 0 0.668522973241
27.32 0 0.667589619747
27.324 0 0.668691889091
27.332 0 0.672092255531
27.342 0 0.673353029312
27.352 0 0.675635987556
27.364 0 0.676501104454
27.375 0 0.680988768221
27.387 0 0.68187781835
27.392 0 0.68187781835
27.402 0 0.68187781835
27.416 0 0.678282162933
27.426 0 0.672561452638
27.433 0 0.670314386269
27.444 0 0.669189899977
27.454 0 0.671515703363
27.463 0 0.674204969339
27.475 0 0.681255253275
27.482 0 0.681704123822
27.494 0 0.681415596795
27.51 0 0.680099232819
27.51 0 0.680099232819
27.526 0 0.681306448613
27.534 0 0.678390988302
27.547 0 0.682064327245
27.557 0 0.688243945331
27.562 0 0.691434239043
27.574 0 0.691566077466
27.585 0 0.695195157703
27.594 0 0.69851656078
27.605 0 0.702464368623
27.616 0 0.704800662562
27.626 0 0.707147678524
27.633 0 0.707432284185
27.645 0 0.707072276206
27.654 0 0.706785620381
27.664 0 0.706042999958
27.674 0 0.705892546861
27.683 0 0.705573590354
27.695 0 0.705573590354
27.702 0 0.703910918928
27.719 0 0.701784731699
27.727 0 0.701187473994
27.735 0 0.701187473994
27.748 0 0.69856904046
27.759 0 0.698298856363
27.76 0 0.698208217125
27.774 0 0.695722588058
27.785 0 0.693782683051
27.791 0 0.692435800394
27.804 0 0.692267456535
27.814 0 0.691334672634
27.825 0 0.690637685315
27.839 0 0.6892907769
27.847 0 0.688697953808
27.855 0 0.687080780678
27.866 0 0.685878578812
27.872 0 0.68520464131
27.888 0 0.682069188578
27.897 0 0.679247370675
27.905 0 0.677254301208
27.911 0 0.675745730593
27.924 0 0.675337705486
27.935 0 0.673915037276
27.942 0 0.675467193182
27.953 0 0.676165668838
27.969 0 0.677433665734
27.974 0 0.677218979911
27.985 0 0.677543684087
27.994 0 0.677600259774
28.003 0 0.678215001228
28.016 0 0.679632341702
28.025 0 0.680644103228
28.036 0 0.682257643776
28.044 0 0.683473455525
28.053 0 0.683394506795
28.066 0 0.684537651353
28.075 0 0.685205976847
28.092 0 0.68560810696
28.099 0 0.685136237268
28.11 0 0.686822320827
28.11 0 0.686181450178
28.123 0 0.688599781962
28.134 0 0.689753816052
28.148 0 0.693645961085
28.155 0 0.694386419944
28.174 0 0.699101629244
28.181 0 0.702283287577
28.19 0 0.701493786952
28.195 0 0.701595989266
28.203 0 0.706962423055
28.214 0 0.704394638704
28.223 0 0.706096925413
28.231 0 0.706840042917
28.244 0 0.707989398737
28.256 0 0.706634426687
28.267 0 0.709610093968
28.273 0 0.707281297141
28.283 0 0.710132215658
28.297 0 0.717870268553
28.301 0 0.718439714487
28.313 0 0.718528166475
28.324 0 0.717585126847
28.335 0 0.718342812313
28.342 0 0.719655780887
28.355 0 0.721822239777
28.365 0 0.723262939671
28.378 0 0.724167342752
28.385 0 0.724915410962
28.396 0 0.726595447389
28.403 0 0.727211600581
28.412 0 0.729162098613
28.427 0 0.729131116693
28.437 0 0.728437442032
28.449 0 0.727131987749
28.45 0 0.727163387924
28.463 0 0.725622957051
28.475 0 0.725694805596
28.485 0 0.726803056655
28.494 0 0.726878834339
28.505 0 0.727626037839
28.516 0 0.727397929729
28.522 0 0.726592741693
28.534 0 0.726742996318
28.545 0 0.726058073113
28.554 0 0.725747979347
28.565 0 0.724630186352
28.579 0 0.72200022345
28.586 0 0.720387283184
28.595 0 0.720280931335
28.606 0 0.719305547668
28.617 0 0.718089476776
28.626 0 0.715926799391
28.636 0 0.71355372401
28.645 0 0.711282699634
28.653 0 0.709804987517
28.664 0 0.70830154414
28.679 0 0.706299872506
28.687 0 0.706281643777
28.696 0 0.706745299373
28.704 0 0.706799271054
28.711 0 0.705802296672
28.726 0 0.706756439418
28.735 0 0.707195509748
28.748 0 0.708280523031
28.758 0 0.708627289883
28.762 0 0.709561236948
28.777 0 0.710006446511
28.787 0 0.710643765904
28.795 0 0.710578826152
28.804 0 0.710875735598
28.817 0 0.711671915325
28.826 0 0.711830166315
28.831 0 0.71232550509
28.844 0 0.712584098953
28.854 0 0.713487022035
28.865 0 0.713336168024
28.875 0 0.712453409215
28.885 0 0.711906102693
28.892 0 0.70975225767
28.904 0 0.710258727127
28.917 0 0.713959525051
28.925 0 0.714030114543
28.935 0 0.716920177518
28.946 0 0.718087069981
28.954 0 0.7221819179
28.965 0 0.721687418197
28.975 0 0.723550338534
28.985 0 0.72184311307
28.996 0 0.720317363913
29.006 0 0.714910427503
29.014 0 0.715046210672
29.024 0 0.717250590853
29.035 0 0.717073358054
29.043 0 0.718485527039
29.056 0 0.723155840424
29.063 0 0.723531846781
29.075 0 0.72794976075
29.084 0 0.721943745425
29.099 0 0.724899278486
29.107 0 0.722673806723
29.113 0 0.727113133269
29.126 0 0.73152673159
29.134 0 0.732646121006
29.143 0 0.734694473618
29.156 0 0.735547977092
29.163 0 0.735764955439
29.171 0 0.736307869693
29.188 0 0.737473640201
29.199 0 0.738409131983
29.204 0 0.738243887462
29.218 0 0.737831465344
29.226 0 0.737536540674
29.234 0 0.736901779716
29.246 0 0.735289222576
29.255 0 0.735683970795
29.263 0 0.735031451017
29.275 0 0.735699677954
29.285 0 0.735493122546
29.294 0 0.736275040045
29.303 0 0.735418213322
29.312 0 0.735930450485
29.323 0 0.735930450485
29.337 0 0.729647320484
29.345 0 0.72932400459
29.354 0 0.72954203001
29.367 0 0.72956478287
29.378 0 0.728733956969
29.387 0 0.727337545868
29.394 0 0.725694000834
29.407 0 0.723598842321
29.417 0 0.722576411052
29.425 0 0.721582193122
29.434 0 0.719729752017
29.445 0 0.718797952581
29.453 0 0.71848381449
29.47 0 0.715875152818
29.476 0 0.714127571352
29.485 0 0.712685040865
29.495 0 0.710542998696
29.503 0 0.70960295626
29.515 0 0.709049236022
29.529 0 0.709878722014
29.536 0 0.71024686343
29.543 0 0.710250024041
29.556 0 0.711274408357
29.566 0 0.712930223726
29.574 0 0.71421583794
29.586 0 0.715703017729
29.595 0 0.716148008475
29.608 0 0.716815254755
29.615 0 0.716521414664
29.627 0 0.717030536319
29.635 0 0.717431263001
29.646 0 0.718046156944
29.653 0 0.718866342149
29.667 0 0.719294907826
29.674 0 0.718693706843
29.685 0 0.717582004946
29.695 0 0.720029909012
29.706 0 0.721549660869
29.716 0 0.72575391806
29.725 0 0.725928126358
29.735 0 0.731127346218
29.743 0 0.731310526015
29.754 0 0.736409473854
29.765 0 0.737725755209
29.776 0 0.737082580964
29.783 0 0.738815733416
29.794 0 0.737048906178
29.805 0 0.73598164223
29.815 0 0.729828773509
29.825 0 0.729289840168
29.835 0 0.732710629504
29.843 0 0.728229382053
29.855 0 0.735962427815
29.865 0 0.743583361542
29.874 0 0.743608227552
29.881 0 0.74297740642
29.892 0 0.743908066867
29.907 0 0.744136696936
29.914 0 0.741148253441
29.924 0 0.740309609796
29.936 0 0.743321737232
29.948 0 0.741340804317
29.957 0 0.744440207864
29.965 0 0.747138857702
29.974 0 0.747140793063
29.982 0 0.748266050297
29.993 0 0.748193414812
30.009 0 0.747252015172
30.016 0 0.74717029158
30.026 0 0.746593443062
30.034 0 0.747102470805
30.045 0 0.748491087073
30.057 0 0.747457169655
30.064 0 0.748512860008
30.075 0 0.748392456294
30.085 0 0.749352859253
30.093 0 0.748909902703
30.106 0 0.748339125228
30.114 0 0.746815353714
30.124 0 0.745679688094
30.136 0 0.745514076609
30.146 0 0.745636566813
30.154 0 0.747039788396
30.165 0 0.74706161123
30.175 0 0.747606358791
30.184 0 0.747793922869
30.196 0 0.746773180014
30.204 0 0.746084568634
30.215 0 0.744695757493
30.225 0 0.743405320566
30.235 0 0.742222108145
30.246 0 0.740228000517
30.255 0 0.73797476936
30.265 0 0.736511862485
30.281 0 0.735475559609
30.287 0 0.735244061057
30.293 0 0.734965668705
30.312 0 0.735601215102
30.319 0 0.736673229021
30.328 0 0.737715676108
30.335 0 0.737853826972
30.348 0 0.73926762133
30.361 0 0.740234043279
30.366 0 0.740808653243
30.377 0 0.741506580442
30.384 0 0.741490055487
30.392 0 0.741490055487
30.406 0 0.741445695973
30.413 0 0.742074544362
30.423 0 0.742357999374
30.435 0 0.742647093827
30.444 0 0.741241373525
30.458 0 0.740643051398
30.463 0 0.740416253613
30.474 0 0.741504442582
30.485 0 0.743637525617
30.494 0 0.747086492585
30.504 0 0.748803574285
30.515 0 0.749135559901
30.529 0 0.755206196981
30.532 0 0.756185233185
30.545 0 0.756838188016
30.554 0 0.755376564854
30.567 0 0.754275377847
30.574 0 0.75474768868
30.582 0 0.751442650602
30.593 0 0.753355463459
30.604 0 0.755739778786
30.625 0 0.75831388653
30.629 0 0.758707068044
30.636 0 0.758736983756
30.646 0 0.760345476604
30.656 0 0.758666241374
30.663 0 0.755804384495
30.673 0 0.758710023696
30.684 0 0.756167690745
30.695 0 0.762816979735
30.703 0 0.764589423197
30.715 0 0.767232288896
30.724 0 0.768309562075
30.736 0 0.768773583234
30.744 0 0.76906077147
30.754 0 0.770721328243
30.762 0 0.772600779565
30.777 0 0.773245866487
30.786 0 0.773252614786
30.792 0 0.772961846654
30.804 0 0.772135608137
30.813 0 0.770955037298
30.826 0 0.769951194914
30.833 0 0.771380755156
30.848 0 0.772744017538
30.858 0 0.774290150531
30.866 0 0.775932600364
30.877 0 0.776231563562
30.887 0 0.77622521933
30.893 0 0.775584118429
30.902 0 0.77519901298
30.915 0 0.77428923811
30.926 0 0.771886937458
30.934 0 0.769757555207
30.941 0 0.768664182338
30.952 0 0.769114757477
30.964 0 0.767380942736
30.976 0 0.766586509279
30.984 0 0.765468405558
30.992 0 0.763734268203
31.002 0 0.761858410588
31.017 0 0.76005899645
31.023 0 0.758214969526
31.033 0 0.754397474491
31.044 0 0.750976416425
31.056 0 0.747132241869
31.065 0 0.744209418867
31.071 0 0.743590516892
31.081 0 0.740848678192
31.093 0 0.741706052595
31.103 0 0.743009596385
31.114 0 0.742322113764
31.124 0 0.741664421037
31.132 0 0.740622994615
31.143 0 0.738711678135
31.155 0 0.736936263966
31.16 0 0.736580993523
31.174 0 0.736897336362
31.184 0 0.738462941791
31.194 0 0.740208119456
31.206 0 0.741853415437
31.213 0 0.74229603465
31.224 0 0.742152963489
31.238 0 0.741085865268
31.242 0 0.740942319779
31.255 0 0.740576844024
31.263 0 0.740087938161
31.275 0 0.741221344951
31.283 0 0.744128199336
31.294 0 0.746828209778
31.302 0 0.749652532505
31.313 0 0.751907616677
31.324 0 0.754290691409
31.337 0 0.75410984285
31.342 0 0.75714026644
31.353 0 0.757685126039
31.366 0 0.751380893559
31.374 0 0.753967626964
31.383 0 0.755724681129
31.394 0 0.756651645494
31.406 0 0.757717713543
31.416 0 0.757420517222
31.423 0 0.762605681284
31.431 0 0.765959439974
31.443 0 0.766325676843
31.452 0 0.764956665137
31.466 0 0.764817456061
31.473 0 0.763932008296
31.483 0 0.764770106425
31.494 0 0.767038113277
31.505 0 0.768456323717
31.513 0 0.768084246893
31.524 0 0.768306291877
31.535 0 0.769401346491
31.541 0 0.771708990141
31.553 0 0.7781637635
31.562 0 0.779179870143
31.572 0 0.779617230512
31.585 0 0.779412339812
31.594 0 0.778853907503
31.603 0 0.778603529886
31.614 0 0.778259784541
31.623 0 0.777991677542
31.633 0 0.778103393255
31.643 0 0.778295621817
31.654 0 0.77715356321
31.663 0 0.776824521687
31.674 0 0.776295393976
31.684 0 0.775039196569
31.695 0 0.772971057421
31.703 0 0.771100886175
31.715 0 0.769414960576
31.724 0 0.767359139518
31.731 0 0.766524667098
31.741 0 0.765246004652
31.753 0 0.763299807876
31.767 0 0.760462202995
31.774 0 0.760096040684
31.78 0 0.759118125355
31.794 0 0.755855599335
31.802 0 0.754412953057
31.82 0 0.752336126174
31.827 0 0.751696350808
31.835 0 0.751355132386
31.845 0 0.750078365143
31.859 0 0.749734171247
31.865 0 0.749391737397
31.874 0 0.749768187565
31.883 0 0.750972246597
31.893 0 0.750972350277
31.905 0 0.751662353901
31.914 0 0.752440632555
31.926 0 0.751759957327
31.935 0 0.752541840511
31.943 0 0.752202127077
31.956 0 0.75411227525
31.965 0 0.756640503511
31.977 0 0.758843662849
31.984 0 0.759896016094
31.992 0 0.760471298446
32.004 0 0.761719512531
32.017 0 0.761932924471
32.026 0 0.762234158838
32.035 0 0.762902743923
32.044 0 0.763112532554
32.058 0 0.763392883769
32.066 0 0.762295126195
32.075 0 0.764068306949
32.085 0 0.766944235486
32.095 0 0.767561403781
32.105 0 0.770052140059
32.116 0 0.772314568599
32.123 0 0.773223884721
32.133 0 0.774193251468
32.146 0 0.776166807553
32.151 0 0.773105606758
32.164 0 0.778415522973
32.173 0 0.779092667546
32.188 0 0.779774419831
32.195 0 0.781406764555
32.205 0 0.780807719819
32.214 0 0.782017297849
32.227 0 0.782724489773
32.235 0 0.784053318583
32.247 0 0.787060527775
32.255 0 0.789100379466
32.264 0 0.790419340385
32.272 0 0.791956945021
32.286 0 0.793906897518
32.294 0 0.795171000844
32.307 0 0.796067860428
32.315 0 0.796537172702
32.323 0 0.79706074314
32.334 0 0.798758088916
32.346 0 0.800277335028
32.355 0 0.800300094097
32.367 0 0.800057705467
32.377 0 0.799857411816
32.382 0 0.798583086824
32.395 0 0.79809051318
32.406 0 0.799363527654
32.412 0 0.799269923758
32.428 0 0.799716336331
32.438 0 0.799754572103
32.443 0 0.799245760951
32.452 0 0.79829089294
32.467 0 0.796171288021
32.474 0 0.795257468289
32.483 0 0.79404716048
32.496 0 0.793749690631
32.502 0 0.793321696225
32.515 0 0.792918934029
32.526 0 0.792433935693
32.535 0 0.792544542053
32.545 0 0.791506810448
32.553 0 0.790253946663
32.569 0 0.787429306359
32.574 0 0.785719312589
32.584 0 0.783814288738
32.596 0 0.780534959333
32.606 0 0.778413444887
32.613 0 0.776558035297
32.623 0 0.774212740557
32.636 0 0.770041263453
32.646 0 0.769411767531
32.651 0 0.769199008129
32.662 0 0.769615828791
32.677 0 0.769608734209
32.685 0 0.769258516659
32.695 0 0.767662472216
32.704 0 0.766037447525
32.714 0 0.765255171473
32.725 0 0.764015222868
32.736 0 0.764549472817
32.742 0 0.76533530256
32.754 0 0.767245861213
32.766 0 0.768752244414
32.775 0 0.770002561393
32.785 0 0.770763854033
32.796 0 0.771331915725
32.805 0 0.771907615226
32.813 0 0.772215192025
32.825 0 0.772228923083
32.832 0 0.772879622221
32.844 0 0.775112648937
32.854 0 0.776599486443
32.867 0 0.780542904098
32.874 0 0.782348646518
32.884 0 0.784089716168
32.896 0 0.783012804511
32.905 0 0.783923779123
32.913 0 0.784291074014
32.926 0 0.78410029788
32.935 0 0.782773193416
32.943 0 0.784508114876
32.953 0 0.78257493982
32.969 0 0.787118209135
32.973 0 0.787628762877
32.987 0 0.788288212625
32.995 0 0.789186166223
33.005 0 0.796420496566
33.015 0 0.797558732511
33.022 0 0.796759202243
33.032 0 0.797992317265
33.044 0 0.798463956571
33.057 0 0.800214745893
33.066 0 0.802404122905
33.076 0 0.803895158135
33.086 0 0.805261927037
33.091 0 0.80580048674
33.106 0 0.807138755581
33.11 0 0.807601137915
33.123 0 0.809795101658
33.135 0 0.810424707055
33.146 0 0.80949671791
33.152 0 0.809075143829
33.162 0 0.807842193207
33.175 0 0.807261681614
33.184 0 0.806308803964
33.196 0 0.805973720556
33.207 0 0.806179535419
33.217 0 0.807967512251
33.223 0 0.808388264022
33.235 0 0.809328189865
33.243 0 0.80929438443
33.256 0 0.808910030029
33.266 0 0.807541517278
33.272 0 0.807000644543
33.284 0 0.806408867545
33.295 0 0.804128369663
33.306 0 0.801986334806
33.313 0 0.799747708644
33.325 0 0.797353216292
33.335 0 0.795097147228
33.345 0 0.792782890448
33.352 0 0.789572053449
33.363 0 0.787865909293
33.377 0 0.785941379011
33.386 0 0.783249251101
33.396 0 0.781877321882
33.403 0 0.779141184889
33.416 0 0.775838407256
33.426 0 0.773585707428
33.432 0 0.771740392368
33.443 0 0.771859827759
33.456 0 0.773360526418
33.465 0 0.774415089902
33.473 0 0.775182761684
33.485 0 0.776706398193
33.495 0 0.777379030492
33.503 0 0.777192940066
33.513 0 0.77839956535
33.523 0 0.780117853533
33.536 0 0.782805828216
33.542 0 0.783187528848
33.552 0 0.784939593363
33.566 0 0.78542488652
33.576 0 0.785654874113
33.585 0 0.785417132562
33.594 0 0.785551039614
33.604 0 0.786541805806
33.613 0 0.787443163315
33.624 0 0.789188633862
33.633 0 0.792147491607
33.646 0 0.793243266895
33.654 0 0.794776258717
33.666 0 0.798852668467
33.676 0 0.800700339444
33.688 0 0.800261846938
33.695 0 0.800861242511
33.705 0 0.801355067813
33.716 0 0.799114304835
33.724 0 0.798634121278
33.735 0 0.801358254079
33.742 0 0.795736181644
33.754 0 0.800950108011
33.764 0 0.798599967451
33.774 0 0.804223018889
33.783 0 0.811808214262
33.795 0 0.811461292292
33.807 0 0.809376950027
33.814 0 0.809015375581
33.825 0 0.808736230935
33.834 0 0.808921337083
33.843 0 0.812850007056
33.855 0 0.813383614039
33.862 0 0.813096085353
33.873 0 0.816734793378
33.89 0 0.81861085485
33.898 0 0.820439026893
33.901 0 0.820439026893
33.914 0 0.822766173961
33.925 0 0.822453996189
33.93 0 0.82211801888
33.943 0 0.821413609594
33.953 0 0.820394526722
33.97 0 0.819804504333
33.977 0 0.820395291553
33.984 0 0.819921962285
33.993 0 0.820242176902
34.003 0 0.819374953377
34.019 0 0.819790933723
34.026 0 0.820399962754
34.034 0 0.820288081253
34.046 0 0.819009830682
34.06 0 0.817679150459
34.063 0 0.817298774157
34.076 0 0.815927812408
34.083 0 0.816341051247
34.093 0 0.816233372696
34.104 0 0.814579842354
34.114 0 0.813243466467
34.123 0 0.811708648288
34.136 0 0.809672611049
34.142 0 0.806624573191
34.152 0 0.806201751253
34.164 0 0.804201475192
34.18 0 0.801776792413
34.188 0 0.80089685477
34.193 0 0.799786497595
34.204 0 0.797805704615
34.212 0 0.796005032224
34.226 0 0.795087738033
34.23 0 0.795048307772
34.245 0 0.795556838628
34.255 0 0.796108518318
34.263 0 0.796528304088
34.274 0 0.796192611724
34.292 0 0.795936757762
34.294 0 0.795960045064
34.303 0 0.796674284555
34.314 0 0.798037111853
34.323 0 0.799345054262
34.341 0 0.798758359804
34.347 0 0.798478667768
34.355 0 0.798593066062
34.365 0 0.797274359858
34.373 0 0.796529831964
34.387 0 0.796159524424
34.392 0 0.797056723215
34.405 0 0.799320843964
34.417 0 0.801646146905
34.428 0 0.80362654673
34.437 0 0.805672433064
34.445 0 0.806650812904
34.453 0 0.807718948149
34.465 0 0.807910387298
34.475 0 0.807935827626
34.48 0 0.80739200439
34.494 0 0.804311001575
34.506 0 0.803175916199
34.512 0 0.802331331267
34.521 0 0.803312907431
34.535 0 0.800802811516
34.548 0 0.806247289065
34.554 0 0.804122653321
34.566 0 0.801776943973
34.577 0 0.807793507392
34.586 0 0.809902183941
34.597 0 0.813492910011
34.608 0 0.813601696487
34.618 0 0.81549615898
34.622 0 0.812696638591
34.638 0 0.811967873732
34.644 0 0.812057452436
34.654 0 0.814929574723
34.664 0 0.814655205553
34.678 0 0.818348453398
34.684 0 0.819172620213
34.695 0 0.819692221047
34.703 0 0.818917797686
34.717 0 0.818241707049
34.729 0 0.816877881362
34.731 0 0.817073282682
34.741 0 0.817109531806
34.755 0 0.818287816397
34.762 0 0.817550591716
34.773 0 0.818453358653
34.784 0 0.818196013079
34.796 0 0.817074057993
34.801 0 0.816371183185
34.815 0 0.811834436013
34.824 0 0.810783175799
34.833 0 0.810862262055
34.845 0 0.811938679095
34.854 0 0.812586653859
34.867 0 0.811846613591
34.878 0 0.809901829102
34.887 0 0.80862876347
34.89 0 0.80779176503
34.902 0 0.804288272122
34.915 0 0.801964181129
34.929 0 0.800539304523
34.935 0 0.800465888064
34.946 0 0.800124408658
34.956 0 0.799407925365
34.961 0 0.799317679876
34.977 0 0.798085800788
34.986 0 0.797545599287
34.995 0 0.797204580243
35.007 0 0.796986756572
35.013 0 0.796697533387
35.023 0 0.797468891694
35.035 0 0.798361489388
35.045 0 0.798447936204
35.054 0 0.797618090784
35.063 0 0.797039525243
35.073 0 0.797780782348
35.08 0 0.797991043395
35.095 0 0.799129875536
35.102 0 0.799981275708
35.113 0 0.801281298732
35.123 0 0.801743809479
35.135 0 0.80247031773
35.149 0 0.801723412991
35.156 0 0.801078916501
35.165 0 0.801066069216
35.179 0 0.803577574769
35.188 0 0.805539059656
35.195 0 0.806473299972
35.204 0 0.808831510964
35.215 0 0.810056314364
35.223 0 0.813534433502
35.233 0 0.815289952608
35.247 0 0.814682233244
35.254 0 0.813918343069
35.265 0 0.812613332367
35.28 0 0.809798927546
35.285 0 0.809425146758
35.301 0 0.807621810871
35.306 0 0.804358417461
35.314 0 0.805075917127
35.321 0 0.811985330603
35.333 0 0.814430864361
35.344 0 0.811199541252
35.356 0 0.811777271499
35.36 0 0.81319573434
35.375 0 0.8140656624
35.384 0 0.813799498508
35.393 0 0.814668873578
35.404 0 0.816693258499
35.415 0 0.819004771305
35.424 0 0.819920262787
35.435 0 0.822628131301
35.446 0 0.824722139799
35.455 0 0.825852601432
35.464 0 0.826108518995
35.485 0 0.82823339041
35.49 0 0.828472249069
35.499 0 0.828567931155
35.505 0 0.827777206963
35.514 0 0.827377253741
35.524 0 0.826156470316
35.538 0 0.825334317275
35.544 0 0.826278496324
35.554 0 0.826626230692
35.566 0 0.82734556978
35.574 0 0.826579259548
35.585 0 0.825245361699
35.594 0 0.824398172046
35.607 0 0.822678218658
35.61 0 0.822154703957
35.625 0 0.82077018992
35.635 0 0.819813089583
35.643 0 0.819457250341
35.656 0 0.819149040607
35.664 0 0.818587645194
35.676 0 0.818183273622
35.683 0 0.818255227747
35.693 0 0.817922315561
35.703 0 0.816801328157
35.716 0 0.81521119803
35.723 0 0.813337875704
35.732 0 0.811329278166
35.75 0 0.807908769121
35.755 0 0.805734351575
35.76 0 0.804810976397
35.773 0 0.802261074081
35.784 0 0.801347816371
35.794 0 0.800239812687
35.804 0 0.800054425779
35.816 0 0.800883893616
35.823 0 0.800128988622
35.833 0 0.800264402301
35.846 0 0.799594230516
35.856 0 0.798808985675
35.864 0 0.798181848371
35.876 0 0.798562548286
35.885 0 0.798821385641
35.896 0 0.799273543419
35.906 0 0.800437349776
35.916 0 0.800645053228
35.922 0 0.800446523391
35.932 0 0.80014725045
35.943 0 0.800131756764
35.956 0 0.799794380461
35.962 0 0.799752775853
35.977 0 0.802614971344
35.985 0 0.802654500943
35.995 0 0.806328767695
36.001 0 0.806798430887
36.016 0 0.812327743348
36.036 0 0.813228891142
36.039 0 0.812336516513
36.046 0 0.81280391377
36.054 0 0.812931698595
36.065 0 0.812496862863
36.078 0 0.808312112828
36.082 0 0.808313333166
36.095 0 0.814221521901
36.107 0 0.816563958639
36.12 0 0.822840523813
36.128 0 0.821844839113
36.136 0 0.821944120114
36.144 0 0.823150400773
36.154 0 0.824504346347
36.162 0 0.824719185326
36.174 0 0.824612497475
36.185 0 0.827765818477
36.192 0 0.829170585016
36.204 0 0.83017859118
36.215 0 0.831234995667
36.228 0 0.832406131216
36.234 0 0.832652472744
36.244 0 0.83282829987
36.253 0 0.83331774727
36.267 0 0.835201281151
36.275 0 0.8346182296
36.285 0 0.835148869288
36.293 0 0.834822091978
36.303 0 0.834822091978
36.313 0 0.831736829704
36.324 0 0.831748968363
36.336 0 0.833172470958
36.346 0 0.833877025002
36.356 0 0.833888609405
36.366 0 0.831878053535
36.38 0 0.831688128817
36.385 0 0.831942238229
36.395 0 0.831613539182
36.405 0 0.831511580958
36.414 0 0.831511580958
36.425 0 0.831511580958
36.435 0 0.829263038786
36.44 0 0.828372855664
36.456 0 0.827276002791
36.461 0 0.826825198929
36.476 0 0.825130755025
36.485 0 0.824118151495
36.495 0 0.82221559457
36.503 0 0.820654721852
36.515 0 0.817233504567
36.525 0 0.814437827105
36.533 0 0.813970137354
36.543 0 0.811466579862
36.555 0 0.810668984684
36.568 0 0.808538005679
36.577 0 0.808398070922
36.585 0 0.808446005363
36.593 0 0.808311809872
36.602 0 0.808998410077
36.611 0 0.809584295705
36.622 0 0.809437584903
36.634 0 0.809278552321
36.644 0 0.80822937002
36.652 0 0.807633205265
36.666 0 0.807152400591
36.676 0 0.808583836823
36.685 0 0.808928263715
36.693 0 0.809311589652
36.705 0 0.809838079037
36.714 0 0.810785648442
36.724 0 0.810900278929
36.735 0 0.810603221148
36.742 0 0.809706873919
36.755 0 0.811307750561
36.763 0 0.811886102005
36.775 0 0.81522243553
36.783 0 0.816929992358
36.793 0 0.824597093436
36.803 0 0.827658110444
36.812 0 0.829046925665
36.824 0 0.829477287146
36.834 0 0.828805540137
36.842 0 0.827344202519
36.855 0 0.824890192413
36.867 0 0.820621149801
36.875 0 0.818622888424
36.881 0 0.813857583928
36.893 0 0.817700732867
36.902 0 0.817026009993
36.912 0 0.820157804423
36.922 0 0.818767202971
36.941 0 0.820369301948
36.948 0 0.817805945641
36.952 0 0.823322487834
36.964 0 0.824965301756
36.975 0 0.828070230653
36.984 0 0.829828959629
36.994 0 0.832315332007
37.006 0 0.83390707842
37.013 0 0.834003025207
37.025 0 0.834362750767
37.033 0 0.834384892418
37.046 0 0.835462898108
37.056 0 0.837849803591
37.066 0 0.837421503014
37.073 0 0.837206118569
37.087 0 0.836216567061
37.094 0 0.834696803866
37.105 0 0.8342331775
37.116 0 0.833501949575
37.124 0 0.832752467184
37.135 0 0.833437818441
37.145 0 0.834976730741
37.153 0 0.835689801014
37.165 0 0.836090868387
37.173 0 0.837215485407
37.188 0 0.836468942023
37.196 0 0.836004478021
37.204 0 0.834957653661
37.214 0 0.834328092396
37.226 0 0.832490110848
37.235 0 0.830496540039
37.246 0 0.829426237587
37.254 0 0.827990182778
37.265 0 0.826236774772
37.276 0 0.825295005716
37.284 0 0.822556832211
37.298 0 0.820315590479
37.304 0 0.818416028664
37.317 0 0.816734134267
37.329 0 0.81559362183
37.336 0 0.814599186137
37.342 0 0.814024992153
37.357 0 0.811534540902
37.364 0 0.81084344696
37.377 0 0.811061749946
37.38 0 0.811211296913
37.393 0 0.812470545036
37.406 0 0.813080769758
37.417 0 0.813910776986
37.423 0 0.813912024664
37.436 0 0.814183409515
37.443 0 0.814546626489
37.456 0 0.815902884939
37.469 0 0.816312830989
37.473 0 0.816929115891
37.486 0 0.817716280438
37.497 0 0.817985443769
37.504 0 0.817685554457
37.516 0 0.817267920254
37.525 0 0.816506368589
37.534 0 0.816087224231
37.546 0 0.817423741478
37.555 0 0.820431251779
37.565 0 0.821858177609
37.575 0 0.822238990587
37.584 0 0.826904288564
37.596 0 0.828047181233
37.603 0 0.828670195634
37.615 0 0.827606662934
37.626 0 0.826760271152
37.635 0 0.82478393951
37.645 0 0.824560722569
37.654 0 0.821686460576
37.665 0 0.82533981123
37.673 0 0.823699148947
37.686 0 0.826369947
37.693 0 0.827430374239
37.706 0 0.827865994096
37.716 0 0.831029164315
37.727 0 0.83684850119
37.738 0 0.834288940253
37.744 0 0.83514054829
37.756 0 0.832726029663
37.767 0 0.839184273568
37.771 0 0.840299235838
37.785 0 0.844508656693
37.794 0 0.846928873552
37.803 0 0.850079839995
37.816 0 0.852637704476
37.823 0 0.853913359198
37.832 0 0.85477621428
37.844 0 0.854028551229
37.857 0 0.853752383769
37.868 0 0.853213882782
37.872 0 0.852505931816
37.887 0 0.85164535616
37.896 0 0.851721333156
37.903 0 0.852074736854
37.919 0 0.853554474514
37.924 0 0.853962217324
37.934 0 0.853711182214
37.945 0 0.853122962889
37.956 0 0.851522229434
37.966 0 0.851503777691
37.975 0 0.850926466927
37.985 0 0.850068823821
37.997 0 0.84838136338
38.007 0 0.84726763381
38.013 0 0.845587176442
38.024 0 0.844262532298
38.035 0 0.844388490987
38.044 0 0.844055790379
38.057 0 0.841805222864
38.064 0 0.840476499464
38.073 0 0.837438093953
38.085 0 0.834454101302
38.098 0 0.831743671735
38.106 0 0.829680570743
38.116 0 0.828219604136
38.123 0 0.827019896306
38.134 0 0.824961500511
38.146 0 0.822627996147
38.155 0 0.822464236944
38.165 0 0.822950385683
38.173 0 0.823471096184
38.181 0 0.824355903996
38.196 0 0.824758008826
38.205 0 0.824901550888
38.215 0 0.825847626801
38.224 0 0.826373576875
38.237 0 0.826911370439
38.243 0 0.827276075146
38.254 0 0.827730181637
38.263 0 0.828257801787
38.276 0 0.829264260274
38.285 0 0.828147305847
38.29 0 0.827139255188
38.304 0 0.824181705696
38.315 0 0.823829133959
38.327 0 0.825848619326
38.336 0 0.828380442605
38.348 0 0.833485208162
38.355 0 0.834309970151
38.368 0 0.836857691078
38.375 0 0.83856941522
38.385 0 0.840521821902
38.392 0 0.840775159438
38.403 0 0.841471865395
38.412 0 0.840309442377
38.427 0 0.838450412281
38.433 0 0.835552097024
38.445 0 0.83621328708
38.454 0 0.836654074319
38.466 0 0.833993393335
38.472 0 0.835650847907
38.486 0 0.831810209086
38.496 0 0.833862422971
38.502 0 0.837936595889
38.515 0 0.834145008513
38.524 0 0.83672882675
38.534 0 0.836415666359
38.548 0 0.837812513885
38.555 0 0.839351574042
38.564 0 0.849858895653
38.575 0 0.851563256681
38.59 0 0.85578395619
38.598 0 0.857022302847
38.606 0 0.857747980842
38.615 0 0.856849469499
38.622 0 0.857096176546
38.635 0 0.855598575926
38.647 0 0.855612825026
38.653 0 0.854641152487
38.667 0 0.852579980375
38.674 0 0.850677436285
38.684 0 0.849916715914
38.695 0 0.849442374242
38.705 0 0.849552098663
38.716 0 0.849006673198
38.724 0 0.846817025772
38.735 0 0.843108658243
38.744 0 0.843453538324
38.755 0 0.841752013137
38.766 0 0.841151287256
38.773 0 0.840740644164
38.783 0 0.840717860709
38.792 0 0.840714096997
38.802 0 0.840479201872
38.814 0 0.83929224409
38.826 0 0.837175171469
38.831 0 0.836383272355
38.845 0 0.83330966739
38.854 0 0.831600370418
38.865 0 0.830249189763
38.875 0 0.828793735267
38.883 0 0.827710393371
38.893 0 0.826853075422
38.904 0 0.825274228229
38.914 0 0.824783803315
38.924 0 0.823921232251
38.934 0 0.82403132892
38.942 0 0.823567312175
38.956 0 0.823169182856
38.964 0 0.822929727644
38.974 0 0.822381438282
38.983 0 0.822055537473
38.996 0 0.82147439915
39.003 0 0.820872367542
