time index height
0.0 0 0.0
0.053 0 0.0270135718753
0.058 0 0.0291971650359
0.069 0 0.0336123140471
0.079 0 0.0385810562588
0.089 0 0.0415154724712
0.099 0 0.0474884679334
0.108 0 0.0518327979875
0.119 0 0.0579452335054
0.13 0 0.0639505724629
0.138 0 0.0679012538193
0.147 0 0.0716788192684
0.156 0 0.0742083005284
0.168 0 0.0791424164065
0.179 0 0.0821172701645
0.186 0 0.0832185995951
0.199 0 0.0856738689264
0.209 0 0.086646926329
0.219 0 0.0871901938396
0.229 0 0.0876919959832
0.238 0 0.0880462224541
0.248 0 0.0880264269993
0.262 0 0.0873696371392
0.269 0 0.0869160133881
0.278 0 0.0861085578156
0.287 0 0.0850326915255
0.299 0 0.0829287352091
0.309 0 0.0818586727021
0.322 0 0.0809552173955
0.329 0 0.0803258309525
0.337 0 0.079771414613
0.345 0 0.079590332849
0.359 0 0.078848800694
0.368 0 0.078191371556
0.378 0 0.07783531316
0.389 0 0.0770664022351
0.399 0 0.0760557941682
0.407 0 0.074973824876
0.417 0 0.0735637641597
0.428 0 0.0711274977288
0.437 0 0.06858711267
0.447 0 0.0663765397405
0.456 0 0.0632007439979
0.468 0 0.0595773965111
0.478 0 0.0577251909359
0.488 0 0.0536356345307
0.497 0 0.0495261454522
0.508 0 0.0443629144069
0.518 0 0.0405866039615
0.527 0 0.0370045182444
0.538 0 0.0342666897894
0.548 0 0.0325657307166
0.559 0 0.0328738275695
0.566 0 0.0328562659856
0.578 0 0.0337149308557
0.588 0 0.0344175833503
0.597 0 0.0352531806118
0.608 0 0.0361173082293
0.618 0 0.0367779440893
0.629 0 0.0376680476862
0.638 0 0.0380512385888
0.647 0 0.0386575107676
0.658 0 0.0391121502408
0.671 0 0.0393412074316
0.682 0 0.0393685794401
0.69 0 0.0395800762657
0.698 0 0.0397763539361
0.709 0 0.0400247800394
0.718 0 0.0401718908624
0.728 0 0.0402266735002
0.738 0 0.0403581600101
0.747 0 0.0403362006572
0.758 0 0.0403247535615
0.772 0 0.0402071274096
0.779 0 0.0401611900955
0.789 0 0.0401718448573
0.798 0 0.0400063325479
0.807 0 0.0398528718101
0.817 0 0.0395875015115
0.83 0 0.0391792460135
0.837 0 0.0389153119114
0.849 0 0.0384944093134
0.861 0 0.0380471434937
0.868 0 0.0377364856947
0.879 0 0.0374980482545
0.888 0 0.0373231017043
0.901 0 0.0371491754356
0.912 0 0.037764841585
0.92 0 0.0384894664454
0.926 0 0.0398847060551
0.938 0 0.0421401787738
0.948 0 0.0435205900556
0.963 0 0.0471175639011
0.969 0 0.0487615871741
0.978 0 0.0502312190423
0.988 0 0.0512231950716
0.997 0 0.0517908185762
1.007 0 0.0522217424138
1.017 0 0.0523957292799
1.027 0 0.0527098989629
1.039 0 0.0530385590398
1.048 0 0.0534546580012
1.059 0 0.0541539821962
1.07 0 0.0543882451889
1.078 0 0.0548369699121
1.088 0 0.0551181608877
1.103 0 0.0553556032944
1.116 0 0.0551701835226
1.124 0 0.0550289349492
1.136 0 0.0548513382428
1.148 0 0.0550615802025
1.155 0 0.0550863286949
1.164 0 0.0548949541439
1.17 0 0.05443665281
1.18 0 0.054124911775
1.194 0 0.0539942476776
1.201 0 0.0538872277452
1.207 0 0.0536886671679
1.218 0 0.0527492730837
1.227 0 0.0517456413836
1.237 0 0.0509820710547
1.249 0 0.0494999301527
1.26 0 0.0484221414657
1.267 0 0.0481384609852
1.282 0 0.0478833612569
1.294 0 0.0477755841231
1.3 0 0.0475561078236
1.308 0 0.0471406083053
1.319 0 0.0462606750445
1.329 0 0.0448478647298
1.338 0 0.0435690172312
1.35 0 0.0427506814573
1.358 0 0.0422283847206
1.373 0 0.0420092583361
1.386 0 0.042960582197
1.391 0 0.043420581218
1.397 0 0.0438408568092
1.407 0 0.0449402941908
1.417 0 0.0451531485195
1.429 0 0.0454628867235
1.438 0 0.0460056642115
1.449 0 0.0466870178326
1.456 0 0.0473493190374
1.468 0 0.0485706639095
1.478 0 0.0490357589199
1.486 0 0.049823172741
1.498 0 0.0506719394187
1.506 0 0.0511648206925
1.522 0 0.0515009437023
1.528 0 0.0518311596634
1.539 0 0.052136254412
1.548 0 0.0525765784744
1.559 0 0.0533333772553
1.569 0 0.0536599820575
1.577 0 0.0548748922439
1.588 0 0.0561226787173
1.597 0 0.0573160687457
1.608 0 0.0581261917619
1.619 0 0.0582630567574
1.629 0 0.0579145390306
1.64 0 0.0577546315549
1.646 0 0.0571765570982
1.662 0 0.0559390376559
1.676 0 0.0547478169951
1.682 0 0.054309310114
1.689 0 0.0543790617343
1.699 0 0.0528603980225
1.709 0 0.0522792806238
1.72 0 0.0508051548597
1.73 0 0.049473335822
1.741 0 0.0497125778003
1.755 0 0.0504017993666
1.768 0 0.0518815108079
1.776 0 0.0540488406928
1.783 0 0.0553996697544
1.796 0 0.0590369088462
1.806 0 0.0617814954655
1.812 0 0.0636035708755
1.819 0 0.063947441964
1.827 0 0.0650204006881
1.842 0 0.0670536891577
1.849 0 0.0678082211274
1.857 0 0.0684120052953
1.868 0 0.0690014389304
1.878 0 0.0693150731866
1.888 0 0.0698120889126
1.899 0 0.0703917990982
1.908 0 0.0711861908491
1.917 0 0.0718315730358
1.932 0 0.0721873035744
1.941 0 0.0722110662624
1.947 0 0.0721861992948
1.958 0 0.0721229688859
1.971 0 0.0724130809867
1.979 0 0.0724995747738
1.991 0 0.0726623740388
1.998 0 0.0729330909162
2.006 0 0.0730195119239
2.018 0 0.0733318380925
2.029 0 0.0735701905983
2.039 0 0.0737620813858
2.049 0 0.0736211915254
2.058 0 0.073126332084
2.069 0 0.0718063444351
2.081 0 0.0714071987936
2.087 0 0.0707235503635
2.097 0 0.0698450548433
2.108 0 0.0685487728205
2.123 0 0.0674067871213
2.132 0 0.0664842326367
2.141 0 0.065945470185
2.147 0 0.0658344988566
2.159 0 0.0656600241549
2.167 0 0.065606569699
2.177 0 0.0656829800171
2.189 0 0.0655819764469
2.199 0 0.0646339605335
2.213 0 0.0629464422498
2.226 0 0.0619846757895
2.233 0 0.0619784555207
2.24 0 0.062848064296
2.247 0 0.0639533478752
2.261 0 0.0648829126659
2.271 0 0.0654292877881
2.279 0 0.0661636342568
2.288 0 0.0664271009207
2.299 0 0.0673995787214
2.313 0 0.0675168131694
2.32 0 0.0680845756561
2.33 0 0.0688321707976
2.338 0 0.0690362793343
2.347 0 0.0705863281816
2.364 0 0.0724479823628
2.369 0 0.0727009904256
2.378 0 0.0743920285204
2.388 0 0.076179859599
2.397 0 0.0764040132823
2.409 0 0.0792002562261
2.418 0 0.0803343165579
2.432 0 0.0827523500642
2.439 0 0.084321130734
2.446 0 0.0854651802904
2.459 0 0.0878200896484
2.468 0 0.088982502435
2.476 0 0.0896575465184
2.491 0 0.0921168891789
2.499 0 0.0938120950708
2.508 0 0.0942370154662
2.518 0 0.095030833384
2.529 0 0.0962125589555
2.54 0 0.0976908406941
2.549 0 0.0983527149425
2.557 0 0.098494670069
2.568 0 0.0992087723982
2.579 0 0.0998474307585
2.59 0 0.100539584258
2.597 0 0.100424584016
2.607 0 0.100878283467
2.617 0 0.100275922359
2.631 0 0.09802434344
2.646 0 0.0977075599763
2.651 0 0.0976541753824
2.659 0 0.0975172004741
2.671 0 0.0978689932079
2.68 0 0.0978482403389
2.691 0 0.09796108483
2.699 0 0.0973013333145
2.711 0 0.0974608020776
2.723 0 0.0977056891493
2.735 0 0.0978395927447
2.743 0 0.0979819597949
2.746 0 0.0979819597949
2.76 0 0.0979819597949
2.767 0 0.0983831233075
2.776 0 0.0983294482425
2.786 0 0.0984580114616
2.8 0 0.0994088463106
2.813 0 0.0995335217493
2.822 0 0.0995868679616
2.827 0 0.0992130437743
2.842 0 0.0982658891823
2.854 0 0.0981947987304
2.863 0 0.0979798847048
2.871 0 0.0977184274644
2.878 0 0.0966651397367
2.895 0 0.096160825429
2.903 0 0.0959095111227
2.911 0 0.0947419583513
2.919 0 0.0936088430917
2.927 0 0.0930937420194
2.941 0 0.0910501743096
2.95 0 0.090906702855
2.957 0 0.0904759072591
2.968 0 0.0899411433226
2.978 0 0.0894318317561
2.99 0 0.0891886487296
3.001 0 0.0892126306243
3.007 0 0.0894065633164
3.018 0 0.0902939476728
3.036 0 0.0923372991468
3.043 0 0.0931520914026
3.052 0 0.0950359939479
3.059 0 0.0960578673218
3.069 0 0.0969999828027
3.081 0 0.0969999828027
3.088 0 0.0969999828027
3.098 0 0.101632214955
3.109 0 0.10324093505
3.118 0 0.104546916673
3.13 0 0.10847638698
3.139 0 0.11001213938
3.147 0 0.113381072754
3.159 0 0.116530370743
3.169 0 0.118247367886
3.181 0 0.121255010639
3.185 0 0.123819810862
3.201 0 0.126519238817
3.211 0 0.128988356056
3.224 0 0.131048862981
3.233 0 0.132682513372
3.237 0 0.133213352666
3.249 0 0.134457902984
3.259 0 0.135433384396
3.27 0 0.135583372453
3.277 0 0.137328004964
3.286 0 0.138019886789
3.302 0 0.138114039635
3.316 0 0.13889664804
3.322 0 0.138280702713
3.328 0 0.138196545789
3.34 0 0.138482694371
3.347 0 0.138893808688
3.358 0 0.138452358019
3.367 0 0.138576050814
3.378 0 0.13828553417
3.388 0 0.138014069024
3.396 0 0.13788129981
3.408 0 0.137280878925
3.418 0 0.136681013878
3.428 0 0.135825953873
3.438 0 0.135310883377
3.452 0 0.134415613892
3.459 0 0.134215904525
3.469 0 0.13370858532
3.478 0 0.133289336011
3.492 0 0.133561397275
3.504 0 0.133938619386
3.51 0 0.134071913425
3.519 0 0.134196766071
3.528 0 0.13427121232
3.539 0 0.134951093196
3.548 0 0.135577251663
3.557 0 0.136163251284
3.569 0 0.13750503814
3.577 0 0.138391013337
3.589 0 0.138818464474
3.601 0 0.139050616386
3.608 0 0.139586147107
3.62 0 0.139725510455
3.629 0 0.139827206373
3.64 0 0.139563656153
3.65 0 0.140016561392
3.657 0 0.140392021759
3.668 0 0.140341068142
3.68 0 0.140193690097
3.69 0 0.140285648875
3.699 0 0.140241156471
3.708 0 0.139904308928
3.718 0 0.139571704742
3.729 0 0.139878008874
3.741 0 0.139607723391
3.749 0 0.139657665218
3.759 0 0.139540720865
3.768 0 0.139557836267
3.78 0 0.140516375191
3.794 0 0.140872965403
3.8 0 0.142044093079
3.81 0 0.142661177771
3.819 0 0.144255101593
3.832 0 0.145179205919
3.844 0 0.146863859133
3.851 0 0.147259052737
3.859 0 0.147938557209
3.868 0 0.150266574731
3.88 0 0.151521231908
3.889 0 0.152992598769
3.899 0 0.154982725047
3.907 0 0.157109075321
3.919 0 0.157667795212
3.929 0 0.159492714994
3.939 0 0.161671363555
3.949 0 0.163871441907
3.963 0 0.166925384297
3.976 0 0.168798332885
3.981 0 0.169728055364
3.99 0 0.172768734187
3.999 0 0.174400715432
4.008 0 0.175408650672
4.018 0 0.176090338212
4.028 0 0.176593835023
4.038 0 0.177595584204
4.048 0 0.179310668499
4.058 0 0.179023639709
4.069 0 0.179963456794
4.078 0 0.181093311331
4.087 0 0.180557269184
4.096 0 0.180293239937
4.107 0 0.180061324807
4.121 0 0.180675365403
4.128 0 0.180357642055
4.14 0 0.180733751708
4.146 0 0.180994408002
4.157 0 0.181494989935
4.168 0 0.182039861306
4.177 0 0.181947486698
4.187 0 0.182316857432
4.197 0 0.182286333309
4.206 0 0.182268055955
4.217 0 0.182694504132
4.227 0 0.182269777348
4.238 0 0.181672141779
4.25 0 0.181266742708
4.26 0 0.180984117303
4.27 0 0.180454256832
4.278 0 0.180671873694
4.289 0 0.180856532379
4.298 0 0.181463457475
4.309 0 0.182286735998
4.317 0 0.18243503164
4.327 0 0.183772176073
4.337 0 0.184913185466
4.349 0 0.186146118115
4.36 0 0.187636758224
4.37 0 0.187982126548
4.379 0 0.188220122261
4.389 0 0.189467938749
4.404 0 0.189902528541
4.411 0 0.190227281771
4.418 0 0.190496751402
4.428 0 0.190821921925
4.439 0 0.191326780266
4.449 0 0.191660044348
4.459 0 0.191825453889
4.467 0 0.191993426663
4.481 0 0.192609500819
4.494 0 0.192878077169
4.503 0 0.192945704542
4.509 0 0.192931157332
4.519 0 0.192409661713
4.528 0 0.193056753328
4.544 0 0.192909095785
4.551 0 0.193336635196
4.559 0 0.193040081774
4.568 0 0.191562873497
4.579 0 0.189767851846
4.589 0 0.188177558679
4.597 0 0.187137121434
4.609 0 0.184636873122
4.616 0 0.183399491557
4.629 0 0.18039705517
4.639 0 0.178242632175
4.646 0 0.177961600652
4.657 0 0.17725997063
4.669 0 0.176343815881
4.682 0 0.174603046164
4.688 0 0.173946497125
4.698 0 0.173638987843
4.71 0 0.172451660934
4.72 0 0.171928030756
4.734 0 0.171822076249
4.74 0 0.171822544009
4.749 0 0.171928978643
4.76 0 0.171081669208
4.768 0 0.173135839808
4.776 0 0.1724752939
4.789 0 0.17319186275
4.801 0 0.173513874105
4.808 0 0.174074800853
4.82 0 0.175754197637
4.828 0 0.176910648721
4.838 0 0.178212001503
4.849 0 0.180037068399
4.858 0 0.180923356929
4.868 0 0.181274094715
4.877 0 0.179771944555
4.892 0 0.178939844395
4.899 0 0.17811865948
4.907 0 0.177492996233
4.918 0 0.176112957233
4.927 0 0.1739224774
4.938 0 0.17196237882
4.948 0 0.168970628442
4.959 0 0.164955771417
4.966 0 0.158749543866
4.981 0 0.151362232824
4.989 0 0.147971480223
4.997 0 0.142872215283
5.007 0 0.139689878629
5.019 0 0.135950545514
5.029 0 0.131421193322
5.041 0 0.129149111408
5.051 0 0.127431506972
5.058 0 0.124740262298
5.069 0 0.122696152389
5.082 0 0.122696152389
5.088 0 0.119325284249
5.097 0 0.118158235212
5.112 0 0.118114179065
5.127 0 0.118789986564
5.136 0 0.119764392898
5.142 0 0.120579382601
5.151 0 0.122257276644
5.168 0 0.124961444093
5.179 0 0.124961444093
5.184 0 0.124961444093
5.191 0 0.130953944266
5.205 0 0.133804483528
5.211 0 0.135482214645
5.218 0 0.137049584396
5.229 0 0.139048064915
5.237 0 0.141073479207
5.246 0 0.142808879591
5.259 0 0.145775211854
5.266 0 0.147602436043
5.277 0 0.148988145001
5.288 0 0.151048795728
5.302 0 0.154753830706
5.31 0 0.156655362034
5.319 0 0.158806936836
5.329 0 0.161764304021
5.335 0 0.163085615535
5.351 0 0.16466392737
5.356 0 0.164524197652
5.369 0 0.165706213717
5.38 0 0.166809056798
5.387 0 0.166331156277
5.401 0 0.167617186718
5.408 0 0.16920451037
5.417 0 0.169771471629
5.427 0 0.169366176644
5.439 0 0.171255644356
5.448 0 0.172087206075
5.458 0 0.172914706173
5.469 0 0.179189869794
5.485 0 0.179854956873
5.491 0 0.180503421142
5.498 0 0.182011090912
5.509 0 0.182971665578
5.517 0 0.184447554742
5.528 0 0.186099502135
5.539 0 0.187917882447
5.546 0 0.18986109286
5.557 0 0.191530418103
5.569 0 0.193230815299
5.582 0 0.192569215322
5.586 0 0.194955333353
5.598 0 0.196172645379
5.607 0 0.199202196901
5.618 0 0.199736134945
5.626 0 0.199801539135
5.64 0 0.200705921565
5.649 0 0.201375166987
5.665 0 0.201725928455
5.678 0 0.202754339271
5.684 0 0.204086837624
5.69 0 0.204375281473
5.706 0 0.204598403215
5.716 0 0.204881415146
5.72 0 0.204881415146
5.727 0 0.204881415146
5.741 0 0.206081973794
5.755 0 0.204821805477
5.766 0 0.205315601259
5.776 0 0.205578672436
5.782 0 0.204599664094
5.791 0 0.204392543967
5.81 0 0.203283232352
5.814 0 0.203283232352
5.82 0 0.201784878389
5.828 0 0.201154914632
5.838 0 0.200671557158
5.848 0 0.200940884814
5.859 0 0.201049220075
5.872 0 0.201073574607
5.881 0 0.201347180814
5.89 0 0.201797278951
5.896 0 0.201904946614
5.91 0 0.202032804672
5.917 0 0.202032804672
5.932 0 0.205157847101
5.939 0 0.20584796685
5.948 0 0.206505118614
5.958 0 0.20699313952
5.973 0 0.207938588097
5.991 0 0.208754383437
5.999 0 0.209041838399
6.006 0 0.209834147085
6.015 0 0.210763433906
6.021 0 0.211065518323
6.035 0 0.213019506287
6.04 0 0.213019506287
6.049 0 0.213099493353
6.057 0 0.213142818046
6.068 0 0.21444791593
6.08 0 0.21424933969
6.09 0 0.213441659342
6.099 0 0.213830330495
6.109 0 0.214826376011
6.121 0 0.216210330301
6.129 0 0.215747045099
6.138 0 0.216817785056
6.149 0 0.215638864395
6.16 0 0.213627471871
6.172 0 0.211525380521
6.181 0 0.210025226293
6.189 0 0.209549135265
6.197 0 0.207469825123
6.207 0 0.204592991975
6.221 0 0.199649755133
6.228 0 0.198579606431
6.239 0 0.198332254551
6.247 0 0.200728777909
6.257 0 0.199876777681
6.269 0 0.201301982113
6.28 0 0.204023223257
6.288 0 0.207042216188
6.298 0 0.208763739466
6.309 0 0.211329912106
6.317 0 0.21101638916
6.33 0 0.213968816001
6.338 0 0.216477366086
6.347 0 0.22054381449
6.36 0 0.224327162881
6.369 0 0.22622043341
6.377 0 0.227125296066
6.388 0 0.228123917028
6.397 0 0.229092987917
6.407 0 0.2299517457
6.418 0 0.230698149501
6.429 0 0.228788641109
6.438 0 0.229036005753
6.449 0 0.228523539384
6.459 0 0.228967270753
6.468 0 0.22913974737
6.478 0 0.228447959641
6.489 0 0.227832139076
6.502 0 0.226575315112
6.51 0 0.225551371144
6.518 0 0.225650037069
6.528 0 0.225808102389
6.541 0 0.226172155309
6.549 0 0.227399427844
6.559 0 0.227796630679
6.568 0 0.228732971358
6.577 0 0.22927689818
6.588 0 0.229578428566
6.602 0 0.230363067185
6.609 0 0.230557876881
6.617 0 0.230575202766
6.628 0 0.23074364198
6.641 0 0.231468130517
6.65 0 0.232349613725
6.657 0 0.232591822741
6.668 0 0.235298722664
6.677 0 0.237019123629
6.689 0 0.239709885945
6.699 0 0.241499960765
6.707 0 0.241780728237
6.718 0 0.242326212871
6.728 0 0.242316904165
6.741 0 0.241864253172
6.748 0 0.241535991793
6.758 0 0.241800833531
6.767 0 0.242255450274
6.778 0 0.242921205748
6.788 0 0.242878638723
6.8 0 0.243005175462
6.809 0 0.242627091392
6.818 0 0.242652030388
6.827 0 0.240002354433
6.841 0 0.237437898387
6.85 0 0.235483054217
6.858 0 0.231621625724
6.869 0 0.226437378291
6.88 0 0.215586333736
6.891 0 0.211280048212
6.898 0 0.204982363186
6.91 0 0.197830257939
6.925 0 0.187847253539
6.936 0 0.18485366356
6.941 0 0.181658759527
6.949 0 0.180119354211
6.959 0 0.175293448072
6.968 0 0.174033552555
6.981 0 0.170121858361
6.988 0 0.170970497152
6.998 0 0.170087371707
7.009 0 0.167595902576
7.022 0 0.166722425341
7.032 0 0.164751654482
7.039 0 0.161886807569
7.049 0 0.162280388548
7.058 0 0.159554323219
7.072 0 0.159570210837
7.079 0 0.159716254626
7.088 0 0.159713111024
7.099 0 0.159942503043
7.113 0 0.160687869854
7.121 0 0.16209921736
7.13 0 0.16209921736
7.138 0 0.16209921736
7.152 0 0.166786121319
7.158 0 0.167829801453
7.171 0 0.168724937329
7.178 0 0.165860832979
7.188 0 0.170885211611
7.198 0 0.172564166919
7.209 0 0.170453389954
7.223 0 0.171493873722
7.229 0 0.174257883047
7.24 0 0.171752866322
7.249 0 0.171788076405
7.258 0 0.174318368392
7.268 0 0.175303159898
7.278 0 0.174626593491
7.289 0 0.174277834695
7.3 0 0.174440375203
7.308 0 0.173628551035
7.32 0 0.170841030248
7.329 0 0.16862245823
7.339 0 0.167800472686
7.347 0 0.166309349939
7.36 0 0.162468751566
7.373 0 0.158871405233
7.38 0 0.157947824137
7.393 0 0.154245776584
7.401 0 0.151479054525
7.414 0 0.150998841917
7.418 0 0.150998841917
7.428 0 0.1498279954
7.438 0 0.146985556008
7.448 0 0.145990790324
7.457 0 0.144968885733
7.467 0 0.144296484226
7.477 0 0.142962859744
7.49 0 0.141302523663
7.498 0 0.141170160408
7.515 0 0.140594341297
7.522 0 0.141289136437
7.527 0 0.141700605049
7.538 0 0.142963766862
7.551 0 0.143843800558
7.56 0 0.14378945299
7.569 0 0.143597459517
7.578 0 0.143360810105
7.587 0 0.143868600452
7.597 0 0.143593899032
7.608 0 0.142875052586
7.619 0 0.142964986462
7.627 0 0.142817178006
7.637 0 0.141702506202
7.647 0 0.140581039897
7.66 0 0.138663000746
7.668 0 0.138600263007
7.679 0 0.138170441709
7.69 0 0.138167229892
7.697 0 0.13825443439
7.708 0 0.138888844035
7.718 0 0.139668213613
7.729 0 0.141968977921
7.74 0 0.145584544327
7.751 0 0.14625469339
7.759 0 0.147792800182
7.767 0 0.15001471809
7.778 0 0.150348072434
7.791 0 0.153303029315
7.798 0 0.156185838708
7.809 0 0.157783473386
7.818 0 0.159471103285
7.828 0 0.163510169488
7.837 0 0.165508783766
7.848 0 0.16714667626
7.858 0 0.167219567028
7.868 0 0.169103193281
7.878 0 0.169037018752
7.889 0 0.16754807631
7.897 0 0.167299212217
7.91 0 0.169108097033
7.918 0 0.169550564445
7.928 0 0.17116638114
7.938 0 0.171089846337
7.949 0 0.174853587762
7.958 0 0.174965773047
7.968 0 0.178481527049
7.983 0 0.1781034108
7.988 0 0.181215988303
7.996 0 0.183171035569
8.007 0 0.182065069936
8.017 0 0.182236143079
8.028 0 0.181455800715
8.038 0 0.181768510982
8.051 0 0.178562348241
8.058 0 0.178736970582
8.067 0 0.178222190552
8.077 0 0.174305850905
8.088 0 0.174342182088
8.1 0 0.174397142199
8.109 0 0.173035827856
8.118 0 0.170705303241
8.128 0 0.169281109086
8.141 0 0.166092082678
8.15 0 0.166092082678
8.157 0 0.166092082678
8.167 0 0.158036273023
8.177 0 0.154782577691
8.187 0 0.15372402215
8.197 0 0.153876728109
8.208 0 0.154397482149
8.218 0 0.15525044967
8.23 0 0.155927433313
8.238 0 0.155683001904
8.248 0 0.156388587661
8.258 0 0.155820542572
8.268 0 0.156012739652
8.283 0 0.156481161805
8.292 0 0.156287534275
8.298 0 0.156380530729
8.307 0 0.156523222239
8.32 0 0.155511680939
8.329 0 0.155898868489
8.338 0 0.156210343979
8.349 0 0.156234021182
8.362 0 0.15780536386
8.371 0 0.158352174791
8.379 0 0.159075295092
8.389 0 0.159406892469
8.399 0 0.159722850069
8.409 0 0.159729824522
8.421 0 0.160068457641
8.428 0 0.160157625814
8.438 0 0.159790252114
8.448 0 0.159747207565
8.458 0 0.159747207565
8.467 0 0.159747207565
8.476 0 0.158496581611
8.489 0 0.157203363253
8.499 0 0.158644552025
8.508 0 0.159577566377
8.517 0 0.161206547693
8.529 0 0.162910760298
8.536 0 0.162572319952
8.549 0 0.163810331025
8.557 0 0.163184166068
8.568 0 0.166220410666
8.578 0 0.168908215641
8.589 0 0.172722457806
8.602 0 0.174644453828
8.606 0 0.176095079014
8.618 0 0.176372917316
8.627 0 0.176674625784
8.642 0 0.179282691667
8.651 0 0.17841757605
8.657 0 0.178789817251
8.668 0 0.181130219097
8.677 0 0.186509332694
8.687 0 0.18564137918
8.696 0 0.189611485431
8.708 0 0.194179791
8.719 0 0.192180653689
8.73 0 0.198087158378
8.741 0 0.201136275524
8.75 0 0.199967766442
8.758 0 0.198615790245
8.769 0 0.198761127808
8.777 0 0.199122924492
8.79 0 0.202323023275
8.797 0 0.201174695966
8.807 0 0.20275918542
8.818 0 0.20542101946
8.827 0 0.20678041394
8.837 0 0.205872476319
8.848 0 0.205818721799
8.86 0 0.204258441035
8.876 0 0.203072781401
8.885 0 0.202641197452
8.89 0 0.202206521926
8.901 0 0.199938146648
8.909 0 0.197482115326
8.921 0 0.197482115326
8.928 0 0.197482115326
8.938 0 0.188946167354
8.948 0 0.185542039828
8.956 0 0.183845324179
8.971 0 0.180350463985
8.979 0 0.180250042942
8.99 0 0.179332689048
8.997 0 0.179977162336
9.01 0 0.18175028525
9.021 0 0.182506278486
9.027 0 0.182580431411
9.037 0 0.182776050843
9.048 0 0.182834587231
9.059 0 0.183375539566
9.068 0 0.183810459554
9.078 0 0.18346009578
9.088 0 0.182978162549
9.101 0 0.180252745239
9.111 0 0.179613054733
9.121 0 0.177532362654
9.129 0 0.17717530249
9.138 0 0.177923866649
9.149 0 0.178128375356
9.159 0 0.178079606612
9.169 0 0.177910493411
9.177 0 0.178180550257
9.191 0 0.178361346213
9.204 0 0.17788706055
9.206 0 0.17788706055
9.217 0 0.176127971532
9.227 0 0.174148834428
9.241 0 0.17201543239
9.249 0 0.171589579624
9.259 0 0.1722415308
9.27 0 0.173827497952
9.284 0 0.177418332359
9.292 0 0.178137268916
9.299 0 0.179718042535
9.307 0 0.181291104952
9.319 0 0.183403979797
9.334 0 0.185377483106
9.342 0 0.185681061935
9.347 0 0.185681061935
9.36 0 0.185681061935
9.37 0 0.192173217774
9.38 0 0.194789876039
9.389 0 0.195126248341
9.397 0 0.196650688605
9.406 0 0.199537859171
9.42 0 0.204726228935
9.43 0 0.205030691237
9.441 0 0.208947804003
9.447 0 0.207961095979
9.457 0 0.212199523765
9.474 0 0.216973951693
9.483 0 0.217664120729
9.489 0 0.218139346605
9.498 0 0.219399165717
9.509 0 0.218340507456
9.519 0 0.216858193065
9.527 0 0.219521664167
9.539 0 0.2203707913
9.547 0 0.21990390499
9.56 0 0.21519898512
9.569 0 0.21418493198
9.579 0 0.21501230752
9.588 0 0.215777852235
9.597 0 0.214405784061
9.614 0 0.210677176737
9.624 0 0.208518053148
9.629 0 0.208552752563
9.639 0 0.208162440645
9.647 0 0.207015751223
9.659 0 0.205292901428
9.669 0 0.20387815007
9.68 0 0.201825308981
9.69 0 0.202486060632
9.699 0 0.204492654111
9.714 0 0.20496075405
9.721 0 0.20488582025
9.729 0 0.205067005255
9.738 0 0.205519059215
9.748 0 0.205608044926
9.758 0 0.206245275001
9.77 0 0.206550599514
9.779 0 0.207284676754
9.788 0 0.207699983761
9.8 0 0.208151323643
9.806 0 0.207366958712
9.82 0 0.207866519547
9.829 0 0.208939606719
9.838 0 0.209685621916
9.847 0 0.209832625713
9.859 0 0.210622571095
9.87 0 0.211544283593
9.876 0 0.211741608462
9.887 0 0.212607767604
9.897 0 0.213104099307
9.908 0 0.213517631775
9.916 0 0.21408354492
9.925 0 0.214374286918
9.937 0 0.214609100615
9.949 0 0.214053957148
9.96 0 0.213541512304
9.97 0 0.215128403897
9.982 0 0.216223814319
9.993 0 0.217151427904
9.999 0 0.217683516773
10.008 0 0.218485078094
10.018 0 0.219423096253
10.031 0 0.219767438024
10.039 0 0.221338643276
10.047 0 0.22165648179
10.058 0 0.222719807879
10.069 0 0.22385185025
10.08 0 0.225009555938
10.091 0 0.226062812096
10.099 0 0.228367709384
10.107 0 0.227857060979
10.118 0 0.231095592627
10.126 0 0.233556141415
10.138 0 0.237176021776
10.146 0 0.239818237735
10.16 0 0.242316329891
10.168 0 0.245378111629
10.175 0 0.24941047973
10.189 0 0.251298185179
10.2 0 0.250859896153
10.206 0 0.251076418249
10.216 0 0.250666771382
10.227 0 0.245444821096
10.24 0 0.239753690389
10.25 0 0.243861004227
10.259 0 0.237328917205
10.275 0 0.246812243231
10.283 0 0.254909384316
10.29 0 0.257821235246
10.301 0 0.257173014286
10.309 0 0.261761343982
10.321 0 0.2679327727
10.331 0 0.269024264143
10.34 0 0.268923289514
10.348 0 0.267718386016
10.361 0 0.265624028171
10.372 0 0.263646332427
10.38 0 0.262041844684
10.389 0 0.262123400748
10.397 0 0.262257955817
10.407 0 0.261746653405
10.417 0 0.260389979382
10.428 0 0.258875822097
10.441 0 0.254228260078
10.45 0 0.250797712684
10.46 0 0.247470092465
10.47 0 0.245363297127
10.479 0 0.243747145684
10.489 0 0.243743354759
10.501 0 0.243798751964
10.511 0 0.243754826786
10.516 0 0.243754826786
10.529 0 0.243553487215
10.538 0 0.243359687704
10.549 0 0.241747066745
10.559 0 0.240960456595
10.567 0 0.239999827575
10.578 0 0.238936243065
10.59 0 0.238894648856
10.602 0 0.238790563136
10.609 0 0.238790563136
10.617 0 0.238790563136
10.629 0 0.234838369955
10.638 0 0.233690036243
10.65 0 0.232935592288
10.657 0 0.233062811558
10.669 0 0.23282393453
10.68 0 0.234178524427
10.695 0 0.234758131394
10.703 0 0.235118625845
10.714 0 0.235237918235
10.72 0 0.235348190708
10.729 0 0.235706459549
10.737 0 0.235765786093
10.752 0 0.235726774954
10.756 0 0.235726774954
10.767 0 0.236451264473
10.78 0 0.23839042135
10.793 0 0.239523963313
10.8 0 0.24003334895
10.81 0 0.241952929052
10.819 0 0.243043111268
10.832 0 0.246788291739
10.841 0 0.247645629019
10.849 0 0.249266368707
10.86 0 0.251915700702
10.868 0 0.252962375625
10.881 0 0.258089972074
10.889 0 0.258398302166
10.901 0 0.259692966725
10.91 0 0.259625671582
10.919 0 0.25885421775
10.934 0 0.261208321763
10.943 0 0.260324736089
10.954 0 0.262730241037
10.959 0 0.267543617969
10.97 0 0.27194766247
10.985 0 0.273852915913
10.992 0 0.274009093166
10.999 0 0.274608738246
11.006 0 0.278647062118
11.019 0 0.280233646189
11.028 0 0.280138722279
11.038 0 0.277436612662
11.05 0 0.278422578122
11.061 0 0.276988362233
11.079 0 0.274976381786
11.085 0 0.277403436429
11.094 0 0.276388338196
11.099 0 0.278574475653
11.107 0 0.281059983232
11.123 0 0.282281556608
11.13 0 0.282291803986
11.14 0 0.283042774618
11.148 0 0.282386280945
11.157 0 0.28198753129
11.172 0 0.279146057793
11.184 0 0.27922019102
11.19 0 0.279525753498
11.2 0 0.278344078683
11.209 0 0.277681410093
11.221 0 0.277450812048
11.227 0 0.277450812048
11.238 0 0.274359590572
11.249 0 0.274442123191
11.263 0 0.275383633738
11.273 0 0.275613242862
11.283 0 0.276167564784
11.289 0 0.276362304934
11.299 0 0.27852183238
11.317 0 0.278974809311
11.33 0 0.278383265893
11.336 0 0.277448004971
11.344 0 0.276141483155
11.354 0 0.27577434859
11.368 0 0.275872532883
11.374 0 0.275872532883
11.38 0 0.276484972713
11.391 0 0.276384652692
11.399 0 0.27553094498
11.416 0 0.276334297733
11.424 0 0.27627277202
11.43 0 0.276239301048
11.439 0 0.275831779215
11.453 0 0.275297986512
11.464 0 0.275532588497
11.47 0 0.275532588497
11.478 0 0.273613231726
11.491 0 0.271890323887
11.498 0 0.269484450311
11.508 0 0.267321624725
11.519 0 0.266322641951
11.529 0 0.265474545635
11.537 0 0.264981978146
11.549 0 0.2658060923
11.558 0 0.265200959516
11.568 0 0.266082680706
11.577 0 0.267414799339
11.593 0 0.267321451742
11.599 0 0.268149807264
11.609 0 0.270466035426
11.616 0 0.271026930439
11.63 0 0.273825212848
11.643 0 0.273825212848
11.65 0 0.273825212848
11.659 0 0.278036782077
11.668 0 0.278237105898
11.676 0 0.282900096407
11.689 0 0.284120936728
11.699 0 0.285910342543
11.707 0 0.287160389824
11.723 0 0.292455805037
11.73 0 0.294690887677
11.738 0 0.29535422151
11.75 0 0.296224908771
11.757 0 0.299786499606
11.771 0 0.298987990386
11.779 0 0.303026444084
11.787 0 0.30286514346
11.796 0 0.297099046862
11.823 0 0.304519767444
11.829 0 0.306942240386
11.841 0 0.304192415409
11.845 0 0.30722987357
11.845 0 0.304350059589
11.858 0 0.308332641194
11.87 0 0.306995072375
11.88 0 0.311476004647
11.889 0 0.312339405796
11.901 0 0.315551600238
11.91 0 0.317029401412
11.918 0 0.318158935929
11.929 0 0.318905993489
11.939 0 0.318790544362
11.952 0 0.318481987988
11.961 0 0.318050994354
11.97 0 0.317517585908
11.975 0 0.317315320027
11.989 0 0.315316353643
11.999 0 0.314060874633
12.01 0 0.312691973265
12.019 0 0.311189799981
12.027 0 0.309626405492
12.043 0 0.309443165239
12.051 0 0.309443165239
12.056 0 0.309443165239
12.072 0 0.308858476657
12.078 0 0.306297643344
12.087 0 0.304064810962
12.099 0 0.300553489164
12.108 0 0.297369767557
12.118 0 0.296098136915
12.127 0 0.296166224985
12.139 0 0.297201942143
12.153 0 0.297065670333
12.159 0 0.296588820941
12.167 0 0.296269876637
12.178 0 0.295877659814
12.189 0 0.295706566083
12.199 0 0.294893028053
12.208 0 0.294031924166
12.218 0 0.293702348663
12.228 0 0.295327530989
12.242 0 0.294265053933
12.254 0 0.294122257117
12.257 0 0.294019999793
12.269 0 0.293979538774
12.283 0 0.294235646591
12.29 0 0.294585938044
12.296 0 0.29433002553
12.308 0 0.294525570383
12.32 0 0.293182908779
12.328 0 0.291151510078
12.347 0 0.288747128142
12.355 0 0.28815449565
12.36 0 0.289104655472
12.368 0 0.290293881077
12.38 0 0.290763479394
12.386 0 0.29189081852
12.398 0 0.292505848924
12.408 0 0.293494492276
12.418 0 0.294246175756
12.431 0 0.2971779415
12.448 0 0.298456087497
12.453 0 0.299898389062
12.46 0 0.301958859419
12.469 0 0.304849045927
12.481 0 0.308819898133
12.489 0 0.310605549518
12.498 0 0.311984353419
12.508 0 0.3164825874
12.518 0 0.32217909394
12.537 0 0.324057838665
12.541 0 0.325214347758
12.549 0 0.327045018273
12.558 0 0.32986099516
12.568 0 0.330009947709
12.579 0 0.33225324314
12.588 0 0.33204045833
12.6 0 0.33331148785
12.61 0 0.335480470917
12.627 0 0.33665669114
12.633 0 0.337829392533
12.64 0 0.338541189081
12.651 0 0.34034688554
12.664 0 0.340884179499
12.674 0 0.3422753182
12.682 0 0.341689918724
12.69 0 0.34422634647
12.7 0 0.347304337354
12.71 0 0.348399650474
12.719 0 0.348010420309
12.73 0 0.347248497501
12.739 0 0.346031426208
12.751 0 0.344390346293
12.76 0 0.34450813698
12.767 0 0.343233959066
12.778 0 0.341582867567
12.792 0 0.338404467779
12.805 0 0.33591966709
12.822 0 0.335902908428
12.828 0 0.334747690886
12.838 0 0.331250617447
12.849 0 0.330620197124
12.854 0 0.330500214343
12.865 0 0.330313239677
12.874 0 0.330129264638
12.883 0 0.330129264638
12.891 0 0.330129264638
12.902 0 0.326636938364
12.91 0 0.326172995505
12.919 0 0.326172995505
12.93 0 0.323819711951
12.946 0 0.322787385227
12.958 0 0.321419422262
12.965 0 0.319926935491
12.975 0 0.317909873457
12.986 0 0.316067284771
12.999 0 0.312820292143
13.007 0 0.309890535869
13.016 0 0.307977979583
13.025 0 0.306364114994
13.03 0 0.30400710172
13.046 0 0.303012880429
13.057 0 0.302919785046
13.063 0 0.302687969204
13.069 0 0.302352089195
13.079 0 0.302388297023
13.093 0 0.301845102929
13.106 0 0.302515329034
13.112 0 0.302319057261
13.118 0 0.302319057261
13.127 0 0.302670300944
13.143 0 0.304540418607
13.153 0 0.305474115997
13.165 0 0.306718130481
13.172 0 0.306864807387
13.189 0 0.307946247264
13.2 0 0.309994347658
13.209 0 0.311363520506
13.217 0 0.311799159353
13.232 0 0.311799159353
13.239 0 0.311799159353
13.245 0 0.315503496604
13.257 0 0.320169965419
13.261 0 0.322316643821
13.276 0 0.322699632345
13.288 0 0.323181674465
13.295 0 0.323181674465
13.302 0 0.325987291304
13.31 0 0.332295908075
13.32 0 0.332834741795
13.327 0 0.337032743696
13.339 0 0.338516177891
13.348 0 0.340568263649
13.364 0 0.337501974415
13.378 0 0.345633415211
13.383 0 0.345429275288
13.389 0 0.346296667349
13.403 0 0.348192717251
13.406 0 0.348677245194
13.42 0 0.350800782227
13.429 0 0.349805266717
13.443 0 0.348364443465
13.456 0 0.34740599166
13.461 0 0.34832728161
13.467 0 0.348161301175
13.477 0 0.345798928375
13.491 0 0.346720821306
13.495 0 0.346144489222
13.508 0 0.347315627554
13.52 0 0.34700955849
13.537 0 0.346124582292
13.544 0 0.346004806722
13.56 0 0.346254211142
13.569 0 0.344440828926
13.578 0 0.344490589795
13.589 0 0.343366525854
13.595 0 0.34165376668
13.609 0 0.339971790525
13.615 0 0.338615574209
13.615 0 0.338615574209
13.627 0 0.336778106465
13.639 0 0.337022058287
13.651 0 0.336812343261
13.661 0 0.338059142784
13.68 0 0.338363511225
13.695 0 0.337473636302
13.698 0 0.337587286927
13.704 0 0.337652153382
13.715 0 0.337209791157
13.728 0 0.336316890361
13.742 0 0.334769988228
13.754 0 0.332732586823
13.776 0 0.329418421243
13.78 0 0.329418421243
13.79 0 0.329418421243
13.799 0 0.327243442619
13.81 0 0.326857221628
13.821 0 0.326857221628
13.833 0 0.325011542659
13.84 0 0.323945340174
13.855 0 0.324926829947
13.873 0 0.324725437283
13.878 0 0.324813331577
13.885 0 0.324712877784
13.891 0 0.324457708036
13.905 0 0.325063340278
13.914 0 0.325206137392
13.924 0 0.324922210658
13.93 0 0.324906893639
13.94 0 0.324219698116
13.956 0 0.324184395726
13.965 0 0.324919405281
13.974 0 0.326267520591
13.983 0 0.326986891613
13.995 0 0.328407351159
14.001 0 0.329016264015
14.009 0 0.330597551337
14.025 0 0.332489543231
14.032 0 0.335899340355
14.04 0 0.334437482959
14.057 0 0.339099616973
14.065 0 0.340995505196
14.07 0 0.339580759638
14.079 0 0.340771584314
14.09 0 0.338444755891
14.1 0 0.338837410396
14.112 0 0.348882386575
14.125 0 0.347984851197
14.132 0 0.351743278651
14.138 0 0.355225616119
14.151 0 0.356135595522
14.164 0 0.358709746716
14.175 0 0.358352767459
14.184 0 0.359702399338
14.192 0 0.360029928903
14.201 0 0.362294901605
14.215 0 0.363174217305
14.223 0 0.362825497911
14.231 0 0.365114150355
14.241 0 0.364993622208
14.252 0 0.368217193043
14.262 0 0.368223427159
14.273 0 0.371492933978
14.281 0 0.37132833874
14.289 0 0.372876061727
14.305 0 0.373357822994
14.314 0 0.372622267655
14.325 0 0.371460653968
14.334 0 0.370560425602
14.343 0 0.369667885581
14.349 0 0.368679420903
14.363 0 0.368035959844
14.372 0 0.368035959844
14.385 0 0.365599550366
14.394 0 0.365299858944
14.408 0 0.361744781896
14.419 0 0.359344463765
14.43 0 0.357726354107
14.444 0 0.35670062269
14.462 0 0.356999379424
14.468 0 0.35645736431
14.477 0 0.355715734364
14.485 0 0.354801728503
14.492 0 0.353250807825
14.506 0 0.352542566266
14.514 0 0.352317637413
14.521 0 0.352609832378
14.527 0 0.352856417076
14.535 0 0.352608141907
14.542 0 0.352251179591
14.554 0 0.351376879789
14.566 0 0.350596357422
14.575 0 0.349649267619
14.587 0 0.34917003345
14.599 0 0.348970457786
14.602 0 0.34881835338
14.612 0 0.347340405028
14.629 0 0.34601078754
14.63 0 0.34601078754
14.643 0 0.34612280545
14.652 0 0.347148369145
14.662 0 0.347565434416
14.682 0 0.348740987917
14.692 0 0.34897669857
14.698 0 0.349645674314
14.706 0 0.350542320916
14.712 0 0.350744052242
14.721 0 0.351751687272
14.737 0 0.352867896969
14.745 0 0.354268951432
14.752 0 0.355440129851
14.763 0 0.356317973289
14.772 0 0.357950025465
14.785 0 0.358783045214
14.798 0 0.360008742372
14.808 0 0.362918392858
14.809 0 0.361327794879
14.822 0 0.365237694193
14.831 0 0.364929671015
14.84 0 0.369234526264
14.851 0 0.369937638506
14.866 0 0.370023729078
14.869 0 0.373001434811
14.881 0 0.374891552672
14.892 0 0.377201804966
14.9 0 0.37868917527
14.914 0 0.382556299981
14.921 0 0.385845521219
14.935 0 0.390211271698
14.939 0 0.388080150936
14.952 0 0.387826348399
14.962 0 0.386741952637
14.975 0 0.388018263785
14.98 0 0.385842813085
14.998 0 0.384365873211
15.007 0 0.384423001524
15.012 0 0.379837837005
15.032 0 0.37437321667
15.039 0 0.373204235589
15.047 0 0.374247930281
15.055 0 0.383336321847
15.062 0 0.378641359866
15.073 0 0.384906364597
15.08 0 0.390525408049
15.092 0 0.391733725987
15.101 0 0.391305687787
15.109 0 0.391648095201
15.123 0 0.391610762626
15.136 0 0.391577936012
15.14 0 0.391910790883
15.151 0 0.391349406995
15.163 0 0.39093246753
15.174 0 0.390257130107
15.184 0 0.390051524743
15.191 0 0.39019035759
15.203 0 0.389547532601
15.219 0 0.388292413082
15.222 0 0.387770360241
15.23 0 0.386448043026
15.246 0 0.385865254468
15.249 0 0.385749266852
15.262 0 0.383461928888
15.272 0 0.381193276299
15.279 0 0.380273075907
15.3 0 0.37867761905
15.308 0 0.377273247819
15.32 0 0.37648519693
15.327 0 0.375821762898
15.334 0 0.373286642442
15.347 0 0.371456571747
15.356 0 0.371552330596
15.364 0 0.371467452315
15.375 0 0.370589230578
15.387 0 0.37089329565
15.39 0 0.37089329565
15.401 0 0.372608734495
15.415 0 0.374387155168
15.43 0 0.375886291085
15.445 0 0.380083975748
15.449 0 0.380083975748
15.457 0 0.380083975748
15.463 0 0.383539165875
15.474 0 0.383544660149
15.483 0 0.384305611616
15.49 0 0.385098586101
15.501 0 0.387442707597
15.518 0 0.388357632857
15.541 0 0.387868367132
15.545 0 0.390492682523
15.552 0 0.391170822282
15.56 0 0.394355491791
15.578 0 0.395822786116
15.585 0 0.396911332909
15.592 0 0.400128296056
15.601 0 0.401648908031
15.616 0 0.405319882358
15.624 0 0.410663006835
15.63 0 0.413570964012
15.641 0 0.415234625136
15.661 0 0.415546614582
15.673 0 0.415838687687
15.683 0 0.415838687687
15.695 0 0.423354646231
15.708 0 0.425807209493
15.723 0 0.426732431909
15.732 0 0.427408485327
15.739 0 0.428878571474
15.747 0 0.428107748101
15.757 0 0.426456743698
15.766 0 0.426456743698
15.773 0 0.42521903144
15.783 0 0.424904766927
15.792 0 0.423944791184
15.802 0 0.426243365776
15.816 0 0.425302620884
15.823 0 0.426785598671
15.842 0 0.426552925727
15.848 0 0.426546408924
15.852 0 0.42706342349
15.862 0 0.428566041982
15.871 0 0.430538216309
15.882 0 0.430914071037
15.893 0 0.430678806996
15.903 0 0.429524603981
15.915 0 0.428600857006
15.922 0 0.428234461948
15.935 0 0.429595947483
15.943 0 0.429495741687
15.954 0 0.429821321399
15.961 0 0.429821321399
15.974 0 0.431656086421
15.983 0 0.432822953789
15.994 0 0.43317888529
16.005 0 0.432908407232
16.014 0 0.433076686475
16.021 0 0.433076686475
16.034 0 0.42983937423
16.052 0 0.427949246086
16.061 0 0.426226606357
16.069 0 0.425418692678
16.073 0 0.424706712153
16.084 0 0.420309625945
16.096 0 0.41608452091
16.105 0 0.413638246678
16.112 0 0.411495259301
16.129 0 0.404177571179
16.141 0 0.403736219928
16.153 0 0.403880155594
16.162 0 0.403786084487
16.168 0 0.403698414288
16.179 0 0.403424469664
16.182 0 0.403424469664
16.194 0 0.403305229115
16.204 0 0.40413174494
16.212 0 0.405941827729
16.228 0 0.408088483148
16.235 0 0.409364505571
16.249 0 0.410375629395
16.257 0 0.410676711312
16.264 0 0.411067247027
16.272 0 0.411718933697
16.288 0 0.412755212066
16.297 0 0.41279383409
16.306 0 0.412904713046
16.313 0 0.414447707654
16.325 0 0.415489316072
16.332 0 0.415489316072
16.347 0 0.419698135422
16.356 0 0.421428666843
16.37 0 0.422423633627
16.378 0 0.423850307429
16.386 0 0.42519048206
16.396 0 0.424379693598
16.402 0 0.42490159567
16.411 0 0.430037608651
16.422 0 0.432540204491
16.431 0 0.433349292198
16.442 0 0.433829570429
16.458 0 0.435683000926
16.459 0 0.437570397276
16.47 0 0.437633155638
16.484 0 0.441014652357
16.492 0 0.4394017288
16.501 0 0.440254597981
16.516 0 0.444809546841
16.523 0 0.444809546841
16.53 0 0.448048740519
16.544 0 0.446274270796
16.559 0 0.447455940531
16.568 0 0.450679623502
16.574 0 0.449704983329
16.587 0 0.454621058617
16.603 0 0.457090549742
16.613 0 0.458487052554
16.621 0 0.459495179679
16.631 0 0.458818423736
16.649 0 0.45886965273
16.658 0 0.45886806171
16.664 0 0.458515304296
16.672 0 0.456931329883
16.682 0 0.456896352233
16.686 0 0.456174641571
16.7 0 0.455434710819
16.711 0 0.454836375976
16.717 0 0.454300749433
16.731 0 0.45414469117
16.738 0 0.452255035211
16.747 0 0.449999771013
16.754 0 0.448807833597
16.763 0 0.443385352308
16.773 0 0.443056515777
16.785 0 0.442382938203
16.792 0 0.44155569883
16.804 0 0.440254955485
16.816 0 0.44111645233
16.829 0 0.440893799403
16.835 0 0.441089213884
16.842 0 0.441137680204
16.854 0 0.439351004657
16.867 0 0.435675618995
16.875 0 0.435154305721
16.887 0 0.430716047353
16.899 0 0.425444805006
16.921 0 0.423532980135
16.924 0 0.423532980135
16.929 0 0.423532980135
16.94 0 0.417048508304
16.944 0 0.416785398505
16.954 0 0.4172996497
16.966 0 0.418746839088
16.975 0 0.420462312568
16.987 0 0.422144778128
16.993 0 0.423074916634
17.006 0 0.424894096459
17.016 0 0.426118726302
17.028 0 0.426761837974
17.033 0 0.427290458497
17.045 0 0.426963796444
17.06 0 0.426968356588
17.066 0 0.427208066038
17.078 0 0.427189422566
17.089 0 0.427468296212
17.103 0 0.428819693056
17.118 0 0.430052637151
17.123 0 0.430052637151
17.131 0 0.430052637151
17.141 0 0.435546348186
17.151 0 0.438944347692
17.151 0 0.438944347692
17.164 0 0.438944347692
17.169 0 0.438944347692
17.181 0 0.442975183156
17.201 0 0.44720309779
17.207 0 0.449863931045
17.214 0 0.44898118366
17.223 0 0.449343324082
17.235 0 0.449343324082
17.244 0 0.449343324082
17.252 0 0.455131661952
17.264 0 0.454025167351
17.28 0 0.461130647701
17.28 0 0.461130647701
17.291 0 0.461130647701
17.304 0 0.465185905989
17.32 0 0.464994203948
17.332 0 0.467687693224
17.339 0 0.469070072491
17.348 0 0.470170263543
17.36 0 0.4703718257
17.365 0 0.4703718257
17.372 0 0.473685270486
17.38 0 0.474761279845
17.392 0 0.475499864718
17.403 0 0.477251221848
17.409 0 0.479326420229
17.422 0 0.481670043767
17.433 0 0.481965745441
17.443 0 0.481735557619
17.459 0 0.480411886975
17.459 0 0.480284930168
17.471 0 0.479196278533
17.486 0 0.479054519995
17.497 0 0.477779539636
17.503 0 0.477640719069
17.512 0 0.47640624186
17.526 0 0.476935294927
17.537 0 0.474221757189
17.546 0 0.474402263517
17.554 0 0.471429548904
17.567 0 0.469709812533
17.586 0 0.467838962104
17.594 0 0.466855660407
17.604 0 0.464109937687
17.62 0 0.462606073748
17.632 0 0.45999816835
17.64 0 0.456400699718
17.663 0 0.452839401338
17.671 0 0.452839401338
17.677 0 0.446539990582
17.691 0 0.443697677718
17.7 0 0.442327829575
17.711 0 0.442113491209
17.734 0 0.442122470847
17.744 0 0.442231720809
17.759 0 0.442919717992
17.77 0 0.443231019541
17.781 0 0.443771012278
17.791 0 0.443739802501
17.81 0 0.443808257159
17.832 0 0.445454090301
17.845 0 0.445454090301
17.854 0 0.447564774317
17.867 0 0.447910269633
17.877 0 0.448668962378
17.887 0 0.449260665206
17.896 0 0.450151168094
17.906 0 0.450259979718
17.917 0 0.452977850849
17.926 0 0.453868055996
17.933 0 0.457770575037
17.944 0 0.460005409002
17.954 0 0.461482352707
17.962 0 0.465696294936
17.974 0 0.465921407249
17.981 0 0.469442369527
17.992 0 0.471963427078
18.004 0 0.473480341677
18.015 0 0.471420353473
18.022 0 0.473056572133
18.032 0 0.473056572133
18.042 0 0.477398958538
18.054 0 0.480950143952
18.072 0 0.489026008848
18.08 0 0.490915021405
18.089 0 0.491815716032
18.095 0 0.491815716032
18.1 0 0.491157055449
18.115 0 0.491408985478
18.122 0 0.490232237441
18.131 0 0.490762066595
18.143 0 0.489795652968
18.157 0 0.492784438169
18.166 0 0.492784438169
18.172 0 0.497370191113
18.184 0 0.499843311783
18.193 0 0.502626151548
18.208 0 0.504232328374
18.212 0 0.504055733348
18.221 0 0.504094538594
18.23 0 0.50368844001
18.245 0 0.50294009689
18.257 0 0.50117653479
18.263 0 0.500986094957
18.27 0 0.499960320031
18.282 0 0.500243410612
18.292 0 0.500171714456
18.308 0 0.500171714456
18.313 0 0.500171714456
18.326 0 0.495748251278
18.339 0 0.495152055362
18.348 0 0.495152055362
18.353 0 0.495152055362
18.365 0 0.495334496771
18.375 0 0.495163890901
18.383 0 0.494824218605
18.388 0 0.494397080326
18.402 0 0.493015257783
18.411 0 0.492556614376
18.424 0 0.492041149595
18.43 0 0.491881995431
18.441 0 0.490649885895
18.451 0 0.489835197978
18.46 0 0.489468576114
18.47 0 0.487495030593
18.483 0 0.48695587914
18.494 0 0.48626650884
18.504 0 0.48626650884
18.513 0 0.482497612482
18.524 0 0.482048021096
18.533 0 0.482149847231
18.541 0 0.482149847231
18.551 0 0.481315651081
18.562 0 0.481738921792
18.574 0 0.482242414418
18.582 0 0.48365244045
18.594 0 0.483989516142
18.611 0 0.483835587597
18.619 0 0.483835587597
18.628 0 0.486277890973
18.641 0 0.486318817084
18.648 0 0.486213258928
18.663 0 0.486411812466
18.673 0 0.487173452957
18.686 0 0.486744626194
18.696 0 0.487180548811
18.707 0 0.487180548811
18.713 0 0.488919341537
18.728 0 0.49237392376
18.745 0 0.49831690312
18.758 0 0.501784335601
18.769 0 0.505360200548
18.778 0 0.504492091392
18.788 0 0.504492091392
18.794 0 0.504492091392
18.804 0 0.507656373014
18.814 0 0.511294379969
18.831 0 0.510229800149
18.845 0 0.511386820786
18.855 0 0.513289934033
18.864 0 0.519207534411
18.876 0 0.522170504693
18.888 0 0.523654925249
18.9 0 0.522624782199
18.907 0 0.522693192615
18.915 0 0.523923467361
18.928 0 0.52437635613
18.941 0 0.52437635613
18.948 0 0.52437635613
18.953 0 0.526809971062
18.967 0 0.527863042801
18.974 0 0.529074521055
18.987 0 0.53063467799
18.996 0 0.53063467799
19.006 0 0.534433399244
19.022 0 0.533890179521
19.036 0 0.533014283672
19.05 0 0.532879373089
19.058 0 0.532879373089
19.066 0 0.532879373089
19.074 0 0.530889672713
19.089 0 0.528308691646
19.1 0 0.528308691646
19.107 0 0.528308691646
19.119 0 0.52291216262
19.124 0 0.5231709978
19.148 0 0.523203371543
19.154 0 0.523203371543
19.163 0 0.523129453811
19.173 0 0.522484375695
19.182 0 0.522156734713
19.194 0 0.521722300573
19.204 0 0.521625038374
19.212 0 0.521523096913
19.222 0 0.521340886992
19.231 0 0.521343208175
19.236 0 0.52159673305
19.246 0 0.521180694575
19.258 0 0.52043628069
19.267 0 0.519759945496
19.282 0 0.519685869509
19.292 0 0.520385420491
19.302 0 0.520785893487
19.311 0 0.520933027462
19.328 0 0.521178286253
19.337 0 0.521285669686
19.346 0 0.521758952673
19.353 0 0.521650873105
19.367 0 0.522927470786
19.382 0 0.522927470786
19.389 0 0.524937419739
19.397 0 0.525066145525
19.402 0 0.52477420473
19.409 0 0.525362868234
19.423 0 0.526717817375
19.432 0 0.526930957449
19.44 0 0.527439436398
19.452 0 0.528262282588
19.469 0 0.528571355498
19.474 0 0.528483838615
19.486 0 0.529222659713
19.493 0 0.53267863491
19.511 0 0.536557592184
19.525 0 0.536557592184
19.529 0 0.536557592184
19.54 0 0.541013438053
19.55 0 0.54555893116
19.566 0 0.549079898083
19.574 0 0.54800981959
19.579 0 0.546691347201
19.585 0 0.54870950168
19.585 0 0.54870950168
19.601 0 0.547418875324
19.607 0 0.547418875324
19.617 0 0.551398870777
19.628 0 0.551984017972
19.638 0 0.553233237328
19.648 0 0.553233237328
19.662 0 0.565123849502
19.672 0 0.569607544463
19.677 0 0.570277085196
19.691 0 0.573396978419
19.704 0 0.573874953459
19.715 0 0.573653533642
19.724 0 0.574878325381
19.733 0 0.575252039524
19.749 0 0.574683823574
19.763 0 0.576370128309
19.771 0 0.577478077247
19.784 0 0.579388166512
19.792 0 0.57973819799
19.803 0 0.579219538428
19.815 0 0.579254020502
19.823 0 0.578818857421
19.824 0 0.578337849855
19.836 0 0.578056522881
19.846 0 0.578324111772
19.858 0 0.578324111772
19.86 0 0.578324111772
19.873 0 0.578007073152
19.881 0 0.577618193198
19.889 0 0.57485200867
19.905 0 0.572979005419
19.918 0 0.572979005419
19.925 0 0.572979005419
19.942 0 0.570080872142
19.961 0 0.570048051059
19.971 0 0.570420250956
19.988 0 0.568477371717
19.998 0 0.56692354242
20.009 0 0.566347256006
20.016 0 0.566347256006
20.03 0 0.560384755902
20.044 0 0.5578505986
20.052 0 0.5578505986
20.062 0 0.551657668335
20.079 0 0.549120871382
20.089 0 0.549120871382
20.104 0 0.549120871382
20.118 0 0.551645412285
20.131 0 0.554443536746
20.135 0 0.554999955483
20.139 0 0.555188549812
20.153 0 0.557490318034
20.168 0 0.557877576295
20.176 0 0.558702188499
20.185 0 0.559366772239
20.197 0 0.560953585777
20.212 0 0.561679246203
20.219 0 0.561782955083
20.227 0 0.561582411475
20.234 0 0.561941622332
20.245 0 0.562295237563
20.263 0 0.562471268475
20.27 0 0.562471268475
20.281 0 0.56759479424
20.298 0 0.570015345956
20.307 0 0.569465107492
20.318 0 0.57402032137
20.328 0 0.574093179918
20.336 0 0.574536426794
20.351 0 0.573259383829
20.358 0 0.571114800894
20.365 0 0.573886566668
20.38 0 0.574102101922
20.385 0 0.574102101922
20.393 0 0.578610575003
20.401 0 0.578972640816
20.41 0 0.581218946344
20.427 0 0.582330574593
20.438 0 0.582330574593
20.442 0 0.578850331272
20.452 0 0.579082725441
20.457 0 0.579082725441
20.464 0 0.579082725441
20.476 0 0.585328328242
20.486 0 0.588525208083
20.497 0 0.592204816905
20.507 0 0.593875611175
20.523 0 0.594613800156
20.528 0 0.594613800156
20.534 0 0.594613800156
20.546 0 0.603263470766
20.561 0 0.605945579412
20.568 0 0.605879117774
20.577 0 0.60550776243
20.586 0 0.603947156719
20.596 0 0.602718061587
20.613 0 0.601454917143
20.628 0 0.600218051019
20.639 0 0.600071338308
20.655 0 0.597624254247
20.664 0 0.596301638527
20.674 0 0.594778149002
20.685 0 0.592115105099
20.7 0 0.588904509701
20.711 0 0.588297286036
20.722 0 0.588413712036
20.729 0 0.588588269846
20.735 0 0.588718178598
20.751 0 0.587355220375
20.761 0 0.586716807703
20.768 0 0.585426244116
20.78 0 0.582721884796
20.797 0 0.581164611002
20.808 0 0.5781905398
20.815 0 0.577452345387
20.822 0 0.575677707232
20.841 0 0.575517863381
20.847 0 0.575517863381
20.859 0 0.573084249704
20.867 0 0.571992605407
20.888 0 0.571983628681
20.897 0 0.572728383394
20.904 0 0.57449239697
20.915 0 0.575375366522
20.92 0 0.576964851835
20.937 0 0.577427993391
20.946 0 0.578268514018
20.955 0 0.579636178916
20.965 0 0.581506867953
20.976 0 0.581638838532
20.989 0 0.581638838532
20.996 0 0.581638838532
21.006 0 0.586316784858
21.019 0 0.586798334644
21.028 0 0.586798334644
21.039 0 0.586798334644
21.052 0 0.592669005767
21.063 0 0.591957591449
21.071 0 0.591957591449
21.079 0 0.596377464746
21.091 0 0.599061414409
21.11 0 0.599061414409
21.119 0 0.60250992515
21.136 0 0.602695677031
21.153 0 0.600447205277
21.164 0 0.600635674298
21.179 0 0.608315778828
21.194 0 0.612492840951
21.203 0 0.618357931007
21.211 0 0.61658488864
21.228 0 0.618377539676
21.234 0 0.618767622689
21.234 0 0.619441605316
21.248 0 0.623677032526
21.258 0 0.623805006335
21.271 0 0.624600173863
21.277 0 0.624505751218
21.288 0 0.624996834482
21.299 0 0.628099390445
21.316 0 0.62880928683
21.326 0 0.630558389649
21.337 0 0.633194662538
21.349 0 0.634591654767
21.363 0 0.634268450218
21.369 0 0.633966714107
21.373 0 0.633231651233
21.384 0 0.632989261269
21.398 0 0.632244170041
21.409 0 0.631988232287
21.417 0 0.631184533324
21.426 0 0.63188438334
21.426 0 0.631509039311
21.443 0 0.631509039311
21.45 0 0.631509039311
21.457 0 0.626458955352
21.472 0 0.624917168653
21.486 0 0.62376740982
21.487 0 0.623962159211
21.5 0 0.624016902856
21.511 0 0.623829905286
21.521 0 0.624148367779
21.535 0 0.62361497767
21.542 0 0.621782156176
21.554 0 0.62117505035
21.568 0 0.619806598482
21.587 0 0.619192548034
21.592 0 0.618066485766
21.606 0 0.614376512187
21.627 0 0.612975911198
21.634 0 0.611783245523
21.648 0 0.61219987102
21.66 0 0.612964574328
21.684 0 0.613785056202
21.693 0 0.614869936188
21.706 0 0.615202878919
21.715 0 0.616226309435
21.734 0 0.616242107985
21.74 0 0.616242107985
21.751 0 0.61823641001
21.761 0 0.619366962047
21.781 0 0.619866931455
21.787 0 0.619866931455
21.794 0 0.619866931455
21.805 0 0.621451607158
21.823 0 0.621483844928
21.83 0 0.621483844928
21.835 0 0.621483844928
21.844 0 0.622506142805
21.862 0 0.626686147419
21.875 0 0.629850038477
21.886 0 0.629850038477
21.89 0 0.629850038477
21.894 0 0.629850038477
21.9 0 0.629850038477
21.919 0 0.635502827912
21.929 0 0.635008564506
21.936 0 0.639238638498
21.954 0 0.640050827343
21.967 0 0.644409500675
21.975 0 0.644873020416
21.986 0 0.642806371319
21.998 0 0.642464503304
22.009 0 0.649207303216
22.025 0 0.646143284082
22.033 0 0.646143284082
22.038 0 0.646143284082
22.051 0 0.653617682744
22.065 0 0.659059028763
22.085 0 0.658509434963
22.097 0 0.66461262681
22.117 0 0.666415214335
22.127 0 0.67187948407
22.137 0 0.672600276964
22.146 0 0.672033591901
22.17 0 0.671224485092
22.182 0 0.670532412863
22.196 0 0.670330271802
22.212 0 0.670330271802
22.221 0 0.669431555464
22.233 0 0.66998459609
22.24 0 0.670725093199
22.259 0 0.669629055594
22.274 0 0.667826840682
22.282 0 0.666546090465
22.29 0 0.66390102342
22.3 0 0.662447282707
22.309 0 0.662447282707
22.313 0 0.657401025572
22.323 0 0.656352910026
22.333 0 0.655069404898
22.343 0 0.653901511225
22.358 0 0.653398262552
22.366 0 0.652093208143
22.372 0 0.651534368083
22.378 0 0.651534368083
22.392 0 0.651534368083
22.407 0 0.649510933156
22.41 0 0.649168200233
22.421 0 0.645632112688
22.428 0 0.640213336115
22.445 0 0.638485841029
22.456 0 0.638215725019
22.468 0 0.639461765219
22.487 0 0.640335328423
22.496 0 0.64062420149
22.507 0 0.640845986791
22.517 0 0.642622165326
22.537 0 0.642709335661
22.545 0 0.643014793809
22.557 0 0.643433968902
22.568 0 0.644167924452
22.581 0 0.6449750541
22.591 0 0.645008764017
22.597 0 0.645286929923
22.615 0 0.647323409105
22.619 0 0.647323409105
22.619 0 0.647323409105
22.65 0 0.649497591127
22.66 0 0.653483406802
22.667 0 0.655621229427
22.673 0 0.655997478252
22.682 0 0.657085040053
22.691 0 0.659654501369
22.707 0 0.663181903606
22.715 0 0.663534838371
22.72 0 0.663534838371
22.727 0 0.663534838371
22.735 0 0.666838485928
22.749 0 0.666838485928
22.755 0 0.666838485928
22.761 0 0.667999788914
22.771 0 0.672875889651
22.796 0 0.680151420291
22.804 0 0.680151420291
22.812 0 0.679820895783
22.834 0 0.680472662463
22.841 0 0.680472662463
22.855 0 0.684664015262
22.867 0 0.684664015262
22.874 0 0.684664015262
22.883 0 0.685076568201
22.894 0 0.685787857809
22.909 0 0.687365603561
22.917 0 0.688878245608
22.925 0 0.689131041525
22.935 0 0.687773452642
22.948 0 0.685616188778
22.958 0 0.684361566176
22.968 0 0.683402810197
22.976 0 0.683249290254
22.99 0 0.683440376511
23.001 0 0.683440376511
23.007 0 0.683440376511
23.009 0 0.683440376511
23.026 0 0.683694612972
23.037 0 0.682791136508
23.043 0 0.682791136508
23.051 0 0.680010991446
23.065 0 0.678033426871
23.078 0 0.678027273051
23.091 0 0.679134070221
23.103 0 0.680205442482
23.117 0 0.680205442482
23.126 0 0.679929083233
23.133 0 0.678824845666
23.142 0 0.676886271964
23.16 0 0.675495811695
23.168 0 0.675495811695
23.172 0 0.675495811695
23.18 0 0.675495811695
23.187 0 0.67457749574
23.197 0 0.67237759095
23.203 0 0.672192972701
23.212 0 0.67030206379
23.223 0 0.669496323978
23.244 0 0.669566274979
23.252 0 0.67029147637
23.259 0 0.671544057668
23.272 0 0.672569542042
23.292 0 0.673652898462
23.302 0 0.673652898462
23.307 0 0.673652898462
23.313 0 0.673652898462
23.324 0 0.679637914519
23.338 0 0.680253171222
23.35 0 0.680878600093
23.357 0 0.681974607407
23.364 0 0.682284974786
23.381 0 0.682869725495
23.388 0 0.683796242489
23.396 0 0.685571933524
23.402 0 0.686489466348
23.409 0 0.68786992646
23.424 0 0.688325542587
23.432 0 0.690072043269
23.44 0 0.689818773229
23.448 0 0.692926827987
23.462 0 0.698124844715
23.469 0 0.699103524197
23.478 0 0.699562495117
23.483 0 0.69971848749
23.494 0 0.700892572077
23.504 0 0.700375101817
23.519 0 0.699382432286
23.536 0 0.694753005637
23.545 0 0.698897953805
23.549 0 0.696911567569
23.558 0 0.700844402392
23.565 0 0.704354453907
23.577 0 0.706254438742
23.587 0 0.707561224103
23.591 0 0.704384248695
23.603 0 0.701332496568
23.615 0 0.703065289829
23.632 0 0.707466634908
23.637 0 0.708161774252
23.645 0 0.712761361617
23.657 0 0.71375136964
23.667 0 0.714428521233
23.678 0 0.71483767295
23.686 0 0.716879090071
23.697 0 0.717521846942
23.711 0 0.717797767795
23.721 0 0.717797767795
23.724 0 0.71726392762
23.732 0 0.717209325179
23.739 0 0.717209325179
23.751 0 0.714642651496
23.767 0 0.71511528403
23.778 0 0.717263161547
23.786 0 0.718167020662
23.797 0 0.719442904046
23.806 0 0.719165345906
23.815 0 0.719516207067
23.825 0 0.719488216755
23.832 0 0.720020212989
23.845 0 0.718465118916
23.858 0 0.717646229517
23.864 0 0.718099437139
23.873 0 0.716847281379
23.895 0 0.71580595991
23.903 0 0.713821760636
23.913 0 0.713512358889
23.921 0 0.713512358889
23.935 0 0.711262326651
23.942 0 0.70923793709
23.954 0 0.708452527154
23.96 0 0.707057029394
23.971 0 0.704771561014
23.979 0 0.704771561014
23.986 0 0.704771561014
23.998 0 0.700428739917
24.006 0 0.698944413552
24.015 0 0.698783431912
24.027 0 0.69938151035
24.037 0 0.699869938254
24.046 0 0.699830527726
24.058 0 0.699988510484
24.066 0 0.699492510758
24.084 0 0.699279960404
24.092 0 0.699279960404
24.099 0 0.700220900821
24.112 0 0.700261696466
24.119 0 0.700261696466
24.127 0 0.702031275405
24.138 0 0.704854409032
24.148 0 0.7065231969
24.162 0 0.706781295055
24.17 0 0.706781295055
24.183 0 0.707095460617
24.191 0 0.708272903381
24.205 0 0.712454836212
24.221 0 0.713936686561
24.229 0 0.715972366277
24.243 0 0.719666667047
24.259 0 0.721443517646
24.26 0 0.722354629358
24.276 0 0.722593400754
24.284 0 0.722630808313
24.295 0 0.71966644158
24.301 0 0.719229786003
24.314 0 0.717548333184
24.324 0 0.716548424307
24.342 0 0.717361358807
24.345 0 0.71939014843
24.357 0 0.719377489474
24.365 0 0.722766769197
24.374 0 0.721044548361
24.389 0 0.718565641172
24.398 0 0.718030827854
24.408 0 0.719957753433
24.415 0 0.721661003863
24.425 0 0.720627587238
24.443 0 0.724114066797
24.453 0 0.721339085065
24.461 0 0.721912304094
24.467 0 0.726115485429
24.474 0 0.726115485429
24.482 0 0.726115485429
24.493 0 0.724128291694
24.504 0 0.72420562142
24.516 0 0.723304639404
24.53 0 0.724470160563
24.539 0 0.724590238882
24.556 0 0.723990805207
24.574 0 0.722848323854
24.579 0 0.722581048791
24.59 0 0.719877034688
24.6 0 0.721754596574
24.61 0 0.721334751844
24.62 0 0.721334751844
24.625 0 0.721334751844
24.639 0 0.720625666405
24.644 0 0.720968080876
24.648 0 0.721339835815
24.66 0 0.722138719259
24.67 0 0.722091315787
24.679 0 0.721595511855
24.689 0 0.721646762887
24.696 0 0.721270800022
24.703 0 0.720736539626
24.716 0 0.719398735942
24.727 0 0.718023366038
24.736 0 0.715561927453
24.75 0 0.710691358488
24.768 0 0.709146199219
24.779 0 0.708822308202
24.793 0 0.708783609102
24.798 0 0.709043874318
24.807 0 0.708921583091
24.822 0 0.709656715792
24.833 0 0.710434324953
24.843 0 0.71137462968
24.852 0 0.712349481897
24.859 0 0.712130897586
24.875 0 0.711795157519
24.879 0 0.711795157519
24.884 0 0.711795157519
24.891 0 0.712172978652
24.898 0 0.713186827216
24.914 0 0.714651577158
24.926 0 0.714815878355
24.936 0 0.715605500988
24.941 0 0.716501748294
24.95 0 0.716397632737
24.961 0 0.715425962374
24.964 0 0.715958986582
24.978 0 0.717770044817
24.992 0 0.718614906062
25.006 0 0.722746294094
25.014 0 0.726389711821
25.021 0 0.726812160552
25.024 0 0.729269451054
25.034 0 0.729566753552
25.045 0 0.729120283406
25.053 0 0.729120283406
25.063 0 0.726125899263
25.079 0 0.724116872814
25.089 0 0.724899909745
25.095 0 0.724799761629
25.104 0 0.726007541492
25.113 0 0.726007541492
25.122 0 0.725921002224
25.133 0 0.729146032542
25.143 0 0.735757396279
25.153 0 0.732736952488
25.167 0 0.736537588794
25.177 0 0.734766831447
25.189 0 0.733641748877
25.2 0 0.740575506958
25.215 0 0.740741145866
25.222 0 0.743516507165
25.226 0 0.744126233918
25.236 0 0.7460731571
25.252 0 0.747971990675
25.261 0 0.751985792494
25.269 0 0.75257172066
25.28 0 0.752071932407
25.293 0 0.751804344662
25.296 0 0.751804344662
25.303 0 0.750818956007
25.314 0 0.749303528434
25.33 0 0.747972992119
25.335 0 0.747972992119
25.35 0 0.750233766078
25.351 0 0.749954242713
25.377 0 0.749155839752
25.385 0 0.749096306472
25.385 0 0.749096306472
25.396 0 0.749096306472
25.406 0 0.749096306472
25.419 0 0.747484051829
25.424 0 0.747403092443
25.438 0 0.747322470935
25.454 0 0.7476781702
25.466 0 0.7476781702
25.472 0 0.7476781702
25.479 0 0.745108048682
25.486 0 0.743689802575
25.499 0 0.740852697167
25.503 0 0.739093263993
25.514 0 0.738059463897
25.53 0 0.7353689822
25.538 0 0.734169300252
25.547 0 0.731172797267
25.559 0 0.728961398186
25.572 0 0.728037649286
25.582 0 0.724414651752
25.592 0 0.723720854804
25.6 0 0.723172172484
25.609 0 0.724675082642
25.627 0 0.725987119493
25.637 0 0.728037840867
25.647 0 0.728736495307
25.656 0 0.729462777653
25.659 0 0.730229994625
25.672 0 0.732124225111
25.688 0 0.733302783749
25.698 0 0.734278799278
25.709 0 0.735368550448
25.718 0 0.737119989958
25.738 0 0.737126118155
25.746 0 0.736994264621
25.758 0 0.73665463727
25.772 0 0.738017658291
25.789 0 0.744183172313
25.799 0 0.747310967661
25.808 0 0.748834109595
25.813 0 0.751962259695
25.827 0 0.75288235692
25.842 0 0.752710487529
25.849 0 0.752710487529
25.852 0 0.752710487529
25.86 0 0.75072668316
25.87 0 0.751316906582
25.883 0 0.748098695692
25.9 0 0.750742564968
25.91 0 0.754837258159
25.925 0 0.757928206291
25.934 0 0.759288056382
25.941 0 0.755273456482
25.95 0 0.760389403099
25.963 0 0.765723290643
25.974 0 0.766681717877
25.976 0 0.767906458047
25.992 0 0.769809794423
26.017 0 0.770999066197
26.026 0 0.772577289068
26.037 0 0.773182310585
26.046 0 0.772502589743
26.06 0 0.772991515231
26.07 0 0.772407280628
26.079 0 0.771316070738
26.087 0 0.770345861386
26.095 0 0.769836715857
26.111 0 0.767469192306
26.123 0 0.767469192306
26.128 0 0.767469192306
26.135 0 0.767037633984
26.148 0 0.769486834752
26.159 0 0.769454632668
26.168 0 0.769454632668
26.175 0 0.771020595
26.189 0 0.770280242406
26.199 0 0.769750942362
26.213 0 0.768793968901
26.223 0 0.768023726208
26.23 0 0.766617616454
26.239 0 0.766371656916
26.256 0 0.767650926809
26.269 0 0.767461446643
26.279 0 0.766172200766
26.288 0 0.766172200766
26.307 0 0.761310341039
26.311 0 0.75942350336
26.326 0 0.7567487464
26.334 0 0.754687881335
26.351 0 0.750710286649
26.363 0 0.747304581629
26.376 0 0.746755944588
26.383 0 0.746140269368
26.393 0 0.745564701307
26.407 0 0.745564701307
26.417 0 0.745555466494
26.428 0 0.744788681396
26.442 0 0.743388028632
26.452 0 0.743816260131
26.459 0 0.74360834307
26.471 0 0.743926315348
26.489 0 0.744775884937
26.499 0 0.745005342387
26.507 0 0.745250025884
26.521 0 0.744694348315
26.531 0 0.743319461723
26.54 0 0.742671175281
26.55 0 0.74363011592
26.559 0 0.746235289752
26.569 0 0.746235289752
26.578 0 0.746235289752
26.584 0 0.747242952107
26.596 0 0.752620280868
26.604 0 0.754041775119
26.612 0 0.754829766274
26.625 0 0.754355106464
26.636 0 0.752934656827
26.641 0 0.753751310013
26.656 0 0.753186164678
26.671 0 0.751810352927
26.682 0 0.751810352927
26.691 0 0.751625686207
26.71 0 0.755231168151
26.718 0 0.755231168151
26.728 0 0.756359286448
26.737 0 0.757428392774
26.746 0 0.75940733163
26.757 0 0.760066071902
26.764 0 0.763421578384
26.772 0 0.767746075997
26.782 0 0.764974898459
26.792 0 0.766612286957
26.802 0 0.766826034118
26.811 0 0.76670847043
26.82 0 0.767496144469
26.831 0 0.769455227365
26.839 0 0.770041379883
26.853 0 0.769542269615
26.86 0 0.767930693929
26.874 0 0.767563342852
26.88 0 0.76690192751
26.889 0 0.766348658927
26.896 0 0.766348658927
26.907 0 0.765579921881
26.913 0 0.76593120712
26.922 0 0.766955636677
26.935 0 0.767890345852
26.946 0 0.767986296314
26.955 0 0.766786117781
26.964 0 0.767549026304
26.985 0 0.764423069088
26.989 0 0.765199140614
26.995 0 0.765191344556
27.008 0 0.764887729126
27.026 0 0.765275122321
27.039 0 0.764514205285
27.049 0 0.763534138676
27.052 0 0.761472721419
27.068 0 0.757210611668
27.075 0 0.7535062173
27.083 0 0.752971786724
27.085 0 0.752789491716
27.104 0 0.746912405342
27.113 0 0.746341643551
27.122 0 0.746341643551
27.129 0 0.746341643551
27.137 0 0.74385918042
27.146 0 0.742390649514
27.155 0 0.739915536858
27.169 0 0.739915536858
27.175 0 0.739915536858
27.186 0 0.74005483219
27.199 0 0.741069291603
27.214 0 0.741733995265
27.233 0 0.742308067834
27.242 0 0.74293771071
27.251 0 0.743497019397
27.269 0 0.744173264118
27.28 0 0.744173264118
27.292 0 0.743773154433
27.305 0 0.741460162531
27.32 0 0.742385989305
27.327 0 0.742400683772
27.335 0 0.744741216562
27.352 0 0.749494270257
27.366 0 0.752007151034
27.379 0 0.75339359689
27.395 0 0.757583318537
27.403 0 0.758693357231
27.417 0 0.757502105101
27.429 0 0.757705327212
27.443 0 0.756606625969
27.455 0 0.755464979173
27.468 0 0.756319530963
27.479 0 0.754693148429
27.485 0 0.754527687627
27.49 0 0.756369341543
27.508 0 0.761432312608
27.518 0 0.760519895071
27.529 0 0.756151308004
27.543 0 0.758633449778
27.559 0 0.760688218549
27.571 0 0.765929078331
27.59 0 0.767096160743
27.597 0 0.768883878756
27.605 0 0.768333774773
27.615 0 0.767934224838
27.639 0 0.767572645371
27.649 0 0.768303820178
27.661 0 0.767522541072
27.671 0 0.764797670924
27.678 0 0.767623864607
27.694 0 0.769549964656
27.705 0 0.768820616096
27.711 0 0.769745545189
27.721 0 0.766578455458
27.739 0 0.762214429324
27.753 0 0.760417643081
27.762 0 0.758953232131
27.78 0 0.758411094165
27.791 0 0.759155803558
27.799 0 0.759369761936
27.806 0 0.75944211042
27.819 0 0.758749079502
27.835 0 0.75908215178
27.842 0 0.75908215178
27.856 0 0.756863771359
27.867 0 0.753948324235
27.882 0 0.752171639661
27.894 0 0.750938015927
27.902 0 0.749695378304
27.912 0 0.749225019546
27.925 0 0.748173957406
27.932 0 0.748416282627
27.941 0 0.747798774104
27.947 0 0.746239185675
27.964 0 0.745627376308
27.976 0 0.746592754017
27.983 0 0.747376851844
27.993 0 0.74778636166
28.01 0 0.748906250649
28.021 0 0.750537589247
28.03 0 0.751479496609
28.039 0 0.75161389044
28.057 0 0.752626301288
28.069 0 0.753468140604
28.077 0 0.754016074322
28.094 0 0.754961835323
28.111 0 0.754961835323
28.118 0 0.755901744027
28.124 0 0.755543002943
28.136 0 0.757996784537
28.156 0 0.762668185785
28.163 0 0.768130894373
28.172 0 0.768924806484
28.18 0 0.768639276344
28.193 0 0.767520229063
28.207 0 0.767520229063
28.213 0 0.767295619916
28.222 0 0.766925617786
28.231 0 0.763166771135
28.24 0 0.769201192923
28.253 0 0.769201192923
28.268 0 0.773352164436
28.284 0 0.770216295877
28.289 0 0.769313745065
28.302 0 0.768151719055
28.315 0 0.774585546252
28.324 0 0.777034997183
28.337 0 0.778893319991
28.348 0 0.781540254744
28.361 0 0.783073676028
28.371 0 0.783506343562
28.38 0 0.784421381392
28.38 0 0.784601317739
28.394 0 0.789018000992
28.411 0 0.790804100296
28.421 0 0.790908049787
28.425 0 0.790951391697
28.44 0 0.789508725885
28.457 0 0.789056133612
28.469 0 0.788159984241
28.474 0 0.788159984241
28.48 0 0.788159984241
28.485 0 0.788159984241
28.497 0 0.788452049883
28.514 0 0.791244313415
28.526 0 0.793311052716
28.536 0 0.793345727174
28.55 0 0.793345727174
28.55 0 0.793345727174
28.561 0 0.793345727174
28.568 0 0.793345727174
28.58 0 0.789132620577
28.586 0 0.785166962065
28.608 0 0.784973819066
28.615 0 0.784041795409
28.626 0 0.782254123562
28.642 0 0.775673085661
28.655 0 0.774856924953
28.666 0 0.770588944918
28.673 0 0.769146801564
28.686 0 0.766450408588
28.702 0 0.763176023028
28.712 0 0.760162825366
28.718 0 0.759430936058
28.732 0 0.759081107433
28.745 0 0.759081107433
28.754 0 0.761381773105
28.76 0 0.760962627716
28.766 0 0.761357464838
28.777 0 0.760798044554
28.788 0 0.759607751302
28.798 0 0.758925754203
28.806 0 0.759259870049
28.816 0 0.760953799293
28.831 0 0.760953799293
28.838 0 0.763326163928
28.853 0 0.763423035927
28.871 0 0.761523278258
28.884 0 0.762107209041
28.9 0 0.764876458325
28.907 0 0.76841919282
28.924 0 0.77316731342
28.936 0 0.77280687027
28.94 0 0.77280687027
28.946 0 0.783694081049
28.961 0 0.788632787958
28.978 0 0.787119389654
28.987 0 0.787131421428
28.996 0 0.783992492862
29.016 0 0.776494270807
29.027 0 0.776584226515
29.034 0 0.776807381695
29.044 0 0.774240264107
29.057 0 0.774862630607
29.068 0 0.782709163979
29.078 0 0.783503626854
29.09 0 0.789320185583
29.101 0 0.786922914461
29.117 0 0.787611583259
29.127 0 0.790062753867
29.136 0 0.792298613269
29.146 0 0.795185818128
29.159 0 0.796092659815
29.169 0 0.797546031584
29.18 0 0.798898316648
29.188 0 0.800993378805
29.201 0 0.803437798922
29.211 0 0.803661187505
29.218 0 0.802427473816
29.228 0 0.801934240363
29.234 0 0.800644039885
29.25 0 0.800644039885
29.256 0 0.800644039885
29.262 0 0.799324434463
29.27 0 0.79931799706
29.281 0 0.800446949435
29.297 0 0.79991058121
29.305 0 0.799221449394
29.311 0 0.797064421331
29.323 0 0.797023240292
29.335 0 0.792956251661
29.355 0 0.792170092359
29.366 0 0.792158694576
29.372 0 0.79264283525
29.394 0 0.793147629814
29.402 0 0.791939819275
29.415 0 0.789511494169
29.427 0 0.787677430678
29.435 0 0.787677430678
29.444 0 0.787677430678
29.451 0 0.781961876493
29.468 0 0.776176483609
29.482 0 0.774170666435
29.491 0 0.7723732943
29.494 0 0.771771357519
29.503 0 0.76674824241
29.521 0 0.765703450348
29.538 0 0.76681734329
29.546 0 0.766403192186
29.552 0 0.766362571567
29.557 0 0.765869752667
29.569 0 0.765018776062
29.581 0 0.763902673011
29.597 0 0.76339127584
29.606 0 0.764201922254
29.628 0 0.768147451582
29.637 0 0.770414285363
29.646 0 0.771189683078
29.661 0 0.772531300053
29.672 0 0.772756072181
29.679 0 0.772243850182
29.684 0 0.772243850182
29.693 0 0.772243850182
29.705 0 0.772783312766
29.713 0 0.774653199015
29.724 0 0.775776169691
29.736 0 0.783853025668
29.756 0 0.783594003628
29.758 0 0.783313701834
29.778 0 0.782905383036
29.798 0 0.78475573066
29.806 0 0.78684501574
29.816 0 0.787747545839
29.824 0 0.788670524251
29.841 0 0.785595754122
29.847 0 0.785595754122
29.856 0 0.797749719278
29.867 0 0.799403759143
29.885 0 0.79596365163
29.899 0 0.796693951592
29.909 0 0.797449335375
29.92 0 0.802816794891
29.929 0 0.805160091483
29.94 0 0.807396539407
29.947 0 0.808479942236
29.96 0 0.810802276362
29.976 0 0.811908345248
29.983 0 0.814436282941
29.997 0 0.813787493038
30.006 0 0.813132327826
30.016 0 0.812050893622
30.024 0 0.810307306745
30.037 0 0.808672752875
30.045 0 0.808219588184
30.059 0 0.809643958267
30.071 0 0.808860852147
30.082 0 0.807318398388
30.091 0 0.806530000397
30.109 0 0.805458998048
30.125 0 0.804575224035
30.131 0 0.804063897333
30.141 0 0.803274656991
30.16 0 0.802316204647
30.167 0 0.802277378464
30.178 0 0.801685931982
30.187 0 0.800589791038
30.199 0 0.798083004941
30.209 0 0.796039734141
30.217 0 0.794169524162
30.231 0 0.793157141801
30.238 0 0.78932840159
30.254 0 0.786436660938
30.265 0 0.78324180734
30.275 0 0.779580319373
30.296 0 0.776878066003
30.308 0 0.776161928306
30.317 0 0.777438598187
30.33 0 0.776783825115
30.337 0 0.776783825115
30.352 0 0.776614677113
30.361 0 0.777722190841
30.374 0 0.777513268302
30.387 0 0.777924234976
30.393 0 0.777131303704
30.398 0 0.778527036541
30.417 0 0.783042514669
30.428 0 0.784203756135
30.442 0 0.783965913847
30.453 0 0.782842327179
30.471 0 0.782384737031
30.477 0 0.782384737031
30.486 0 0.784436409965
30.496 0 0.785981075559
30.508 0 0.790922176455
30.52 0 0.794709361944
30.531 0 0.796387803925
30.546 0 0.798841112716
30.566 0 0.79585039228
30.575 0 0.792868975265
30.585 0 0.795799727255
30.594 0 0.796919781868
30.609 0 0.796919781868
30.617 0 0.796919781868
30.628 0 0.816548034913
30.642 0 0.816608454023
30.662 0 0.81685003232
30.667 0 0.81685003232
30.674 0 0.81685003232
30.679 0 0.818481409996
30.696 0 0.819839556724
30.705 0 0.82186548632
30.712 0 0.822769881142
30.722 0 0.82087095174
30.731 0 0.820696383647
30.743 0 0.820990176094
30.751 0 0.822568569255
30.764 0 0.828122450018
30.772 0 0.82806755741
30.785 0 0.831150848984
30.792 0 0.830097716515
30.802 0 0.829979003526
30.811 0 0.829164590282
30.82 0 0.82788730871
30.84 0 0.827696648051
30.848 0 0.825436507532
30.857 0 0.824697157736
30.864 0 0.824697157736
30.872 0 0.821298908366
30.881 0 0.820247275759
30.897 0 0.82045071399
30.906 0 0.820874304001
30.916 0 0.820766177184
30.923 0 0.818759043193
30.937 0 0.818452268002
30.943 0 0.817813514956
30.953 0 0.81714911784
30.963 0 0.815369513999
30.983 0 0.8134735699
30.993 0 0.811463964704
31.004 0 0.809084329308
31.019 0 0.806832997051
31.03 0 0.806832997051
31.038 0 0.801126267334
31.046 0 0.798604226354
31.057 0 0.797016843879
31.071 0 0.79510401111
31.083 0 0.79510401111
31.095 0 0.79589205658
31.106 0 0.795626270386
31.127 0 0.795658560166
31.137 0 0.79452280067
31.146 0 0.793444534717
31.162 0 0.794074250536
31.174 0 0.794501083396
31.182 0 0.794980178652
31.198 0 0.797103578632
31.208 0 0.797521119287
31.219 0 0.797422246862
31.231 0 0.797268763094
31.253 0 0.797400794039
31.262 0 0.797400794039
31.271 0 0.797400794039
31.276 0 0.800270757784
31.294 0 0.803424934067
31.306 0 0.807471084647
31.317 0 0.806636758625
31.327 0 0.810601687655
31.334 0 0.8090568343
31.345 0 0.811603809511
31.354 0 0.809148302407
31.365 0 0.813736318905
31.375 0 0.812561511108
31.392 0 0.814541927785
31.404 0 0.825031433804
31.413 0 0.825198069458
31.42 0 0.825363140883
31.435 0 0.825925522041
31.447 0 0.825404262378
31.455 0 0.826209144991
31.461 0 0.825669733038
31.461 0 0.825669733038
31.474 0 0.825272671944
31.486 0 0.827368335983
31.494 0 0.829604980716
31.511 0 0.828562915612
31.521 0 0.823083504035
31.53 0 0.823258331829
31.54 0 0.828336874016
31.547 0 0.824614047882
31.566 0 0.82995025278
31.574 0 0.82995025278
31.578 0 0.82995025278
31.586 0 0.82995025278
31.596 0 0.826777376551
31.61 0 0.825596460444
31.621 0 0.824800333081
31.627 0 0.823617331298
31.638 0 0.822654291926
31.653 0 0.822135500543
31.662 0 0.822135500543
31.667 0 0.822135500543
31.675 0 0.820162103273
31.685 0 0.818797277913
31.701 0 0.817533476432
31.709 0 0.816140432223
31.716 0 0.815327375216
31.727 0 0.811521398139
31.74 0 0.810008177863
31.747 0 0.809663316621
31.757 0 0.80783105248
31.765 0 0.807202979748
31.779 0 0.80577716806
31.793 0 0.803777861696
31.802 0 0.803546946054
31.812 0 0.801713938659
31.825 0 0.799276173476
31.841 0 0.799004945554
31.846 0 0.798015225412
31.853 0 0.796607063333
31.862 0 0.79581958011
31.87 0 0.795773439274
31.877 0 0.795734121984
31.886 0 0.795088464088
31.896 0 0.795088464088
31.904 0 0.79670414575
31.915 0 0.797034901529
31.925 0 0.797835163133
31.936 0 0.797836462769
31.946 0 0.797980017055
31.957 0 0.800599020574
31.98 0 0.803462535224
31.988 0 0.804516858093
31.999 0 0.804447185792
32.01 0 0.804291600051
32.026 0 0.804291600051
32.038 0 0.805311465388
32.049 0 0.80696006127
32.059 0 0.809674503391
32.079 0 0.815837069142
32.09 0 0.816489048607
32.102 0 0.819232763019
32.113 0 0.825847681301
32.136 0 0.826222267671
32.142 0 0.826222267671
32.161 0 0.827246218864
32.173 0 0.823755294045
32.183 0 0.828103684478
32.197 0 0.82826571924
32.21 0 0.835123670539
32.221 0 0.836563733815
32.23 0 0.834915227423
32.249 0 0.83383101498
32.26 0 0.836718513387
32.272 0 0.839762121444
32.291 0 0.84387926632
32.307 0 0.84423345477
32.319 0 0.847504621556
32.328 0 0.847504621556
32.335 0 0.850717213373
32.355 0 0.85221632533
32.368 0 0.852179222529
32.375 0 0.850147125513
32.398 0 0.848191607543
32.405 0 0.846561785391
32.419 0 0.846107874686
32.429 0 0.846107874686
32.436 0 0.846107874686
32.449 0 0.844278412331
32.462 0 0.842988393573
32.481 0 0.840561663243
32.491 0 0.839501001212
32.495 0 0.839148806116
32.502 0 0.838198976035
32.522 0 0.836543856014
32.531 0 0.835505565476
32.539 0 0.834417040147
32.557 0 0.832308511015
32.565 0 0.832308511015
32.571 0 0.832308511015
32.576 0 0.832308511015
32.585 0 0.825063716598
32.607 0 0.82320236575
32.623 0 0.821915870372
32.628 0 0.820925283898
32.639 0 0.818450152547
32.652 0 0.818641978275
32.662 0 0.81934545437
32.672 0 0.820920609089
32.679 0 0.821647504344
32.689 0 0.823880188687
32.706 0 0.824325431906
32.711 0 0.824296289406
32.721 0 0.824166634707
32.737 0 0.82554627138
32.752 0 0.826626512646
32.761 0 0.82791046998
32.768 0 0.829299312978
32.78 0 0.829958346158
32.791 0 0.830159448834
32.805 0 0.830074723534
32.814 0 0.830074723534
32.834 0 0.834940839751
32.844 0 0.838158011239
32.861 0 0.838784028902
32.869 0 0.838784028902
32.876 0 0.838784028902
32.883 0 0.841690350884
32.895 0 0.843348322535
32.904 0 0.840327628159
32.918 0 0.838717199048
32.932 0 0.837387262639
32.944 0 0.837387262639
32.953 0 0.837387262639
32.962 0 0.842301203233
32.975 0 0.843062451782
32.98 0 0.843062451782
32.986 0 0.843062451782
32.991 0 0.842607329637
33.01 0 0.845694909125
33.026 0 0.839017481272
33.035 0 0.844788726705
33.044 0 0.843381490093
33.053 0 0.851241949198
33.063 0 0.853882339235
33.083 0 0.852288762307
33.089 0 0.852785381317
33.095 0 0.853536242095
33.107 0 0.857250460817
33.119 0 0.857659815834
33.125 0 0.858250834915
33.132 0 0.858460600527
33.146 0 0.858432793093
33.156 0 0.858432793093
33.162 0 0.858432793093
33.162 0 0.858432793093
33.174 0 0.857458343003
33.19 0 0.85848640455
33.21 0 0.859683603754
33.226 0 0.860377776525
33.239 0 0.858072299836
33.254 0 0.854509486498
33.265 0 0.853875670388
33.274 0 0.853575236435
33.284 0 0.852595828096
33.301 0 0.852541365052
33.303 0 0.852559138901
33.313 0 0.851684632408
33.322 0 0.850907523834
33.332 0 0.850197269337
33.345 0 0.848375141094
33.352 0 0.847778920383
33.361 0 0.846669899352
33.365 0 0.846669899352
33.376 0 0.846669899352
33.392 0 0.841910394575
33.398 0 0.841880833469
33.406 0 0.840791312763
33.427 0 0.838926401667
33.447 0 0.838926401667
33.453 0 0.841284894361
33.462 0 0.840774308339
33.473 0 0.841715258494
33.485 0 0.841618177735
33.503 0 0.841178581633
33.52 0 0.844064776394
33.532 0 0.8455308096
33.538 0 0.846445351921
33.551 0 0.84740515604
33.561 0 0.848019876284
33.573 0 0.848019876284
33.578 0 0.848019876284
33.581 0 0.847929263475
33.595 0 0.847450188477
33.602 0 0.847450188477
33.611 0 0.847450188477
33.627 0 0.847592300025
33.634 0 0.849323309916
33.645 0 0.850044776632
33.655 0 0.853888065579
33.657 0 0.853888065579
33.671 0 0.859026173218
33.675 0 0.858242412714
33.696 0 0.855709542274
33.706 0 0.852988855797
33.722 0 0.853893715488
33.73 0 0.854054057483
33.74 0 0.853288996643
33.748 0 0.858147105789
33.768 0 0.861823433811
33.776 0 0.861823433811
33.783 0 0.864656922542
33.797 0 0.86376006313
33.813 0 0.864166374392
33.821 0 0.869171233242
33.832 0 0.870941140534
33.841 0 0.872274034284
33.853 0 0.8737817905
33.863 0 0.875437308261
33.875 0 0.877087196856
33.884 0 0.878663187046
33.891 0 0.879570621877
33.902 0 0.880884461808
33.912 0 0.881774274767
33.922 0 0.881409575607
33.933 0 0.880841655682
33.946 0 0.879065675769
33.951 0 0.878852402371
33.962 0 0.877726499098
33.973 0 0.878170772702
33.988 0 0.876209727638
34.0 0 0.877188953912
34.009 0 0.876646706927
34.019 0 0.876981630648
34.019 0 0.877023986886
34.036 0 0.874590391129
34.045 0 0.873233659666
34.055 0 0.871773252784
34.066 0 0.871460652452
34.079 0 0.871076530373
34.091 0 0.871076530373
34.1 0 0.872056698825
34.116 0 0.87242614071
34.131 0 0.87242614071
34.136 0 0.87242614071
34.147 0 0.870810403025
34.154 0 0.870241871668
34.163 0 0.866870204795
34.178 0 0.86429262748
34.187 0 0.860905710566
34.198 0 0.859805111938
34.205 0 0.858333870144
34.223 0 0.859324976981
34.233 0 0.860446608098
34.243 0 0.861307958035
34.254 0 0.861429023258
34.261 0 0.861985656451
34.271 0 0.862345981895
34.285 0 0.861692283569
34.292 0 0.861290962609
34.303 0 0.860643423962
34.316 0 0.860631156675
34.327 0 0.862241422388
34.334 0 0.862241422388
34.344 0 0.862241422388
34.353 0 0.859124134478
34.367 0 0.85888826697
34.377 0 0.857802145005
34.385 0 0.858480792632
34.394 0 0.860577382082
34.411 0 0.863481517525
34.422 0 0.863949262353
34.428 0 0.864617904585
34.436 0 0.86957190406
34.452 0 0.869459412672
34.475 0 0.866912983268
34.482 0 0.867239015403
34.491 0 0.864711108167
34.499 0 0.862935973476
34.529 0 0.864891927268
34.543 0 0.865388850715
34.564 0 0.866658239026
34.575 0 0.861044850175
34.585 0 0.863534054242
34.593 0 0.865456071493
34.598 0 0.86921845884
34.612 0 0.8670138013
34.622 0 0.871213933493
34.631 0 0.871395810664
34.642 0 0.868255399225
34.652 0 0.869814463068
34.66 0 0.875357498621
34.675 0 0.877760007006
34.684 0 0.882076758211
34.695 0 0.884312109896
34.706 0 0.88476071708
34.714 0 0.884438603807
34.725 0 0.883855733473
34.731 0 0.883613664174
34.747 0 0.884175044449
34.76 0 0.883473956338
34.766 0 0.883225683055
34.773 0 0.882784018783
34.783 0 0.880863970526
34.793 0 0.880188217406
34.804 0 0.879105760521
34.812 0 0.878082724395
34.823 0 0.873609465385
34.832 0 0.870128234473
34.843 0 0.869342091257
34.855 0 0.868966273781
34.863 0 0.869006011514
34.874 0 0.868881405571
34.88 0 0.868881405571
34.891 0 0.868659187308
34.901 0 0.867709160656
34.911 0 0.867709160656
34.922 0 0.864581236317
34.942 0 0.862212166313
34.948 0 0.862212166313
34.953 0 0.862212166313
34.963 0 0.860274157677
34.973 0 0.858920778403
34.995 0 0.857240125619
35.008 0 0.857519739325
35.012 0 0.858062906331
35.019 0 0.858659857015
35.028 0 0.859556579375
35.048 0 0.861118342077
35.059 0 0.861875067129
35.069 0 0.862018040031
35.083 0 0.861947285471
35.098 0 0.862741731515
35.11 0 0.864372047571
35.121 0 0.866136601774
35.136 0 0.866136601774
35.144 0 0.866136601774
35.153 0 0.868283570155
35.169 0 0.868649548104
35.181 0 0.869107639748
35.187 0 0.870126112237
35.197 0 0.872086228627
35.205 0 0.872252896364
35.216 0 0.876938619031
35.228 0 0.878264358631
35.238 0 0.880433329611
35.252 0 0.880409570489
35.268 0 0.880920039531
35.274 0 0.880920039531
35.282 0 0.880920039531
35.29 0 0.877251015989
35.303 0 0.876073547423
35.316 0 0.881907761479
35.323 0 0.881907761479
35.331 0 0.881907761479
35.337 0 0.881907761479
35.355 0 0.882897818493
35.368 0 0.883124127502
35.378 0 0.884229515245
35.385 0 0.884472600631
35.399 0 0.884391915232
35.41 0 0.884391915232
35.424 0 0.885105758345
35.434 0 0.891863654225
35.441 0 0.892502966015
35.455 0 0.892502966015
35.463 0 0.893442324535
35.473 0 0.902909506546
35.483 0 0.903451660685
35.499 0 0.903200597463
35.506 0 0.903009941988
35.515 0 0.902168442456
35.533 0 0.903121585463
35.552 0 0.904865587002
35.562 0 0.905340204927
35.569 0 0.905134174416
35.579 0 0.903878955103
35.593 0 0.901041282883
35.606 0 0.899050554735
35.615 0 0.89848482117
35.632 0 0.896198469987
35.646 0 0.895055049328
35.655 0 0.894703966328
35.665 0 0.894822679392
35.673 0 0.893401696588
35.69 0 0.893257686909
35.699 0 0.891851218285
35.702 0 0.890050532226
35.716 0 0.889320453479
35.727 0 0.885578790257
35.741 0 0.883891854925
35.751 0 0.882811668969
35.757 0 0.87834444147
35.776 0 0.875738954485
35.785 0 0.87305794146
35.795 0 0.872025981511
35.805 0 0.872322221751
35.816 0 0.873491780166
35.832 0 0.872730416397
35.84 0 0.871783769376
35.853 0 0.870676049363
35.864 0 0.869896414015
35.875 0 0.869896414015
35.88 0 0.869896414015
35.885 0 0.86795446498
35.897 0 0.868885261385
35.903 0 0.871469362784
35.92 0 0.873608727314
35.931 0 0.873654240481
35.94 0 0.874450531985
35.958 0 0.877028017192
35.969 0 0.877605258418
35.979 0 0.878143188551
35.988 0 0.883854831223
36.011 0 0.885828413485
36.021 0 0.887580469484
36.026 0 0.888278607436
36.039 0 0.889215964971
36.049 0 0.88796387546
36.058 0 0.884577453063
36.068 0 0.883603939942
36.08 0 0.884691783164
36.089 0 0.884536012973
36.095 0 0.887890879601
36.107 0 0.888092879984
36.122 0 0.886462078353
36.134 0 0.891767406739
36.141 0 0.89130003907
36.149 0 0.888540041611
36.161 0 0.897267954174
36.177 0 0.893813347544
36.19 0 0.89797171206
36.2 0 0.899071872042
36.206 0 0.901312337512
36.216 0 0.900630849841
36.223 0 0.901920531171
36.229 0 0.902592059454
36.238 0 0.902592059454
36.246 0 0.902592059454
36.264 0 0.908198356144
36.275 0 0.908797294172
36.282 0 0.908724864184
36.293 0 0.907912658893
36.305 0 0.905370590947
36.318 0 0.905469937276
36.329 0 0.905277765462
36.335 0 0.906448705864
36.341 0 0.906306319088
36.352 0 0.902680560003
36.368 0 0.903327583544
36.372 0 0.903327583544
36.381 0 0.903327583544
36.392 0 0.904443869136
36.401 0 0.903436330468
36.417 0 0.902514468377
36.425 0 0.902174250343
36.43 0 0.902174250343
36.437 0 0.902174250343
36.451 0 0.901009166688
36.46 0 0.900534116596
36.473 0 0.899587427577
36.483 0 0.898325629329
36.493 0 0.897013466085
36.506 0 0.897013466085
36.511 0 0.897013466085
36.523 0 0.894546266042
36.532 0 0.892791072383
36.543 0 0.889381574356
36.554 0 0.887133516317
36.568 0 0.885124332926
36.576 0 0.883397153455
36.59 0 0.88290228371
36.604 0 0.88290228371
36.615 0 0.885879494173
36.626 0 0.886730717104
36.64 0 0.887360859177
36.654 0 0.887739436766
36.66 0 0.888855723452
36.671 0 0.890726215121
36.681 0 0.892140227746
36.696 0 0.892665031492
36.706 0 0.893521335285
36.708 0 0.893521335285
36.717 0 0.891964389386
36.73 0 0.890149974703
36.743 0 0.89004097502
36.749 0 0.89004097502
36.757 0 0.891557716894
36.77 0 0.895447314668
36.791 0 0.899638784782
36.803 0 0.901027151742
36.811 0 0.902183864571
36.825 0 0.903467806434
36.838 0 0.904684135599
36.847 0 0.903592227124
36.856 0 0.900847315292
36.863 0 0.902906751967
36.868 0 0.902473111214
36.883 0 0.902473111214
36.889 0 0.902473111214
36.896 0 0.902473111214
36.905 0 0.901632162408
36.916 0 0.902516611057
36.918 0 0.899398792759
36.934 0 0.90562114691
36.941 0 0.901158115117
36.952 0 0.907267023871
36.96 0 0.907267023871
36.972 0 0.910378780665
36.978 0 0.907575233255
36.992 0 0.911071009557
37.004 0 0.909235241211
37.018 0 0.909235241211
37.024 0 0.917002935046
37.031 0 0.921589212833
37.047 0 0.923713794965
37.063 0 0.923797121726
37.071 0 0.922945493529
37.079 0 0.921797428258
37.088 0 0.920956183471
37.103 0 0.921112893722
37.11 0 0.920508477174
37.119 0 0.920939292505
37.125 0 0.920405766183
37.136 0 0.919013556894
37.145 0 0.917549910849
37.156 0 0.916198798796
37.164 0 0.914748836792
37.181 0 0.911835227162
37.188 0 0.910943949976
37.197 0 0.910689339416
37.206 0 0.911733740737
37.214 0 0.912153263327
37.234 0 0.91173713127
37.243 0 0.911386159102
37.25 0 0.910657615037
37.259 0 0.908731350755
37.266 0 0.908110721424
37.281 0 0.90689461955
37.297 0 0.90501122754
37.311 0 0.904629573915
37.324 0 0.902384908632
37.337 0 0.90135024592
37.346 0 0.90135024592
37.359 0 0.898831054659
37.377 0 0.899352987423
37.39 0 0.899389346913
37.401 0 0.900926356412
37.413 0 0.901342597631
37.431 0 0.901300859368
37.439 0 0.901300859368
37.454 0 0.901489413427
37.46 0 0.901489413427
37.471 0 0.901489413427
37.482 0 0.904687627916
37.495 0 0.903795773171
37.504 0 0.902808148107
37.521 0 0.901496136354
37.527 0 0.902214394471
37.536 0 0.904811176592
37.544 0 0.907810544379
37.558 0 0.9092976588
37.566 0 0.912022051088
37.574 0 0.912732816369
37.583 0 0.921655673026
37.592 0 0.922296409933
37.603 0 0.922769992139
37.614 0 0.92113958738
37.623 0 0.916095799169
37.63 0 0.913002015926
37.643 0 0.912295441364
37.654 0 0.912378047921
37.663 0 0.91150821881
37.672 0 0.91586665525
37.681 0 0.91538773165
37.693 0 0.916321849113
37.711 0 0.914081229985
37.712 0 0.914417022214
37.719 0 0.917003391531
37.733 0 0.920289036243
37.743 0 0.923171760359
37.752 0 0.922713915308
37.762 0 0.925007426005
37.775 0 0.926332532399
37.79 0 0.928167071992
37.8 0 0.929014655463
37.805 0 0.929014655463
37.812 0 0.929014655463
37.826 0 0.934477256849
37.843 0 0.935057622672
37.851 0 0.934397442118
37.86 0 0.933783961481
37.87 0 0.93250343229
37.883 0 0.93250343229
37.889 0 0.931606501876
37.904 0 0.93176516831
37.92 0 0.930408439227
37.935 0 0.930240851837
37.945 0 0.929060473856
37.954 0 0.929060473856
37.962 0 0.928343146948
37.974 0 0.927650332835
37.989 0 0.926782818443
37.998 0 0.926210890439
38.012 0 0.925477269914
38.027 0 0.924943646907
38.036 0 0.923785604424
38.045 0 0.923467178551
38.045 0 0.923232656768
38.057 0 0.922149342798
38.076 0 0.921199015526
38.084 0 0.916153596772
38.101 0 0.914735696821
38.113 0 0.914405662383
38.121 0 0.91382680259
38.126 0 0.912812099793
38.146 0 0.906397671726
38.16 0 0.905411777625
38.166 0 0.905835498087
38.176 0 0.906504852268
38.201 0 0.905910394996
38.21 0 0.905442772933
38.21 0 0.904790156914
38.234 0 0.902873749261
38.247 0 0.903125586117
38.262 0 0.904112231766
38.272 0 0.904267247236
38.285 0 0.903777807875
38.295 0 0.902393943776
38.305 0 0.901641639805
38.312 0 0.901245732073
38.331 0 0.905790348254
38.346 0 0.908629827406
38.357 0 0.910181330885
38.372 0 0.910181330885
38.379 0 0.910181330885
38.391 0 0.918270131598
38.398 0 0.916431659598
38.411 0 0.915452251104
38.427 0 0.91078058685
38.438 0 0.91280709864
38.446 0 0.9154151077
38.455 0 0.915981302287
38.467 0 0.920640757439
38.48 0 0.923332515141
38.488 0 0.925203086081
38.497 0 0.925529456739
38.508 0 0.926202526036
38.515 0 0.922799437959
38.527 0 0.926139562502
38.534 0 0.926335139453
38.544 0 0.927870477103
38.562 0 0.929153626846
38.575 0 0.929981792287
38.585 0 0.929374721451
38.595 0 0.92747461959
38.608 0 0.92747461959
38.614 0 0.92747461959
38.619 0 0.92747461959
38.625 0 0.927972650559
38.635 0 0.928100177777
38.648 0 0.928696539639
38.656 0 0.928696539639
38.656 0 0.928696539639
38.672 0 0.926740760612
38.684 0 0.927402597696
38.697 0 0.92850716258
38.704 0 0.928514630175
38.711 0 0.928708822159
38.722 0 0.928618382388
38.738 0 0.928379103519
38.744 0 0.928379103519
38.753 0 0.927828327274
38.765 0 0.928933954862
38.774 0 0.928933954862
38.782 0 0.928933954862
38.793 0 0.929081698606
38.809 0 0.928010286962
38.811 0 0.927878168712
38.822 0 0.924920190413
38.838 0 0.921355760359
38.852 0 0.919906842449
38.864 0 0.91694514686
38.868 0 0.91465605941
38.886 0 0.909683475013
38.901 0 0.907047625215
38.91 0 0.905947033892
38.917 0 0.904973962425
38.932 0 0.903819605208
38.942 0 0.903682672041
38.959 0 0.901778053793
38.967 0 0.901769309538
38.984 0 0.901642039443
38.994 0 0.901642039443
39.005 0 0.90098001568
