time index height
0.0 0 0.0
0.02 0 0.02702199427
0.047 0 0.0287732950787
0.054 0 0.0314286658603
0.06 0 0.0314286658603
0.064 0 0.0314286658603
0.074 0 0.0469870004545
0.09 0 0.0500573869805
0.101 0 0.0561316454338
0.108 0 0.0597089690078
0.114 0 0.063204112493
0.125 0 0.0642172962941
0.129 0 0.0642172962941
0.14 0 0.0764353837784
0.149 0 0.0785746672023
0.156 0 0.0807080735417
0.165 0 0.0827400035071
0.176 0 0.08493863044
0.186 0 0.0865178807844
0.195 0 0.0876873841483
0.203 0 0.0881457725016
0.215 0 0.0881132828302
0.224 0 0.087729133548
0.236 0 0.0867480043352
0.247 0 0.0855382295598
0.256 0 0.0834553926756
0.261 0 0.0827137496893
0.278 0 0.0782396690387
0.286 0 0.0757452567832
0.293 0 0.0742450700469
0.302 0 0.071897555322
0.314 0 0.0701173790059
0.324 0 0.0691288667675
0.336 0 0.0677650363932
0.344 0 0.0669656877505
0.354 0 0.0661390305272
0.363 0 0.0646241217753
0.372 0 0.0625784192388
0.383 0 0.0587966387157
0.393 0 0.0561291008627
0.405 0 0.0490155314513
0.414 0 0.0433566698848
0.423 0 0.039305930533
0.435 0 0.033528552436
0.444 0 0.0297403462147
0.453 0 0.0294980221966
0.465 0 0.0298160499354
0.476 0 0.0308632773046
0.484 0 0.0325021008855
0.496 0 0.0347997194472
0.503 0 0.0356701561281
0.514 0 0.0366643529505
0.524 0 0.037097362439
0.532 0 0.0372111676927
0.546 0 0.0366990965766
0.553 0 0.0363127984733
0.563 0 0.0366364572587
0.575 0 0.0374668231455
0.582 0 0.0380358256359
0.595 0 0.0389008444227
0.602 0 0.039196345969
0.612 0 0.0396856286613
0.623 0 0.040175088582
0.633 0 0.0404908248376
0.643 0 0.0406656867844
0.653 0 0.0409345443722
0.664 0 0.0411911754327
0.674 0 0.0413720321024
0.685 0 0.0415279088817
0.695 0 0.0417301278618
0.705 0 0.0419023772153
0.713 0 0.0420303551026
0.723 0 0.042022426713
0.731 0 0.041963502721
0.744 0 0.0418759158694
0.755 0 0.0418637381037
0.76 0 0.0419749967348
0.775 0 0.04236455269
0.783 0 0.0421531042227
0.793 0 0.0421578968048
0.8 0 0.0420323478484
0.813 0 0.0414317582063
0.824 0 0.0408883526033
0.832 0 0.0404895444568
0.844 0 0.0401106718194
0.854 0 0.0398745712567
0.862 0 0.0397078759966
0.875 0 0.0391272992213
0.885 0 0.0390243659497
0.894 0 0.0389710352232
0.906 0 0.0388738545835
0.914 0 0.0395462251413
0.923 0 0.040773578452
0.936 0 0.0427097190004
0.943 0 0.0448930998026
0.955 0 0.0460319001739
0.964 0 0.0480980025311
0.975 0 0.0502046467126
0.984 0 0.0519830160877
0.993 0 0.0526643072785
1.005 0 0.053363815161
1.016 0 0.0535009120401
1.024 0 0.053775408808
1.034 0 0.0539898390633
1.044 0 0.0544425855075
1.051 0 0.0545259432786
1.063 0 0.0546563819302
1.075 0 0.0547925403871
1.087 0 0.0550509553545
1.097 0 0.0554878977318
1.105 0 0.0558892653481
1.112 0 0.0561913415007
1.125 0 0.056359708299
1.136 0 0.0561898434232
1.142 0 0.0561034153428
1.156 0 0.0557448095539
1.162 0 0.0556608660058
1.172 0 0.0554562256188
1.185 0 0.0547758456801
1.195 0 0.0540845752835
1.206 0 0.0532248032368
1.214 0 0.0528976842704
1.227 0 0.0520601815308
1.235 0 0.0514023855547
1.242 0 0.05096107449
1.259 0 0.0497040068309
1.265 0 0.0492860566616
1.275 0 0.0484561463507
1.286 0 0.0476294697553
1.297 0 0.0469087195195
1.304 0 0.046650070454
1.316 0 0.0462436296552
1.323 0 0.0462803507621
1.335 0 0.0464166333567
1.348 0 0.0463635372198
1.355 0 0.0463355053371
1.365 0 0.0462855183938
1.376 0 0.045975501461
1.385 0 0.0449842038382
1.393 0 0.0448762782752
1.403 0 0.0455986822578
1.416 0 0.0465312857015
1.426 0 0.0473029142413
1.436 0 0.0483521637318
1.443 0 0.0490414851183
1.452 0 0.0497389323794
1.466 0 0.0510333395306
1.475 0 0.0515600914699
1.484 0 0.0523261629826
1.497 0 0.0533659094429
1.506 0 0.0537178252579
1.516 0 0.0538823468441
1.524 0 0.0541705608978
1.537 0 0.0542693462445
1.546 0 0.0545480321116
1.555 0 0.0548774646232
1.563 0 0.0556799365502
1.574 0 0.0566292741866
1.586 0 0.0573720948783
1.593 0 0.0575612169355
1.603 0 0.058088301602
1.615 0 0.0582769390215
1.621 0 0.0578879847422
1.636 0 0.0576149430446
1.645 0 0.0574602035481
1.656 0 0.0571938711936
1.665 0 0.0569657668621
1.674 0 0.0566684379861
1.686 0 0.0553197973545
1.696 0 0.0545305263479
1.706 0 0.053504963951
1.715 0 0.0521320358765
1.724 0 0.0524233841676
1.735 0 0.0530375790487
1.743 0 0.0539708079667
1.756 0 0.0544663959605
1.765 0 0.0556765544447
1.775 0 0.0569994143658
1.786 0 0.0593207163189
1.796 0 0.0616991101974
1.804 0 0.0637893512325
1.815 0 0.0665119605561
1.825 0 0.0693910623607
1.838 0 0.0704674764065
1.846 0 0.0709364524183
1.857 0 0.0712521615134
1.865 0 0.0714848441444
1.875 0 0.0719687857558
1.884 0 0.0726508688821
1.894 0 0.0728173977326
1.905 0 0.0733084090639
1.912 0 0.0733676618256
1.925 0 0.0738133984065
1.933 0 0.0739439860053
1.942 0 0.0742733639751
1.953 0 0.0743365399102
1.966 0 0.0745355570232
1.975 0 0.0747239961789
1.985 0 0.0746591105988
2.0 0 0.0744653305457
2.0 0 0.0744653305457
2.016 0 0.074116215086
2.024 0 0.0736844062226
2.033 0 0.0733961113104
2.047 0 0.0727834853593
2.056 0 0.0722447459395
2.066 0 0.071152594851
2.075 0 0.0703394030812
2.085 0 0.069756970563
2.094 0 0.069193902174
2.104 0 0.0683738551702
2.116 0 0.0679020964525
2.126 0 0.0675328215177
2.131 0 0.0674131665463
2.143 0 0.0670227480797
2.16 0 0.0663109345683
2.165 0 0.0660488064485
2.177 0 0.0658239611905
2.183 0 0.0655959846122
2.195 0 0.0651354979397
2.204 0 0.0647856189654
2.218 0 0.0637589643941
2.226 0 0.0630524066221
2.237 0 0.0633673322554
2.246 0 0.0640954383023
2.252 0 0.0645319048415
2.265 0 0.0659439406359
2.271 0 0.0665814220039
2.285 0 0.0681473893891
2.293 0 0.0688873413085
2.305 0 0.0700736619394
2.314 0 0.0706813193738
2.321 0 0.0713218200239
2.335 0 0.0720279782553
2.343 0 0.0729440290878
2.356 0 0.0747386033558
2.365 0 0.0759041386231
2.373 0 0.0774356387117
2.384 0 0.0800477215646
2.392 0 0.0805671602092
2.404 0 0.0825046526984
2.415 0 0.0845072643194
2.427 0 0.0852815535035
2.434 0 0.0871552363387
2.442 0 0.0890021450134
2.456 0 0.0899038566457
2.467 0 0.0913073996741
2.476 0 0.0920880085364
2.482 0 0.0932239235247
2.493 0 0.0944929905786
2.506 0 0.0955844508552
2.515 0 0.0956701005338
2.526 0 0.0969574810812
2.536 0 0.0976337887902
2.547 0 0.0977274972085
2.555 0 0.098125067811
2.565 0 0.0984053253322
2.573 0 0.0990487422317
2.584 0 0.0995820552959
2.594 0 0.100008565214
2.604 0 0.100001538363
2.614 0 0.0996432030528
2.625 0 0.0988436853778
2.632 0 0.0979178726937
2.646 0 0.0974374925302
2.658 0 0.0973264775225
2.665 0 0.0971209828713
2.675 0 0.0972203217539
2.684 0 0.0970849281441
2.696 0 0.0960637071506
2.704 0 0.0960878344863
2.712 0 0.0963120326631
2.726 0 0.0969966067539
2.734 0 0.0972392580328
2.745 0 0.0974858447158
2.755 0 0.097404704831
2.764 0 0.0966939412491
2.773 0 0.0964748110105
2.787 0 0.0960973848926
2.798 0 0.095951263222
2.807 0 0.0960532187456
2.815 0 0.0959272815524
2.821 0 0.0956702743449
2.834 0 0.095173071372
2.845 0 0.095051799327
2.855 0 0.0945028484936
2.866 0 0.0945068262286
2.878 0 0.0947158890497
2.885 0 0.0947558053442
2.894 0 0.0946334784039
2.902 0 0.0941404989991
2.915 0 0.0938263329465
2.925 0 0.0935784619613
2.934 0 0.0932676124417
2.946 0 0.092061541187
2.956 0 0.0913741311641
2.966 0 0.0912564630543
2.976 0 0.0909721182044
2.983 0 0.0907067497168
2.994 0 0.0911038662099
3.004 0 0.0917715483996
3.016 0 0.0925828920987
3.025 0 0.0934642360931
3.036 0 0.0950094543016
3.045 0 0.0968110630647
3.055 0 0.0972349170965
3.067 0 0.0990924977067
3.077 0 0.100686022467
3.088 0 0.103342518581
3.094 0 0.104653926849
3.108 0 0.108289821769
3.115 0 0.110504029249
3.124 0 0.111502546104
3.133 0 0.114008981975
3.141 0 0.117330653719
3.156 0 0.121002452017
3.166 0 0.123164166608
3.174 0 0.125927931108
3.187 0 0.1292237246
3.194 0 0.131454564181
3.206 0 0.133549053221
3.212 0 0.134938082285
3.226 0 0.136150500064
3.235 0 0.136975057863
3.245 0 0.136859871979
3.254 0 0.137858995114
3.266 0 0.138250537681
3.273 0 0.138223705851
3.287 0 0.138489220193
3.293 0 0.138292556494
3.306 0 0.13952486984
3.318 0 0.140460814163
3.324 0 0.140702107994
3.333 0 0.14126358227
3.346 0 0.141324193669
3.353 0 0.141793756595
3.364 0 0.141372719128
3.374 0 0.141056175461
3.384 0 0.140332662377
3.392 0 0.139646358169
3.403 0 0.139360631583
3.418 0 0.138643818727
3.424 0 0.138581468843
3.438 0 0.137893146311
3.443 0 0.137165135142
3.453 0 0.136735210206
3.465 0 0.135851039746
3.474 0 0.135773185939
3.484 0 0.135751683997
3.499 0 0.136031950503
3.508 0 0.135785645652
3.515 0 0.135798577811
3.524 0 0.135794109328
3.534 0 0.135905802845
3.542 0 0.136542522859
3.555 0 0.137268387309
3.566 0 0.138073052209
3.577 0 0.138891201434
3.582 0 0.139097991919
3.596 0 0.139813940379
3.606 0 0.140188688127
3.613 0 0.140443135372
3.629 0 0.140756775793
3.633 0 0.140756775793
3.642 0 0.140756775793
3.655 0 0.140756775793
3.663 0 0.14195656197
3.675 0 0.142280788855
3.688 0 0.142701165868
3.698 0 0.142807762949
3.708 0 0.143095872032
3.715 0 0.142966239485
3.724 0 0.143098380769
3.736 0 0.143485812989
3.747 0 0.14386791255
3.752 0 0.143722933885
3.766 0 0.143384519159
3.773 0 0.142741512017
3.784 0 0.143451418503
3.798 0 0.143694047249
3.805 0 0.144377916548
3.813 0 0.145156122371
3.826 0 0.146548151513
3.834 0 0.146904080728
3.846 0 0.147865158421
3.856 0 0.149688694141
3.868 0 0.150167549336
3.873 0 0.151853520828
3.884 0 0.152358633829
3.892 0 0.154665653443
3.906 0 0.155139729077
3.917 0 0.156675868918
3.925 0 0.158125824716
3.932 0 0.1599094323
3.947 0 0.16239962732
3.955 0 0.164097899559
3.967 0 0.166583928523
3.974 0 0.167262661746
3.984 0 0.16801577604
3.995 0 0.170151940498
4.006 0 0.172797215596
4.014 0 0.173623743833
4.024 0 0.175129781541
4.039 0 0.175971311451
4.044 0 0.176186502328
4.055 0 0.176711103647
4.065 0 0.176931674127
4.075 0 0.176686307194
4.083 0 0.176980754656
4.099 0 0.17790394939
4.104 0 0.177196659444
4.114 0 0.177304634264
4.123 0 0.177470838801
4.135 0 0.177911556037
4.144 0 0.177901741366
4.154 0 0.177710879788
4.163 0 0.178167371877
4.174 0 0.178316648766
4.184 0 0.178694255701
4.193 0 0.179443028069
4.204 0 0.179744817519
4.214 0 0.18045859887
4.225 0 0.180747351605
4.235 0 0.18091099571
4.244 0 0.181373921573
4.254 0 0.181680928019
4.269 0 0.181752977397
4.277 0 0.181612258895
4.285 0 0.181676866385
4.296 0 0.18212546754
4.306 0 0.182523701945
4.313 0 0.18285871546
4.326 0 0.183671308035
4.337 0 0.184819961473
4.344 0 0.185383644285
4.354 0 0.186184291209
4.364 0 0.186368150925
4.373 0 0.187460505673
4.387 0 0.188113878137
4.395 0 0.188488083894
4.407 0 0.188910566829
4.418 0 0.189645278125
4.426 0 0.189645278125
4.433 0 0.189645278125
4.442 0 0.190973717045
4.453 0 0.190936212248
4.468 0 0.19092766224
4.479 0 0.190682376444
4.483 0 0.190846853299
4.494 0 0.190839689142
4.505 0 0.190917395619
4.513 0 0.190848889342
4.525 0 0.191349175555
4.536 0 0.192119555005
4.547 0 0.192389389755
4.555 0 0.192985345544
4.569 0 0.192724315572
4.581 0 0.192156958807
4.586 0 0.19219799466
4.596 0 0.189871447969
4.606 0 0.189583388971
4.613 0 0.187691444033
4.628 0 0.185471681493
4.642 0 0.182623940179
4.648 0 0.182026285215
4.657 0 0.181703773657
4.666 0 0.181058190693
4.672 0 0.181776047635
4.685 0 0.179758465032
4.696 0 0.179954002801
4.706 0 0.178420433319
4.714 0 0.178351966836
4.725 0 0.177894853494
4.732 0 0.178871556837
4.744 0 0.177848012467
4.755 0 0.179018530313
4.766 0 0.179906333741
4.776 0 0.179760544821
4.787 0 0.181919727222
4.793 0 0.181702511892
4.805 0 0.183436023796
4.814 0 0.183461750398
4.822 0 0.183980132799
4.836 0 0.183536091402
4.845 0 0.182895240991
4.853 0 0.183372854619
4.869 0 0.182391075301
4.874 0 0.181791439269
4.884 0 0.180493394476
4.892 0 0.179826083431
4.903 0 0.178216386612
4.913 0 0.176166659834
4.925 0 0.174954252725
4.933 0 0.174954252725
4.946 0 0.166720067886
4.957 0 0.162883471742
4.966 0 0.160699139305
4.974 0 0.157007582754
4.983 0 0.149547817227
4.997 0 0.144066080146
5.004 0 0.140197831251
5.014 0 0.137621131598
5.025 0 0.132193323394
5.033 0 0.129744544749
5.047 0 0.127537513296
5.056 0 0.127448722959
5.066 0 0.12746939272
5.077 0 0.127595467938
5.084 0 0.127496573624
5.098 0 0.127372639366
5.107 0 0.127061651414
5.114 0 0.126569572638
5.123 0 0.126289026282
5.137 0 0.12597876492
5.145 0 0.126394486801
5.157 0 0.126477647414
5.164 0 0.126470264917
5.173 0 0.126763288508
5.183 0 0.12790223051
5.193 0 0.129830349496
5.207 0 0.13197982801
5.217 0 0.134431988526
5.226 0 0.136393306157
5.231 0 0.137127301333
5.244 0 0.139777358433
5.255 0 0.142494752365
5.265 0 0.144876093733
5.274 0 0.146836197729
5.287 0 0.149701297057
5.292 0 0.150841455302
5.304 0 0.154876445271
5.314 0 0.156678377091
5.333 0 0.16038918638
5.339 0 0.161904849554
5.344 0 0.163412542006
5.355 0 0.164947188237
5.366 0 0.165996329429
5.373 0 0.167124888864
5.386 0 0.167163292589
5.394 0 0.168001371556
5.404 0 0.168487021014
5.416 0 0.17054350782
5.428 0 0.171712377525
5.431 0 0.171923504114
5.447 0 0.172215143813
5.454 0 0.174215436017
5.464 0 0.176945665196
5.476 0 0.178213860242
5.484 0 0.179148564955
5.495 0 0.181294772844
5.503 0 0.18421358833
5.514 0 0.18667450095
5.527 0 0.188406140401
5.535 0 0.190641080297
5.545 0 0.192344397307
5.556 0 0.196195662629
5.563 0 0.196154818212
5.577 0 0.200319185292
5.587 0 0.200250457151
5.593 0 0.203423823014
5.603 0 0.206823004786
5.615 0 0.207431520619
5.625 0 0.207593667562
5.635 0 0.208178013951
5.65 0 0.209505609813
5.657 0 0.209695753051
5.662 0 0.211924591807
5.678 0 0.212602047842
5.685 0 0.213018389594
5.698 0 0.213589638628
5.704 0 0.214062938862
5.713 0 0.213731565227
5.726 0 0.21399420161
5.735 0 0.213734534473
5.747 0 0.212748867959
5.754 0 0.211699162017
5.764 0 0.210065240017
5.777 0 0.206109597624
5.784 0 0.20344971393
5.795 0 0.199601644126
5.806 0 0.197070750519
5.815 0 0.195369940701
5.825 0 0.19383567025
5.832 0 0.192180524006
5.843 0 0.191066618478
5.853 0 0.189743672845
5.863 0 0.190084649292
5.876 0 0.191159333226
5.888 0 0.193032582588
5.896 0 0.194320633711
5.903 0 0.195744990557
5.915 0 0.197157355658
5.923 0 0.198363389196
5.934 0 0.198955431738
5.945 0 0.199591595078
5.954 0 0.199702548603
5.962 0 0.198660707326
5.977 0 0.197746237557
5.983 0 0.197111529895
5.994 0 0.195852645852
6.005 0 0.194944585458
6.019 0 0.193795965998
6.024 0 0.193526760882
6.039 0 0.193335978994
6.044 0 0.193335978994
6.055 0 0.193335978994
6.066 0 0.190281054654
6.074 0 0.190052453687
6.084 0 0.19018120273
6.096 0 0.189738664615
6.104 0 0.188967784622
6.113 0 0.188570556323
6.125 0 0.186804428113
6.135 0 0.184537329325
6.146 0 0.18334717254
6.158 0 0.18159846006
6.164 0 0.182115134269
6.176 0 0.181012829331
6.185 0 0.18219040045
6.195 0 0.182473996756
6.205 0 0.183268105823
6.215 0 0.182441960083
6.225 0 0.182831901043
6.232 0 0.183904863275
6.245 0 0.183832055648
6.256 0 0.183938515824
6.269 0 0.182583070497
6.275 0 0.184664071106
6.283 0 0.184627047372
6.293 0 0.184302233977
6.305 0 0.18100459227
6.317 0 0.182819238083
6.325 0 0.180125648282
6.336 0 0.182820036714
6.344 0 0.182915998343
6.358 0 0.18425588248
6.366 0 0.184356436198
6.377 0 0.184652675355
6.385 0 0.184253807372
6.392 0 0.184279066423
6.408 0 0.184119643901
6.416 0 0.180879512096
6.427 0 0.179814472267
6.431 0 0.180908544534
6.449 0 0.178647224934
6.455 0 0.176523191753
6.465 0 0.173975027422
6.476 0 0.171273289477
6.486 0 0.168609886037
6.496 0 0.164274691466
6.506 0 0.160840908061
6.517 0 0.158888634511
6.525 0 0.157290648025
6.534 0 0.155124335469
6.546 0 0.152558165184
6.555 0 0.148667393106
6.562 0 0.147078447415
6.574 0 0.143813031331
6.585 0 0.140214606595
6.592 0 0.137275689504
6.607 0 0.131098776302
6.617 0 0.129272267249
6.626 0 0.12767807665
6.635 0 0.125781903216
6.647 0 0.124138312903
6.655 0 0.123083848039
6.663 0 0.122368275016
6.671 0 0.121023269141
6.683 0 0.119701093038
6.694 0 0.118659421273
6.706 0 0.118064866795
6.715 0 0.117578983809
6.725 0 0.118096313199
6.733 0 0.117980717734
6.744 0 0.116863697782
6.752 0 0.116729309449
6.766 0 0.116354382653
6.777 0 0.11618404645
6.786 0 0.116676083386
6.795 0 0.117214696853
6.807 0 0.118244512663
6.816 0 0.118945814867
6.825 0 0.119502057611
6.836 0 0.120601407178
6.847 0 0.121141487276
6.854 0 0.121323685958
6.864 0 0.121424563927
6.876 0 0.121598850317
6.887 0 0.122276637721
6.894 0 0.122419074074
6.904 0 0.122781494356
6.916 0 0.12297814974
6.929 0 0.123939502325
6.936 0 0.125247426599
6.947 0 0.126156754888
6.956 0 0.126297661033
6.964 0 0.127712430476
6.974 0 0.127578998775
6.987 0 0.128067840302
6.995 0 0.127711683323
7.006 0 0.129602712811
7.015 0 0.132098292759
7.022 0 0.132162898045
7.035 0 0.132617699358
7.043 0 0.1327257006
7.052 0 0.133284824502
7.064 0 0.134195243336
7.074 0 0.134867965796
7.085 0 0.137279395051
7.096 0 0.138415058878
7.105 0 0.142799019662
7.116 0 0.143340017939
7.128 0 0.146258852703
7.133 0 0.149662979192
7.144 0 0.151052061171
7.156 0 0.153120161717
7.167 0 0.157287094846
7.174 0 0.157246364761
7.185 0 0.160335889149
7.196 0 0.161900186638
7.204 0 0.162556008526
7.217 0 0.162055901281
7.224 0 0.16431058595
7.235 0 0.164608033703
7.244 0 0.165346950222
7.257 0 0.164850824297
7.265 0 0.167145628645
7.276 0 0.169039497207
7.284 0 0.16849876979
7.295 0 0.168839192634
7.306 0 0.165341717978
7.315 0 0.163717614278
7.326 0 0.16261254587
7.335 0 0.160493880743
7.345 0 0.159411120632
7.355 0 0.156835362176
7.363 0 0.154177942888
7.376 0 0.152460987362
7.387 0 0.152878589771
7.396 0 0.151875685055
7.405 0 0.150536093597
7.415 0 0.148161093483
7.424 0 0.146179311158
7.435 0 0.144888664642
7.447 0 0.144875428045
7.454 0 0.144780017907
7.463 0 0.144609456278
7.475 0 0.145278890102
7.485 0 0.145573006987
7.493 0 0.145373081119
7.507 0 0.144299956858
7.516 0 0.144091354064
7.525 0 0.144409026805
7.535 0 0.144942705452
7.545 0 0.145103946505
7.554 0 0.145117857582
7.565 0 0.145853849383
7.576 0 0.146802849343
7.585 0 0.147610758059
7.599 0 0.148280267572
7.605 0 0.147931808564
7.617 0 0.147575730891
7.623 0 0.147140759707
7.633 0 0.147586045122
7.644 0 0.147003570554
7.657 0 0.14569459426
7.668 0 0.143192436282
7.672 0 0.142562990629
7.686 0 0.142012570711
7.696 0 0.142749603305
7.705 0 0.143081690403
7.713 0 0.144218347558
7.727 0 0.145970242417
7.735 0 0.146350253232
7.748 0 0.147344628028
7.754 0 0.148673959181
7.765 0 0.149759987329
7.775 0 0.151085790443
7.786 0 0.152096183992
7.795 0 0.154524701836
7.808 0 0.157423500944
7.816 0 0.15860612426
7.825 0 0.16022241081
7.834 0 0.162269126647
7.845 0 0.167958879027
7.855 0 0.169414049536
7.861 0 0.171040091232
7.876 0 0.170156376034
7.883 0 0.169830972064
7.895 0 0.171410603381
7.906 0 0.170112440201
7.918 0 0.173039739159
7.926 0 0.173417555627
7.932 0 0.173417555627
7.943 0 0.180651317527
7.954 0 0.182426178071
7.968 0 0.186372441675
7.975 0 0.186546544625
7.985 0 0.189689948027
7.994 0 0.190173097136
8.004 0 0.189993245298
8.013 0 0.191339384655
8.024 0 0.190371266934
8.034 0 0.190317927775
8.048 0 0.188999206384
8.058 0 0.186623249313
8.064 0 0.184814282431
8.076 0 0.182265555036
8.085 0 0.180319258837
8.096 0 0.177492736003
8.105 0 0.175028681329
8.112 0 0.173434612514
8.125 0 0.16954088832
8.134 0 0.166280299553
8.144 0 0.162223731061
8.155 0 0.157842517531
8.165 0 0.153478907827
8.175 0 0.150300736494
8.183 0 0.150300736494
8.194 0 0.146611943354
8.206 0 0.146346117714
8.217 0 0.148068365899
8.225 0 0.148564007597
8.234 0 0.149409855983
8.245 0 0.149263590089
8.255 0 0.148903586265
8.266 0 0.148804236577
8.274 0 0.150101825711
8.285 0 0.151364664427
8.297 0 0.151753229602
8.308 0 0.151935244608
8.316 0 0.151974051901
8.323 0 0.152294995309
8.335 0 0.152115828835
8.348 0 0.152153606373
8.354 0 0.153548196025
8.365 0 0.15389662293
8.373 0 0.154885018991
8.386 0 0.155990361812
8.396 0 0.156527358439
8.404 0 0.156476896807
8.414 0 0.156468741016
8.426 0 0.156296684257
8.434 0 0.156482448974
8.445 0 0.156718156206
8.456 0 0.15631538116
8.467 0 0.156327996407
8.476 0 0.157446403766
8.485 0 0.157732054104
8.495 0 0.157711282847
8.504 0 0.158231330523
8.515 0 0.159925545918
8.523 0 0.161425002944
8.535 0 0.16256191387
8.546 0 0.162790421083
8.552 0 0.164189412506
8.561 0 0.166198726498
8.57 0 0.166829992302
8.583 0 0.167757885598
8.596 0 0.170347474319
8.606 0 0.170889719441
8.611 0 0.170889719441
8.626 0 0.170598711773
8.633 0 0.171994992334
8.644 0 0.175311128513
8.653 0 0.175693415172
8.666 0 0.178324842432
8.672 0 0.178532114809
8.685 0 0.178173077688
8.694 0 0.179536915823
8.709 0 0.183256573121
8.718 0 0.18555389
8.726 0 0.190249387677
8.735 0 0.191750578434
8.744 0 0.194708082212
8.76 0 0.196408698708
8.769 0 0.200459881878
8.775 0 0.200298102453
8.783 0 0.201032696041
8.794 0 0.200806575658
8.81 0 0.202902261993
8.811 0 0.202778196947
8.825 0 0.201810399037
8.834 0 0.202361374137
8.845 0 0.201400096817
8.855 0 0.200597302211
8.864 0 0.199476908938
8.873 0 0.197363685622
8.883 0 0.194685436461
8.896 0 0.190672242441
8.907 0 0.187197658228
8.916 0 0.184913251642
8.924 0 0.182560648879
8.935 0 0.179051048257
8.947 0 0.174941592375
8.95 0 0.174190221792
8.968 0 0.169515213459
8.979 0 0.168717877471
8.986 0 0.167926298939
8.996 0 0.167414904583
9.002 0 0.167532581876
9.014 0 0.168095456639
9.026 0 0.168701947839
9.032 0 0.169474275699
9.044 0 0.168078533035
9.057 0 0.168518924147
9.065 0 0.169046042536
9.073 0 0.169488407787
9.084 0 0.169613992578
9.092 0 0.168989845924
9.104 0 0.168420152284
9.115 0 0.168420152284
9.124 0 0.168420152284
9.136 0 0.161547993027
9.148 0 0.160514408082
9.159 0 0.16042268157
9.165 0 0.161001967309
9.175 0 0.161852661275
9.184 0 0.162605111165
9.198 0 0.164111075404
9.208 0 0.164579444128
9.217 0 0.165451834736
9.222 0 0.165762197932
9.234 0 0.166210033169
9.248 0 0.166284370606
9.257 0 0.166318996924
9.264 0 0.16613902303
9.274 0 0.166439473039
9.285 0 0.167091003296
9.294 0 0.16813411513
9.305 0 0.169291335246
9.316 0 0.169989333299
9.327 0 0.171440718877
9.335 0 0.17253429897
9.347 0 0.173729166903
9.354 0 0.177096316108
9.367 0 0.180781973109
9.374 0 0.181349971699
9.387 0 0.182954130021
9.394 0 0.184083509462
9.405 0 0.185059869104
9.414 0 0.18793358506
9.426 0 0.187363383449
9.436 0 0.188806688129
9.447 0 0.19295246876
9.454 0 0.192060494464
9.462 0 0.19456437804
9.475 0 0.194322356399
9.484 0 0.198790756145
9.496 0 0.197961516543
9.506 0 0.197030143877
9.514 0 0.199223358399
9.524 0 0.198581781836
9.535 0 0.195762336539
9.543 0 0.196794446324
9.557 0 0.20199352297
9.562 0 0.201455618124
9.576 0 0.204336069028
9.587 0 0.206584848093
9.592 0 0.206816177012
9.606 0 0.207075398713
9.615 0 0.205061714176
9.626 0 0.203098475069
9.633 0 0.20218169807
9.644 0 0.200838363826
9.652 0 0.199849713992
9.665 0 0.197709606577
9.672 0 0.196873972317
9.681 0 0.195935218716
9.692 0 0.195888216891
9.705 0 0.195919082138
9.71 0 0.195441396544
9.723 0 0.195421613592
9.734 0 0.195053161627
9.741 0 0.194952255637
9.75 0 0.196002747813
9.764 0 0.196526742589
9.773 0 0.196680119181
9.786 0 0.196170453082
9.794 0 0.195450119813
9.808 0 0.194554260765
9.814 0 0.194236235423
9.825 0 0.193608085445
9.832 0 0.192624793721
9.849 0 0.19229302416
9.854 0 0.192185546182
9.862 0 0.192084653947
9.876 0 0.192652790788
9.885 0 0.192644142026
9.897 0 0.191734153918
9.907 0 0.191356052279
9.913 0 0.191119433742
9.92 0 0.190910278698
9.93 0 0.190453030773
9.942 0 0.188861171874
9.955 0 0.18743741455
9.967 0 0.186300318762
9.974 0 0.184843104179
9.982 0 0.182214376509
9.997 0 0.178963181824
10.006 0 0.177317559201
10.017 0 0.176336667007
10.026 0 0.176334845924
10.035 0 0.17635053638
10.046 0 0.178190528278
10.054 0 0.179174941888
10.066 0 0.180992749695
10.074 0 0.182092377869
10.081 0 0.182289641238
10.094 0 0.18442934677
10.107 0 0.185456406119
10.114 0 0.185653734073
10.123 0 0.185490579629
10.133 0 0.185490579629
10.146 0 0.191108159394
10.154 0 0.190106070197
10.164 0 0.193136327875
10.181 0 0.195818556113
10.186 0 0.197245639383
10.199 0 0.199092757231
10.202 0 0.198620815402
10.212 0 0.204014332087
10.223 0 0.205051933896
10.235 0 0.207822135995
10.242 0 0.211366460003
10.254 0 0.211762454814
10.266 0 0.215518848191
10.273 0 0.2141985138
10.283 0 0.215793635893
10.295 0 0.219657620807
10.306 0 0.22148613334
10.311 0 0.22101841145
10.326 0 0.221193582475
10.335 0 0.218507357678
10.341 0 0.218182033566
10.352 0 0.220874262346
10.365 0 0.219951451347
10.378 0 0.219182265964
10.385 0 0.218826428463
10.392 0 0.217267768206
10.402 0 0.216792688327
10.412 0 0.215310359433
10.425 0 0.214579255036
10.438 0 0.213199752445
10.447 0 0.211580422126
10.456 0 0.21073039679
10.465 0 0.209911422999
10.475 0 0.209953743331
10.485 0 0.210333926409
10.494 0 0.210859588616
10.504 0 0.21130851745
10.517 0 0.211357837168
10.521 0 0.211488469871
10.535 0 0.211409509062
10.543 0 0.211103548047
10.553 0 0.209436435254
10.567 0 0.206605045797
10.574 0 0.206406376074
10.587 0 0.201172551266
10.594 0 0.199530918523
10.601 0 0.198283197481
10.614 0 0.19623634653
10.625 0 0.195663869542
10.638 0 0.195655018406
10.646 0 0.195888826159
10.652 0 0.196057481526
10.664 0 0.195190348844
10.68 0 0.193913964043
10.685 0 0.19364107612
10.7 0 0.190468388734
10.709 0 0.189976376425
10.715 0 0.185931927313
10.724 0 0.183122644894
10.733 0 0.18145435196
10.746 0 0.175762669811
10.757 0 0.170992524514
10.763 0 0.170403046719
10.773 0 0.169419858509
10.781 0 0.169217417756
10.796 0 0.172771948309
10.806 0 0.173910985907
10.82 0 0.176968608278
10.825 0 0.177736549317
10.834 0 0.179403239236
10.846 0 0.181240201039
10.853 0 0.182566325244
10.865 0 0.184186384275
10.873 0 0.185456377615
10.885 0 0.187621443325
10.894 0 0.189487786476
10.904 0 0.190567160207
10.913 0 0.192985718248
10.926 0 0.193348838272
10.936 0 0.196916748162
10.944 0 0.199101780444
10.955 0 0.201737412266
10.965 0 0.203585145355
10.979 0 0.20688973719
10.984 0 0.206269288843
10.994 0 0.209057111721
11.01 0 0.213451696479
11.016 0 0.214507781498
11.026 0 0.212771876744
11.037 0 0.213409260421
11.044 0 0.213918146847
11.055 0 0.215415461011
11.069 0 0.216239390011
11.076 0 0.219418250787
11.085 0 0.213098610037
11.097 0 0.217517150499
11.105 0 0.217815708956
11.116 0 0.225315757701
11.125 0 0.227721874526
11.132 0 0.223948513575
11.146 0 0.226994860901
11.156 0 0.227156364979
11.167 0 0.226816226028
11.173 0 0.22653110366
11.186 0 0.22569934042
11.194 0 0.225293274205
11.212 0 0.224546873648
11.218 0 0.2244102483
11.222 0 0.223766515916
11.235 0 0.222540982851
11.245 0 0.221585283996
11.254 0 0.220688629699
11.266 0 0.220224473728
11.276 0 0.219864748817
11.284 0 0.21918651858
11.296 0 0.218266866565
11.306 0 0.217567102446
11.311 0 0.217383329182
11.325 0 0.216611164271
11.336 0 0.215372173616
11.343 0 0.214335526125
11.357 0 0.213983142009
11.363 0 0.214128385828
11.378 0 0.213735335715
11.387 0 0.212659773922
11.397 0 0.211241700518
11.405 0 0.210951757457
11.419 0 0.20936780788
11.422 0 0.209002222704
11.434 0 0.207629849343
11.442 0 0.206522831347
11.454 0 0.206519389401
11.466 0 0.207253827686
11.473 0 0.207650789903
11.483 0 0.208247097328
11.492 0 0.208525556982
11.5 0 0.208992684101
11.516 0 0.20892793105
11.523 0 0.208855983658
11.534 0 0.209739685489
11.544 0 0.210593441691
11.559 0 0.213340695481
11.564 0 0.214190236574
11.574 0 0.215792314952
11.59 0 0.217614998722
11.601 0 0.21819288981
11.608 0 0.219372252508
11.62 0 0.220564407915
11.627 0 0.221399465325
11.636 0 0.2226883176
11.648 0 0.223645799491
11.656 0 0.226163707452
11.666 0 0.227123437385
11.676 0 0.229064595492
11.684 0 0.23052927527
11.696 0 0.234701620625
11.707 0 0.2389034004
11.716 0 0.240405545654
11.723 0 0.243357678509
11.733 0 0.244782068791
11.745 0 0.249599688343
11.756 0 0.250477804326
11.766 0 0.250089955786
11.771 0 0.251031527077
11.787 0 0.253316444457
11.792 0 0.25079650367
11.804 0 0.250025168289
11.816 0 0.249782974074
11.823 0 0.250793122092
11.832 0 0.250854711559
11.846 0 0.252507409028
11.851 0 0.255009102235
11.867 0 0.259411003336
11.877 0 0.261578767942
11.885 0 0.262244132264
11.893 0 0.263181372228
11.908 0 0.265673749119
11.914 0 0.265136303559
11.923 0 0.264677492861
11.936 0 0.26170216384
11.946 0 0.259369250259
11.951 0 0.256141789143
11.962 0 0.254340653624
11.972 0 0.252082067888
11.985 0 0.250987077047
11.994 0 0.249553904085
12.003 0 0.248098898638
12.018 0 0.246833199213
12.027 0 0.245727835312
12.034 0 0.245013170383
12.045 0 0.242624411768
12.055 0 0.241823512111
12.068 0 0.24256974089
12.073 0 0.243388939801
12.083 0 0.244893764868
12.095 0 0.244580300016
12.102 0 0.243821917786
12.111 0 0.24309270295
12.126 0 0.24230051048
12.132 0 0.242230140391
12.146 0 0.242227981686
12.153 0 0.24198873559
12.163 0 0.241723100256
12.176 0 0.241687801841
12.184 0 0.240586229575
12.193 0 0.240088528977
12.208 0 0.240786741724
12.218 0 0.241604430718
12.225 0 0.242188976471
12.235 0 0.242592044234
12.244 0 0.241810159393
12.256 0 0.241325829579
12.268 0 0.24029777372
12.276 0 0.239639748044
12.288 0 0.238704671161
12.297 0 0.238385685825
12.304 0 0.238624994487
12.314 0 0.239302444445
12.327 0 0.240179108787
12.335 0 0.241171325119
12.341 0 0.242689637839
12.354 0 0.244264584051
12.364 0 0.24509138829
12.379 0 0.245601797952
12.388 0 0.246735702085
12.394 0 0.25028415564
12.404 0 0.251237621905
12.415 0 0.252613409592
12.426 0 0.256595621381
12.434 0 0.259407697515
12.444 0 0.260653511857
12.454 0 0.265277658331
12.462 0 0.264624253144
12.479 0 0.267389089423
12.485 0 0.268646670033
12.494 0 0.270078938026
12.504 0 0.267580840157
12.516 0 0.266943653324
12.527 0 0.26634652448
12.537 0 0.271166186849
12.542 0 0.269329862757
12.554 0 0.267848021839
12.565 0 0.26970634083
12.576 0 0.276643190844
12.587 0 0.27879835258
12.595 0 0.27600273788
12.606 0 0.281627860606
12.615 0 0.284028067122
12.626 0 0.284297489257
12.633 0 0.287619101367
12.648 0 0.292942247946
12.656 0 0.293750896039
12.663 0 0.29323577002
12.672 0 0.294863075943
12.685 0 0.295351509015
12.694 0 0.296199742214
12.704 0 0.296118825401
12.714 0 0.294531511289
12.723 0 0.292225692119
12.732 0 0.290368387405
12.746 0 0.287231335002
12.753 0 0.286510406231
12.769 0 0.279455180032
12.778 0 0.276237735415
12.786 0 0.273758305406
12.795 0 0.270320147128
12.808 0 0.264152108657
12.814 0 0.261437984546
12.822 0 0.259589662991
12.832 0 0.256917940957
12.844 0 0.253124911851
12.859 0 0.252927839602
12.864 0 0.25312094247
12.875 0 0.253569009068
12.883 0 0.253752799216
12.892 0 0.253722212984
12.903 0 0.253212506236
12.912 0 0.252472635627
12.923 0 0.251837185555
12.936 0 0.25116008961
12.945 0 0.250327681665
12.952 0 0.24926199836
12.964 0 0.247435138862
12.974 0 0.247430853542
12.983 0 0.246629579014
12.995 0 0.246045708204
13.009 0 0.244822610691
13.014 0 0.244809338525
13.024 0 0.244375520058
13.036 0 0.243439466298
13.047 0 0.242779558095
13.053 0 0.242452025842
13.066 0 0.242279032193
13.075 0 0.242130878304
13.087 0 0.242641118413
13.093 0 0.243109944234
13.106 0 0.243563397063
13.115 0 0.243797008003
13.126 0 0.244086462467
13.137 0 0.243999359148
13.143 0 0.245574544941
13.15 0 0.247111964901
13.165 0 0.248117169044
13.173 0 0.251638725287
13.186 0 0.252898172728
13.193 0 0.254225149817
13.202 0 0.255569407117
13.211 0 0.256074323495
13.224 0 0.260034181943
13.233 0 0.261566124761
13.245 0 0.264068234129
13.254 0 0.267419919701
13.265 0 0.268248452057
13.274 0 0.270414933195
13.283 0 0.274411627594
13.295 0 0.274866800778
13.304 0 0.275625827234
13.313 0 0.278523702672
13.324 0 0.281043112366
13.337 0 0.285800829675
13.342 0 0.283424216761
13.354 0 0.283696431084
13.364 0 0.291033721564
13.372 0 0.294442712744
13.384 0 0.297176385191
13.399 0 0.300810050465
13.405 0 0.303599017236
13.414 0 0.304469022359
13.427 0 0.304469546186
13.431 0 0.302988543223
13.443 0 0.304398345331
13.455 0 0.304906906632
13.464 0 0.307037876573
13.475 0 0.307530784641
13.483 0 0.308050890251
13.501 0 0.307785704682
13.512 0 0.307639091301
13.515 0 0.307565752414
13.52 0 0.307565752414
13.535 0 0.306411216275
13.545 0 0.302058981904
13.557 0 0.299606419095
13.564 0 0.299231125203
13.576 0 0.295239804459
13.59 0 0.29055794273
13.599 0 0.287935218416
13.607 0 0.285473328587
13.615 0 0.283571744774
13.624 0 0.281224586423
13.634 0 0.279198922014
13.645 0 0.27660876998
13.656 0 0.273826897184
13.664 0 0.2731137123
13.673 0 0.272630390601
13.686 0 0.272437530836
13.692 0 0.272456700841
13.707 0 0.271699088279
13.718 0 0.27073975719
13.724 0 0.270215951789
13.736 0 0.269572145641
13.748 0 0.269601888666
13.757 0 0.269726286997
13.767 0 0.269598453835
13.774 0 0.269750535971
13.786 0 0.268709453905
13.793 0 0.267658720241
13.802 0 0.265922411262
13.817 0 0.262163943489
13.827 0 0.260736687951
13.837 0 0.25981324284
13.853 0 0.25998012343
13.863 0 0.260884453347
13.872 0 0.262119880932
13.875 0 0.262356630334
13.885 0 0.262020667098
13.894 0 0.262016622435
13.907 0 0.262657629312
13.914 0 0.263181986319
13.927 0 0.264679652948
13.933 0 0.265119588866
13.946 0 0.266207343494
13.957 0 0.267274594328
13.963 0 0.268160289165
13.971 0 0.269833332041
13.983 0 0.271077483583
13.996 0 0.276933970996
14.003 0 0.279311893592
14.015 0 0.280043320337
14.024 0 0.283369023325
14.031 0 0.286675737633
14.047 0 0.288191175444
14.053 0 0.291761614001
14.065 0 0.291680634607
14.079 0 0.292849311955
14.087 0 0.291617163581
14.095 0 0.290895625558
14.104 0 0.289499147627
14.113 0 0.295049778304
14.125 0 0.287862307513
14.134 0 0.28923440764
14.146 0 0.295468877665
14.154 0 0.290591096984
14.164 0 0.294307257618
14.176 0 0.302813620542
14.184 0 0.305440818989
14.197 0 0.308398978965
14.202 0 0.309696754543
14.213 0 0.31212960989
14.223 0 0.313050266246
14.235 0 0.314943801891
14.245 0 0.316126005414
14.257 0 0.319140364361
14.265 0 0.319734831757
14.276 0 0.321054372941
14.282 0 0.321088774707
14.295 0 0.321188886831
14.306 0 0.320655204639
14.314 0 0.319625869879
14.324 0 0.318526061854
14.335 0 0.317357708353
14.347 0 0.316559105781
14.355 0 0.315361338853
14.365 0 0.313614085628
14.374 0 0.31232401929
14.385 0 0.309486637634
14.393 0 0.306950218144
14.406 0 0.303165943047
14.415 0 0.300790483468
14.425 0 0.298829478951
14.436 0 0.294379228902
14.447 0 0.29052811219
14.457 0 0.288435708197
14.465 0 0.288157115671
14.475 0 0.287801792145
14.488 0 0.287321053825
14.493 0 0.287162241792
14.503 0 0.286717502195
14.515 0 0.285675853825
14.526 0 0.285046288609
14.536 0 0.284738678454
14.544 0 0.283520155679
14.554 0 0.282571485876
14.564 0 0.281655748176
14.575 0 0.279849329807
14.586 0 0.27936768234
14.593 0 0.279131565102
14.602 0 0.279089454682
14.613 0 0.279077972659
14.625 0 0.27768056424
14.635 0 0.27664338997
14.645 0 0.275381893592
14.656 0 0.273863415214
14.664 0 0.272919705356
14.671 0 0.271699355085
14.684 0 0.27108998657
14.694 0 0.271290701258
14.704 0 0.271055585446
14.718 0 0.269871560849
14.726 0 0.269779257737
14.734 0 0.270615515012
14.743 0 0.271724459995
14.754 0 0.272833027649
14.764 0 0.273267384334
14.774 0 0.274502711983
14.784 0 0.278726621328
14.793 0 0.279261370768
14.804 0 0.28222466428
14.815 0 0.284654641012
14.826 0 0.289993733631
14.836 0 0.291424494923
14.843 0 0.292476313494
14.854 0 0.294013164399
14.864 0 0.293036312044
14.874 0 0.295550178652
14.886 0 0.296437000742
14.895 0 0.297940461437
14.903 0 0.297799253696
14.914 0 0.297004370656
14.923 0 0.300353200745
14.936 0 0.304448089229
14.946 0 0.307820556943
14.955 0 0.310250448594
14.964 0 0.313040436999
14.973 0 0.315885888805
14.986 0 0.319769136038
14.994 0 0.324303735831
15.006 0 0.326829098849
15.013 0 0.329343071566
15.026 0 0.331849046762
15.032 0 0.333054046881
15.045 0 0.334260403916
15.052 0 0.334356935424
15.063 0 0.333869061461
15.071 0 0.33378197679
15.081 0 0.33378197679
15.094 0 0.328218455303
15.105 0 0.32453776896
15.114 0 0.323619160946
15.122 0 0.323224225668
15.133 0 0.323224225668
15.142 0 0.316729642803
15.153 0 0.314530909875
15.164 0 0.310234957714
15.174 0 0.307187053723
15.185 0 0.302094427067
15.196 0 0.297871925255
15.206 0 0.295042839939
15.213 0 0.29205431885
15.225 0 0.290043108155
15.231 0 0.28940802555
15.245 0 0.289295228619
15.255 0 0.289450995187
15.262 0 0.28946527713
15.274 0 0.289034074387
15.285 0 0.288689171924
15.293 0 0.2878434399
15.302 0 0.287164105636
15.311 0 0.286740152381
15.322 0 0.286184907994
15.333 0 0.285506912927
15.346 0 0.285064860232
15.351 0 0.285189088523
15.364 0 0.284695102967
15.376 0 0.284545246743
15.383 0 0.284165766546
15.393 0 0.283391859141
15.403 0 0.283314362747
15.412 0 0.283113599094
15.42 0 0.282894540467
15.433 0 0.281402839829
15.447 0 0.280988347462
15.455 0 0.279765115048
15.466 0 0.27957671229
15.474 0 0.280143207151
15.484 0 0.28101527647
15.501 0 0.281427797438
15.505 0 0.281427797438
15.518 0 0.283083308578
15.526 0 0.284082975238
15.532 0 0.285829612125
15.548 0 0.286904726412
15.551 0 0.287663848248
15.566 0 0.287440411199
15.578 0 0.290517021075
15.586 0 0.29279667614
15.595 0 0.292415192495
15.607 0 0.29805777616
15.61 0 0.296512249515
15.631 0 0.305287852201
15.635 0 0.305675602138
15.643 0 0.306762342343
15.655 0 0.307613290071
15.668 0 0.304647424315
15.676 0 0.303962023579
15.682 0 0.305378264229
15.697 0 0.310541151531
15.704 0 0.310346679332
15.715 0 0.315105989903
15.723 0 0.311732515467
15.736 0 0.312755488419
15.748 0 0.320213016661
15.753 0 0.323243227014
15.765 0 0.321186609313
15.773 0 0.327257891484
15.783 0 0.327257891484
15.798 0 0.332113015209
15.801 0 0.332231630865
15.814 0 0.334371459562
15.825 0 0.335451454001
15.834 0 0.336204856067
15.845 0 0.336489619551
15.857 0 0.336179996292
15.862 0 0.335685557636
15.874 0 0.334767036808
15.887 0 0.333539251147
15.895 0 0.332850204587
15.907 0 0.330881450849
15.913 0 0.330263962169
15.931 0 0.327717692228
15.935 0 0.327413414686
15.943 0 0.325521787137
15.952 0 0.323730021282
15.965 0 0.323099765418
15.973 0 0.321410245662
15.984 0 0.319449666801
15.998 0 0.31744305764
16.004 0 0.317011880819
16.013 0 0.316338084468
16.024 0 0.31614361463
16.035 0 0.315875560526
16.044 0 0.315443768902
16.055 0 0.314902964966
16.064 0 0.314322156728
16.076 0 0.313826149125
16.085 0 0.313618737545
16.097 0 0.313903099456
16.104 0 0.313904628965
16.117 0 0.315176146737
16.126 0 0.31553648192
16.134 0 0.315962065011
16.147 0 0.316857354946
16.152 0 0.316825861151
16.164 0 0.317831481928
16.18 0 0.319119531556
16.187 0 0.319700290652
16.197 0 0.31884362786
16.208 0 0.318667204992
16.214 0 0.319070254407
16.225 0 0.318697117775
16.237 0 0.317954978548
16.244 0 0.317726099706
16.257 0 0.317080133063
16.264 0 0.316226651883
16.273 0 0.314208218402
16.284 0 0.314775986039
16.293 0 0.31560175551
16.304 0 0.317940609857
16.311 0 0.319134703513
16.326 0 0.321311648024
16.337 0 0.323322842163
16.346 0 0.323248969701
16.356 0 0.325347657405
16.366 0 0.327456987495
16.379 0 0.329777384259
16.386 0 0.331514783525
16.394 0 0.332334733873
16.406 0 0.332453120372
16.412 0 0.336727051885
16.423 0 0.339394663528
16.437 0 0.339313266117
16.453 0 0.340296988019
16.453 0 0.340296988019
16.469 0 0.345132644396
16.477 0 0.347313990281
16.483 0 0.347741962636
16.496 0 0.349774070669
16.505 0 0.351018481434
16.514 0 0.350581648129
16.525 0 0.351044786984
16.536 0 0.354100595807
16.546 0 0.355135991548
16.557 0 0.357382436078
16.562 0 0.353469208399
16.574 0 0.351827345844
16.582 0 0.354511844137
16.594 0 0.351089543935
16.605 0 0.34929461559
16.611 0 0.351545201349
16.626 0 0.342108607058
16.634 0 0.349008938286
16.641 0 0.355166391918
16.655 0 0.35482382028
16.663 0 0.354533892282
16.673 0 0.354042445422
16.683 0 0.354848049515
16.693 0 0.355037084427
16.704 0 0.353355551968
16.716 0 0.353389543253
16.724 0 0.353955419931
16.733 0 0.352982316117
16.743 0 0.352198177121
16.752 0 0.350679497017
16.765 0 0.348608266348
16.775 0 0.344984447172
16.782 0 0.34128397269
16.791 0 0.339260581664
16.805 0 0.338076652902
16.812 0 0.337215149691
16.823 0 0.336318740966
16.832 0 0.333996769136
16.847 0 0.333537957317
16.854 0 0.332963161824
16.864 0 0.333601800503
16.875 0 0.334525267133
16.884 0 0.333562495954
16.895 0 0.332256409945
16.906 0 0.330584635157
16.913 0 0.329514961319
16.924 0 0.329133315782
16.944 0 0.325462847824
16.953 0 0.325293768271
16.958 0 0.325116876287
16.964 0 0.325017656952
16.974 0 0.324980888946
16.981 0 0.324980888946
16.994 0 0.325677447487
17.004 0 0.325944361063
17.013 0 0.325478021265
17.024 0 0.324956353178
17.035 0 0.324698111437
17.046 0 0.32407136576
17.054 0 0.324231862753
17.063 0 0.32504754716
17.073 0 0.325618446716
17.085 0 0.325888648159
17.094 0 0.326370776546
17.105 0 0.327863793532
17.115 0 0.328173509688
17.124 0 0.329553084369
17.133 0 0.329447157355
17.144 0 0.332880076026
17.153 0 0.332256524759
17.164 0 0.333509721998
17.174 0 0.337513448257
17.183 0 0.340576275356
17.194 0 0.34144732215
17.205 0 0.342863965858
17.214 0 0.343523687877
17.225 0 0.344629153569
17.235 0 0.345946491491
17.242 0 0.343790427303
17.254 0 0.351573627707
17.264 0 0.351649045179
17.275 0 0.355179360756
17.285 0 0.357500962935
17.292 0 0.356293676387
17.303 0 0.358518970493
17.315 0 0.359511420864
17.321 0 0.360237430298
17.332 0 0.361527887402
17.344 0 0.361276391196
17.352 0 0.361490956458
17.365 0 0.364037956298
17.374 0 0.366586754736
17.383 0 0.367346536833
17.392 0 0.368058113915
17.407 0 0.372011998774
17.412 0 0.372631476847
17.425 0 0.37448094707
17.434 0 0.374708799463
17.445 0 0.374001945639
17.456 0 0.372832464286
17.464 0 0.372284381996
17.471 0 0.371914372271
17.484 0 0.369814159947
17.492 0 0.368029658232
17.508 0 0.364624306171
17.515 0 0.363599805207
17.523 0 0.362398322045
17.534 0 0.360106863234
17.544 0 0.359451568546
17.554 0 0.357010086689
17.56 0 0.356610925223
17.573 0 0.355582276835
17.585 0 0.355531261708
17.596 0 0.35471607073
17.604 0 0.35421570946
17.613 0 0.352734586422
17.625 0 0.351775297405
17.633 0 0.350480415427
17.641 0 0.349888368706
17.653 0 0.348107994968
17.663 0 0.346206466084
17.674 0 0.344655735303
17.683 0 0.342359488673
17.694 0 0.341244906457
17.702 0 0.33968479338
17.714 0 0.338853227506
17.724 0 0.338224368251
17.733 0 0.337561018034
17.743 0 0.336448708749
17.754 0 0.336421664473
17.764 0 0.337243824287
17.772 0 0.338774548484
17.781 0 0.339551311981
17.792 0 0.339682319257
17.803 0 0.339644462378
17.814 0 0.33887221688
17.823 0 0.339316988815
17.833 0 0.339822804533
17.841 0 0.34002554419
17.852 0 0.340042779067
17.865 0 0.340664989473
17.873 0 0.341238237546
17.883 0 0.342420122176
17.894 0 0.343703138514
17.904 0 0.343902630126
17.913 0 0.343985361369
17.924 0 0.346042268397
17.932 0 0.346555516243
17.943 0 0.346780058071
17.954 0 0.349961996329
17.964 0 0.351527625028
17.973 0 0.351863648926
17.983 0 0.35570098592
17.992 0 0.356504625548
18.003 0 0.356701869951
18.014 0 0.359073781645
18.024 0 0.360144421433
18.034 0 0.361675917076
18.041 0 0.361147509367
18.053 0 0.364046029925
18.063 0 0.360469585289
18.074 0 0.362246459358
18.083 0 0.365318524886
18.094 0 0.370254340701
18.105 0 0.374041153468
18.112 0 0.372284748133
18.125 0 0.373099132181
18.133 0 0.372434390631
18.142 0 0.373051262891
18.155 0 0.364977040507
18.163 0 0.36564703422
18.175 0 0.367386937732
18.184 0 0.369387476272
18.195 0 0.378182175808
18.204 0 0.382814421603
18.214 0 0.384202122096
18.222 0 0.384316202852
18.233 0 0.38350189602
18.244 0 0.382980030857
18.254 0 0.382216564444
18.263 0 0.382091584061
18.272 0 0.382301471651
18.283 0 0.382806120955
18.295 0 0.382736642985
18.305 0 0.38208792345
18.314 0 0.381715301727
18.324 0 0.380326823114
18.332 0 0.379476132408
18.344 0 0.378789241198
18.355 0 0.377658732671
18.364 0 0.375946968033
18.374 0 0.374608107481
18.387 0 0.373279172513
18.395 0 0.372082814972
18.405 0 0.370476885478
18.413 0 0.369427625104
18.423 0 0.369113612117
18.435 0 0.366930207238
18.444 0 0.366616939373
18.454 0 0.363835245908
18.462 0 0.363522090556
18.474 0 0.362883763931
18.486 0 0.36161034752
18.495 0 0.361250745061
18.505 0 0.360727739528
18.516 0 0.361284155121
18.526 0 0.361864097528
18.534 0 0.3624379027
18.546 0 0.36256833049
18.552 0 0.362871484932
18.565 0 0.363391025007
18.577 0 0.364041320068
18.585 0 0.364961652938
18.595 0 0.367247084935
18.603 0 0.368412430777
18.614 0 0.36954469121
18.623 0 0.371823715056
18.632 0 0.373261109493
18.644 0 0.373810755701
18.655 0 0.373693684499
18.664 0 0.375684875307
18.676 0 0.377156083156
18.683 0 0.378762692664
18.694 0 0.380670655603
18.704 0 0.381295256993
18.715 0 0.383786526182
18.722 0 0.384615955164
18.734 0 0.3869030592
18.744 0 0.388143283431
18.754 0 0.390458036353
18.763 0 0.393009126253
18.774 0 0.396852068577
18.784 0 0.39932318309
18.797 0 0.401842956163
18.803 0 0.403207068589
18.812 0 0.408301734167
18.824 0 0.410375135125
18.833 0 0.40768885319
18.845 0 0.405161291226
18.855 0 0.402700256518
18.866 0 0.413243395653
18.876 0 0.414041783649
18.882 0 0.416735815236
18.895 0 0.41942212874
18.906 0 0.422895229849
18.915 0 0.423869442045
18.923 0 0.420662993516
18.933 0 0.418520841463
18.945 0 0.423568794098
18.955 0 0.419442366267
18.966 0 0.417380529257
18.972 0 0.416177781664
18.984 0 0.417679625556
18.994 0 0.415614339621
19.005 0 0.408399331535
19.015 0 0.412322874508
19.024 0 0.41416074362
19.032 0 0.413629114369
19.043 0 0.410083971387
19.056 0 0.410014474216
19.063 0 0.410606590556
19.076 0 0.411169075233
19.082 0 0.411041208902
19.095 0 0.411803111534
19.107 0 0.412577718752
19.116 0 0.412168495776
19.124 0 0.411766013434
19.134 0 0.411046842997
19.146 0 0.410622126716
19.154 0 0.410311478719
19.163 0 0.409851388246
19.172 0 0.409048188446
19.185 0 0.407986612315
19.193 0 0.407748085881
19.206 0 0.407697109564
19.214 0 0.407771568992
19.223 0 0.406349591201
19.234 0 0.405324577951
19.244 0 0.404868408665
19.255 0 0.404925507937
19.264 0 0.404282670933
19.275 0 0.403386882374
19.283 0 0.402925452859
19.296 0 0.402744909318
19.305 0 0.401579031286
19.314 0 0.404876969502
19.323 0 0.406338638262
19.333 0 0.407343665795
19.343 0 0.408691061083
19.356 0 0.410737748219
19.365 0 0.412475420932
19.372 0 0.414034156154
19.386 0 0.415274128084
19.395 0 0.416658072716
19.403 0 0.417269526054
19.414 0 0.417363826476
19.425 0 0.418653303699
19.432 0 0.41846633975
19.445 0 0.419777042604
19.459 0 0.420624190009
19.463 0 0.421728275613
19.474 0 0.424571606759
19.485 0 0.426206581182
19.499 0 0.430407694234
19.507 0 0.43151674592
19.517 0 0.432731675059
19.525 0 0.433461176922
19.536 0 0.434450967279
19.543 0 0.433245862314
19.553 0 0.436007909945
19.563 0 0.439771695116
19.573 0 0.44498498503
19.585 0 0.446293089979
19.594 0 0.448264927907
19.604 0 0.450643028207
19.614 0 0.454943165686
19.624 0 0.459922902771
19.634 0 0.463764349004
19.644 0 0.464592626185
19.652 0 0.465797102731
19.664 0 0.468469909336
19.672 0 0.467921862086
19.682 0 0.465832328905
19.696 0 0.468562651719
19.709 0 0.46947571139
19.714 0 0.469933885224
19.727 0 0.469719776834
19.736 0 0.470136006106
19.743 0 0.472389466722
19.755 0 0.474239098082
19.764 0 0.473121610939
19.773 0 0.47448930578
19.782 0 0.475618536561
19.795 0 0.47603033951
19.802 0 0.47592677473
19.813 0 0.474689772951
19.824 0 0.474179475344
19.836 0 0.473464597143
19.844 0 0.473275738701
19.853 0 0.472259104441
19.864 0 0.47089414328
19.874 0 0.469612717947
19.885 0 0.467525347512
19.893 0 0.465238622434
19.905 0 0.463620584659
19.914 0 0.462456271108
19.925 0 0.461283472887
19.939 0 0.460264903255
19.942 0 0.460089407924
19.956 0 0.459372105442
19.965 0 0.45917989224
19.972 0 0.45917989224
19.985 0 0.456817654982
19.996 0 0.456380590077
20.007 0 0.454295815389
20.013 0 0.452627424502
20.026 0 0.449699723204
20.036 0 0.446762689445
20.046 0 0.443789929204
20.052 0 0.442601243033
20.061 0 0.441487998075
20.076 0 0.440004157463
20.084 0 0.438923414144
20.096 0 0.438834995989
20.104 0 0.440014064649
20.113 0 0.44088695501
20.126 0 0.442448659229
20.134 0 0.444217345571
20.144 0 0.4448846437
20.151 0 0.446089427648
20.166 0 0.447129532074
20.175 0 0.447733212786
20.183 0 0.4486438788
20.193 0 0.449455016789
20.204 0 0.449541061619
20.213 0 0.449319694338
20.226 0 0.448234635554
20.233 0 0.448671679144
20.245 0 0.449139987329
20.253 0 0.450033403048
20.264 0 0.451288325318
20.276 0 0.453145500545
20.285 0 0.455032853589
20.294 0 0.459034713366
20.304 0 0.459390225198
20.316 0 0.463671028717
20.325 0 0.462295543713
20.334 0 0.466961822493
20.344 0 0.469728413227
20.353 0 0.473766295731
20.367 0 0.477081536793
20.373 0 0.478282456283
20.386 0 0.480339500962
20.393 0 0.483598264665
20.407 0 0.484606797211
20.415 0 0.485583186708
20.425 0 0.484952240467
20.434 0 0.485558703644
20.441 0 0.489092854967
20.454 0 0.490136608254
20.464 0 0.491662284444
20.474 0 0.492674938247
20.484 0 0.49199182685
20.494 0 0.493898249337
20.503 0 0.492696901923
20.516 0 0.496541933915
20.521 0 0.497661803766
20.535 0 0.501143747332
20.543 0 0.50216850487
20.554 0 0.506059984685
20.564 0 0.507634155611
20.576 0 0.508011688741
20.583 0 0.506891959471
20.594 0 0.505653049263
20.605 0 0.504710435962
20.614 0 0.504205290794
20.627 0 0.501466987162
20.636 0 0.49889181286
20.642 0 0.498314660219
20.655 0 0.496275600814
20.662 0 0.494018783895
20.673 0 0.490483059998
20.686 0 0.487135912385
20.695 0 0.485698514245
20.704 0 0.485746673527
20.712 0 0.484333721193
20.723 0 0.481843863267
20.732 0 0.480643276824
20.745 0 0.480100873416
20.755 0 0.479662539215
20.761 0 0.479366631781
20.774 0 0.477697800119
20.785 0 0.476896131157
20.794 0 0.476546062536
20.803 0 0.474999148846
20.813 0 0.473774419792
20.824 0 0.474036277098
20.834 0 0.474438999311
20.843 0 0.474575012513
20.853 0 0.474339931706
20.862 0 0.474620342665
20.874 0 0.475086966511
20.885 0 0.475642323903
20.893 0 0.475466001227
20.904 0 0.475729284051
20.916 0 0.477054822458
20.923 0 0.478753689878
20.934 0 0.479507638159
20.945 0 0.48179696777
20.955 0 0.482489049458
20.962 0 0.483481600371
20.973 0 0.484467841448
20.984 0 0.485883534926
20.994 0 0.486933383576
21.006 0 0.486442533732
21.014 0 0.486519185443
21.024 0 0.486212154359
21.034 0 0.486910025551
21.046 0 0.486259070352
21.054 0 0.487018471071
21.062 0 0.487715789214
21.075 0 0.490878263678
21.084 0 0.493981839208
21.096 0 0.497762558865
21.102 0 0.499570972211
21.114 0 0.505257413831
21.124 0 0.506440977828
21.133 0 0.50874253031
21.143 0 0.505824338784
21.152 0 0.502449321632
21.164 0 0.503246766335
21.174 0 0.503626491925
21.181 0 0.507950175629
21.193 0 0.506508268929
21.202 0 0.506595605497
21.212 0 0.508498607309
21.222 0 0.508498607309
21.232 0 0.519525731132
21.245 0 0.522828816005
21.254 0 0.522418099613
21.263 0 0.522386637107
21.273 0 0.522348924646
21.286 0 0.523049834599
21.293 0 0.522277483481
21.314 0 0.52477303231
21.321 0 0.525765453445
21.326 0 0.526915851621
21.335 0 0.527170600059
21.343 0 0.529800407521
21.351 0 0.531040127274
21.365 0 0.531297951147
21.372 0 0.531057969894
21.383 0 0.530805194856
21.395 0 0.530627231283
21.404 0 0.530627231283
21.412 0 0.53139166375
21.426 0 0.531537343411
21.433 0 0.530652042836
21.443 0 0.529896347686
21.456 0 0.5284412095
21.466 0 0.526292262642
21.474 0 0.525057169226
21.483 0 0.524536927355
21.493 0 0.524354773596
21.504 0 0.524841244941
21.515 0 0.526043620512
21.526 0 0.526855554663
21.537 0 0.525983896277
21.546 0 0.524849745006
21.552 0 0.523333711653
21.563 0 0.521946165747
21.573 0 0.521129820022
21.585 0 0.521258213718
21.594 0 0.520935941772
21.605 0 0.520386943385
21.613 0 0.519016953695
21.625 0 0.517846991947
21.634 0 0.517832453451
21.644 0 0.518715215973
21.654 0 0.51888137348
21.663 0 0.519692285103
21.674 0 0.519277998875
21.686 0 0.519478866412
21.69 0 0.519768803605
21.702 0 0.521031231219
21.713 0 0.522458811018
21.725 0 0.524237337967
21.733 0 0.524851340057
21.745 0 0.525200515309
21.753 0 0.525891071339
21.768 0 0.528124920211
21.774 0 0.528295360515
21.782 0 0.528388894749
21.792 0 0.528884404381
21.802 0 0.529909441447
21.813 0 0.530668797681
21.822 0 0.531074502182
21.834 0 0.531997069956
21.845 0 0.535025241717
21.852 0 0.535518783624
21.864 0 0.540335063366
21.873 0 0.542084985126
21.881 0 0.542312286816
21.894 0 0.54371172663
21.902 0 0.544164706466
21.913 0 0.545174953134
21.923 0 0.5455412429
21.937 0 0.545184497256
21.943 0 0.542697875931
21.95 0 0.544254622159
21.962 0 0.547884250307
21.972 0 0.550911583717
21.983 0 0.554181224176
21.993 0 0.555560367017
22.001 0 0.55574242847
22.014 0 0.554711782408
22.023 0 0.554461445033
22.033 0 0.559248225317
22.045 0 0.561588598579
22.053 0 0.559435526298
22.062 0 0.565096039832
22.072 0 0.567290066466
22.082 0 0.570831832669
22.096 0 0.574482046519
22.102 0 0.575337709414
22.113 0 0.576859258905
22.123 0 0.57660406224
22.133 0 0.576138348076
22.143 0 0.575943467507
22.155 0 0.576775913758
22.164 0 0.577028640839
22.173 0 0.576654543814
22.181 0 0.575779969198
22.191 0 0.575155153368
22.204 0 0.573142278445
22.215 0 0.572963779525
22.22 0 0.571882594639
22.232 0 0.56968275482
22.243 0 0.567408303235
22.252 0 0.565120325666
22.262 0 0.56352194798
22.273 0 0.562523854556
22.284 0 0.563775451238
22.291 0 0.564283825186
22.301 0 0.564714886452
22.311 0 0.566122589743
22.322 0 0.566983694828
22.334 0 0.567831690506
22.344 0 0.567766769438
22.353 0 0.566596422252
22.361 0 0.564447948127
22.371 0 0.561600839926
22.382 0 0.560184740078
22.394 0 0.560184740078
22.406 0 0.551008412768
22.413 0 0.548722643512
22.424 0 0.548249445511
22.433 0 0.548439923103
22.442 0 0.548706649205
22.454 0 0.549957017152
22.462 0 0.551089763908
22.471 0 0.55228256794
22.485 0 0.554047069786
22.494 0 0.555860172309
22.504 0 0.557187640779
22.513 0 0.558225912196
22.531 0 0.559176968585
22.538 0 0.560661909565
22.545 0 0.561276570248
22.556 0 0.562401224856
22.564 0 0.56319562826
22.574 0 0.564046929588
22.586 0 0.564450146261
22.591 0 0.565017180878
22.607 0 0.5653758818
22.614 0 0.565503780622
22.625 0 0.568422330727
22.635 0 0.570516975833
22.644 0 0.570289722879
22.651 0 0.573050955869
22.663 0 0.574595559705
22.671 0 0.574995656446
22.682 0 0.576532771374
22.691 0 0.575881334396
22.706 0 0.575878737841
22.713 0 0.573908442107
22.723 0 0.573206580947
22.733 0 0.573091871622
22.749 0 0.574163739835
22.756 0 0.575213240956
22.764 0 0.579644518519
22.774 0 0.582383764245
22.783 0 0.589245367139
22.798 0 0.591756914904
22.806 0 0.589852379258
22.814 0 0.592952165781
22.824 0 0.590178859511
22.834 0 0.59035437597
22.845 0 0.593856393872
22.853 0 0.595584615117
22.864 0 0.596189832077
22.873 0 0.599865374801
22.886 0 0.603286845986
22.894 0 0.605080043111
22.904 0 0.607285052228
22.914 0 0.608430165545
22.928 0 0.608526082475
22.935 0 0.608114408817
22.944 0 0.606870156463
22.952 0 0.606444596963
22.964 0 0.605231915061
22.974 0 0.604401288188
22.988 0 0.602242700358
22.994 0 0.601095287256
23.005 0 0.599369810906
23.013 0 0.598063391349
23.023 0 0.596779620716
23.03 0 0.596215891467
23.045 0 0.595398144842
23.055 0 0.594884094874
23.065 0 0.593545267748
23.073 0 0.593803495783
23.081 0 0.593334487162
23.092 0 0.593339257753
23.103 0 0.592703111132
23.115 0 0.592010656041
23.128 0 0.590999083575
23.135 0 0.589732517744
23.146 0 0.588251799837
23.152 0 0.58752817268
23.165 0 0.584872897057
23.175 0 0.581674698647
23.182 0 0.578688333415
23.194 0 0.578023706866
23.205 0 0.576274639996
23.213 0 0.575547459948
23.224 0 0.575674708055
23.234 0 0.575825796511
23.245 0 0.57581754475
23.256 0 0.577537863133
23.261 0 0.578324653024
23.277 0 0.581224763912
23.286 0 0.583102162521
23.294 0 0.583608036794
23.304 0 0.584366011706
23.316 0 0.584541851949
23.324 0 0.584723598787
23.335 0 0.58461527583
23.345 0 0.585118474428
23.352 0 0.585193973145
23.364 0 0.585540800772
23.372 0 0.585287972089
23.384 0 0.586217506061
23.392 0 0.587272214204
23.4 0 0.587133856579
23.416 0 0.590615116857
23.426 0 0.592745021764
23.434 0 0.592983812658
23.442 0 0.59393613781
23.456 0 0.596036042644
23.466 0 0.598206950347
23.474 0 0.598973366731
23.484 0 0.60330215143
23.492 0 0.60419509748
23.506 0 0.604828224833
23.513 0 0.607619154018
23.523 0 0.609526737039
23.536 0 0.611055964969
23.544 0 0.612877695834
23.556 0 0.612534967842
23.565 0 0.61457386098
23.572 0 0.615008940971
23.584 0 0.612076895016
23.592 0 0.611641415049
23.603 0 0.612350378175
23.615 0 0.619634673314
23.621 0 0.621230749248
23.636 0 0.622472379879
23.646 0 0.623628671107
23.651 0 0.624590379887
23.661 0 0.626256923246
23.674 0 0.626965526223
23.681 0 0.627880213848
23.693 0 0.629738945085
23.705 0 0.629918146513
23.712 0 0.629554522302
23.725 0 0.62823332481
23.739 0 0.627557666294
23.746 0 0.627733475736
23.755 0 0.627083162869
23.764 0 0.626205419324
23.773 0 0.625590085449
23.783 0 0.625375828478
23.796 0 0.622424911242
23.804 0 0.618540381925
23.815 0 0.617197792488
23.822 0 0.615763242273
23.835 0 0.614186957142
23.844 0 0.61481507236
23.859 0 0.615271736736
23.865 0 0.615312407178
23.875 0 0.614976422829
23.881 0 0.614714794422
23.895 0 0.613718505034
23.904 0 0.613635820784
23.912 0 0.613387211392
23.923 0 0.612167183308
23.948 0 0.609381522594
23.955 0 0.608697062411
23.956 0 0.608697062411
23.967 0 0.605934484204
23.973 0 0.605714091227
23.983 0 0.604233936214
23.995 0 0.603257914732
24.003 0 0.60257515299
24.015 0 0.602635746822
24.026 0 0.603299441164
24.032 0 0.60340217609
24.045 0 0.604935753129
24.055 0 0.606595570827
24.061 0 0.607303677628
24.074 0 0.608411908872
24.086 0 0.610712351268
24.091 0 0.611301850421
24.108 0 0.612526359186
24.115 0 0.612865620426
24.126 0 0.614677058828
24.134 0 0.615154325503
24.146 0 0.616018981682
24.152 0 0.616163284165
24.164 0 0.616747295158
24.179 0 0.617218549486
24.186 0 0.61775456106
24.195 0 0.618274762759
24.205 0 0.618808130083
24.213 0 0.619543885654
24.224 0 0.622293517242
24.235 0 0.626300208941
24.244 0 0.629139266328
24.255 0 0.631334359847
24.266 0 0.632240932174
24.273 0 0.630843943779
24.284 0 0.629859778447
24.297 0 0.628440409019
24.304 0 0.631269859167
24.313 0 0.631459249545
24.336 0 0.636301626168
24.336 0 0.636301626168
24.343 0 0.638786671649
24.353 0 0.640267698794
24.363 0 0.637106674976
24.375 0 0.640094763594
24.383 0 0.637276485281
24.393 0 0.642086011908
24.415 0 0.646801564589
24.422 0 0.648535577138
24.429 0 0.64916833571
24.435 0 0.651554350401
24.444 0 0.652634585266
24.455 0 0.653892618608
24.467 0 0.656397170354
24.474 0 0.658509432835
24.482 0 0.659469045262
24.495 0 0.658697099223
24.505 0 0.657482137336
24.514 0 0.657155204656
24.521 0 0.656215660668
24.532 0 0.654888248681
24.543 0 0.654120585582
24.553 0 0.655334499605
24.562 0 0.654668585465
24.575 0 0.654005280356
24.584 0 0.655736613735
24.592 0 0.655052267234
24.603 0 0.654201370124
24.614 0 0.652031976297
24.625 0 0.649076943438
24.634 0 0.648164802442
24.642 0 0.649027592728
24.657 0 0.649176299612
24.666 0 0.648906702203
24.673 0 0.648567700715
24.683 0 0.646953175545
24.694 0 0.64489390214
24.706 0 0.642608339386
24.715 0 0.639729091724
24.725 0 0.637077384648
24.734 0 0.635111949336
24.745 0 0.633336824676
24.753 0 0.631286276826
24.764 0 0.628163129687
24.772 0 0.627783136742
24.787 0 0.628826420745
24.795 0 0.629152596485
24.801 0 0.629437438104
24.815 0 0.630603609111
24.826 0 0.631017819041
24.834 0 0.631256113822
24.843 0 0.632099380273
24.854 0 0.633357318866
24.866 0 0.63386402026
24.876 0 0.633762264782
24.887 0 0.63497006182
24.895 0 0.63613903994
24.903 0 0.63796412565
24.914 0 0.639659225732
24.926 0 0.641459749098
24.933 0 0.642653892046
24.943 0 0.642882399361
24.953 0 0.643999770657
24.963 0 0.644935613395
24.973 0 0.645647380855
24.983 0 0.647143664156
24.994 0 0.648529092406
25.004 0 0.648074387101
25.014 0 0.651718357765
25.024 0 0.65418327244
25.032 0 0.656063541074
25.043 0 0.658630402561
25.052 0 0.658734632349
25.063 0 0.657562463936
25.074 0 0.660694960422
25.085 0 0.65684456863
25.091 0 0.658601034356
25.104 0 0.657769011064
25.115 0 0.661861302836
25.122 0 0.665123264247
25.13 0 0.663533126868
25.144 0 0.664089220091
25.154 0 0.664147275538
25.164 0 0.67287306119
25.175 0 0.673514474719
25.187 0 0.674532360182
25.191 0 0.674153533656
25.201 0 0.676626814087
25.213 0 0.677496960181
25.225 0 0.678052845559
25.233 0 0.67817330089
25.248 0 0.678634360177
25.255 0 0.679220997138
25.265 0 0.679497396909
25.276 0 0.681309086866
25.285 0 0.681466388559
25.292 0 0.68124077826
25.304 0 0.68046772445
25.314 0 0.680579451407
25.324 0 0.679372613218
25.335 0 0.678242425685
25.347 0 0.679117312804
25.353 0 0.679535061411
25.362 0 0.67930338408
25.374 0 0.681106612577
25.384 0 0.681465511762
25.392 0 0.682770832639
25.402 0 0.683326189988
25.412 0 0.684080041914
25.422 0 0.683917008275
25.434 0 0.68264550093
25.442 0 0.681160951634
25.454 0 0.680664696613
25.464 0 0.680584652001
25.473 0 0.680521328736
25.486 0 0.678835772975
25.494 0 0.678022228029
25.504 0 0.676746511949
25.513 0 0.674160979002
25.523 0 0.6718884813
25.535 0 0.670116624104
25.542 0 0.669093312952
25.554 0 0.66632124097
25.567 0 0.662449766939
25.571 0 0.662112316445
25.587 0 0.660773841506
25.595 0 0.659844643538
25.605 0 0.660247657573
25.617 0 0.661023413222
25.625 0 0.662328293859
25.633 0 0.662430577909
25.645 0 0.664175442785
25.651 0 0.664814867056
25.663 0 0.665754556771
25.672 0 0.666807409866
25.68 0 0.667658429744
25.693 0 0.668545161505
25.702 0 0.668545496846
25.714 0 0.670418594506
25.72 0 0.670757494906
25.736 0 0.67062292087
25.743 0 0.669949558004
25.752 0 0.669422607973
25.762 0 0.673023694621
25.774 0 0.676025951856
25.781 0 0.676597884881
25.795 0 0.68044864954
25.801 0 0.681733654175
25.813 0 0.685291105683
25.823 0 0.687471878182
25.837 0 0.690172183082
25.843 0 0.690602038884
25.854 0 0.690783228127
25.863 0 0.688678417861
25.872 0 0.688831101393
25.884 0 0.686984466206
25.894 0 0.68652774915
25.904 0 0.68879057884
25.915 0 0.687868920749
25.925 0 0.688529359459
25.937 0 0.692438277398
25.945 0 0.692381232323
25.955 0 0.689437840452
25.962 0 0.690694127597
25.976 0 0.69203466071
25.982 0 0.693065567274
25.991 0 0.694620736664
26.004 0 0.699310698038
26.019 0 0.697688931354
26.024 0 0.70059945226
26.033 0 0.700686217948
26.045 0 0.703630432048
26.053 0 0.704035754088
26.066 0 0.700378478204
26.076 0 0.703782489906
26.081 0 0.703761412949
26.094 0 0.703302434589
26.109 0 0.704967892556
26.115 0 0.704156434676
26.122 0 0.704370095635
26.136 0 0.702936602301
26.144 0 0.702166281066
26.155 0 0.70023435392
26.167 0 0.696410309358
26.173 0 0.695489056135
26.183 0 0.693943210451
26.196 0 0.694182431246
26.205 0 0.695428146686
26.217 0 0.697125557891
26.222 0 0.697622305927
26.235 0 0.697511047361
26.244 0 0.697010070436
26.252 0 0.695544499866
26.264 0 0.691749315244
26.273 0 0.689104300913
26.282 0 0.688080637976
26.294 0 0.687172860472
26.306 0 0.685930622046
26.313 0 0.684864737815
26.325 0 0.683466425222
26.332 0 0.682381416125
26.345 0 0.679811784186
26.355 0 0.678843346762
26.361 0 0.678408240076
26.378 0 0.677440897893
26.387 0 0.677643901993
26.392 0 0.677204026483
26.403 0 0.677420491306
26.414 0 0.677135400916
26.423 0 0.677326915903
26.435 0 0.676976678262
26.445 0 0.677494140849
26.455 0 0.678461897176
26.465 0 0.681051099875
26.473 0 0.682829584159
26.486 0 0.685011742198
26.493 0 0.685477754723
26.5 0 0.686109011412
26.515 0 0.687312136207
26.525 0 0.68843180219
26.53 0 0.688535381751
26.545 0 0.688986759495
26.553 0 0.689141717961
26.566 0 0.689603445375
26.572 0 0.68993114824
26.583 0 0.693573540011
26.596 0 0.695581802166
26.603 0 0.697245969124
26.621 0 0.701634518938
26.628 0 0.702092420356
26.636 0 0.701913445089
26.644 0 0.703958291985
26.652 0 0.704236176407
26.662 0 0.705345890889
26.674 0 0.706640333638
26.683 0 0.707695741958
26.693 0 0.710237132368
26.704 0 0.708340473562
26.715 0 0.710779256024
26.722 0 0.707990678879
26.732 0 0.714880053036
26.744 0 0.716227031761
26.753 0 0.71692621127
26.765 0 0.719436667335
26.774 0 0.72083312055
26.784 0 0.722160208665
26.794 0 0.723535509445
26.805 0 0.724660025279
26.814 0 0.724740065465
26.825 0 0.726667956014
26.832 0 0.727249814894
26.843 0 0.729655200135
26.856 0 0.729467475036
26.866 0 0.728978771735
26.873 0 0.728426092177
26.884 0 0.726201576818
26.893 0 0.725788396393
26.903 0 0.725799927198
26.911 0 0.725459922949
26.92 0 0.726018962614
26.933 0 0.725725204104
26.944 0 0.726749536706
26.953 0 0.727505640327
26.963 0 0.726570711398
26.974 0 0.726570711398
26.983 0 0.719923687283
26.997 0 0.718308043134
27.003 0 0.718282631604
27.01 0 0.717979362105
27.025 0 0.718175202192
27.033 0 0.717556072462
27.044 0 0.716326793457
27.053 0 0.714549314602
27.066 0 0.711442850063
27.073 0 0.709971558971
27.083 0 0.707954045758
27.092 0 0.706500516314
27.105 0 0.703495514585
27.116 0 0.70013124463
27.127 0 0.697365246454
27.136 0 0.695747856081
27.141 0 0.694895831323
27.156 0 0.693444693838
27.164 0 0.694001010594
27.173 0 0.694671787186
27.183 0 0.693808563743
27.194 0 0.693937859579
27.204 0 0.694503482154
27.216 0 0.696488371258
27.224 0 0.697614526735
27.233 0 0.698094918735
27.244 0 0.697965291778
27.256 0 0.70039652378
27.265 0 0.701959765964
27.276 0 0.703361708103
27.285 0 0.704923463881
27.295 0 0.706045957081
27.305 0 0.706777587085
27.314 0 0.706541164691
27.327 0 0.705661870413
27.336 0 0.7060467007
27.346 0 0.707845215879
27.354 0 0.708498217357
27.365 0 0.7097947021
27.374 0 0.711538747398
27.383 0 0.712927216315
27.396 0 0.7177587077
27.406 0 0.718044482815
27.415 0 0.717691857112
27.423 0 0.717392220619
27.437 0 0.715887864124
27.444 0 0.717886249908
27.454 0 0.719339666899
27.463 0 0.72068886629
27.478 0 0.724057088752
27.484 0 0.723481860694
27.495 0 0.723418125936
27.506 0 0.724972259443
27.512 0 0.722742579855
27.525 0 0.723150929577
27.533 0 0.728643090888
27.545 0 0.732706113696
27.552 0 0.734250801569
27.564 0 0.736193368392
27.577 0 0.737226802021
27.584 0 0.737749396253
27.595 0 0.738426787238
27.604 0 0.739720470286
27.612 0 0.740369884234
27.625 0 0.742523253309
27.633 0 0.742886930224
27.644 0 0.742508316428
27.653 0 0.74256971616
27.664 0 0.741468340818
27.672 0 0.741112223527
27.684 0 0.741379549707
27.693 0 0.741379549707
27.703 0 0.741745561188
27.714 0 0.740090601295
27.724 0 0.738498962347
27.731 0 0.736248561147
27.747 0 0.732690947493
27.756 0 0.733641174362
27.764 0 0.734163721737
27.774 0 0.733506253505
27.783 0 0.732604347808
27.793 0 0.732932193054
27.804 0 0.73277739914
27.816 0 0.732860959888
27.824 0 0.733315329625
27.834 0 0.732380978916
27.842 0 0.731634066553
27.854 0 0.729508453273
27.864 0 0.727519572002
27.874 0 0.725250079352
27.884 0 0.722375694262
27.896 0 0.720126895754
27.905 0 0.719718518975
27.915 0 0.718684936887
27.922 0 0.717945216263
27.933 0 0.71727740456
27.947 0 0.717719393131
27.956 0 0.718394040585
27.966 0 0.719482582287
27.97 0 0.719742418265
27.983 0 0.721597471021
27.992 0 0.722326548305
28.003 0 0.723166623804
28.015 0 0.725489410096
28.025 0 0.726082571255
28.033 0 0.727029284037
28.044 0 0.728164760636
28.052 0 0.728777040983
28.065 0 0.730067006916
28.075 0 0.731845284716
28.083 0 0.732052956497
28.095 0 0.731877758985
28.105 0 0.731126882802
28.113 0 0.731674211627
28.125 0 0.733194968744
28.136 0 0.736691642618
28.146 0 0.736692120284
28.153 0 0.738713150539
28.164 0 0.742232227985
28.177 0 0.742350858972
28.184 0 0.74189727557
28.194 0 0.74359104752
28.208 0 0.743323855781
28.216 0 0.742245305937
28.222 0 0.741114717544
28.236 0 0.741506301216
28.244 0 0.741805616426
28.252 0 0.743153725287
28.264 0 0.744027732776
28.273 0 0.750319020126
28.286 0 0.750872102686
28.293 0 0.751881769779
28.304 0 0.746767583165
28.313 0 0.752753852145
28.326 0 0.750688333545
28.333 0 0.755385798386
28.342 0 0.75366940888
28.361 0 0.756458448888
28.368 0 0.756398801373
28.372 0 0.756530855128
28.382 0 0.757308481908
28.394 0 0.761001427586
28.403 0 0.761949281115
28.415 0 0.762352483375
28.424 0 0.761268649611
28.436 0 0.760620602299
28.445 0 0.760561860623
28.454 0 0.75952060173
28.465 0 0.760401324738
28.475 0 0.761335406628
28.483 0 0.760556807186
28.494 0 0.759663267657
28.504 0 0.759756245248
28.514 0 0.761006330264
28.524 0 0.760827191768
28.534 0 0.761529228428
28.546 0 0.760305311503
28.553 0 0.758505814321
28.562 0 0.75661960469
28.573 0 0.7543935526
28.583 0 0.754175355298
28.596 0 0.754838777879
28.607 0 0.755093167922
28.616 0 0.754615999109
28.624 0 0.753659716092
28.634 0 0.752656071138
28.644 0 0.750988005474
28.654 0 0.748715650235
28.664 0 0.746733606546
28.674 0 0.743670298365
28.683 0 0.741989070279
28.694 0 0.740653336781
28.704 0 0.739689070072
28.713 0 0.73901675401
28.721 0 0.738838943782
28.731 0 0.738153973432
28.747 0 0.738620410769
28.753 0 0.739194771579
28.762 0 0.739624991886
28.774 0 0.739676541275
28.785 0 0.741083502196
28.793 0 0.741986078487
28.803 0 0.743136889124
28.815 0 0.744143618235
28.821 0 0.745092353656
28.835 0 0.74698805241
28.844 0 0.747800509264
28.85 0 0.749677641294
28.865 0 0.751843096591
28.876 0 0.753147868235
28.885 0 0.752953126909
28.895 0 0.752926380875
28.905 0 0.754954433271
28.918 0 0.754169876671
28.924 0 0.75497129945
28.935 0 0.759575170972
28.944 0 0.761454212762
28.954 0 0.763639609421
28.964 0 0.765598985409
28.973 0 0.766139301145
28.986 0 0.767157700339
28.994 0 0.765617433143
29.003 0 0.767411448088
29.014 0 0.764598025961
29.025 0 0.765417130082
29.033 0 0.768446297823
29.044 0 0.773515194323
29.053 0 0.773667645336
29.066 0 0.77400912167
29.072 0 0.775730995359
29.083 0 0.770830380487
29.094 0 0.771740729149
29.102 0 0.772237419914
29.113 0 0.768725186204
29.121 0 0.769250292216
29.133 0 0.774772510781
29.143 0 0.77659630096
29.154 0 0.778754924823
29.164 0 0.780950625812
29.174 0 0.783203073109
29.181 0 0.785239946542
29.193 0 0.788335567355
29.203 0 0.788495537636
29.212 0 0.788339519255
29.224 0 0.788087770077
29.232 0 0.787561815923
29.24 0 0.787563538703
29.254 0 0.786577386661
29.263 0 0.786159432118
29.271 0 0.787654261861
29.283 0 0.788760221392
29.294 0 0.789773084279
29.305 0 0.788936695956
29.316 0 0.787693568743
29.327 0 0.785604885076
29.335 0 0.785105491325
29.343 0 0.784587350478
29.356 0 0.784335068125
29.363 0 0.783868134942
29.373 0 0.782990938458
29.385 0 0.782825553813
29.392 0 0.782277809246
29.406 0 0.780599476613
29.41 0 0.780109684539
29.424 0 0.777155972861
29.432 0 0.774540458528
29.445 0 0.770034513164
29.451 0 0.768110153425
29.464 0 0.764531067252
29.473 0 0.761922271417
29.487 0 0.759408620039
29.493 0 0.757933757366
29.504 0 0.753881943765
29.515 0 0.7542339447
29.523 0 0.755148853293
29.534 0 0.755845505446
29.545 0 0.757221251904
29.553 0 0.75817063208
29.564 0 0.759759736996
29.576 0 0.760524892594
29.582 0 0.760527841269
29.593 0 0.760907875163
29.601 0 0.761165012139
29.613 0 0.764853183081
29.626 0 0.765076933013
29.634 0 0.765928836116
29.643 0 0.767007227554
29.655 0 0.766305751295
29.662 0 0.766079677042
29.674 0 0.765007008632
29.683 0 0.764993423615
29.691 0 0.766655668471
29.704 0 0.770350967237
29.714 0 0.771326089691
29.722 0 0.773954995116
29.739 0 0.776294386999
29.74 0 0.776128274516
29.752 0 0.776995695539
29.763 0 0.775059903663
29.775 0 0.773642297991
29.783 0 0.774438858633
29.793 0 0.77107096198
29.803 0 0.770805921353
29.814 0 0.770910664797
29.824 0 0.773804926195
29.833 0 0.776551995151
29.845 0 0.776790530836
29.855 0 0.780374292197
29.864 0 0.781053199205
29.874 0 0.780992509425
29.881 0 0.78043307045
29.897 0 0.780833903697
29.906 0 0.783001261406
29.912 0 0.783970606106
29.921 0 0.784205335333
29.936 0 0.789035327247
29.942 0 0.789318671436
29.954 0 0.791901319897
29.964 0 0.793874699554
29.972 0 0.795740338928
29.983 0 0.795680623707
29.995 0 0.796059812253
30.005 0 0.794583613612
30.015 0 0.794829029954
30.024 0 0.794587150103
30.033 0 0.793755355332
30.045 0 0.792600191137
30.055 0 0.793251544884
30.064 0 0.792226188479
30.076 0 0.792349901304
30.082 0 0.793868310705
30.092 0 0.79376625969
30.107 0 0.794634823735
30.115 0 0.794261018247
30.125 0 0.793610608434
30.134 0 0.793166647787
30.145 0 0.79247586943
30.154 0 0.791694524871
30.163 0 0.791137328344
30.172 0 0.790408691025
30.182 0 0.788658977429
30.191 0 0.786854994977
30.206 0 0.785579184666
30.216 0 0.784557561024
30.224 0 0.784241961984
30.235 0 0.78317465915
30.24 0 0.782761459892
30.255 0 0.781466859733
30.264 0 0.780969425713
30.272 0 0.780659661848
30.284 0 0.780139746649
30.293 0 0.779159967232
30.304 0 0.780385605222
30.313 0 0.781718500826
30.322 0 0.783158394449
30.332 0 0.78343247263
30.343 0 0.784382769442
30.351 0 0.784519984361
30.365 0 0.784682968576
30.371 0 0.78533181428
30.383 0 0.786581636403
30.394 0 0.788218656274
30.403 0 0.789565885617
30.411 0 0.790842344257
30.423 0 0.792724737599
30.432 0 0.793238787378
30.444 0 0.792704245753
30.452 0 0.791933836264
30.464 0 0.791833464632
30.473 0 0.791592901241
30.486 0 0.793439350937
30.493 0 0.794475323822
30.503 0 0.797868380984
30.514 0 0.797163566787
30.524 0 0.802137074726
30.536 0 0.80297264364
30.545 0 0.801560810047
30.553 0 0.804603155617
30.563 0 0.80308364387
30.572 0 0.800059455547
30.585 0 0.796349968525
30.593 0 0.798532041073
30.601 0 0.794474016836
30.614 0 0.802883629127
30.623 0 0.807408876904
30.636 0 0.803214990716
30.642 0 0.806003208366
30.654 0 0.801176612438
30.664 0 0.800870688692
30.675 0 0.800044350226
30.682 0 0.804354478503
30.694 0 0.805523042168
30.702 0 0.804118433996
30.714 0 0.811936108855
30.724 0 0.814407568926
30.733 0 0.816663807661
30.744 0 0.820847340377
30.755 0 0.824292323337
30.762 0 0.825223118834
30.773 0 0.824994616501
30.783 0 0.824266199686
30.796 0 0.823543259944
30.804 0 0.822839962268
30.815 0 0.821715594918
30.823 0 0.821413836916
30.833 0 0.822479444947
30.841 0 0.823630422305
30.855 0 0.823313874874
30.865 0 0.822275556359
30.873 0 0.82139076353
30.884 0 0.819858712351
30.894 0 0.818088392031
30.903 0 0.816847319415
30.913 0 0.81601342111
30.928 0 0.816251938076
30.931 0 0.816532245801
30.946 0 0.816666512261
30.955 0 0.816370541597
30.963 0 0.815629415958
30.975 0 0.813964344736
30.983 0 0.812234419264
30.997 0 0.808556698483
31.005 0 0.806887343546
31.013 0 0.805181745099
31.029 0 0.801439275573
31.032 0 0.801169466393
31.045 0 0.799244891866
31.052 0 0.798377824413
31.063 0 0.796233409916
31.075 0 0.795934713461
31.081 0 0.796349543899
31.095 0 0.797299363699
31.105 0 0.797344452475
31.115 0 0.798625343158
31.123 0 0.799306274077
31.136 0 0.79999895826
31.143 0 0.800026484542
31.153 0 0.800504535043
31.167 0 0.801393842477
31.173 0 0.802310956562
31.184 0 0.805384911868
31.196 0 0.807483546898
31.205 0 0.810377757043
31.212 0 0.811045273607
31.227 0 0.811596883616
31.235 0 0.812181848889
31.244 0 0.811928505263
31.253 0 0.813044134208
31.265 0 0.812807085662
31.273 0 0.812928916581
31.285 0 0.81484504744
31.294 0 0.818043219798
31.306 0 0.820347663834
31.313 0 0.822759722225
31.323 0 0.824268157144
31.332 0 0.825199395174
31.343 0 0.825084563479
31.355 0 0.824795053838
31.363 0 0.82096764847
31.373 0 0.823022513772
31.386 0 0.825857425935
31.392 0 0.824379760929
31.403 0 0.820625180795
31.416 0 0.821429726083
31.422 0 0.822606610487
31.434 0 0.82182098342
31.442 0 0.827639018994
31.455 0 0.831369332116
31.467 0 0.834108740637
31.472 0 0.835645160231
31.484 0 0.835956348637
31.494 0 0.83613683041
31.507 0 0.836987076592
31.512 0 0.838014587881
31.524 0 0.839457919659
31.535 0 0.841290239492
31.544 0 0.842804168851
31.554 0 0.843216992533
31.561 0 0.843244712876
31.573 0 0.84180492311
31.583 0 0.841465139863
31.597 0 0.839512218941
31.606 0 0.838363827769
31.611 0 0.837437019596
31.623 0 0.838195159507
31.638 0 0.838285898133
31.644 0 0.838375797433
31.655 0 0.839739544581
31.666 0 0.839029504611
31.674 0 0.839313031329
31.686 0 0.838071761001
31.691 0 0.836659623718
31.706 0 0.834778255969
31.717 0 0.833853495389
31.721 0 0.833881215387
31.735 0 0.835675612374
31.746 0 0.836707907519
31.751 0 0.837038646315
31.765 0 0.836360839186
31.774 0 0.835134463269
31.783 0 0.832960375299
31.792 0 0.831610231842
31.807 0 0.829102751929
31.811 0 0.828470126907
31.824 0 0.826291479895
31.835 0 0.824987289509
31.842 0 0.823513412734
31.854 0 0.822710190361
31.866 0 0.821717315095
31.871 0 0.821744534754
31.884 0 0.822111176718
31.894 0 0.823127480701
31.901 0 0.823372696304
31.913 0 0.824455462146
31.922 0 0.824614099317
31.932 0 0.824871877578
31.944 0 0.82511410407
31.951 0 0.825258098451
31.962 0 0.826329044651
31.973 0 0.828227427971
31.984 0 0.830259496579
31.991 0 0.831749134117
32.003 0 0.832092310313
32.011 0 0.831747962625
32.026 0 0.829515955747
32.033 0 0.829234665279
32.043 0 0.82904481241
32.051 0 0.82993544651
32.064 0 0.832818372926
32.073 0 0.834651921359
32.084 0 0.840453702262
32.093 0 0.842107746641
32.104 0 0.843131635936
32.116 0 0.845663947735
32.124 0 0.846442322061
32.133 0 0.845944347865
32.143 0 0.846178496803
32.152 0 0.84429130776
32.165 0 0.839885246313
32.175 0 0.840138975519
32.183 0 0.840347846974
32.193 0 0.838212456127
32.205 0 0.842439645725
32.211 0 0.844045102847
32.222 0 0.843809502532
32.231 0 0.84220238581
32.247 0 0.840333135473
32.255 0 0.840157313872
32.264 0 0.84097108546
32.273 0 0.841294313491
32.285 0 0.843875026627
32.297 0 0.846108338933
32.302 0 0.845651068648
32.315 0 0.850049543918
32.323 0 0.852655464682
32.334 0 0.856394294376
32.342 0 0.85722984396
32.353 0 0.857573155093
32.365 0 0.85641946726
32.375 0 0.855399095086
32.384 0 0.854778884416
32.393 0 0.853559587773
32.405 0 0.852255288618
32.415 0 0.853750656647
32.424 0 0.853558482938
32.434 0 0.854340873914
32.443 0 0.853023392369
32.454 0 0.851895776529
32.462 0 0.851065047861
32.477 0 0.849237455504
32.487 0 0.849148700398
32.494 0 0.848760672558
32.502 0 0.84825927588
32.511 0 0.847018024987
32.522 0 0.846307648054
32.532 0 0.845587209045
32.543 0 0.843847811634
32.553 0 0.842586187692
32.563 0 0.840617405066
32.574 0 0.838337195958
32.584 0 0.836241985712
32.593 0 0.834242734139
32.604 0 0.832096940912
32.612 0 0.830932505612
32.625 0 0.828721407232
32.631 0 0.828286443255
32.645 0 0.826349021353
32.653 0 0.823530404482
32.664 0 0.824395485651
32.676 0 0.826479264439
32.681 0 0.827051338785
32.693 0 0.82617611066
32.704 0 0.826219182242
32.712 0 0.825874343837
32.722 0 0.825404422127
32.733 0 0.824665663604
32.743 0 0.825023452212
32.754 0 0.826361488776
32.763 0 0.827007694877
32.774 0 0.827254235176
32.784 0 0.827273567355
32.792 0 0.827189250394
32.802 0 0.827314929026
32.815 0 0.827814346077
32.824 0 0.828703478931
32.833 0 0.828897953494
32.845 0 0.830736804198
32.851 0 0.833050799596
32.864 0 0.834410519059
32.871 0 0.837494602827
32.888 0 0.839333323381
32.894 0 0.84323140118
32.905 0 0.845423237502
32.921 0 0.846433551703
32.925 0 0.84451803563
32.935 0 0.846082243404
32.943 0 0.846742182894
32.955 0 0.847734620512
32.966 0 0.847363283998
32.975 0 0.851756194633
32.987 0 0.859352398697
32.993 0 0.859841591777
33.002 0 0.860742842778
33.014 0 0.858812160916
33.02 0 0.860252348409
33.034 0 0.86064620375
33.043 0 0.860625700121
33.053 0 0.861022835953
33.064 0 0.859849355444
33.075 0 0.857655618224
33.083 0 0.856276781539
33.095 0 0.861313169327
33.108 0 0.857098469309
33.117 0 0.86037491355
33.125 0 0.85661517132
33.136 0 0.861266702069
33.144 0 0.859750530116
33.156 0 0.858587050847
33.166 0 0.85727057035
33.171 0 0.8570302198
33.182 0 0.856439115869
33.195 0 0.855784680454
33.202 0 0.855443737113
33.213 0 0.855703208945
33.222 0 0.855897266467
33.231 0 0.855679425738
33.245 0 0.855056414114
33.252 0 0.854530624146
33.262 0 0.854463675216
33.274 0 0.852394735251
33.284 0 0.848416454721
33.296 0 0.845819400808
33.305 0 0.844289192363
33.315 0 0.843352743904
33.322 0 0.842819671701
33.333 0 0.842145112652
33.344 0 0.840983733542
33.353 0 0.84034547962
33.363 0 0.838691695754
33.374 0 0.836538860395
33.391 0 0.834758718313
33.394 0 0.835045020461
33.401 0 0.835223048652
33.413 0 0.834901007647
33.421 0 0.83399405906
33.438 0 0.83208009783
33.443 0 0.831580129093
33.454 0 0.831022021102
33.464 0 0.832145838884
33.472 0 0.832334197396
33.482 0 0.833261987781
33.496 0 0.83237313425
33.505 0 0.8315799304
33.514 0 0.830655583971
33.521 0 0.830729595144
33.535 0 0.832801865466
33.548 0 0.834287197094
33.553 0 0.835358875874
33.565 0 0.836089428248
33.572 0 0.836367349113
33.583 0 0.83636846708
33.595 0 0.836934427162
33.603 0 0.839041907086
33.618 0 0.840744594689
33.623 0 0.840448142754
33.633 0 0.841320444344
33.643 0 0.844531111246
33.653 0 0.848439525597
33.664 0 0.851296919682
33.675 0 0.853598663842
33.683 0 0.855745153517
33.692 0 0.857659973654
33.706 0 0.862515483765
33.712 0 0.861258062935
33.723 0 0.862419943899
33.734 0 0.858987201214
33.743 0 0.859469351129
33.755 0 0.861159927709
33.767 0 0.865655519566
33.775 0 0.871968317137
33.784 0 0.872730604765
33.791 0 0.872598298453
33.802 0 0.872872307678
33.814 0 0.873582707298
33.825 0 0.873582707298
33.839 0 0.880481666039
33.844 0 0.880259529225
33.855 0 0.879486950797
33.865 0 0.877405945731
33.874 0 0.876370107374
33.884 0 0.877190197394
33.892 0 0.878828391106
33.906 0 0.883065836516
33.915 0 0.883169768884
33.923 0 0.882081296763
33.935 0 0.879986717436
33.945 0 0.879828958386
33.954 0 0.877994940057
33.962 0 0.877815796098
33.972 0 0.877231526691
33.985 0 0.876751464685
33.995 0 0.876934721511
34.001 0 0.876966577967
34.013 0 0.876769135316
34.022 0 0.876761877579
34.04 0 0.87587421823
34.045 0 0.87548871612
34.053 0 0.875102438443
34.067 0 0.873050140381
34.074 0 0.871231065682
34.083 0 0.868591806179
34.096 0 0.865867180607
34.103 0 0.864672923891
34.114 0 0.864232364197
34.121 0 0.863859878605
34.135 0 0.862706660761
34.144 0 0.862502836765
34.158 0 0.85940186587
34.17 0 0.859208112424
34.174 0 0.859208112424
34.183 0 0.859208112424
34.192 0 0.857786885384
34.203 0 0.856306731343
34.212 0 0.856015101527
34.224 0 0.855180046152
34.234 0 0.855562518231
34.241 0 0.856117622507
34.253 0 0.857124035667
34.265 0 0.856715138709
34.281 0 0.854632992944
34.287 0 0.853804871419
34.295 0 0.85257575937
34.304 0 0.850927119956
34.313 0 0.850343013887
34.327 0 0.850655782517
34.332 0 0.851973885838
34.343 0 0.853209684369
34.354 0 0.853917771577
34.361 0 0.853950257015
34.374 0 0.853581208951
34.384 0 0.85379709974
34.395 0 0.854104575297
34.404 0 0.855500502237
34.413 0 0.855896102967
34.423 0 0.856609287728
34.434 0 0.858721195094
34.442 0 0.86186530024
34.454 0 0.862151136385
34.466 0 0.866077175742
34.472 0 0.868573786366
34.484 0 0.872080498266
34.493 0 0.873370923831
34.503 0 0.874112202981
34.516 0 0.871921196416
34.526 0 0.876857469595
34.535 0 0.879371189367
34.543 0 0.876957281081
34.553 0 0.883690551067
34.565 0 0.890049097018
34.576 0 0.892119940544
34.589 0 0.892889740413
34.6 0 0.889430973746
34.602 0 0.888007947765
34.613 0 0.890909367792
34.631 0 0.894142859262
34.633 0 0.892492382788
34.664 0 0.90150206551
34.671 0 0.902225390736
34.676 0 0.903235827594
34.679 0 0.903702967943
34.696 0 0.905485065384
34.701 0 0.905485065384
34.705 0 0.905485065384
34.711 0 0.905771438503
34.721 0 0.905771438503
34.737 0 0.903462266812
34.745 0 0.90282338638
34.755 0 0.902966601204
34.763 0 0.901891736529
34.777 0 0.900375705161
34.783 0 0.902120119081
34.794 0 0.903135878616
34.806 0 0.904697436128
34.815 0 0.904473702028
34.825 0 0.902886000024
34.841 0 0.90206209549
34.847 0 0.900863338559
34.854 0 0.900863338559
34.866 0 0.900863338559
34.873 0 0.896652864741
34.883 0 0.894677719462
34.895 0 0.892967317795
34.907 0 0.891880092496
34.913 0 0.890486835639
34.926 0 0.887866682016
34.933 0 0.886926400499
34.946 0 0.884003784451
34.956 0 0.882117731313
34.966 0 0.881147865761
34.971 0 0.880973101395
34.985 0 0.880196244506
34.993 0 0.87886195047
35.003 0 0.877261952392
35.018 0 0.873027139949
35.024 0 0.873116339728
35.034 0 0.873719485581
35.049 0 0.873556382966
35.057 0 0.874373502091
35.066 0 0.874692678905
35.074 0 0.874160281203
35.087 0 0.873871838266
35.092 0 0.873701203382
35.106 0 0.873861220257
35.111 0 0.874312198406
35.125 0 0.874790923287
35.135 0 0.875990047321
35.147 0 0.876878011926
35.155 0 0.877511274448
35.162 0 0.87749363025
35.175 0 0.878946881497
35.185 0 0.879234348773
35.195 0 0.880303881576
35.203 0 0.882663138249
35.216 0 0.885042250071
35.223 0 0.884786808849
35.234 0 0.886061644091
35.245 0 0.889241079381
35.255 0 0.889430251667
35.265 0 0.886565984416
35.274 0 0.883839184718
35.285 0 0.881186276087
35.294 0 0.883379257429
35.303 0 0.886066476162
35.313 0 0.887326607925
35.322 0 0.886005349124
35.331 0 0.887495422891
35.346 0 0.890126392213
35.355 0 0.893607088565
35.37 0 0.892670817536
35.376 0 0.892767603226
35.386 0 0.892991283801
35.396 0 0.893969382779
35.403 0 0.894698240892
35.413 0 0.897956274204
35.425 0 0.89975791467
35.433 0 0.900495920576
35.444 0 0.901373501457
35.456 0 0.904586407758
35.465 0 0.905685151812
35.475 0 0.910807109645
35.481 0 0.913592269333
35.494 0 0.915319765181
35.504 0 0.916283521749
35.513 0 0.916494685214
35.525 0 0.915854082086
35.534 0 0.914799053402
35.544 0 0.91400980643
35.557 0 0.914099995365
35.564 0 0.914000665886
35.574 0 0.913985889098
35.584 0 0.913041526766
35.595 0 0.912209568007
35.604 0 0.910705765437
35.612 0 0.910035194066
35.625 0 0.908454481948
35.634 0 0.906865494111
35.645 0 0.902798839354
35.656 0 0.900374152734
35.662 0 0.899870216536
35.678 0 0.898079370891
35.685 0 0.897031506911
35.693 0 0.895880511099
35.706 0 0.893536824255
35.715 0 0.889594430597
35.722 0 0.888059180926
35.737 0 0.886755227732
35.747 0 0.885962443083
35.753 0 0.884773124866
35.764 0 0.882828345921
35.776 0 0.880996041946
35.786 0 0.880391434855
35.795 0 0.880866146664
35.805 0 0.881210114148
35.816 0 0.882049258511
35.825 0 0.882491614244
35.832 0 0.882768864484
35.842 0 0.883880848775
35.854 0 0.884316866751
35.866 0 0.884285015926
35.877 0 0.883702596923
35.886 0 0.885521684763
35.896 0 0.887289167127
35.904 0 0.888828909912
35.919 0 0.889162404556
35.926 0 0.889319704905
35.933 0 0.889459351995
35.946 0 0.889132396552
35.953 0 0.888801933236
35.966 0 0.888200297375
35.976 0 0.890046305605
35.984 0 0.890439545554
35.994 0 0.893053283909
36.004 0 0.894206926537
36.014 0 0.896179536572
36.024 0 0.90125984741
36.034 0 0.902758853102
36.047 0 0.902094127892
36.055 0 0.908105954865
36.062 0 0.906866326163
36.076 0 0.905683882813
36.083 0 0.906862604956
36.093 0 0.907615519281
36.107 0 0.908897485999
36.116 0 0.906615237381
36.125 0 0.90917530854
36.134 0 0.906263787405
36.144 0 0.913832370334
36.157 0 0.909388988798
36.165 0 0.91127929843
36.174 0 0.911980968951
36.183 0 0.914491447671
36.194 0 0.915224181051
36.2 0 0.914591219461
36.213 0 0.916267548915
36.222 0 0.919595652455
36.235 0 0.922180514937
36.244 0 0.925066773454
36.256 0 0.926618347914
36.263 0 0.927482936563
36.274 0 0.927482936563
36.285 0 0.930275543458
36.294 0 0.929816329625
36.306 0 0.928765159423
36.314 0 0.927772227804
36.323 0 0.927987427751
36.334 0 0.927996049482
36.345 0 0.928416489121
36.356 0 0.927835514257
36.362 0 0.927897805989
36.375 0 0.927589672013
36.385 0 0.92703452203
36.393 0 0.927196379111
36.404 0 0.92663269652
36.412 0 0.925956782038
36.427 0 0.923905402312
36.435 0 0.922374939458
36.445 0 0.921705713654
36.456 0 0.920620768491
36.464 0 0.920163295736
36.474 0 0.918107908937
36.484 0 0.916862130657
36.495 0 0.913979055585
36.504 0 0.912494139927
36.515 0 0.909167743758
36.523 0 0.906529323306
36.535 0 0.901477499415
36.545 0 0.899654874114
36.554 0 0.895988970596
36.566 0 0.893558652632
36.577 0 0.88953502868
36.587 0 0.888854510432
36.593 0 0.889084865596
36.606 0 0.890125511375
36.613 0 0.88945522747
36.621 0 0.889790240304
36.637 0 0.889252929772
36.65 0 0.889674770226
36.656 0 0.889058353439
36.663 0 0.889683918194
36.675 0 0.891175151091
36.687 0 0.89315131489
36.698 0 0.894342328261
36.704 0 0.894384102582
36.712 0 0.894588107472
36.723 0 0.894588107472
36.737 0 0.8944620106
36.744 0 0.893715829484
36.754 0 0.893559216443
36.761 0 0.894872413072
36.776 0 0.898232879202
36.786 0 0.900143926899
36.793 0 0.903416895878
36.802 0 0.904419615797
36.814 0 0.908499952049
36.822 0 0.907804298553
36.836 0 0.905866200663
36.845 0 0.906227835396
36.852 0 0.904476922488
36.863 0 0.908497264794
36.873 0 0.908158832894
36.885 0 0.90818724054
36.895 0 0.911714481388
36.903 0 0.913978996296
36.915 0 0.913719691738
36.922 0 0.916976337418
36.935 0 0.919407127819
36.944 0 0.918960745263
36.954 0 0.917712895797
36.968 0 0.915894416614
36.975 0 0.917347917573
36.987 0 0.919599996408
36.993 0 0.921714640252
37.006 0 0.921499223666
37.014 0 0.921499223666
37.027 0 0.922107571907
37.035 0 0.924279869562
37.047 0 0.926034825722
37.056 0 0.927516535733
37.067 0 0.929474433505
37.076 0 0.929244056552
37.085 0 0.928465312236
37.096 0 0.927748089362
37.103 0 0.927062072948
37.116 0 0.927116611625
37.125 0 0.926129146178
37.136 0 0.924860789672
37.141 0 0.924916479635
37.156 0 0.924030819066
37.162 0 0.922910578514
37.174 0 0.922220356
37.185 0 0.919913445578
37.193 0 0.918684698993
37.205 0 0.918340933424
37.215 0 0.91776870726
37.225 0 0.916868895293
37.234 0 0.917258495876
37.247 0 0.91649546367
37.251 0 0.916084145438
37.263 0 0.913374964532
37.275 0 0.911317581185
37.283 0 0.909673779398
37.297 0 0.908845685877
37.305 0 0.908969431817
37.313 0 0.908190146154
37.326 0 0.907774733485
37.334 0 0.907468917908
37.342 0 0.906949085177
37.352 0 0.90667594669
37.364 0 0.905010533989
37.376 0 0.905013346377
37.384 0 0.906307729136
37.395 0 0.907412458318
37.403 0 0.908048412369
37.415 0 0.908736360361
37.423 0 0.909178762534
37.433 0 0.909617970945
37.444 0 0.910351959252
37.457 0 0.91100240412
37.465 0 0.912944549309
37.474 0 0.91453098931
37.485 0 0.914840974093
37.493 0 0.91466545827
37.502 0 0.914039181892
37.514 0 0.914597028505
37.523 0 0.914522713416
37.534 0 0.915667618111
37.546 0 0.91700946666
37.556 0 0.919410082549
37.564 0 0.923500167629
37.572 0 0.925402256008
37.584 0 0.929552649161
37.594 0 0.930223463628
37.605 0 0.930864169361
37.615 0 0.930556643423
37.627 0 0.928107799455
37.633 0 0.92681930796
37.645 0 0.924692272664
37.653 0 0.9263266486
37.666 0 0.925247785665
37.674 0 0.927313902175
37.686 0 0.927638017943
37.694 0 0.927644841787
37.704 0 0.930188555391
37.715 0 0.931800402784
37.725 0 0.931847977264
37.738 0 0.934558377449
37.744 0 0.931513767015
37.751 0 0.932219859346
37.766 0 0.939747724983
37.78 0 0.942347641543
37.791 0 0.942392234014
37.803 0 0.941990885325
37.804 0 0.941990885325
37.819 0 0.945449988633
37.832 0 0.947247121927
37.835 0 0.94699739507
37.847 0 0.947118981654
37.852 0 0.94704186213
37.871 0 0.946212668172
37.879 0 0.945729417899
37.885 0 0.945052103872
37.893 0 0.945519462092
37.91 0 0.945643532586
37.916 0 0.946478129124
37.929 0 0.947135383016
37.936 0 0.947363719037
37.945 0 0.948187658704
37.955 0 0.948998975685
37.962 0 0.949111688679
37.971 0 0.948374798759
37.986 0 0.946419800828
37.997 0 0.945619497356
38.003 0 0.944853597278
38.012 0 0.944118260829
38.023 0 0.942978153733
38.034 0 0.937835714908
38.056 0 0.936691139412
38.064 0 0.934510058354
38.072 0 0.933512245102
38.078 0 0.931773510671
38.089 0 0.930587485881
38.098 0 0.92990173547
38.109 0 0.92651414977
38.115 0 0.925248758491
38.122 0 0.924227180329
38.133 0 0.92324378103
38.146 0 0.922302929136
38.155 0 0.922824490287
38.164 0 0.923503011349
38.175 0 0.92372756062
38.183 0 0.923988698286
38.196 0 0.924375207792
38.205 0 0.924893788174
38.216 0 0.925080158267
38.226 0 0.92559247087
38.237 0 0.926522729145
38.243 0 0.927001076958
38.254 0 0.927758680596
38.265 0 0.928391008931
38.278 0 0.928546671143
38.284 0 0.92829191607
38.292 0 0.928082122219
38.301 0 0.928713401272
38.314 0 0.930578068939
38.322 0 0.931260898949
38.331 0 0.934930869912
38.344 0 0.93614478094
38.355 0 0.940938458665
38.365 0 0.946569713695
38.374 0 0.946585397485
38.383 0 0.946019834153
38.394 0 0.944177897996
38.403 0 0.942043329382
38.417 0 0.939790234624
38.425 0 0.93953185707
38.435 0 0.938716191262
38.444 0 0.938847072001
38.454 0 0.941726353767
38.47 0 0.943937354237
38.477 0 0.945872791391
38.484 0 0.943199774893
38.494 0 0.942396871869
38.505 0 0.940727661391
38.515 0 0.945938003692
38.524 0 0.950566724264
38.534 0 0.949792267644
38.546 0 0.953216142977
38.553 0 0.9550705116
38.566 0 0.957878049146
38.576 0 0.960388634398
38.585 0 0.960346887795
38.599 0 0.963779317606
38.604 0 0.964342141283
38.612 0 0.967324179264
38.624 0 0.968465031854
38.637 0 0.967456301944
38.646 0 0.966661955271
38.653 0 0.9659499465
38.666 0 0.963764890439
38.673 0 0.963076634321
38.685 0 0.963196959791
38.693 0 0.963486403657
38.702 0 0.962639868047
38.715 0 0.961073540805
38.724 0 0.958165025139
38.735 0 0.956577870962
38.747 0 0.954684367332
38.755 0 0.953746251668
38.763 0 0.953021430924
38.773 0 0.952250787642
38.787 0 0.951516673874
38.795 0 0.951421244149
38.804 0 0.951421244149
38.817 0 0.94953099183
38.825 0 0.948575353647
38.833 0 0.947269183125
38.845 0 0.944998130094
38.854 0 0.943876825664
38.863 0 0.941318541785
38.876 0 0.938737201946
38.884 0 0.937287556174
38.896 0 0.935149144963
38.902 0 0.933829157535
38.917 0 0.930193259031
38.924 0 0.929946222023
38.937 0 0.928298759034
38.944 0 0.929267584129
38.955 0 0.930438473072
38.962 0 0.930591216845
38.973 0 0.930518107651
38.985 0 0.930506112668
38.995 0 0.93075524111
39.007 0 0.932404728924
