time index height
0.0 0 0.0
0.028 0 0.0284513623996
0.041 0 0.0311956852891
0.056 0 0.0385063141734
0.071 0 0.046045106873
0.085 0 0.0528194408492
0.097 0 0.0528194408492
0.107 0 0.0655538391912
0.122 0 0.0719299452118
0.138 0 0.0777041674009
0.157 0 0.0818097663129
0.172 0 0.0842761419038
0.186 0 0.0857862008843
0.2 0 0.0861161643358
0.214 0 0.0855125159973
0.228 0 0.0848045689079
0.238 0 0.0822601345415
0.255 0 0.0803522869296
0.268 0 0.0752491446275
0.282 0 0.0710842661424
0.294 0 0.066235517248
0.319 0 0.0626722572663
0.329 0 0.0615552647548
0.341 0 0.0569943857468
0.367 0 0.048638111886
0.383 0 0.0433639555553
0.393 0 0.036136990301
0.407 0 0.0299227295074
0.427 0 0.0295915632695
0.438 0 0.0305681558759
0.456 0 0.031950710079
0.47 0 0.0339449774764
0.494 0 0.0340977440129
0.519 0 0.0338247398651
0.539 0 0.0357373873029
0.562 0 0.0363021900565
0.571 0 0.036556569131
0.586 0 0.0375729622716
0.603 0 0.0385105785869
0.614 0 0.0391252935968
0.629 0 0.0393108686987
0.637 0 0.0390361888331
0.658 0 0.0387679408404
0.67 0 0.0390225721877
0.688 0 0.0394206368979
0.706 0 0.0393953253412
0.713 0 0.0393953253412
0.731 0 0.0398703544127
0.747 0 0.0393273330816
0.761 0 0.0390714970232
0.773 0 0.0391035230535
0.784 0 0.0389437305203
0.8 0 0.0387803668289
0.817 0 0.0386925136281
0.83 0 0.0384965446561
0.846 0 0.0380864009136
0.86 0 0.0377429646749
0.88 0 0.0372929202727
0.892 0 0.0373218440591
0.902 0 0.0372671413994
0.911 0 0.0369070230986
0.927 0 0.0375480514499
0.943 0 0.0391214792391
0.957 0 0.0443281963268
0.983 0 0.0462034535828
0.995 0 0.0479633382223
1.012 0 0.0489048205709
1.032 0 0.0488153595727
1.047 0 0.048705379058
1.058 0 0.0484806628385
1.077 0 0.0478307662624
1.091 0 0.047177163767
1.11 0 0.0465268421336
1.124 0 0.0461175979925
1.137 0 0.0460842014146
1.152 0 0.0460608895483
1.164 0 0.0467962907736
1.18 0 0.0476405910601
1.201 0 0.0481616890433
1.216 0 0.0484553528564
1.234 0 0.0478167126037
1.254 0 0.0470501153741
1.27 0 0.0469128412163
1.287 0 0.0451608058433
1.313 0 0.0451169850765
1.33 0 0.0455062327536
1.349 0 0.0455051025195
1.362 0 0.0438891604603
1.38 0 0.0426325547075
1.396 0 0.0427197248206
1.41 0 0.0436417542
1.432 0 0.0443809503147
1.447 0 0.0447199984714
1.458 0 0.0459613543073
1.477 0 0.0461480017606
1.493 0 0.0467427259545
1.507 0 0.0467427259545
1.525 0 0.047753816941
1.54 0 0.047753816941
1.552 0 0.048301374905
1.574 0 0.0487917840671
1.589 0 0.0485542046177
1.604 0 0.047828091962
1.622 0 0.047767705769
1.637 0 0.0480642185693
1.65 0 0.0480087738272
1.672 0 0.0469041563409
1.683 0 0.0463504876684
1.7 0 0.0456755519422
1.716 0 0.0455137425665
1.729 0 0.046193242389
1.749 0 0.048367174477
1.765 0 0.0513636435377
1.79 0 0.0561115466084
1.811 0 0.059093427579
1.836 0 0.060718494212
1.855 0 0.060781717299
1.873 0 0.0610979513016
1.895 0 0.0608003007224
1.91 0 0.0602542083791
1.933 0 0.0621065336446
1.95 0 0.0632343145973
1.977 0 0.0635295636756
1.994 0 0.0631102333585
2.009 0 0.0625625762898
2.031 0 0.0604683977246
2.046 0 0.0590288046391
2.065 0 0.0566672568142
2.08 0 0.0553315886127
2.098 0 0.0531992149474
2.117 0 0.0514744978068
2.138 0 0.0496462460701
2.159 0 0.0486595594801
2.173 0 0.0487919872217
2.198 0 0.0491671056932
2.211 0 0.0500988755183
2.234 0 0.0505087881807
2.255 0 0.0520598300023
2.278 0 0.0535264608917
2.306 0 0.0536004640594
2.323 0 0.0542985331763
2.335 0 0.0552478072021
2.356 0 0.0561114335376
2.366 0 0.0567859829709
2.39 0 0.0582561494226
2.405 0 0.0584099629486
2.418 0 0.0592409843583
2.432 0 0.0589324338889
2.455 0 0.0588018214355
2.469 0 0.0588851587102
2.481 0 0.0582970937408
2.509 0 0.0560724212395
2.524 0 0.0536692325313
2.553 0 0.0540478222562
2.571 0 0.0603308682406
2.595 0 0.0669094297839
2.614 0 0.0715940329703
2.633 0 0.0746112749896
2.652 0 0.0757995067953
2.675 0 0.0757995067953
2.691 0 0.0766564580012
2.723 0 0.075797789856
2.737 0 0.075107848451
2.761 0 0.076216493786
2.79 0 0.0770183969028
2.813 0 0.0773184816888
2.829 0 0.0776666816538
2.851 0 0.0770230780619
2.866 0 0.076167288695
2.886 0 0.0739657482981
2.897 0 0.0729437390678
2.908 0 0.0717425177567
2.923 0 0.0691463695347
2.94 0 0.0684527289862
2.949 0 0.066976043683
2.977 0 0.0665861420888
2.994 0 0.067529657078
3.022 0 0.0681058679204
3.035 0 0.0701360711078
3.063 0 0.0712702898
3.076 0 0.0731672547937
3.092 0 0.0761567589717
3.118 0 0.0772264883215
3.135 0 0.0789123348795
3.157 0 0.0796133104005
3.169 0 0.0823401481477
3.195 0 0.0836357383806
3.209 0 0.0850938986096
3.228 0 0.0877245755154
3.256 0 0.0889363654781
3.279 0 0.0902649197191
3.303 0 0.0922736236011
3.324 0 0.0923473560787
3.339 0 0.0920162915331
3.355 0 0.0918332893082
3.366 0 0.0908621295369
3.372 0 0.0886905612523
3.395 0 0.0843035817655
3.425 0 0.0837807910837
3.447 0 0.0856481259901
3.469 0 0.091496323472
3.488 0 0.0929327188868
3.506 0 0.0929736961129
3.528 0 0.0928000101868
3.547 0 0.0928000101868
3.556 0 0.091559391554
3.583 0 0.0911587372925
3.598 0 0.0920322073075
3.61 0 0.0927897871734
3.631 0 0.093162291375
3.65 0 0.0927986300304
3.677 0 0.0927986300304
3.694 0 0.0882514334685
3.714 0 0.0882514334685
3.729 0 0.0839419250881
3.747 0 0.0828458721916
3.767 0 0.0832125143344
3.784 0 0.0863628302877
3.804 0 0.0895602599027
3.824 0 0.0946240252199
3.839 0 0.0960260669296
3.856 0 0.0960260669296
3.869 0 0.101490956483
3.889 0 0.102718354806
3.899 0 0.105169188513
3.915 0 0.106420835825
3.934 0 0.107099692527
3.934 0 0.107099692527
3.934 0 0.107099692527
3.947 0 0.107530290334
3.96 0 0.107681405656
3.961 0 0.107957329965
3.975 0 0.110188247928
3.988 0 0.110737769973
3.997 0 0.111032232394
4.007 0 0.11315746831
4.025 0 0.113245135043
4.035 0 0.113674607981
4.05 0 0.113499757059
4.078 0 0.113644956521
4.1 0 0.113875274822
4.119 0 0.113736456132
4.135 0 0.113749598767
4.157 0 0.113038387143
4.176 0 0.112919424865
4.196 0 0.112753752842
4.218 0 0.110832722085
4.233 0 0.108982491268
4.248 0 0.10584061223
4.272 0 0.102905365909
4.285 0 0.102862866576
4.31 0 0.102627536332
4.328 0 0.102320951939
4.356 0 0.102296752565
4.374 0 0.102705642092
4.402 0 0.102722576062
4.416 0 0.102960730265
4.437 0 0.102825782048
4.449 0 0.101568024047
4.465 0 0.101175963144
4.48 0 0.100581755978
4.494 0 0.0997981164886
4.511 0 0.0992168517504
4.535 0 0.0984795509602
4.552 0 0.099535799773
4.572 0 0.100153732044
4.589 0 0.104095946604
4.613 0 0.109054787614
4.631 0 0.111966501477
4.651 0 0.11334448045
4.661 0 0.118805949076
4.674 0 0.12071211918
4.687 0 0.12071211918
4.695 0 0.122952010526
4.714 0 0.124002685328
4.739 0 0.125267976123
4.764 0 0.128029944609
4.789 0 0.128029944609
4.8 0 0.130074871543
4.819 0 0.129090439907
4.841 0 0.128994981329
4.858 0 0.128072974707
4.883 0 0.128072974707
4.893 0 0.125095600206
4.914 0 0.120281850749
4.937 0 0.115950442906
4.951 0 0.11025455877
4.976 0 0.106549483372
4.99 0 0.103962754403
5.002 0 0.101437894972
5.022 0 0.100243993804
5.041 0 0.101730894632
5.064 0 0.102776124269
5.072 0 0.102776124269
5.081 0 0.104345705214
5.099 0 0.105019582265
5.117 0 0.104829285367
5.132 0 0.104576250221
5.159 0 0.10350952464
5.179 0 0.103781953738
5.201 0 0.103208158135
5.223 0 0.10224345204
5.241 0 0.101266410651
5.255 0 0.0995781871062
5.272 0 0.0981291431018
5.289 0 0.0981291431018
5.302 0 0.0947970549597
5.326 0 0.0941960997745
5.338 0 0.0941960997745
5.351 0 0.0965085990743
5.372 0 0.0987098231883
5.39 0 0.0987098231883
5.405 0 0.10467801023
5.424 0 0.109266227068
5.446 0 0.113074925123
5.461 0 0.116094243878
5.476 0 0.12091289332
5.492 0 0.126254007834
5.507 0 0.131453969076
5.524 0 0.138237063972
5.553 0 0.142812894574
5.571 0 0.146794578723
5.595 0 0.147578569392
5.604 0 0.153101531264
5.628 0 0.154993866935
5.648 0 0.155483192748
5.664 0 0.155418836096
5.691 0 0.154079194128
5.71 0 0.151764493871
5.736 0 0.148728377069
5.749 0 0.146733290654
5.769 0 0.143803943018
5.792 0 0.142404226685
5.807 0 0.139724048881
5.829 0 0.138458574898
5.847 0 0.137800154692
5.868 0 0.136131363292
5.89 0 0.135084761875
5.911 0 0.133479207333
5.939 0 0.133700704019
5.955 0 0.133715486196
5.977 0 0.134591253252
5.997 0 0.136072344162
6.025 0 0.138254297405
6.04 0 0.140146102662
6.064 0 0.142143859122
6.079 0 0.142143859122
6.093 0 0.147989594948
6.123 0 0.148781198291
6.141 0 0.149185424448
6.16 0 0.150213495391
6.184 0 0.150024107838
6.202 0 0.150112735255
6.213 0 0.14985295381
6.227 0 0.150872498753
6.253 0 0.151660596088
6.267 0 0.152616100194
6.281 0 0.154684808121
6.302 0 0.15563384796
6.323 0 0.156810029469
6.346 0 0.157110814777
6.359 0 0.158952049319
6.371 0 0.15950716281
6.387 0 0.158900669013
6.4 0 0.160013387535
6.416 0 0.160596707395
6.435 0 0.158838582602
6.457 0 0.158781412553
6.48 0 0.158859410195
6.488 0 0.158482325595
6.507 0 0.158656331568
6.529 0 0.15894529653
6.54 0 0.159253242467
6.556 0 0.16001004199
6.572 0 0.160691602593
6.59 0 0.160755842716
6.61 0 0.160812903552
6.625 0 0.161597051699
6.647 0 0.1630295408
6.66 0 0.165328841486
6.682 0 0.167098703899
6.692 0 0.170981768439
6.711 0 0.172824993971
6.732 0 0.176858763672
6.754 0 0.177846105559
6.766 0 0.178748828258
6.791 0 0.179964769955
6.806 0 0.18025233455
6.816 0 0.179910458597
6.843 0 0.179491084644
6.857 0 0.178796351151
6.874 0 0.17847742432
6.891 0 0.17750457122
6.908 0 0.177274850408
6.932 0 0.176788909396
6.947 0 0.176898734857
6.975 0 0.176773812169
6.995 0 0.178043631267
7.016 0 0.178199375355
7.039 0 0.177029001255
7.075 0 0.175301225755
7.101 0 0.17501569981
7.114 0 0.173983468066
7.132 0 0.174552584382
7.16 0 0.174079780696
7.187 0 0.174661564423
7.208 0 0.176035679431
7.221 0 0.177232035867
7.248 0 0.177339441693
7.267 0 0.176609828341
7.296 0 0.175572841526
7.311 0 0.173829912077
7.34 0 0.172999212444
7.349 0 0.171189850155
7.375 0 0.168605778787
7.396 0 0.166799237206
7.429 0 0.166847986887
7.443 0 0.167888242248
7.476 0 0.168036482132
7.49 0 0.173714568878
7.516 0 0.177946289717
7.535 0 0.180638961652
7.566 0 0.181385237064
7.582 0 0.182229040039
7.603 0 0.182245234834
7.633 0 0.181405628562
7.652 0 0.181405628562
7.658 0 0.180357053306
7.695 0 0.180364389251
7.711 0 0.180536228877
7.728 0 0.181457931038
7.749 0 0.180564539941
7.764 0 0.178904067543
7.785 0 0.177236546012
7.794 0 0.177236546012
7.813 0 0.173943465547
7.828 0 0.172859874827
7.84 0 0.171800931558
7.863 0 0.171524928412
7.873 0 0.171149289654
7.89 0 0.169985692378
7.91 0 0.169985692378
7.922 0 0.169985692378
7.929 0 0.171264831558
7.954 0 0.171337622266
7.967 0 0.171337622266
7.982 0 0.171269166313
8.002 0 0.17032756816
8.016 0 0.168080029041
8.039 0 0.163355669525
8.053 0 0.156218200274
8.08 0 0.151045566313
8.095 0 0.141747701187
8.122 0 0.13236052091
8.142 0 0.119212937741
8.168 0 0.108634840263
8.18 0 0.105717942981
8.197 0 0.0999287703475
8.217 0 0.0978951208901
8.223 0 0.0992305969218
8.239 0 0.101834879765
8.258 0 0.101834879765
8.271 0 0.110854667232
8.289 0 0.117097502382
8.315 0 0.123753129142
8.331 0 0.129677640511
8.352 0 0.135497917755
8.367 0 0.141608800866
8.39 0 0.147141436914
8.407 0 0.149998442132
8.421 0 0.151553825882
8.447 0 0.151887856751
8.463 0 0.152985154415
8.48 0 0.153465948622
8.502 0 0.152542580266
8.533 0 0.152444841067
8.546 0 0.152961667297
8.565 0 0.154866751778
8.593 0 0.15909560105
8.624 0 0.15909560105
8.634 0 0.174167499288
8.66 0 0.178214663994
8.676 0 0.179897496942
8.685 0 0.18337768947
8.707 0 0.18337768947
8.716 0 0.186253675626
8.749 0 0.187160562143
8.772 0 0.187733923895
8.787 0 0.187560474298
8.798 0 0.185446473807
8.82 0 0.182093364804
8.836 0 0.177787547058
8.852 0 0.166124814317
8.88 0 0.157201278037
8.901 0 0.150221635451
8.913 0 0.141511020336
8.935 0 0.133096819597
8.954 0 0.131607278502
8.982 0 0.132694991686
9.003 0 0.135748801501
9.031 0 0.139380878781
9.054 0 0.141872004955
9.075 0 0.143002741792
9.095 0 0.143376206848
9.119 0 0.142883091733
9.131 0 0.142883091733
9.142 0 0.139540952388
9.161 0 0.138164370809
9.173 0 0.136403752291
9.196 0 0.133163520049
9.213 0 0.130355683808
9.234 0 0.129246811994
9.253 0 0.128768588574
9.274 0 0.129181207437
9.3 0 0.126127802689
9.319 0 0.127124584814
9.349 0 0.127920228616
9.372 0 0.129021945262
9.391 0 0.129495137817
9.416 0 0.129042496422
9.432 0 0.131838286839
9.461 0 0.136636535236
9.483 0 0.143798111573
9.516 0 0.149867706693
9.526 0 0.149867706693
9.538 0 0.162575970892
9.568 0 0.162224197837
9.582 0 0.1635431691
9.604 0 0.161608251308
9.617 0 0.161019392493
9.641 0 0.160089721799
9.66 0 0.159606794214
9.668 0 0.159606794214
9.684 0 0.15522151959
9.703 0 0.146522765405
9.724 0 0.141325026268
9.746 0 0.134782463036
9.772 0 0.132569102698
9.791 0 0.132291392224
9.808 0 0.132440938967
9.825 0 0.133718381515
9.849 0 0.133718381515
9.862 0 0.136349974965
9.889 0 0.138446253155
9.904 0 0.139762073885
9.925 0 0.144218784252
9.956 0 0.149971735342
9.981 0 0.156767010516
10.001 0 0.159036826981
10.03 0 0.159036826981
10.042 0 0.158486711799
10.07 0 0.157354992883
10.081 0 0.149525221107
10.116 0 0.143999684393
10.137 0 0.143515909295
10.155 0 0.14161758833
10.176 0 0.141503388452
10.192 0 0.138582177768
10.222 0 0.1371740955
10.253 0 0.141640302613
10.271 0 0.151240351823
10.292 0 0.154600057145
10.309 0 0.163799424173
10.338 0 0.166193145136
10.349 0 0.17984631861
10.386 0 0.180476902457
10.4 0 0.180218864977
10.426 0 0.179162118249
10.436 0 0.175631449845
10.453 0 0.169051192315
10.484 0 0.164281195426
10.499 0 0.157443617376
10.52 0 0.149050665339
10.538 0 0.1354044684
10.575 0 0.129708843709
10.594 0 0.1255694021
10.618 0 0.124508687262
10.636 0 0.123229851065
10.661 0 0.123056014885
10.673 0 0.124069371997
10.698 0 0.124821546374
10.717 0 0.125414693308
10.746 0 0.127937263361
10.762 0 0.13047186453
10.788 0 0.135009968673
10.808 0 0.140027063624
10.826 0 0.140027063624
10.84 0 0.14512711611
10.858 0 0.146310848024
10.887 0 0.145145401319
10.906 0 0.144852730614
10.919 0 0.143597732463
10.94 0 0.140343587695
10.963 0 0.139155536418
10.974 0 0.136326633464
11.004 0 0.137415729339
11.022 0 0.137914793341
11.046 0 0.144527920786
11.065 0 0.149371342729
11.09 0 0.15509179193
11.105 0 0.157968970917
11.113 0 0.161784063012
11.123 0 0.164326171926
11.135 0 0.166149947116
11.15 0 0.170051152419
11.172 0 0.169802385052
11.187 0 0.167197560398
11.203 0 0.163768390999
11.227 0 0.162266896554
11.238 0 0.158028531496
11.262 0 0.158028531496
11.272 0 0.153927049115
11.296 0 0.149031585218
11.313 0 0.144022699574
11.348 0 0.141898658903
11.364 0 0.136711752177
11.392 0 0.132976032294
11.409 0 0.130945023781
11.435 0 0.130288457095
11.45 0 0.130257964727
11.463 0 0.130910780005
11.485 0 0.130910780005
11.497 0 0.130993339898
11.519 0 0.132289833229
11.529 0 0.13268026476
11.543 0 0.132507619243
11.556 0 0.131419549352
11.575 0 0.130575579478
11.59 0 0.130036094093
11.607 0 0.129689079887
11.618 0 0.12941390279
11.625 0 0.12941390279
11.639 0 0.128812554118
11.656 0 0.12748043185
11.672 0 0.12748043185
11.693 0 0.126236757368
11.717 0 0.12699186275
11.747 0 0.127716565248
11.757 0 0.12865530158
11.778 0 0.132646067757
11.795 0 0.133536890635
11.82 0 0.135461291774
11.845 0 0.136802849389
11.862 0 0.147209985656
11.887 0 0.15012134348
11.904 0 0.153853265203
11.927 0 0.154234920503
11.94 0 0.156822947416
11.962 0 0.16062636576
11.98 0 0.162105425417
11.995 0 0.165318755207
12.026 0 0.163252240052
12.047 0 0.160017709934
12.08 0 0.160017709934
12.094 0 0.157945946868
12.118 0 0.156199831285
12.138 0 0.148900219179
12.162 0 0.144741559114
12.181 0 0.140479099503
12.203 0 0.139498628004
12.218 0 0.138912802414
12.246 0 0.139181269886
12.252 0 0.139779304186
12.268 0 0.139976657401
12.285 0 0.139544014132
12.304 0 0.139544014132
12.314 0 0.140317566858
12.348 0 0.139620660783
12.368 0 0.139339432416
12.381 0 0.139666949588
12.396 0 0.138025815817
12.411 0 0.134256539024
12.438 0 0.134463044734
12.453 0 0.133696614406
12.481 0 0.133099507439
12.501 0 0.134065009567
12.523 0 0.135686075404
12.535 0 0.134896720593
12.55 0 0.13662048294
12.57 0 0.13662048294
12.587 0 0.146633506575
12.601 0 0.147694876351
12.621 0 0.152211359565
12.646 0 0.153764519007
12.656 0 0.156337996779
12.671 0 0.157955548738
12.688 0 0.159117874542
12.707 0 0.158849722469
12.729 0 0.158849722469
12.743 0 0.158648547621
12.77 0 0.159054924108
12.788 0 0.159392171412
12.81 0 0.155519634804
12.826 0 0.153092745677
12.843 0 0.148029581119
12.856 0 0.144427371275
12.88 0 0.139705594197
12.899 0 0.136289518108
12.928 0 0.136289518108
12.943 0 0.13545246666
12.959 0 0.135136865904
12.979 0 0.135619312417
12.993 0 0.136929138615
13.019 0 0.139178746181
13.039 0 0.14002028515
13.054 0 0.140043663195
13.069 0 0.140354926986
13.089 0 0.140343286297
13.123 0 0.141082131977
13.143 0 0.142725417426
13.172 0 0.142243800766
13.181 0 0.141761756575
13.201 0 0.141352880879
13.229 0 0.143060404145
13.242 0 0.145414512999
13.258 0 0.148622477754
13.278 0 0.151084853898
13.299 0 0.151084853898
13.31 0 0.153300025617
13.348 0 0.154124630616
13.379 0 0.154124630616
13.392 0 0.159134962537
13.41 0 0.163548288255
13.437 0 0.167145094175
13.449 0 0.167145094175
13.471 0 0.167145094175
13.481 0 0.171910816177
13.508 0 0.173061753166
13.525 0 0.172072973526
13.544 0 0.172778677349
13.565 0 0.168164568009
13.592 0 0.163489470833
13.609 0 0.161168055726
13.636 0 0.160370629434
13.66 0 0.160370629434
13.676 0 0.159971623601
13.701 0 0.159688715729
13.719 0 0.158989567637
13.742 0 0.156981496971
13.76 0 0.156981496971
13.771 0 0.155992951263
13.794 0 0.152971641415
13.807 0 0.152965950243
13.831 0 0.154374082167
13.841 0 0.154374082167
13.853 0 0.156991391477
13.87 0 0.157235007702
13.887 0 0.15894397721
13.904 0 0.161055866783
13.926 0 0.162134936173
13.947 0 0.162832131233
13.966 0 0.163403406221
13.988 0 0.162191773834
14.002 0 0.157344293225
14.033 0 0.156652132018
14.043 0 0.156652132018
14.06 0 0.158559311757
14.078 0 0.158559311757
14.098 0 0.158927143265
14.121 0 0.160857867644
14.138 0 0.162968288991
14.151 0 0.168327290782
14.174 0 0.17314690036
14.189 0 0.17901650987
14.213 0 0.185033692872
14.225 0 0.188935257528
14.239 0 0.192494863007
14.262 0 0.193618533878
14.276 0 0.191484147413
14.293 0 0.1966684423
14.315 0 0.195345003555
14.326 0 0.20044350093
14.352 0 0.191993620843
14.367 0 0.189707526438
14.384 0 0.189909171523
14.398 0 0.189293513034
14.426 0 0.189555418325
14.444 0 0.186926343362
14.471 0 0.185070715
14.488 0 0.182300079778
14.517 0 0.182300079778
14.528 0 0.184469924436
14.555 0 0.184447014534
14.575 0 0.184673370136
14.595 0 0.182956485388
14.608 0 0.178931471989
14.626 0 0.17755371642
14.642 0 0.172594098977
14.654 0 0.166722810315
14.677 0 0.164232315218
14.696 0 0.162340252116
14.716 0 0.15935811921
14.732 0 0.156796044448
14.747 0 0.155783461363
14.77 0 0.155154278866
14.785 0 0.155798384809
14.809 0 0.157173711963
14.83 0 0.158921192655
14.846 0 0.16008972996
14.868 0 0.16181070874
14.886 0 0.163643376668
14.904 0 0.16282968604
14.913 0 0.1675368554
14.928 0 0.167310345232
14.945 0 0.172546107122
14.963 0 0.173849342157
14.984 0 0.17851799097
14.994 0 0.181124764139
15.008 0 0.181598030116
15.017 0 0.18717655484
15.041 0 0.18795545128
15.059 0 0.189070183855
15.082 0 0.189359633049
15.092 0 0.191512679469
15.104 0 0.18957431546
15.118 0 0.18957431546
15.131 0 0.184843620885
15.156 0 0.179361893574
15.168 0 0.174397869741
15.182 0 0.172409956528
15.206 0 0.170517659847
15.221 0 0.171694268602
15.236 0 0.17142540499
15.264 0 0.172213841669
15.278 0 0.172500811537
15.302 0 0.172500811537
15.314 0 0.172569556975
15.333 0 0.173485583165
15.346 0 0.175103570405
15.357 0 0.175414221747
15.386 0 0.175920293452
15.399 0 0.17771783358
15.409 0 0.179322195717
15.429 0 0.179651365892
15.444 0 0.179322714773
15.465 0 0.176847427062
15.476 0 0.175835629413
15.488 0 0.174409324136
15.513 0 0.173761415911
15.525 0 0.174153372646
15.54 0 0.170450464478
15.572 0 0.168749742343
15.598 0 0.168558164687
15.618 0 0.169791423097
15.627 0 0.172239786106
15.646 0 0.175186813905
15.667 0 0.180128848258
15.687 0 0.183003826711
15.708 0 0.186404447732
15.733 0 0.185427241868
15.749 0 0.18974287649
15.784 0 0.192354967395
15.808 0 0.197415915546
15.829 0 0.200460647622
15.849 0 0.199510786954
15.877 0 0.196787183588
15.903 0 0.194288953892
15.932 0 0.18954777591
15.948 0 0.181011885416
15.974 0 0.177363781453
15.999 0 0.17590486564
16.021 0 0.176431024711
16.037 0 0.175778987046
16.055 0 0.175233136276
16.071 0 0.175267525601
16.09 0 0.176125290894
16.096 0 0.176920861692
16.117 0 0.178466679408
16.137 0 0.180492621232
16.156 0 0.182998799511
16.194 0 0.184607999203
16.209 0 0.187571002497
16.236 0 0.190337701318
16.258 0 0.190879970959
16.272 0 0.190879970959
16.292 0 0.196886202305
16.326 0 0.198182452134
16.348 0 0.199961662209
16.366 0 0.201513197286
16.386 0 0.199531469378
16.422 0 0.200745495679
16.442 0 0.201983851038
16.463 0 0.20383629102
16.481 0 0.203047865231
16.504 0 0.20496488016
16.517 0 0.20479865972
16.541 0 0.206363012219
16.558 0 0.207067233626
16.572 0 0.209472297619
16.594 0 0.209086214793
16.607 0 0.209941070467
16.62 0 0.210389853728
16.644 0 0.210389853728
16.66 0 0.209384473265
16.675 0 0.210318889578
16.692 0 0.208588442368
16.725 0 0.208079232738
16.741 0 0.208079232738
16.752 0 0.210304676071
16.776 0 0.212286160457
16.791 0 0.211655597744
16.818 0 0.209475572956
16.838 0 0.20770145813
16.859 0 0.2064917442
16.87 0 0.205812076549
16.886 0 0.200872992905
16.908 0 0.195683140187
16.928 0 0.194014052279
16.947 0 0.194014052279
16.959 0 0.194450657894
16.983 0 0.194450657894
16.994 0 0.194085698123
17.02 0 0.194382075485
17.028 0 0.197439990256
17.047 0 0.19906766079
17.076 0 0.200756182371
17.092 0 0.203521192705
17.111 0 0.204884343707
17.129 0 0.207203593591
17.156 0 0.208972744294
17.175 0 0.211258366193
17.195 0 0.214807709642
17.218 0 0.214467068478
17.243 0 0.217359038727
17.27 0 0.216638549606
17.29 0 0.218150902662
17.304 0 0.215505367075
17.317 0 0.217950340896
17.33 0 0.220485033695
17.361 0 0.220105204155
17.377 0 0.22281099922
17.405 0 0.22268880962
17.423 0 0.223357248323
17.438 0 0.220538375032
17.461 0 0.218627759423
17.483 0 0.219120635772
17.5 0 0.214027996199
17.524 0 0.209546790793
17.542 0 0.203057747286
17.567 0 0.197798286736
17.583 0 0.190499255617
17.615 0 0.188305022653
17.631 0 0.187675746064
17.637 0 0.187675746064
17.647 0 0.185651574557
17.665 0 0.186095066196
17.682 0 0.190171811534
17.705 0 0.189981096648
17.723 0 0.191557118222
17.74 0 0.191557118222
17.755 0 0.190971805844
17.783 0 0.191473144082
17.805 0 0.192620772897
17.835 0 0.194515140497
17.853 0 0.196335641456
17.872 0 0.199155651001
17.89 0 0.19994076705
17.91 0 0.203925338735
17.933 0 0.20652802341
17.95 0 0.20652802341
17.96 0 0.208184448903
17.976 0 0.214928379337
18.003 0 0.219829751934
18.027 0 0.220789629483
18.047 0 0.223987826409
18.073 0 0.226412512085
18.096 0 0.227872993943
18.116 0 0.228891962462
18.133 0 0.235516931202
18.164 0 0.235645046128
18.184 0 0.238001171031
18.218 0 0.238397028611
18.242 0 0.239988205895
18.261 0 0.242651350003
18.274 0 0.243872155582
18.289 0 0.243806717515
18.312 0 0.241503158838
18.326 0 0.236836386099
18.36 0 0.233729301385
18.386 0 0.234631709928
18.409 0 0.234631709928
18.417 0 0.23470317772
18.436 0 0.231077700787
18.456 0 0.228338379354
18.471 0 0.223236804723
18.493 0 0.218368636161
18.511 0 0.214841212131
18.53 0 0.209962797646
18.548 0 0.207733441022
18.558 0 0.206106265954
18.574 0 0.201966720887
18.595 0 0.199004873924
18.616 0 0.198860346706
18.628 0 0.199602897762
18.646 0 0.200514827808
18.666 0 0.20221101491
18.684 0 0.204187671197
18.698 0 0.204694213997
18.721 0 0.20450153401
18.739 0 0.207015657764
18.762 0 0.2071558613
18.772 0 0.210583782381
18.797 0 0.213001232963
18.812 0 0.216307011039
18.824 0 0.217540476326
18.842 0 0.223047100716
18.864 0 0.223637099932
18.88 0 0.228405028237
18.9 0 0.231919328931
18.918 0 0.233328498537
18.933 0 0.239359798936
18.955 0 0.242856478798
18.97 0 0.242856478798
18.977 0 0.245867043881
18.998 0 0.246437675394
19.018 0 0.246338821757
19.045 0 0.245851899683
19.062 0 0.246519437227
19.083 0 0.244774950956
19.1 0 0.243655809468
19.108 0 0.240284202139
19.131 0 0.239598466243
19.153 0 0.24118848704
19.173 0 0.243107136653
19.187 0 0.248050293845
19.208 0 0.248050293845
19.218 0 0.250627248783
19.231 0 0.250790978033
19.255 0 0.247502878428
19.27 0 0.242332135127
19.292 0 0.235010322309
19.306 0 0.230278447066
19.326 0 0.229380880958
19.334 0 0.22379386164
19.36 0 0.216555387764
19.377 0 0.212322290376
19.395 0 0.207316329483
19.41 0 0.207316329483
19.421 0 0.204391870527
19.44 0 0.204467971324
19.454 0 0.20483385038
19.472 0 0.205429537832
19.501 0 0.207920119496
19.515 0 0.21112897157
19.538 0 0.213476557768
19.559 0 0.215666642159
19.574 0 0.220973154742
19.597 0 0.222128205012
19.614 0 0.226917316503
19.646 0 0.228230006594
19.66 0 0.230200069817
19.688 0 0.2330476473
19.709 0 0.235380184983
19.728 0 0.238953814535
19.748 0 0.242492014954
19.773 0 0.243370767338
19.791 0 0.246984786411
19.806 0 0.247271597248
19.818 0 0.248232880111
19.847 0 0.247069993773
19.866 0 0.246424918037
19.89 0 0.244248236988
19.911 0 0.242783009137
19.949 0 0.24516851195
19.97 0 0.246543992146
19.996 0 0.246622577674
20.021 0 0.246959853876
20.032 0 0.244895038282
20.05 0 0.234663954129
20.081 0 0.230796547633
20.107 0 0.226670160731
20.129 0 0.224893719996
20.148 0 0.222766538362
20.164 0 0.222766538362
20.177 0 0.216416428314
20.197 0 0.21455562808
20.21 0 0.207554853598
20.232 0 0.210698476851
20.254 0 0.212826634509
20.274 0 0.21566989824
20.289 0 0.21566989824
20.299 0 0.216255134011
20.333 0 0.219494217744
20.363 0 0.22555542898
20.387 0 0.23325949475
20.41 0 0.238145103297
20.436 0 0.239876027859
20.457 0 0.240473438264
20.479 0 0.242392333041
20.501 0 0.24847890223
20.516 0 0.251833735712
20.538 0 0.251563259996
20.553 0 0.248933705612
20.579 0 0.246031356381
20.598 0 0.246031356381
20.608 0 0.238756064234
20.628 0 0.23526255702
20.653 0 0.234642414206
20.672 0 0.234980852496
20.684 0 0.234096839725
20.705 0 0.232965800711
20.721 0 0.235204344041
20.73 0 0.236632637922
20.749 0 0.236630498202
20.761 0 0.235626003769
20.782 0 0.238124693969
20.802 0 0.238611977873
20.819 0 0.239272469682
20.842 0 0.238932694273
20.854 0 0.233576299113
20.878 0 0.228580356848
20.893 0 0.22546308032
20.91 0 0.218994994275
20.941 0 0.215759227508
20.959 0 0.208347119908
20.981 0 0.205009746831
20.992 0 0.202914131749
21.021 0 0.202838356716
21.03 0 0.202838356716
21.042 0 0.208955448358
21.059 0 0.210682584822
21.071 0 0.212246402402
21.101 0 0.212312010631
21.113 0 0.217591929209
21.139 0 0.222827768667
21.167 0 0.228286033523
21.179 0 0.232468321983
21.195 0 0.239718113966
21.217 0 0.241223610107
21.227 0 0.242463981457
21.263 0 0.244343996261
21.275 0 0.24459205335
21.294 0 0.250807602591
21.309 0 0.254684937263
21.332 0 0.255641267801
21.351 0 0.255715444419
21.368 0 0.255270884623
21.39 0 0.254722995001
21.411 0 0.25477417753
21.427 0 0.256293599906
21.441 0 0.254607596197
21.458 0 0.252531828303
21.47 0 0.248983172373
21.489 0 0.247397699468
21.509 0 0.248424047538
21.524 0 0.248424047538
21.542 0 0.252760336944
21.568 0 0.250899337494
21.592 0 0.251186084636
21.602 0 0.250396753673
21.624 0 0.249061803434
21.638 0 0.248645650667
21.653 0 0.248645650667
21.67 0 0.24860161082
21.677 0 0.24860161082
21.699 0 0.247062829083
21.718 0 0.246895200847
21.739 0 0.246907561429
21.767 0 0.248812268304
21.787 0 0.250341836265
21.803 0 0.250341836265
21.817 0 0.254768715698
21.832 0 0.258162857339
21.855 0 0.259881558782
21.869 0 0.26668795683
21.889 0 0.271230971628
21.914 0 0.272478745763
21.921 0 0.269724674619
21.95 0 0.269796699114
21.97 0 0.273042885411
21.992 0 0.27730241806
22.018 0 0.281253369385
22.035 0 0.284516420473
22.054 0 0.281487762544
22.07 0 0.283158546938
22.087 0 0.285517683648
22.12 0 0.286419915939
22.132 0 0.28672016693
22.146 0 0.283630392152
22.173 0 0.281711627548
22.181 0 0.277507003782
22.21 0 0.266342347693
22.23 0 0.26177768527
22.251 0 0.257469391716
22.26 0 0.2494001762
22.28 0 0.245888845862
22.303 0 0.24605042123
22.32 0 0.252238972486
22.352 0 0.252394734287
22.367 0 0.251256286916
22.387 0 0.2512070096
22.399 0 0.249169387994
22.416 0 0.248473905088
22.424 0 0.247274903133
22.448 0 0.247533851274
22.471 0 0.247599433518
22.491 0 0.248199853326
22.513 0 0.248211867766
22.527 0 0.248959470369
22.543 0 0.24935328343
22.568 0 0.249869737204
22.587 0 0.253530413969
22.612 0 0.258153291089
22.633 0 0.260583861479
22.654 0 0.263921796554
22.667 0 0.263921796554
22.67 0 0.270255511439
22.689 0 0.276846628823
22.712 0 0.278414132641
22.737 0 0.281720073172
22.765 0 0.283888390563
22.781 0 0.286542281886
22.807 0 0.297222059754
22.821 0 0.301532415713
22.848 0 0.303809114766
22.865 0 0.308979503608
22.883 0 0.309845210263
22.9 0 0.310415943646
22.918 0 0.311255686653
22.941 0 0.310686493456
22.962 0 0.307321935409
22.979 0 0.307321935409
22.992 0 0.300200492533
23.005 0 0.295748251738
23.018 0 0.292147269329
23.035 0 0.287221752904
23.058 0 0.285593253431
23.073 0 0.283437638905
23.087 0 0.280424523894
23.097 0 0.278605703423
23.128 0 0.27876300819
23.14 0 0.278105484468
23.157 0 0.278722943746
23.168 0 0.279617414247
23.187 0 0.281720109352
23.206 0 0.281929477458
23.217 0 0.282258850089
23.243 0 0.281741915414
23.257 0 0.284827467624
23.28 0 0.285514824713
23.292 0 0.286142360991
23.312 0 0.283884802144
23.335 0 0.2828470061
23.352 0 0.284562225698
23.373 0 0.286525501929
23.382 0 0.289376241726
23.41 0 0.291353005066
23.426 0 0.291781917881
23.447 0 0.296967166747
23.473 0 0.301523493663
23.488 0 0.305978561037
23.504 0 0.312879826972
23.523 0 0.317623584806
23.544 0 0.314729782341
23.565 0 0.319066887863
23.594 0 0.330167411935
23.63 0 0.331524248858
23.653 0 0.333533997033
23.682 0 0.332609920336
23.708 0 0.334560412875
23.727 0 0.334699509751
23.754 0 0.334699509751
23.765 0 0.332011779193
23.798 0 0.329601078233
23.816 0 0.322263012385
23.845 0 0.316624001206
23.859 0 0.315584603351
23.882 0 0.315131140249
23.895 0 0.312731734413
23.909 0 0.310687301641
23.93 0 0.308378464987
23.944 0 0.305501405723
23.961 0 0.301433507359
23.981 0 0.299669940462
23.996 0 0.296627696049
24.023 0 0.294209524415
24.034 0 0.28947248771
24.058 0 0.28782395498
24.079 0 0.288657248199
24.105 0 0.288477920576
24.123 0 0.289283709658
24.143 0 0.290591738338
24.167 0 0.29075807785
24.188 0 0.293043196917
24.215 0 0.293249347625
24.232 0 0.294393163414
24.254 0 0.299938267369
24.272 0 0.304938479208
24.294 0 0.313603933389
24.313 0 0.318723680943
24.329 0 0.321996528327
24.35 0 0.325565096105
24.373 0 0.329536014422
24.391 0 0.328727625653
24.412 0 0.33049738089
24.435 0 0.332880669846
24.444 0 0.332880669846
24.46 0 0.332842486467
24.491 0 0.333504419934
24.504 0 0.332956917317
24.536 0 0.331013601947
24.549 0 0.327919307266
24.563 0 0.327355323689
24.581 0 0.324697444158
24.6 0 0.320546313491
24.621 0 0.316426023608
24.641 0 0.315031307015
24.65 0 0.310430960134
24.672 0 0.307159685836
24.689 0 0.304345389488
24.707 0 0.299779222823
24.737 0 0.296707748304
24.749 0 0.293064442695
24.77 0 0.290176344366
24.79 0 0.283162284398
24.82 0 0.280944203628
24.836 0 0.277292458817
24.862 0 0.277292458817
24.876 0 0.274121945501
24.9 0 0.269886395957
24.911 0 0.268090708116
24.933 0 0.268090708116
24.944 0 0.269566640073
24.955 0 0.27256406335
24.976 0 0.273481552722
24.993 0 0.276298026963
25.007 0 0.280781615689
25.031 0 0.285069972084
25.047 0 0.289533850944
25.059 0 0.291267868061
25.077 0 0.294041494088
25.092 0 0.293833219077
25.112 0 0.296778535738
25.136 0 0.301168968385
25.155 0 0.301321475672
25.173 0 0.309467853327
25.193 0 0.307562577044
25.213 0 0.310983927976
25.227 0 0.310281404142
25.252 0 0.312808567937
25.274 0 0.315593177376
25.298 0 0.315645744783
25.306 0 0.315000061735
25.328 0 0.309580200778
25.353 0 0.308361983771
25.369 0 0.307243960767
25.385 0 0.304188905841
25.4 0 0.300167782766
25.428 0 0.301788310381
25.445 0 0.299321342565
25.469 0 0.294975966947
25.486 0 0.295034273227
25.499 0 0.296153497987
25.524 0 0.296561023084
25.539 0 0.297546250649
25.56 0 0.298753797459
25.584 0 0.298042509028
25.602 0 0.296831668218
25.617 0 0.296967525088
25.632 0 0.296005640073
25.647 0 0.293864950607
25.665 0 0.291938054716
25.685 0 0.291287478979
25.708 0 0.290168188512
25.725 0 0.291371355562
25.741 0 0.293824415405
25.767 0 0.295324492223
25.786 0 0.297273718229
25.803 0 0.298886264076
25.821 0 0.307055037166
25.839 0 0.314760555458
25.866 0 0.318924574941
25.886 0 0.323832390164
25.904 0 0.331603775511
25.916 0 0.334259432621
25.934 0 0.33571561793
25.95 0 0.336250540023
25.97 0 0.339925243362
25.996 0 0.342898964781
26.012 0 0.344488734804
26.032 0 0.346651228307
26.048 0 0.351184776542
26.074 0 0.351839337159
26.091 0 0.351353907393
26.106 0 0.350948386057
26.121 0 0.348262356148
26.137 0 0.345534593246
26.157 0 0.341010528771
26.18 0 0.337981663131
26.201 0 0.33354284794
26.213 0 0.332889390338
26.234 0 0.3331404556
26.25 0 0.328225108241
26.272 0 0.326696767648
26.292 0 0.326145495751
26.312 0 0.326057580286
26.329 0 0.322453402759
26.36 0 0.322132152126
26.377 0 0.320269005699
26.385 0 0.318457063188
26.407 0 0.316452759408
26.427 0 0.314551069245
26.453 0 0.310793946787
26.474 0 0.311066876538
26.492 0 0.312037805367
26.508 0 0.313080850045
26.523 0 0.316917298473
26.554 0 0.316704650709
26.569 0 0.318856558983
26.581 0 0.323743007942
26.6 0 0.326636962251
26.615 0 0.330979613778
26.638 0 0.331814755274
26.652 0 0.334945529227
26.669 0 0.341909669616
26.696 0 0.342181216206
26.712 0 0.340379434255
26.735 0 0.34071107289
26.747 0 0.341476132259
26.776 0 0.346697168789
26.791 0 0.350116488203
26.808 0 0.353122399175
26.825 0 0.355713077997
26.841 0 0.355971259566
26.866 0 0.358394269005
26.884 0 0.356968971002
26.907 0 0.355294680062
26.934 0 0.355052740004
26.941 0 0.355052740004
26.965 0 0.350175949601
26.983 0 0.346499302273
27.009 0 0.345308137485
27.027 0 0.346611516699
27.041 0 0.344269639857
27.069 0 0.343861341446
27.1 0 0.34383956374
27.112 0 0.341923164822
27.137 0 0.340857407629
27.153 0 0.338965564199
27.165 0 0.338973422163
27.182 0 0.338602804743
27.211 0 0.33935559978
27.225 0 0.340466414207
27.245 0 0.340199884632
27.261 0 0.340199884632
27.273 0 0.339313740055
27.296 0 0.340655632225
27.314 0 0.343276934796
27.333 0 0.34472883249
27.348 0 0.34806834725
27.365 0 0.351772863287
27.387 0 0.353171128654
27.406 0 0.356667193738
27.428 0 0.361708083548
27.446 0 0.364832216289
27.462 0 0.364832216289
27.473 0 0.369874560564
27.49 0 0.375839346755
27.514 0 0.377132098919
27.53 0 0.380776707137
27.55 0 0.379426079624
27.551 0 0.379426079624
27.569 0 0.382564207879
27.584 0 0.383763804076
27.607 0 0.383812014969
27.618 0 0.388923047031
27.639 0 0.393812021125
27.663 0 0.393883702207
27.677 0 0.3923717174
27.701 0 0.391426560245
27.719 0 0.38873032167
27.741 0 0.386717182905
27.757 0 0.383790759475
27.779 0 0.383536793887
27.787 0 0.381713595113
27.801 0 0.379905007118
27.821 0 0.379417969715
27.834 0 0.377459546989
27.854 0 0.373740709514
27.878 0 0.369815042213
27.9 0 0.369055540788
27.919 0 0.371879276788
27.938 0 0.372426019404
27.966 0 0.372183855008
27.992 0 0.374002546836
28.01 0 0.374002546836
28.022 0 0.373869728213
28.054 0 0.372670231033
28.069 0 0.374053087739
28.085 0 0.377454488021
28.111 0 0.377454488021
28.128 0 0.381354010602
28.151 0 0.386732000134
28.169 0 0.392023233542
28.204 0 0.394727058221
28.221 0 0.398889547642
28.253 0 0.399399333225
28.268 0 0.399399333225
28.285 0 0.407174497056
28.301 0 0.407174497056
28.316 0 0.416668577933
28.345 0 0.418104788733
28.356 0 0.421473464014
28.38 0 0.424782773528
28.399 0 0.426420802647
28.421 0 0.428533163937
28.446 0 0.427951838315
28.476 0 0.424966786813
28.493 0 0.423726336861
28.525 0 0.418356008744
28.547 0 0.417842454362
28.565 0 0.410464900141
28.58 0 0.406758510326
28.607 0 0.405833972227
28.62 0 0.405833972227
28.634 0 0.400448922166
28.657 0 0.392301946567
28.685 0 0.390205692828
28.699 0 0.389405095948
28.723 0 0.389479621917
28.743 0 0.389698884529
28.768 0 0.390475395722
28.786 0 0.393050101815
28.813 0 0.396946938005
28.832 0 0.399080747959
28.861 0 0.400100403568
28.87 0 0.400525849745
28.892 0 0.401657397252
28.905 0 0.405002585714
28.921 0 0.407437019
28.941 0 0.408727641193
28.952 0 0.414816146009
28.974 0 0.414885500855
28.995 0 0.418745276038
29.017 0 0.420306978383
29.031 0 0.425817714639
29.051 0 0.425088348381
29.068 0 0.424499221069
29.094 0 0.431825638526
29.121 0 0.438610914203
29.139 0 0.442771345327
29.167 0 0.445183505588
29.186 0 0.447150640715
29.21 0 0.450829077366
29.226 0 0.450779192723
29.25 0 0.449534426672
29.264 0 0.444655199384
29.289 0 0.442383196819
29.307 0 0.439102430655
29.327 0 0.436959542809
29.352 0 0.436841234035
29.362 0 0.436587690707
29.391 0 0.436019418882
29.41 0 0.435432938217
29.431 0 0.435256755739
29.439 0 0.433890715639
29.456 0 0.430058632504
29.478 0 0.425023694974
29.497 0 0.423176658213
29.508 0 0.419171543401
29.527 0 0.418171729935
29.542 0 0.418171729935
29.552 0 0.418908046922
29.568 0 0.418840455228
29.59 0 0.418840455228
29.602 0 0.422310524112
29.637 0 0.42536829472
29.655 0 0.426707913199
29.678 0 0.427741141816
29.695 0 0.431034544111
29.731 0 0.433320657365
29.749 0 0.43394258326
29.762 0 0.437738232899
29.781 0 0.448742889273
29.808 0 0.453899588112
29.834 0 0.45205593068
29.849 0 0.452295560951
29.884 0 0.454204627961
29.9 0 0.45933531226
29.931 0 0.460438560694
29.957 0 0.461247847016
29.973 0 0.46759259924
29.991 0 0.468442699947
30.022 0 0.469157951168
30.047 0 0.469139722598
30.063 0 0.468213005567
30.077 0 0.462059587481
30.104 0 0.460647028069
30.121 0 0.456880917754
30.144 0 0.456204448144
30.156 0 0.453897085168
30.175 0 0.452243888926
30.194 0 0.450682738312
30.209 0 0.445881423384
30.228 0 0.434017480079
30.26 0 0.431468460299
30.287 0 0.432002199723
30.302 0 0.43215749194
30.326 0 0.432044694497
30.347 0 0.432398879219
30.358 0 0.433545165368
30.373 0 0.434068287473
30.387 0 0.434180724126
30.413 0 0.436092325205
30.443 0 0.435879015162
30.467 0 0.435879015162
30.481 0 0.440121700011
30.496 0 0.441349143487
30.518 0 0.441349143487
30.524 0 0.441349143487
30.538 0 0.451606950474
30.556 0 0.456138994497
30.582 0 0.462958220597
30.6 0 0.461545170011
30.617 0 0.471781057265
30.637 0 0.472507699779
30.654 0 0.476345504027
30.671 0 0.475532417619
30.692 0 0.47585063629
30.715 0 0.479341497466
30.742 0 0.483066283762
30.762 0 0.484568778959
30.771 0 0.487940083772
30.782 0 0.489964654209
30.808 0 0.49123877578
30.828 0 0.487893324031
30.852 0 0.484446792546
30.878 0 0.47954861499
30.896 0 0.474596478737
30.921 0 0.47123794582
30.949 0 0.470634545156
30.971 0 0.470900268282
30.99 0 0.471203120457
31.004 0 0.469509820666
31.018 0 0.467075273426
31.042 0 0.465393828773
31.064 0 0.465098622765
31.084 0 0.464678878806
31.115 0 0.466036271083
31.135 0 0.466029960831
31.146 0 0.467888434002
31.171 0 0.46859636364
31.19 0 0.468905787275
31.214 0 0.469590850079
31.231 0 0.470661784775
31.249 0 0.474085158906
31.274 0 0.476753570786
31.304 0 0.479925249228
31.321 0 0.487926252772
31.353 0 0.487926252772
31.364 0 0.496895832598
31.4 0 0.500301924782
31.412 0 0.507811849595
31.436 0 0.511363777312
31.456 0 0.513055031369
31.478 0 0.516933817618
31.5 0 0.519188753195
31.525 0 0.521057294169
31.548 0 0.522019762948
31.571 0 0.522508896691
31.587 0 0.522508896691
31.605 0 0.519834682959
31.622 0 0.518047854236
31.632 0 0.517532863798
31.64 0 0.513855992394
31.663 0 0.505288351879
31.68 0 0.501283981644
31.703 0 0.502102190386
31.717 0 0.501360527839
31.745 0 0.500522837706
31.752 0 0.500318050608
31.764 0 0.500129628956
31.781 0 0.499451858822
31.788 0 0.498011831103
31.796 0 0.495967287217
31.812 0 0.495967287217
31.821 0 0.492342865923
31.843 0 0.493027801426
31.863 0 0.494386493973
31.877 0 0.498064933194
31.907 0 0.500645677314
31.925 0 0.5027564348
31.948 0 0.5027564348
31.962 0 0.506346109951
31.987 0 0.507867947292
32.004 0 0.511074430531
32.027 0 0.513598572086
32.049 0 0.519761764724
32.074 0 0.523691868633
32.094 0 0.528339021579
32.114 0 0.530526949882
32.14 0 0.530041675958
32.154 0 0.531018686131
32.168 0 0.531018686131
32.182 0 0.536193271935
32.207 0 0.531801915233
32.222 0 0.5369741133
32.249 0 0.535477420367
32.272 0 0.545675410122
32.284 0 0.549664609963
32.3 0 0.558557657704
32.327 0 0.55991866154
32.347 0 0.561094266465
32.37 0 0.561094266465
32.38 0 0.559466261518
32.399 0 0.556165168217
32.42 0 0.556290678774
32.436 0 0.55348480679
32.452 0 0.550931203116
32.467 0 0.552442749007
32.482 0 0.552525945207
32.504 0 0.551608798155
32.522 0 0.549850149595
32.535 0 0.546112332489
32.557 0 0.54653962385
32.572 0 0.545679949621
32.589 0 0.544421774377
32.607 0 0.543594129803
32.623 0 0.543334126438
32.64 0 0.542928928136
32.653 0 0.543233573746
32.688 0 0.544035016701
32.695 0 0.54557262311
32.721 0 0.548244632675
32.75 0 0.549912086586
32.766 0 0.550845384868
32.794 0 0.550924345339
32.804 0 0.551736437851
32.823 0 0.553488326146
32.836 0 0.556342431416
32.859 0 0.558337185178
32.873 0 0.559332939053
32.887 0 0.56128218616
32.907 0 0.56128218616
32.92 0 0.562408283824
32.942 0 0.563589732695
32.952 0 0.564158450171
32.97 0 0.576080675036
32.994 0 0.573991037418
33.024 0 0.578877556802
33.043 0 0.588956221831
33.072 0 0.590515364447
33.086 0 0.594721872359
33.116 0 0.595095386786
33.136 0 0.595131812681
33.162 0 0.592328872652
33.192 0 0.591203224044
33.215 0 0.589475848368
33.238 0 0.584975094808
33.261 0 0.581897148932
33.284 0 0.582712134216
33.297 0 0.583857739721
33.316 0 0.583297782778
33.332 0 0.581783587548
33.35 0 0.575564615814
33.372 0 0.567757933489
33.397 0 0.565107940325
33.413 0 0.562082632382
33.43 0 0.561054984968
33.451 0 0.558616760716
33.47 0 0.561184727274
33.488 0 0.561184727274
33.501 0 0.566581456456
33.521 0 0.567871057592
33.548 0 0.567739913367
33.563 0 0.568203974918
33.588 0 0.568956374231
33.603 0 0.569749952624
33.625 0 0.572325796057
33.641 0 0.574903317763
33.658 0 0.576771614352
33.684 0 0.5769099065
33.708 0 0.57882309175
33.734 0 0.58483102877
33.751 0 0.586049191518
33.77 0 0.597736890949
33.79 0 0.600854056323
33.813 0 0.600853024113
33.824 0 0.600853024113
33.837 0 0.601675530675
33.854 0 0.601675530675
33.866 0 0.602491703081
33.895 0 0.603413379986
33.915 0 0.606763206598
33.931 0 0.606719618605
33.96 0 0.606719618605
33.972 0 0.605543453523
34.003 0 0.605543453523
34.019 0 0.606651470046
34.045 0 0.606651470046
34.061 0 0.605808626739
34.077 0 0.604374304395
34.099 0 0.60277682396
34.119 0 0.599945288421
34.145 0 0.599495679931
34.163 0 0.60006170417
34.186 0 0.599507299152
34.207 0 0.599136325168
34.216 0 0.598350691091
34.24 0 0.599131019579
34.257 0 0.600528025555
34.28 0 0.600770472063
34.293 0 0.60167172296
34.315 0 0.604113538035
34.327 0 0.604794838062
34.345 0 0.604673841538
34.364 0 0.606033471971
34.381 0 0.607451947377
34.397 0 0.610495879242
34.417 0 0.611181674035
34.431 0 0.617208603399
34.456 0 0.618371813824
34.477 0 0.618159390019
34.494 0 0.619760484786
34.514 0 0.617834302654
34.526 0 0.621377281514
34.547 0 0.619042280967
34.563 0 0.623105541794
34.581 0 0.623105541794
34.597 0 0.626335614497
34.62 0 0.629601092278
34.637 0 0.6343154894
34.656 0 0.638708960762
34.67 0 0.640730703291
34.685 0 0.642026641832
34.707 0 0.64172569228
34.721 0 0.639978626635
34.741 0 0.63898675051
34.754 0 0.638397238337
34.77 0 0.636125051655
34.79 0 0.631252266081
34.814 0 0.628521186662
34.829 0 0.628521186662
34.844 0 0.627495195461
34.869 0 0.627734951936
34.881 0 0.624256451273
34.911 0 0.624256451273
34.926 0 0.618129873056
34.967 0 0.617437744501
34.989 0 0.618254178219
35.006 0 0.618254178219
35.017 0 0.620117108105
35.047 0 0.621545482727
35.057 0 0.62249918708
35.079 0 0.62404046458
35.107 0 0.62404046458
35.118 0 0.627197546788
35.139 0 0.627197546788
35.149 0 0.63064421184
35.17 0 0.634498357539
35.201 0 0.636217405317
35.216 0 0.63719345315
35.234 0 0.640137427224
35.245 0 0.64476254456
35.269 0 0.644683859044
35.289 0 0.644683859044
35.303 0 0.647741548109
35.319 0 0.653561736271
35.339 0 0.653480808925
35.354 0 0.65366704037
35.382 0 0.654018131801
35.39 0 0.658070591737
35.409 0 0.659973596464
35.441 0 0.661963884998
35.478 0 0.665773497811
35.498 0 0.668142217163
35.522 0 0.668142217163
35.534 0 0.664628127805
35.562 0 0.665261431479
35.566 0 0.665261431479
35.579 0 0.666496005793
35.606 0 0.664717442993
35.623 0 0.664176990623
35.638 0 0.661483879494
35.655 0 0.658013841918
35.67 0 0.658447210702
35.696 0 0.660424520467
35.717 0 0.656233600891
35.751 0 0.652196216864
35.768 0 0.646941532633
35.795 0 0.647159654923
35.818 0 0.648607013365
35.838 0 0.649581039287
35.87 0 0.650499084029
35.883 0 0.651429505839
35.897 0 0.65407433294
35.924 0 0.655051964113
35.938 0 0.657305137213
35.957 0 0.659550288037
35.982 0 0.662717137828
36.005 0 0.663256938586
36.023 0 0.667465851232
36.036 0 0.671315345949
36.059 0 0.670997808738
36.087 0 0.668842406659
36.098 0 0.668563350597
36.107 0 0.671636275314
36.137 0 0.674905616717
36.15 0 0.676306642652
36.172 0 0.673174473204
36.194 0 0.673582520467
36.211 0 0.674137868718
36.242 0 0.674041823517
36.268 0 0.685323662947
36.289 0 0.684561119487
36.32 0 0.684580292055
36.336 0 0.683692088111
36.368 0 0.6836549929
36.391 0 0.679647704333
36.42 0 0.674634619015
36.434 0 0.672278441884
36.458 0 0.670235472978
36.478 0 0.668025880087
36.499 0 0.66556589891
36.518 0 0.661884099406
36.547 0 0.661007963319
36.561 0 0.661394363767
36.589 0 0.662805610166
36.607 0 0.665155932614
36.626 0 0.665963920222
36.638 0 0.667511479955
36.662 0 0.669225499892
36.674 0 0.670098266292
36.692 0 0.67295386711
36.712 0 0.672981328422
36.73 0 0.674505853403
36.742 0 0.677778273289
36.768 0 0.678816691888
36.787 0 0.679609734457
36.814 0 0.684401092796
36.831 0 0.686113045753
36.847 0 0.687273739659
36.859 0 0.687273739659
36.875 0 0.689763464007
36.892 0 0.69637012874
36.906 0 0.700282323589
36.93 0 0.699240475159
36.953 0 0.70356654709
36.969 0 0.707190951959
36.984 0 0.710170273157
37.004 0 0.71259940217
37.018 0 0.715058581516
37.045 0 0.718369436457
37.068 0 0.718084092303
37.09 0 0.717957555154
37.107 0 0.715067241075
37.128 0 0.715221322893
37.15 0 0.714290680693
37.165 0 0.713534415527
37.18 0 0.712666289154
37.2 0 0.711725457584
37.224 0 0.712422628976
37.237 0 0.712911983105
37.254 0 0.710901524178
37.286 0 0.705640393902
37.312 0 0.694725553312
37.347 0 0.692665790473
37.366 0 0.690270024535
37.395 0 0.690523962049
37.406 0 0.692007068304
37.445 0 0.693951724004
37.462 0 0.695326808201
37.476 0 0.698143574336
37.5 0 0.699659528939
37.515 0 0.698146263642
37.547 0 0.700236478175
37.563 0 0.702791929436
37.583 0 0.702791929436
37.595 0 0.710250474951
37.624 0 0.708547377649
37.655 0 0.706376134196
37.672 0 0.713750327849
37.696 0 0.718086209875
37.711 0 0.719688566003
37.733 0 0.71398472599
37.748 0 0.71953446967
37.766 0 0.723172634135
37.788 0 0.726212336196
37.809 0 0.726762926899
37.833 0 0.728895355665
37.854 0 0.729828381172
37.869 0 0.728374261624
37.888 0 0.727432397327
37.909 0 0.72748708635
37.929 0 0.725301255413
37.944 0 0.725140556147
37.968 0 0.722860878796
37.991 0 0.721447997125
38.01 0 0.720991915578
38.019 0 0.719460325369
38.034 0 0.718094383635
38.045 0 0.714176201945
38.065 0 0.708652141031
38.086 0 0.704538536043
38.1 0 0.704538536043
38.109 0 0.694977948736
38.125 0 0.694556381623
38.139 0 0.694270980958
38.152 0 0.693312637873
38.195 0 0.693596188731
38.213 0 0.697416705916
38.242 0 0.699966385412
38.271 0 0.701868031184
38.282 0 0.702541297494
38.314 0 0.699706842222
38.346 0 0.708975832754
38.371 0 0.710813232414
38.384 0 0.715388456986
38.41 0 0.716149870966
38.421 0 0.714242674045
38.437 0 0.718585515776
38.461 0 0.722990779242
38.47 0 0.726353601686
38.491 0 0.727400614381
38.503 0 0.727755439923
38.508 0 0.73091364758
38.534 0 0.73091364758
38.546 0 0.739163739462
38.561 0 0.741023745277
38.574 0 0.741649175813
38.591 0 0.742408573766
38.604 0 0.742612700553
38.628 0 0.742495291558
38.642 0 0.739297706078
38.668 0 0.734607954679
38.689 0 0.73349692864
38.714 0 0.728198693534
38.737 0 0.727842187279
38.753 0 0.728088272055
38.767 0 0.72457437464
38.788 0 0.721457171954
38.806 0 0.71999668504
38.821 0 0.719270733054
38.841 0 0.715840142682
38.861 0 0.712554995443
38.886 0 0.712601392036
38.893 0 0.713972642513
38.914 0 0.713757382552
38.926 0 0.71288881947
38.937 0 0.711479752431
38.955 0 0.709723496487
38.972 0 0.710442602447
38.988 0 0.710442602447
39.002 0 0.711345638583
