time index height
0.0 0 0.0
0.045 0 0.026230246155
0.049 0 0.0287034723853
0.06 0 0.0321762777692
0.069 0 0.0375801025346
0.081 0 0.0425183949924
0.089 0 0.0466605390272
0.101 0 0.0509307000649
0.114 0 0.0579051749843
0.123 0 0.0645605225868
0.134 0 0.068495592142
0.141 0 0.0731487494064
0.15 0 0.0764055058939
0.16 0 0.0788595002687
0.17 0 0.0827381426148
0.182 0 0.0847805852418
0.191 0 0.0859795063054
0.198 0 0.0870325405922
0.209 0 0.0879083729555
0.221 0 0.0885813179389
0.234 0 0.0889093358291
0.243 0 0.0888829740431
0.251 0 0.0886700995155
0.265 0 0.0877484932644
0.273 0 0.0867566927874
0.283 0 0.0856157518466
0.292 0 0.0838283692386
0.304 0 0.0820102449278
0.318 0 0.0801324125208
0.322 0 0.079882654895
0.332 0 0.078364869804
0.344 0 0.0774271169663
0.351 0 0.0766656889136
0.361 0 0.0752484486437
0.374 0 0.0743695476799
0.382 0 0.0730765493607
0.387 0 0.0725584819561
0.399 0 0.0689346598035
0.418 0 0.0647746639144
0.429 0 0.0618764351638
0.436 0 0.059942783232
0.446 0 0.056600429492
0.458 0 0.0497706839359
0.474 0 0.0415766480929
0.488 0 0.0382064718078
0.498 0 0.0335370828249
0.506 0 0.0318487182348
0.519 0 0.0294387814546
0.532 0 0.0299289217089
0.542 0 0.0308998455552
0.548 0 0.0314071729698
0.555 0 0.032807186113
0.574 0 0.0340236256516
0.582 0 0.0349612080056
0.592 0 0.0365376348037
0.607 0 0.0375414999786
0.621 0 0.0385356163611
0.629 0 0.0390904358332
0.637 0 0.0395110586793
0.645 0 0.0398014021783
0.652 0 0.0399519673193
0.667 0 0.0401150352523
0.673 0 0.0401819059235
0.68 0 0.0402971768055
0.693 0 0.0404253351427
0.705 0 0.0403179797277
0.713 0 0.0403536293287
0.723 0 0.0405230259752
0.73 0 0.0407379011844
0.741 0 0.0406752670281
0.753 0 0.0405272439783
0.764 0 0.0406522980325
0.774 0 0.0407148595574
0.783 0 0.0406365865814
0.793 0 0.0404014257329
0.804 0 0.0402426593625
0.813 0 0.0400440177499
0.824 0 0.0397112970374
0.838 0 0.0392432656523
0.843 0 0.0388096096552
0.851 0 0.0387420117328
0.861 0 0.0382856158909
0.874 0 0.0374412686106
0.891 0 0.037249848565
0.896 0 0.0372098903865
0.907 0 0.0374983444295
0.915 0 0.0382889757206
0.927 0 0.041140972684
0.942 0 0.0426391881964
0.952 0 0.0447846034757
0.96 0 0.0475245430661
0.965 0 0.0488638043334
0.975 0 0.0513279533713
0.99 0 0.0520273586777
0.996 0 0.0522340765898
1.007 0 0.0524484233465
1.018 0 0.052996159287
1.037 0 0.053212975123
1.043 0 0.0533800369699
1.049 0 0.0534994103896
1.065 0 0.0536602742785
1.083 0 0.0536078758481
1.093 0 0.0539032374407
1.105 0 0.0540114261542
1.114 0 0.0542811185312
1.127 0 0.0541598834308
1.134 0 0.0540644360255
1.141 0 0.0542070576293
1.15 0 0.0541999048944
1.167 0 0.0536728175549
1.175 0 0.0535497185917
1.18 0 0.0533682969667
1.193 0 0.0531666341088
1.203 0 0.0530460432286
1.22 0 0.0527525071196
1.228 0 0.0521011538765
1.234 0 0.0512336247802
1.243 0 0.0505078839083
1.256 0 0.0489533034291
1.267 0 0.0486029947166
1.275 0 0.0484236447758
1.282 0 0.0483548523901
1.29 0 0.0482360387117
1.303 0 0.0475737344211
1.312 0 0.0468925776379
1.321 0 0.0467591798077
1.332 0 0.0464424204695
1.344 0 0.0457877596351
1.359 0 0.0451119028261
1.366 0 0.0447670428161
1.374 0 0.0441066667852
1.382 0 0.0436195601366
1.396 0 0.04439317989
1.402 0 0.0452335484282
1.413 0 0.0459780105899
1.423 0 0.0465149205597
1.433 0 0.0471913527986
1.445 0 0.0480870438266
1.453 0 0.0489159111926
1.467 0 0.0498409915544
1.473 0 0.050368244551
1.483 0 0.0509413004384
1.499 0 0.0516259375381
1.508 0 0.0522882480731
1.513 0 0.0523587020758
1.522 0 0.0525383268475
1.535 0 0.0537348956148
1.544 0 0.0539083325126
1.553 0 0.0546269983118
1.563 0 0.0551088257062
1.571 0 0.0549128847986
1.585 0 0.0555787322867
1.598 0 0.0559262140171
1.606 0 0.0561819901709
1.612 0 0.0558431892632
1.622 0 0.0556960562119
1.635 0 0.0553039069606
1.639 0 0.0549773078598
1.651 0 0.0542464231692
1.662 0 0.0537696331627
1.674 0 0.0529481772149
1.689 0 0.0524696430043
1.697 0 0.0517257610459
1.702 0 0.0515106384239
1.714 0 0.0516906271948
1.724 0 0.0511886293295
1.733 0 0.0515996271924
1.741 0 0.0520126289513
1.755 0 0.0540469711525
1.762 0 0.055465449021
1.771 0 0.0571034956469
1.784 0 0.0593986743747
1.791 0 0.0609257632431
1.8 0 0.063222206327
1.812 0 0.064863252554
1.827 0 0.0664626217306
1.834 0 0.0670405774558
1.842 0 0.067153387543
1.851 0 0.0681393186372
1.862 0 0.0683766920804
1.874 0 0.0686038998458
1.881 0 0.0686090714095
1.893 0 0.0690302985197
1.901 0 0.0697718622421
1.912 0 0.0708387255865
1.923 0 0.0711795609593
1.934 0 0.0712056809399
1.942 0 0.0712411416065
1.95 0 0.0708471562428
1.964 0 0.070803895534
1.977 0 0.0709874737652
1.984 0 0.0709994256782
1.993 0 0.0713343966319
2.004 0 0.0718541705021
2.013 0 0.0721279641772
2.02 0 0.0722481671884
2.032 0 0.0719983892631
2.041 0 0.071815954451
2.049 0 0.0717615159024
2.062 0 0.0710355247737
2.072 0 0.070451658903
2.082 0 0.0696545186485
2.09 0 0.0688948155228
2.1 0 0.0684647893005
2.113 0 0.0676504681671
2.123 0 0.0665105926811
2.131 0 0.0659780044495
2.142 0 0.0655358508893
2.152 0 0.0653935995052
2.164 0 0.0654233615946
2.175 0 0.0652313125568
2.183 0 0.0647262235836
2.191 0 0.0642816455375
2.203 0 0.0626353527024
2.214 0 0.0611277178602
2.226 0 0.0606491757512
2.233 0 0.061014949517
2.243 0 0.0623703264627
2.256 0 0.063747286274
2.265 0 0.0645565523288
2.275 0 0.0659395774827
2.285 0 0.0662452094073
2.292 0 0.0670228877808
2.302 0 0.0672348489634
2.311 0 0.0676765459875
2.322 0 0.0683126463544
2.331 0 0.068747056243
2.343 0 0.0708807539326
2.357 0 0.0710977376505
2.362 0 0.0720489459831
2.373 0 0.0740827289629
2.383 0 0.0755610350727
2.392 0 0.0757538358176
2.405 0 0.0786102699553
2.417 0 0.0790213133476
2.424 0 0.0811871807153
2.434 0 0.0817173488281
2.442 0 0.0837869969269
2.456 0 0.0853970955679
2.464 0 0.0862035585859
2.472 0 0.086638291466
2.483 0 0.0880030412941
2.494 0 0.0891699236582
2.502 0 0.0890518758604
2.513 0 0.0903016504726
2.525 0 0.0912798308733
2.532 0 0.0916942968942
2.542 0 0.0917724225951
2.556 0 0.0923584862625
2.564 0 0.0932939132602
2.572 0 0.0934936707592
2.582 0 0.094521975345
2.593 0 0.0946333096013
2.602 0 0.095259898545
2.614 0 0.0949612860998
2.622 0 0.0946875879957
2.631 0 0.0946250212275
2.643 0 0.0955575636228
2.652 0 0.0961035649797
2.664 0 0.0965582335386
2.672 0 0.0966985994892
2.684 0 0.0972603730382
2.694 0 0.0971363073089
2.702 0 0.0972177029743
2.711 0 0.0976570210644
2.723 0 0.0977975477614
2.733 0 0.0978124563915
2.747 0 0.0975868345732
2.753 0 0.0972312938126
2.764 0 0.0969130452627
2.773 0 0.0964470002031
2.788 0 0.0960512765127
2.794 0 0.0958806388529
2.802 0 0.0955140722685
2.812 0 0.0950540033293
2.826 0 0.0937001265107
2.84 0 0.0933289669787
2.846 0 0.0933632136859
2.855 0 0.0933481856908
2.862 0 0.0930281661181
2.879 0 0.0921936712102
2.886 0 0.0920054901499
2.892 0 0.0917888060318
2.903 0 0.0906880167545
2.912 0 0.0899785387933
2.924 0 0.0884359993264
2.935 0 0.087622136149
2.943 0 0.0866489373721
2.951 0 0.0857165899747
2.962 0 0.0844140679978
2.973 0 0.083135002495
2.981 0 0.0825844794329
2.993 0 0.0823506276921
3.003 0 0.083121711457
3.013 0 0.0838504728548
3.024 0 0.085381339698
3.03 0 0.086713951082
3.042 0 0.0881459011344
3.052 0 0.0892022611272
3.064 0 0.0908882597807
3.075 0 0.093866316444
3.085 0 0.095032714552
3.092 0 0.0968839252618
3.103 0 0.0996091910878
3.116 0 0.102378636994
3.126 0 0.104179340184
3.133 0 0.10580408389
3.143 0 0.109659068586
3.153 0 0.112127150676
3.165 0 0.11608784944
3.173 0 0.117177250041
3.183 0 0.11940189806
3.192 0 0.121350250437
3.202 0 0.125310588613
3.212 0 0.127279040269
3.228 0 0.128701508375
3.237 0 0.129875467939
3.242 0 0.132236404155
3.253 0 0.132541256223
3.266 0 0.135226710185
3.274 0 0.135851318834
3.282 0 0.135642142356
3.292 0 0.13626270883
3.303 0 0.136994726477
3.316 0 0.137613179391
3.322 0 0.13727585139
3.334 0 0.13718925329
3.341 0 0.13671512832
3.358 0 0.136214139884
3.369 0 0.136077630343
3.374 0 0.135862957618
3.382 0 0.135479923464
3.392 0 0.134647213901
3.405 0 0.133308638123
3.414 0 0.133008622132
3.424 0 0.132234722556
3.433 0 0.131960156228
3.442 0 0.131399001192
3.453 0 0.130767570507
3.463 0 0.130438527467
3.472 0 0.130262561156
3.481 0 0.130336039831
3.493 0 0.130644037051
3.504 0 0.130813374037
3.513 0 0.130481533912
3.522 0 0.130805299482
3.534 0 0.131796099972
3.544 0 0.133561391279
3.558 0 0.134110963195
3.564 0 0.134551564033
3.573 0 0.134687999229
3.582 0 0.134919227707
3.591 0 0.135742627918
3.603 0 0.136205412744
3.613 0 0.136843841419
3.623 0 0.137590050174
3.632 0 0.137909154985
3.643 0 0.138538943267
3.658 0 0.138975398521
3.665 0 0.139071184743
3.673 0 0.138803230222
3.684 0 0.138822920351
3.695 0 0.138116813757
3.703 0 0.137768784641
3.712 0 0.137343225587
3.721 0 0.137456286296
3.732 0 0.137588741192
3.743 0 0.137510779066
3.752 0 0.137940696507
3.763 0 0.138302246882
3.772 0 0.138524594556
3.784 0 0.139155352134
3.797 0 0.140032103052
3.805 0 0.140676039457
3.812 0 0.141771294339
3.823 0 0.141952229644
3.832 0 0.142529836356
3.845 0 0.143268199363
3.854 0 0.144226906984
3.863 0 0.14519315428
3.872 0 0.14623344995
3.883 0 0.147412543765
3.892 0 0.149204409137
3.903 0 0.152195939658
3.913 0 0.153911777842
3.922 0 0.15796643249
3.935 0 0.158852835858
3.941 0 0.160192675285
3.952 0 0.163830987197
3.961 0 0.164592358764
3.976 0 0.16954017094
3.989 0 0.170259726565
3.997 0 0.171201542659
4.003 0 0.173391158689
4.012 0 0.175429918644
4.023 0 0.177473591913
4.034 0 0.179806648695
4.043 0 0.180596958541
4.053 0 0.181993997842
4.062 0 0.18414527593
4.075 0 0.184305220567
4.084 0 0.185135193571
4.091 0 0.185517895242
4.101 0 0.185678303048
4.111 0 0.186161181007
4.123 0 0.186900834569
4.131 0 0.187521227264
4.141 0 0.187250910532
4.151 0 0.187877110397
4.163 0 0.188341410277
4.177 0 0.188329313637
4.186 0 0.187781805305
4.193 0 0.187673664929
4.202 0 0.187342975538
4.211 0 0.186846785329
4.221 0 0.186439076038
4.232 0 0.185649839427
4.241 0 0.185141122268
4.253 0 0.184097799013
4.266 0 0.182272826725
4.275 0 0.181710339769
4.283 0 0.181194452065
4.292 0 0.180637961185
4.302 0 0.1804308508
4.314 0 0.180389743883
4.322 0 0.180446123996
4.332 0 0.180805421733
4.342 0 0.181221898209
4.352 0 0.181110361668
4.364 0 0.181304306394
4.372 0 0.181080747828
4.38 0 0.181233013035
4.391 0 0.181258989819
4.405 0 0.181803845644
4.414 0 0.181510109451
4.423 0 0.181448316976
4.432 0 0.180846156164
4.442 0 0.180506417781
4.453 0 0.179681241226
4.462 0 0.179442154144
4.473 0 0.179074630624
4.482 0 0.178418349052
4.491 0 0.178201244067
4.501 0 0.178202827433
4.512 0 0.17820341793
4.523 0 0.178603498563
4.532 0 0.179156368651
4.547 0 0.178018900593
4.556 0 0.177529941045
4.562 0 0.177271006534
4.573 0 0.176002310245
4.583 0 0.173921471423
4.594 0 0.172522068333
4.603 0 0.170911707011
4.612 0 0.168726558813
4.621 0 0.166575723076
4.636 0 0.165794911085
4.643 0 0.165982702835
4.653 0 0.166190661261
4.663 0 0.16606658247
4.672 0 0.167153051482
4.689 0 0.16802888552
4.695 0 0.168523346937
4.703 0 0.167841998966
4.713 0 0.16914218252
4.72 0 0.169443017399
4.735 0 0.170068871724
4.744 0 0.170083674521
4.753 0 0.171585220825
4.764 0 0.173824681938
4.772 0 0.176785665796
4.786 0 0.179016729514
4.794 0 0.179126142027
4.801 0 0.180112173599
4.812 0 0.179974636755
4.823 0 0.180942126295
4.834 0 0.180206313174
4.843 0 0.179947784404
4.852 0 0.178686621444
4.864 0 0.177149039226
4.874 0 0.176190428581
4.883 0 0.175198973123
4.892 0 0.174016930015
4.901 0 0.172023674463
4.915 0 0.168611892439
4.922 0 0.166656633162
4.932 0 0.163486753127
4.94 0 0.160442730835
4.951 0 0.155399157422
4.964 0 0.146236885945
4.975 0 0.141774977294
4.985 0 0.137253992973
4.992 0 0.133648908151
5.002 0 0.129675464869
5.013 0 0.126338617471
5.022 0 0.123802471695
5.031 0 0.12166138642
5.042 0 0.120276954554
5.055 0 0.121636588194
5.068 0 0.122495747571
5.073 0 0.122776949572
5.082 0 0.123852032989
5.092 0 0.124136434993
5.105 0 0.125420928283
5.111 0 0.126078281972
5.122 0 0.127860821912
5.133 0 0.130147103563
5.142 0 0.132833366898
5.159 0 0.135535213105
5.169 0 0.136587229335
5.176 0 0.137418175136
5.184 0 0.138566909536
5.192 0 0.139752816585
5.206 0 0.142873059243
5.22 0 0.146185656091
5.227 0 0.148331362318
5.24 0 0.149611273983
5.247 0 0.151557871248
5.258 0 0.152491517292
5.264 0 0.154590199629
5.271 0 0.155682429287
5.283 0 0.157514202446
5.295 0 0.159629268553
5.302 0 0.162942326223
5.314 0 0.164326529674
5.322 0 0.16613715588
5.333 0 0.167480758526
5.344 0 0.170125194463
5.358 0 0.171982205685
5.364 0 0.173036682775
5.371 0 0.172721294656
5.382 0 0.173829918852
5.393 0 0.172936690485
5.401 0 0.17376347158
5.412 0 0.174034249969
5.423 0 0.173925633178
5.432 0 0.175784030493
5.442 0 0.176836408067
5.451 0 0.17686742455
5.464 0 0.177726516967
5.472 0 0.178708907307
5.482 0 0.182388930169
5.494 0 0.184582072675
5.505 0 0.186228216576
5.512 0 0.186404809474
5.522 0 0.188915492104
5.535 0 0.193672565326
5.543 0 0.196586444331
5.553 0 0.197907637245
5.562 0 0.198944159566
5.574 0 0.203497811831
5.582 0 0.205082354857
5.594 0 0.206626735498
5.603 0 0.207161658921
5.61 0 0.208181639329
5.621 0 0.208149024581
5.633 0 0.209124531513
5.643 0 0.209452428032
5.653 0 0.210652565079
5.662 0 0.212840080925
5.672 0 0.214601072571
5.685 0 0.215071128262
5.693 0 0.215383169459
5.701 0 0.216100502107
5.713 0 0.216396212154
5.723 0 0.216357285822
5.732 0 0.216374818542
5.742 0 0.215695835679
5.751 0 0.214526040497
5.761 0 0.211777934788
5.773 0 0.209144288911
5.782 0 0.206552288903
5.792 0 0.203599441708
5.803 0 0.199299741569
5.816 0 0.193018286428
5.827 0 0.190913013965
5.836 0 0.18904273677
5.842 0 0.188431781324
5.852 0 0.187987292191
5.862 0 0.188597252294
5.872 0 0.190119446104
5.882 0 0.191410971327
5.892 0 0.192949425825
5.902 0 0.194971905915
5.913 0 0.19811014262
5.925 0 0.19994637816
5.933 0 0.201300826407
5.942 0 0.202857416423
5.951 0 0.20446732762
5.965 0 0.206201656002
5.974 0 0.207149282482
5.981 0 0.208579946366
5.992 0 0.209499865236
6.002 0 0.210587421802
6.011 0 0.211241990904
6.028 0 0.211991138457
6.036 0 0.212789562373
6.045 0 0.213711552615
6.052 0 0.213761732442
6.062 0 0.213209053019
6.073 0 0.21416752596
6.083 0 0.214323594574
6.091 0 0.213953177479
6.104 0 0.213725992577
6.116 0 0.214118050433
6.124 0 0.214347907044
6.132 0 0.214472383769
6.143 0 0.214481002356
6.153 0 0.21464789085
6.161 0 0.212308478716
6.174 0 0.212308478716
6.179 0 0.212308478716
6.194 0 0.207328906818
6.201 0 0.204861719658
6.21 0 0.204416546315
6.226 0 0.202172455385
6.233 0 0.201742958862
6.241 0 0.202784977132
6.251 0 0.200548312891
6.264 0 0.201685666815
6.277 0 0.203308801362
6.284 0 0.205261112104
6.292 0 0.206943471927
6.302 0 0.212602494736
6.315 0 0.21594192685
6.32 0 0.216598875264
6.331 0 0.216994296121
6.343 0 0.225628950474
6.353 0 0.226142324676
6.365 0 0.226573625108
6.372 0 0.226959816863
6.382 0 0.226464063095
6.392 0 0.227419008559
6.405 0 0.230718598418
6.41 0 0.230964248036
6.421 0 0.230860541606
6.431 0 0.230752220248
6.441 0 0.230502453672
6.451 0 0.228013098497
6.463 0 0.226195095862
6.472 0 0.222669447329
6.482 0 0.221420544462
6.492 0 0.221821016084
6.505 0 0.220938304199
6.511 0 0.221004058025
6.522 0 0.222216353465
6.532 0 0.220845207712
6.541 0 0.221105239232
6.555 0 0.222983364696
6.562 0 0.223414672455
6.572 0 0.223382070768
6.585 0 0.222951705309
6.599 0 0.223388763294
6.609 0 0.223757275775
6.617 0 0.22419096772
6.623 0 0.224228557214
6.635 0 0.225142175214
6.645 0 0.226275427856
6.653 0 0.227123381199
6.663 0 0.228698267065
6.68 0 0.230642293669
6.684 0 0.231439554378
6.694 0 0.233350499429
6.704 0 0.233878095105
6.711 0 0.235297289401
6.723 0 0.237401042634
6.734 0 0.238486815851
6.746 0 0.238514115725
6.755 0 0.238670358732
6.762 0 0.239312843243
6.772 0 0.239321633049
6.786 0 0.239379656922
6.798 0 0.238985673657
6.805 0 0.239114721266
6.814 0 0.238881585448
6.823 0 0.238765392241
6.832 0 0.238516653795
6.844 0 0.238344590501
6.854 0 0.239374348779
6.866 0 0.239272124536
6.872 0 0.238893053627
6.882 0 0.235775909166
6.893 0 0.234170518041
6.9 0 0.232560917784
6.913 0 0.232431316526
6.923 0 0.230716952361
6.936 0 0.229819797959
6.941 0 0.229347378678
6.95 0 0.230032391285
6.963 0 0.228368845779
6.974 0 0.226410730014
6.986 0 0.223983880753
6.993 0 0.2207331796
7.003 0 0.216676907612
7.015 0 0.213765389098
7.024 0 0.20609758385
7.036 0 0.201952823865
7.044 0 0.198835160494
7.052 0 0.19662720224
7.063 0 0.192616568296
7.074 0 0.192685177358
7.08 0 0.191691879237
7.094 0 0.188599818697
7.101 0 0.185526467909
7.117 0 0.183462311055
7.128 0 0.18117885791
7.136 0 0.17988157343
7.142 0 0.178615408162
7.156 0 0.175824388482
7.168 0 0.177044077557
7.175 0 0.17950758879
7.183 0 0.178663489924
7.193 0 0.181843181523
7.206 0 0.182141871286
7.214 0 0.181930298705
7.223 0 0.179665874297
7.233 0 0.180575618459
7.243 0 0.180683053853
7.252 0 0.17813642523
7.261 0 0.175821593409
7.272 0 0.17522524496
7.283 0 0.171602724218
7.292 0 0.169825493636
7.305 0 0.168068916553
7.314 0 0.169521287246
7.323 0 0.168490616615
7.334 0 0.167933530964
7.343 0 0.167110894278
7.357 0 0.168019592239
7.364 0 0.167688528057
7.372 0 0.167336283766
7.384 0 0.16603024998
7.396 0 0.165384512675
7.405 0 0.164074322873
7.414 0 0.162026161258
7.422 0 0.161202860074
7.432 0 0.160358781131
7.441 0 0.159729992808
7.453 0 0.159039762599
7.462 0 0.157938774355
7.471 0 0.156926272689
7.482 0 0.154773897759
7.494 0 0.152224189335
7.504 0 0.151584043334
7.513 0 0.15078184227
7.522 0 0.149245693483
7.534 0 0.147436124471
7.545 0 0.146419356371
7.55 0 0.145694748151
7.562 0 0.14411999599
7.573 0 0.144138784609
7.586 0 0.144874873267
7.598 0 0.145265997998
7.604 0 0.145266445956
7.613 0 0.145040310655
7.624 0 0.144777184469
7.633 0 0.142893480865
7.645 0 0.141913336925
7.652 0 0.14159158417
7.661 0 0.140253064355
7.673 0 0.139316696428
7.683 0 0.138292839424
7.692 0 0.137999584961
7.704 0 0.138758998439
7.712 0 0.139051881917
7.724 0 0.139304477187
7.732 0 0.140386424649
7.742 0 0.14085790097
7.752 0 0.141031109892
7.763 0 0.140380824422
7.772 0 0.141177139918
7.782 0 0.141446681052
7.793 0 0.143235735893
7.801 0 0.145749705648
7.818 0 0.14551705229
7.825 0 0.148279655896
7.834 0 0.150570315106
7.843 0 0.15030883255
7.855 0 0.155345710805
7.864 0 0.157267830075
7.872 0 0.15802885813
7.883 0 0.160309022688
7.892 0 0.160979938574
7.902 0 0.166670536908
7.914 0 0.167474605693
7.924 0 0.170283411633
7.932 0 0.172706988595
7.942 0 0.175298367602
7.953 0 0.174296734247
7.962 0 0.178340027913
7.97 0 0.179052008841
7.983 0 0.18194406204
7.991 0 0.181510288944
8.004 0 0.181987693962
8.012 0 0.181987693962
8.024 0 0.180917978595
8.032 0 0.180609604974
8.041 0 0.178068485552
8.054 0 0.175020585272
8.064 0 0.169935955813
8.073 0 0.16690233721
8.086 0 0.162851744318
8.094 0 0.160351702635
8.104 0 0.159197723178
8.113 0 0.157518886573
8.126 0 0.15504013772
8.135 0 0.151964761806
8.145 0 0.1473852761
8.155 0 0.144518276671
8.163 0 0.142046794514
8.172 0 0.139576014073
8.181 0 0.138007889199
8.192 0 0.137686224177
8.203 0 0.138334585532
8.211 0 0.139073802211
8.224 0 0.139082280878
8.237 0 0.139150315766
8.247 0 0.139589274556
8.251 0 0.140429941331
8.261 0 0.140808795448
8.272 0 0.142578119732
8.283 0 0.143479703702
8.297 0 0.144296714054
8.301 0 0.144884820901
8.313 0 0.14591066085
8.322 0 0.146445221766
8.336 0 0.14692969077
8.345 0 0.146995130204
8.35 0 0.147320046313
8.365 0 0.148534573951
8.372 0 0.149221891017
8.383 0 0.149394835705
8.394 0 0.149339364484
8.401 0 0.148670640089
8.413 0 0.149467185861
8.42 0 0.149727660431
8.432 0 0.148995309071
8.444 0 0.148801972039
8.453 0 0.148831601849
8.461 0 0.149111681901
8.475 0 0.14913233014
8.482 0 0.148720815283
8.492 0 0.148803451464
8.503 0 0.150050250898
8.512 0 0.152226220368
8.523 0 0.152816761729
8.533 0 0.153644830003
8.54 0 0.155336060314
8.552 0 0.156573078122
8.564 0 0.159825701083
8.58 0 0.162139899541
8.587 0 0.162474472392
8.596 0 0.164406885934
8.605 0 0.166752857134
8.611 0 0.166883936469
8.622 0 0.164420971836
8.633 0 0.164998308906
8.644 0 0.165623078848
8.652 0 0.166541396785
8.667 0 0.168253226922
8.675 0 0.167648574344
8.682 0 0.170793015627
8.692 0 0.171903967422
8.702 0 0.175783735832
8.714 0 0.176153344207
8.723 0 0.179813166866
8.733 0 0.179538005206
8.742 0 0.182786802029
8.754 0 0.186645930159
8.764 0 0.188398358052
8.772 0 0.188717822887
8.783 0 0.192668195699
8.793 0 0.194418666908
8.801 0 0.196597456238
8.814 0 0.196384895852
8.821 0 0.197822670756
8.832 0 0.199539407711
8.843 0 0.198871362698
8.854 0 0.197256779609
8.861 0 0.195074251188
8.871 0 0.191765301198
8.886 0 0.186777009309
8.893 0 0.185189756251
8.902 0 0.182391865816
8.911 0 0.180973471564
8.923 0 0.17706106659
8.932 0 0.174454727167
8.944 0 0.170768349301
8.955 0 0.169983204433
8.963 0 0.169221259309
8.971 0 0.168530631261
8.981 0 0.168060717775
8.992 0 0.168715236055
9.005 0 0.17039339905
9.012 0 0.171446656895
9.023 0 0.170691623726
9.032 0 0.169359130196
9.042 0 0.166731825018
9.054 0 0.166427507644
9.064 0 0.166204333234
9.07 0 0.166903087644
9.082 0 0.167241326174
9.094 0 0.166166843709
9.103 0 0.166045893749
9.111 0 0.166202147708
9.122 0 0.166253156553
9.131 0 0.166437946657
9.141 0 0.166900374475
9.153 0 0.167122025046
9.163 0 0.167524987637
9.171 0 0.16781353438
9.182 0 0.167319556819
9.193 0 0.166792367675
9.203 0 0.165354572416
9.211 0 0.164080460975
9.222 0 0.163186022697
9.233 0 0.162669533032
9.242 0 0.16292831543
9.253 0 0.163745076009
9.262 0 0.165846109277
9.27 0 0.167442165108
9.283 0 0.170792925828
9.294 0 0.172197214196
9.302 0 0.173078202743
9.311 0 0.174186552387
9.323 0 0.175438465931
9.337 0 0.176657514524
9.344 0 0.177710657071
9.354 0 0.179373002392
9.363 0 0.181436174726
9.375 0 0.18233222821
9.384 0 0.182852455466
9.393 0 0.182885486329
9.402 0 0.184182399722
9.411 0 0.184124607978
9.423 0 0.185176318555
9.434 0 0.185174226392
9.443 0 0.187031415993
9.452 0 0.188450688207
9.462 0 0.191995355169
9.474 0 0.19427573909
9.484 0 0.195934271778
9.492 0 0.194946510275
9.502 0 0.198343249696
9.513 0 0.200076027818
9.53 0 0.202558897051
9.536 0 0.204086704503
9.542 0 0.204522717287
9.552 0 0.204212340387
9.566 0 0.20548265104
9.573 0 0.207768773036
9.582 0 0.208390740204
9.592 0 0.20819408771
9.604 0 0.208811373101
9.612 0 0.208678756268
9.625 0 0.208452598047
9.634 0 0.208255162883
9.641 0 0.20720776524
9.652 0 0.205724671616
9.662 0 0.202428936415
9.673 0 0.201204276804
9.681 0 0.199580224861
9.693 0 0.197682302482
9.702 0 0.196988421461
9.715 0 0.195626360861
9.727 0 0.194497881763
9.733 0 0.194031722317
9.741 0 0.193003470853
9.751 0 0.192480715219
9.762 0 0.192188752973
9.776 0 0.19108201465
9.781 0 0.191570321954
9.791 0 0.192815526761
9.802 0 0.195096420095
9.81 0 0.196024561295
9.821 0 0.196081627246
9.833 0 0.196617683595
9.843 0 0.195639058201
9.855 0 0.194894318663
9.862 0 0.194796275063
9.872 0 0.19520350615
9.882 0 0.194852011785
9.893 0 0.194901443875
9.903 0 0.195640569795
9.912 0 0.195690316478
9.921 0 0.19620415857
9.933 0 0.195644343396
9.946 0 0.195338174333
9.953 0 0.194719729889
9.962 0 0.193824113031
9.972 0 0.193529695215
9.983 0 0.192948637902
9.993 0 0.192102970446
10.002 0 0.191859644424
10.013 0 0.190833781218
10.021 0 0.190669595245
10.033 0 0.190440173239
10.043 0 0.190376951462
10.054 0 0.189599343897
10.062 0 0.189007277934
10.072 0 0.189359964199
10.082 0 0.189612584869
10.093 0 0.190232871688
10.102 0 0.190151433875
10.11 0 0.191318671745
10.121 0 0.191463340454
10.132 0 0.192254920305
10.142 0 0.194330440947
10.152 0 0.195767811957
10.164 0 0.194112094213
10.171 0 0.196877649248
10.181 0 0.196784398844
10.191 0 0.200419875828
10.203 0 0.201762969583
10.213 0 0.202630264168
10.222 0 0.20283719684
10.231 0 0.200693872098
10.243 0 0.199897318372
10.254 0 0.201067722829
10.264 0 0.202012647444
10.273 0 0.203217665329
10.287 0 0.205836394355
10.294 0 0.207229725959
10.303 0 0.208903110144
10.311 0 0.210329440205
10.322 0 0.212232760118
10.333 0 0.214121191792
10.342 0 0.215426316508
10.352 0 0.215464590535
10.363 0 0.21468123057
10.372 0 0.21297723847
10.386 0 0.211706589021
10.393 0 0.211689759076
10.403 0 0.210112778923
10.412 0 0.209300731363
10.421 0 0.20654139978
10.432 0 0.204838514839
10.442 0 0.203747502117
10.453 0 0.201468767264
10.463 0 0.200936194065
10.472 0 0.200370624395
10.481 0 0.199625228155
10.492 0 0.19914791511
10.502 0 0.199264572317
10.512 0 0.198373933908
10.523 0 0.197455303506
10.533 0 0.197462621954
10.544 0 0.197992972693
10.553 0 0.196673781174
10.566 0 0.197030540836
10.57 0 0.197597466887
10.585 0 0.19823707745
10.591 0 0.199031846189
10.605 0 0.200547002765
10.616 0 0.200992195497
10.623 0 0.201001199827
10.635 0 0.200717562417
10.643 0 0.200622026718
10.653 0 0.200167184107
10.667 0 0.200307111812
10.674 0 0.200149749214
10.682 0 0.201340214621
10.692 0 0.201840331406
10.704 0 0.201506007925
10.713 0 0.201820694077
10.723 0 0.20260547829
10.732 0 0.203186233197
10.743 0 0.203692972308
10.757 0 0.204208904886
10.765 0 0.204507955031
10.773 0 0.203905784443
10.782 0 0.203690799511
10.796 0 0.20383363716
10.806 0 0.204225558548
10.814 0 0.203474056065
10.824 0 0.202222633018
10.833 0 0.201453578745
10.844 0 0.200251624367
10.855 0 0.201478531361
10.863 0 0.202307530569
10.872 0 0.20366538384
10.881 0 0.205319480977
10.896 0 0.20670575278
10.902 0 0.207786720018
10.912 0 0.208922705305
10.925 0 0.210187984302
10.938 0 0.214358898308
10.945 0 0.217128006978
10.952 0 0.219838022797
10.961 0 0.21929408096
10.973 0 0.220555025089
10.984 0 0.220744552841
10.996 0 0.222080361365
11.007 0 0.225723842444
11.017 0 0.225531308772
11.022 0 0.228560976723
11.033 0 0.232439984376
11.042 0 0.232321424503
11.053 0 0.237693985687
11.063 0 0.239828060529
11.076 0 0.243602463641
11.087 0 0.244467413495
11.094 0 0.24550491526
11.102 0 0.246951857289
11.115 0 0.247625275288
11.127 0 0.248137870758
11.134 0 0.248404591687
11.14 0 0.248699562724
11.153 0 0.249291309235
11.163 0 0.249478502661
11.179 0 0.250881127722
11.185 0 0.251235479184
11.191 0 0.251535442878
11.203 0 0.252006492829
11.212 0 0.252068058102
11.227 0 0.252049513588
11.234 0 0.251685692337
11.243 0 0.250536817332
11.253 0 0.248835230866
11.268 0 0.247529668603
11.274 0 0.245851512017
11.283 0 0.244459485709
11.293 0 0.242667359963
11.305 0 0.240804104172
11.314 0 0.240697249802
11.322 0 0.2407507878
11.333 0 0.240819144333
11.344 0 0.240773936369
11.357 0 0.241021497169
11.363 0 0.241552553293
11.371 0 0.241962568598
11.383 0 0.242143159897
11.395 0 0.241753969142
11.404 0 0.240787810083
11.412 0 0.239598427768
11.422 0 0.237672115226
11.432 0 0.233967477155
11.441 0 0.230940298692
11.455 0 0.229659754931
11.462 0 0.229659754931
11.473 0 0.220951551645
11.482 0 0.217867109896
11.49 0 0.2141288391
11.502 0 0.211130234059
11.513 0 0.207613375595
11.522 0 0.204841477412
11.532 0 0.20220295192
11.543 0 0.200202997636
11.552 0 0.198912395746
11.563 0 0.198521931346
11.57 0 0.198335739655
11.582 0 0.198034471044
11.591 0 0.197831197827
11.602 0 0.198507571056
11.612 0 0.198194532433
11.622 0 0.198443570683
11.634 0 0.196659956857
11.647 0 0.196696014762
11.653 0 0.196137914799
11.663 0 0.196113020266
11.672 0 0.195539126966
11.683 0 0.198378689999
11.692 0 0.20069220519
11.701 0 0.202543618468
11.711 0 0.204266923689
11.72 0 0.206972560909
11.736 0 0.209071904628
11.743 0 0.210237308103
11.752 0 0.212456001238
11.761 0 0.214376958327
11.773 0 0.216231062746
11.787 0 0.215977211971
11.794 0 0.216941137262
11.808 0 0.220174142054
11.815 0 0.224736780088
11.828 0 0.226108416773
11.836 0 0.229907937707
11.841 0 0.231387409771
11.852 0 0.233775256234
11.863 0 0.236677594541
11.875 0 0.237809263518
11.885 0 0.239104730219
11.892 0 0.240209973699
11.902 0 0.240666876827
11.912 0 0.242607128793
11.922 0 0.243234587334
11.933 0 0.243594175133
11.943 0 0.24405171159
11.952 0 0.243626709256
11.962 0 0.243528499284
11.974 0 0.243473869356
11.983 0 0.243541012752
11.992 0 0.244872362918
12.002 0 0.244919178623
12.016 0 0.24487193262
12.024 0 0.244908786037
12.031 0 0.243525074718
12.041 0 0.242295456767
12.058 0 0.240375737383
12.069 0 0.239545412269
12.072 0 0.23942790842
12.081 0 0.238615581821
12.092 0 0.236202983252
12.101 0 0.235672259406
12.112 0 0.234799702744
12.123 0 0.233708711284
12.131 0 0.233186495024
12.141 0 0.232987143206
12.152 0 0.233567157578
12.163 0 0.233659646386
12.172 0 0.234376327426
12.182 0 0.234663792059
12.197 0 0.234677648353
12.202 0 0.234420749934
12.213 0 0.232510408142
12.222 0 0.230628903514
12.233 0 0.228173844612
12.243 0 0.226993991258
12.254 0 0.22578729806
12.264 0 0.225270119448
12.27 0 0.223606304611
12.284 0 0.222787511435
12.292 0 0.222768310621
12.308 0 0.222840886045
12.313 0 0.222840886045
12.322 0 0.223748029715
12.332 0 0.224541548461
12.343 0 0.225891630481
12.355 0 0.227422589971
12.364 0 0.226765616122
12.371 0 0.228573469358
12.383 0 0.230094933314
12.392 0 0.23285782083
12.406 0 0.235150964227
12.414 0 0.235435831601
12.422 0 0.23785991142
12.43 0 0.238891336543
12.443 0 0.24324350111
12.456 0 0.245164934422
12.464 0 0.246635960563
12.47 0 0.248953115684
12.482 0 0.254074966918
12.495 0 0.255684381685
12.51 0 0.255833578026
12.517 0 0.259033575954
12.525 0 0.25611425076
12.532 0 0.258721388246
12.543 0 0.261235914901
12.556 0 0.256179297642
12.565 0 0.260866602523
12.574 0 0.258399183534
12.581 0 0.255215930986
12.598 0 0.255800425043
12.608 0 0.257055636402
12.615 0 0.261320457031
12.621 0 0.262341905053
12.634 0 0.265670344782
12.644 0 0.265681465606
12.652 0 0.26811484227
12.662 0 0.270591044948
12.672 0 0.271965119279
12.681 0 0.271995936062
12.692 0 0.271825213744
12.702 0 0.271905988293
12.713 0 0.270122214339
12.723 0 0.267709472878
12.732 0 0.26558530064
12.743 0 0.263469973512
12.752 0 0.263447614339
12.763 0 0.262526799443
12.774 0 0.26136741015
12.784 0 0.258485993893
12.797 0 0.256300665524
12.801 0 0.254399177552
12.811 0 0.251287701086
12.82 0 0.24692841593
12.833 0 0.243089862004
12.842 0 0.240012807295
12.855 0 0.237613058272
12.862 0 0.236468604621
12.873 0 0.233419262133
12.889 0 0.233414501366
12.893 0 0.233414501366
12.901 0 0.233414501366
12.91 0 0.232577950164
12.926 0 0.232438720331
12.938 0 0.232661650053
12.943 0 0.232928462093
12.954 0 0.233100809297
12.963 0 0.232616850109
12.972 0 0.231160073948
12.987 0 0.230388121814
12.997 0 0.229861597299
13.004 0 0.22960563715
13.015 0 0.229424799273
13.026 0 0.229669133927
13.033 0 0.229669133927
13.041 0 0.230163638522
13.053 0 0.230686886405
13.066 0 0.230910872726
13.077 0 0.231203455173
13.082 0 0.230831501788
13.093 0 0.230957331483
13.103 0 0.23180348438
13.118 0 0.2322934055
13.126 0 0.233173406578
13.134 0 0.234467860714
13.143 0 0.236060705341
13.155 0 0.237832679529
13.164 0 0.239666384702
13.174 0 0.241591193438
13.18 0 0.242758808643
13.193 0 0.244550274167
13.201 0 0.246343140109
13.212 0 0.247613384268
13.22 0 0.248449952297
13.232 0 0.2507297965
13.243 0 0.251553679812
13.252 0 0.254153673427
13.263 0 0.253760025346
13.271 0 0.256347843534
13.282 0 0.258581924665
13.291 0 0.263118784366
13.3 0 0.26206726234
13.313 0 0.266178501362
13.324 0 0.268144506626
13.332 0 0.270123543646
13.342 0 0.271719326367
13.35 0 0.274538209047
13.362 0 0.276077183723
13.372 0 0.275790834332
13.382 0 0.277733863729
13.392 0 0.276252131485
13.404 0 0.273726854864
13.413 0 0.275579833832
13.422 0 0.275871911701
13.434 0 0.276531656649
13.443 0 0.279160506737
13.452 0 0.27874477399
13.459 0 0.279607738041
13.473 0 0.281097514164
13.482 0 0.282102631327
13.497 0 0.283276585648
13.503 0 0.283356958292
13.512 0 0.283097793868
13.521 0 0.281334142528
13.534 0 0.278128765771
13.546 0 0.276295625907
13.552 0 0.276252161115
13.565 0 0.277237533834
13.574 0 0.275044087925
13.584 0 0.273343233328
13.595 0 0.272280613316
13.602 0 0.271469631767
13.612 0 0.269817347343
13.621 0 0.266887485438
13.63 0 0.265152685636
13.643 0 0.262441012623
13.652 0 0.261768425045
13.663 0 0.260708198457
13.673 0 0.259185810561
13.684 0 0.258630225709
13.693 0 0.258652071377
13.704 0 0.259023060443
13.713 0 0.259309032024
13.722 0 0.259218321889
13.731 0 0.25928854322
13.742 0 0.260239567829
13.751 0 0.260905520021
13.762 0 0.260477713113
13.772 0 0.259318954535
13.779 0 0.256972102071
13.795 0 0.256619973648
13.802 0 0.256619973648
13.811 0 0.256648444577
13.82 0 0.257220801127
13.838 0 0.256940273654
13.851 0 0.256220404444
13.859 0 0.255788960443
13.86 0 0.256061482578
13.871 0 0.256041576259
13.883 0 0.255835625428
13.892 0 0.255925262917
13.902 0 0.255830783448
13.912 0 0.256216709006
13.922 0 0.255751696626
13.932 0 0.256985123657
13.942 0 0.257186149745
13.951 0 0.258063880981
13.963 0 0.260146145247
13.974 0 0.260132951687
13.987 0 0.264136154371
13.996 0 0.265541780399
14.002 0 0.266893840415
14.014 0 0.269032802498
14.025 0 0.272436011025
14.032 0 0.272792689504
14.042 0 0.276135486278
14.052 0 0.279177943754
14.067 0 0.281584837571
14.076 0 0.282790773117
14.081 0 0.283951641076
14.093 0 0.286310293611
14.102 0 0.292027388249
14.115 0 0.290457172773
14.124 0 0.295459504688
14.133 0 0.295268335639
14.143 0 0.295727578728
14.156 0 0.301068172924
14.171 0 0.302498403266
14.176 0 0.302498403266
14.182 0 0.309782298167
14.193 0 0.31337350732
14.202 0 0.314050965609
14.213 0 0.315425560524
14.221 0 0.31591928292
14.231 0 0.317939161512
14.243 0 0.318952847725
14.251 0 0.319365706201
14.263 0 0.319569909252
14.274 0 0.318820886138
14.283 0 0.318246485509
14.295 0 0.318216070247
14.306 0 0.318264828847
14.313 0 0.318264828847
14.321 0 0.318264828847
14.331 0 0.316020933416
14.344 0 0.31276131807
14.354 0 0.311255792954
14.362 0 0.308455872316
14.373 0 0.304659624558
14.384 0 0.301609840581
14.4 0 0.298930502638
14.408 0 0.295604060521
14.415 0 0.292359986452
14.424 0 0.287938565862
14.434 0 0.282317546372
14.45 0 0.280848594153
14.457 0 0.280473140137
14.465 0 0.279403273363
14.475 0 0.278653501361
14.482 0 0.276442447355
14.495 0 0.274098391447
14.504 0 0.272215745455
14.515 0 0.270329752554
14.523 0 0.267578393968
14.539 0 0.264379709967
14.55 0 0.264050428132
14.558 0 0.263329604913
14.567 0 0.26292401403
14.578 0 0.262640879313
14.584 0 0.261577753929
14.597 0 0.258892399539
14.604 0 0.258888871349
14.611 0 0.258809149495
14.624 0 0.2585436529
14.636 0 0.259012858411
14.643 0 0.259818106572
14.653 0 0.259870289618
14.662 0 0.259605789834
14.676 0 0.258640918829
14.685 0 0.258934012711
14.695 0 0.259570208447
14.701 0 0.260474232192
14.715 0 0.260871246092
14.73 0 0.261908606596
14.736 0 0.261146353627
14.744 0 0.263300579629
14.751 0 0.265930375299
14.767 0 0.267442759621
14.776 0 0.269775253453
14.783 0 0.271320360165
14.791 0 0.271340387639
14.803 0 0.275212008591
14.813 0 0.2805873996
14.826 0 0.283015907104
14.831 0 0.28555768735
14.845 0 0.28820128536
14.853 0 0.290312909633
14.864 0 0.288091972092
14.876 0 0.286856653903
14.885 0 0.290889538491
14.893 0 0.290858496446
14.901 0 0.290827301851
14.919 0 0.295549934028
14.93 0 0.299355064412
14.935 0 0.300474509827
14.941 0 0.302509487328
14.953 0 0.300085024064
14.964 0 0.307045081697
14.972 0 0.307944461199
14.981 0 0.31105261278
14.991 0 0.314509330297
15.008 0 0.321227514628
15.019 0 0.321661574633
15.028 0 0.323119825992
15.034 0 0.324082551593
15.044 0 0.325124750571
15.051 0 0.327244480742
15.061 0 0.32748549339
15.074 0 0.327857578269
15.083 0 0.328584162555
15.093 0 0.328631019567
15.105 0 0.326856516344
15.12 0 0.324973577502
15.129 0 0.323659195129
15.137 0 0.322278128488
15.143 0 0.322286068082
15.151 0 0.320515651006
15.161 0 0.318072648148
15.172 0 0.315875849293
15.182 0 0.313542910856
15.192 0 0.312742304607
15.204 0 0.313244057294
15.213 0 0.312682837206
15.223 0 0.311216774178
15.232 0 0.306975849591
15.241 0 0.304831640745
15.255 0 0.296386605875
15.274 0 0.294622816236
15.282 0 0.294070635097
15.289 0 0.293872130258
15.294 0 0.292926226511
15.307 0 0.293636296986
15.317 0 0.294092650575
15.324 0 0.294682789913
15.333 0 0.295012705724
15.344 0 0.295648545879
15.351 0 0.295396126446
15.365 0 0.295366698174
15.373 0 0.295613059534
15.38 0 0.295472034214
15.393 0 0.295150457685
15.404 0 0.295406004683
15.411 0 0.295636722582
15.424 0 0.29595477765
15.433 0 0.295867497425
15.448 0 0.296557711295
15.463 0 0.295896608249
15.473 0 0.29472507294
15.478 0 0.293976222827
15.486 0 0.294045683659
15.492 0 0.29312117209
15.501 0 0.292261361063
15.513 0 0.290321829573
15.523 0 0.290719504521
15.533 0 0.291320703251
15.543 0 0.293677871777
15.556 0 0.2955108146
15.564 0 0.29677970838
15.573 0 0.296292371079
15.582 0 0.297035778997
15.594 0 0.299860882551
15.608 0 0.301419565761
15.615 0 0.302342534297
15.623 0 0.307339368664
15.633 0 0.308817124305
15.642 0 0.312839654162
15.651 0 0.31753289176
15.662 0 0.319961694969
15.672 0 0.321707612939
15.682 0 0.323648144276
15.692 0 0.321725551657
15.701 0 0.31763149406
15.711 0 0.318788009501
15.723 0 0.317661247911
15.731 0 0.321480144361
15.746 0 0.315088591355
15.752 0 0.322064026907
15.763 0 0.306532507215
15.772 0 0.309089356928
15.782 0 0.314433975587
15.797 0 0.326552114447
15.805 0 0.319587195995
15.812 0 0.327565553865
15.822 0 0.328236920338
15.832 0 0.328894564604
15.846 0 0.326226431101
15.853 0 0.32826017408
15.862 0 0.33074512776
15.873 0 0.331023847463
15.887 0 0.331084254379
15.895 0 0.330939427051
15.902 0 0.33126917536
15.913 0 0.331257827292
15.923 0 0.33092459778
15.935 0 0.330760439114
15.943 0 0.330928374776
15.951 0 0.329640208133
15.962 0 0.326877813162
15.972 0 0.325716978335
15.982 0 0.324246711516
15.992 0 0.323869489895
16.001 0 0.323288715828
16.013 0 0.321608663397
16.024 0 0.31954202116
16.034 0 0.317182312616
16.042 0 0.315490337158
16.05 0 0.314640010453
16.061 0 0.314365405161
16.072 0 0.314839715675
16.081 0 0.315849249537
16.094 0 0.316643672691
16.102 0 0.317492963801
16.115 0 0.317483124259
16.126 0 0.317857735439
16.132 0 0.318349535236
16.14 0 0.318673330579
16.155 0 0.31895891882
16.173 0 0.319662213759
16.184 0 0.320328696757
16.19 0 0.320434807988
16.198 0 0.320825787459
16.206 0 0.321130805566
16.211 0 0.321508653529
16.228 0 0.321881333893
16.235 0 0.321660504263
16.244 0 0.320946389727
16.252 0 0.320881407651
16.263 0 0.320517720682
16.271 0 0.319868343626
16.285 0 0.319797604195
16.293 0 0.320782157788
16.3 0 0.321851701709
16.315 0 0.323305250425
16.326 0 0.323716990761
16.333 0 0.324795860129
16.342 0 0.327010330491
16.353 0 0.32699529754
16.362 0 0.330360918855
16.377 0 0.331681261225
16.384 0 0.334753839262
16.392 0 0.3363752112
16.402 0 0.337637477242
16.41 0 0.340761901459
16.423 0 0.343768932304
16.433 0 0.343805641712
16.442 0 0.341168781058
16.453 0 0.339020865736
16.463 0 0.337346785145
16.473 0 0.33907043216
16.48 0 0.344814068708
16.493 0 0.345600969876
16.509 0 0.343178421947
16.517 0 0.348579532685
16.523 0 0.353838146746
16.531 0 0.357886274117
16.543 0 0.359903127197
16.558 0 0.358716849711
16.566 0 0.36527025761
16.572 0 0.366812695008
16.582 0 0.368278198792
16.59 0 0.371447017599
16.602 0 0.372713258594
16.612 0 0.372942476523
16.621 0 0.374726432465
16.634 0 0.376218675845
16.65 0 0.376564918404
16.659 0 0.376536510018
16.665 0 0.376025766119
16.673 0 0.37479931145
16.683 0 0.373627122776
16.695 0 0.372643927308
16.702 0 0.371431669151
16.713 0 0.370448409988
16.724 0 0.369246738594
16.733 0 0.368352759413
16.743 0 0.368053223154
16.751 0 0.368221441017
16.761 0 0.368893045043
16.772 0 0.366890878237
16.784 0 0.363875723762
16.793 0 0.362725519076
16.803 0 0.362038036469
16.811 0 0.361844512946
16.822 0 0.360408591027
16.834 0 0.359566433879
16.842 0 0.358597199931
16.853 0 0.357141679361
16.862 0 0.356013258052
16.874 0 0.35493483993
16.888 0 0.354654239533
16.895 0 0.35474923104
16.903 0 0.352406655312
16.913 0 0.352078269082
16.921 0 0.352219041415
16.934 0 0.351526658398
16.943 0 0.350413360454
16.952 0 0.349761229709
16.963 0 0.348496304354
16.975 0 0.349009751995
16.986 0 0.350212397021
16.994 0 0.350605685369
17.002 0 0.351712394399
17.013 0 0.352815264877
17.031 0 0.354072760749
17.035 0 0.354591747632
17.045 0 0.355411643525
17.053 0 0.356060522975
17.064 0 0.358423891525
17.072 0 0.359455155817
17.081 0 0.360176833528
17.093 0 0.360239028319
17.104 0 0.360707464328
17.112 0 0.360547356192
17.12 0 0.361339893063
17.132 0 0.361339893063
17.141 0 0.366572193197
17.153 0 0.366538479728
17.166 0 0.370210425894
17.174 0 0.36984216944
17.185 0 0.374494215496
17.195 0 0.377083782067
17.209 0 0.377343031361
17.221 0 0.377980927534
17.229 0 0.379311697967
17.235 0 0.38033087534
17.245 0 0.382329707944
17.259 0 0.383399519371
17.265 0 0.384271592962
17.273 0 0.388214438475
17.284 0 0.39021430977
17.291 0 0.392331105216
17.307 0 0.392033263834
17.314 0 0.391644862915
17.325 0 0.39241284323
17.33 0 0.389994232066
17.342 0 0.387893810483
17.357 0 0.389619395273
17.362 0 0.389688360823
17.372 0 0.388089585571
17.382 0 0.37781516845
17.396 0 0.386517558755
17.404 0 0.386424314827
17.412 0 0.387158156019
17.422 0 0.391306116439
17.433 0 0.39444283628
17.45 0 0.392519599868
17.456 0 0.390971272826
17.464 0 0.390596899468
17.474 0 0.390644303077
17.489 0 0.390164150525
17.497 0 0.390182914387
17.505 0 0.390311693925
17.515 0 0.389992287105
17.522 0 0.389673496278
17.531 0 0.388510185533
17.546 0 0.387634966147
17.553 0 0.387285452309
17.561 0 0.386692833287
17.572 0 0.385306293805
17.583 0 0.384848287978
17.592 0 0.383383957289
17.602 0 0.382983340987
17.612 0 0.382459224447
17.621 0 0.382304605962
17.633 0 0.381882467408
17.643 0 0.380333341867
17.652 0 0.378301878257
17.663 0 0.376513911049
17.677 0 0.374598551651
17.685 0 0.374449904644
17.692 0 0.37356923902
17.704 0 0.373008210685
17.712 0 0.372884629735
17.729 0 0.37257016122
17.733 0 0.37257016122
17.743 0 0.37257016122
17.752 0 0.371147045359
17.763 0 0.371293797767
17.777 0 0.373293939705
17.791 0 0.374424031764
17.797 0 0.375026750806
17.805 0 0.376137085561
17.812 0 0.376652856553
17.827 0 0.379583057895
17.837 0 0.380543921789
17.845 0 0.381598605244
17.852 0 0.382875601893
17.861 0 0.383474621751
17.877 0 0.384864869104
17.882 0 0.385839749277
17.891 0 0.386717757719
17.904 0 0.387764019261
17.918 0 0.392406461361
17.931 0 0.392820053554
17.939 0 0.394876555586
17.948 0 0.396568230714
17.954 0 0.396027992894
17.962 0 0.40021156685
17.975 0 0.403249155363
17.983 0 0.40199016521
17.993 0 0.405677578777
18.001 0 0.408354320918
18.013 0 0.409517034035
18.024 0 0.410951598208
18.036 0 0.41331126869
18.045 0 0.412584050076
18.05 0 0.414905927214
18.063 0 0.412633697372
18.07 0 0.41639115515
18.082 0 0.420021710375
18.092 0 0.421849500061
18.102 0 0.422756250777
18.112 0 0.42449761216
18.122 0 0.426214007261
18.132 0 0.427026439762
18.141 0 0.426160332645
18.153 0 0.430452990191
18.166 0 0.431146293178
18.173 0 0.431301474351
18.185 0 0.432247707382
18.19 0 0.433867489631
18.204 0 0.436742233878
18.212 0 0.437490699822
18.221 0 0.438273406314
18.232 0 0.438065885164
18.24 0 0.437820788621
18.253 0 0.436252504204
18.262 0 0.434977262538
18.271 0 0.434013830391
18.282 0 0.432599907351
18.293 0 0.432512133197
18.304 0 0.43250600434
18.312 0 0.431434758752
18.322 0 0.429686367815
18.332 0 0.427480714146
18.344 0 0.424103511249
18.357 0 0.424889009196
18.364 0 0.424942798739
18.371 0 0.424994175915
18.382 0 0.424202458343
18.4 0 0.423361773298
18.407 0 0.423080953074
18.411 0 0.42319806365
18.423 0 0.421229047356
18.437 0 0.418724206347
18.449 0 0.415065098544
18.455 0 0.414450340216
18.464 0 0.409683939302
18.472 0 0.407101075147
18.481 0 0.406616194147
18.492 0 0.405117369953
18.503 0 0.404435344006
18.516 0 0.404815657009
18.523 0 0.405443226981
18.535 0 0.405372209503
18.548 0 0.406616011949
18.556 0 0.407204534869
18.561 0 0.407894348882
18.573 0 0.409358172949
18.591 0 0.410119092234
18.595 0 0.410745947937
18.602 0 0.411193969775
18.614 0 0.412396275231
18.626 0 0.412778210565
18.633 0 0.412778210565
18.641 0 0.412778210565
18.653 0 0.413503938088
18.662 0 0.415334251273
18.68 0 0.418170917544
18.684 0 0.419527673382
18.692 0 0.421128225204
18.703 0 0.422787463239
18.711 0 0.423585188468
18.723 0 0.424053293431
18.731 0 0.425927409863
18.743 0 0.427551781449
18.753 0 0.43107202722
18.77 0 0.432347815745
18.776 0 0.435430018917
18.785 0 0.438168935764
18.793 0 0.436179830653
18.803 0 0.44051238992
18.814 0 0.439795593782
18.824 0 0.437354662806
18.833 0 0.439393600174
18.842 0 0.440830076223
18.854 0 0.4460029893
18.871 0 0.446668498238
18.875 0 0.446668498238
18.881 0 0.446668498238
18.893 0 0.448867410809
18.902 0 0.45115381179
18.919 0 0.451821499311
18.926 0 0.452754995178
18.936 0 0.452461399063
18.944 0 0.453838862688
18.957 0 0.453882612571
18.97 0 0.453977181447
18.978 0 0.453887132203
18.985 0 0.453907312436
18.993 0 0.453223273555
19.003 0 0.453782762375
19.014 0 0.453791532884
19.021 0 0.453608803396
19.032 0 0.452939978763
19.042 0 0.452989527943
19.054 0 0.453415085215
19.063 0 0.45277621808
19.072 0 0.451236639912
19.083 0 0.451853668915
19.099 0 0.450942380015
19.112 0 0.450087616761
19.12 0 0.449397519662
19.126 0 0.446620571384
19.139 0 0.444387203855
19.15 0 0.444109064102
19.161 0 0.443524172606
19.165 0 0.44336402455
19.177 0 0.442818205359
19.189 0 0.442818205359
19.197 0 0.437233978237
19.205 0 0.436388369872
19.213 0 0.435305966822
19.222 0 0.432904327928
19.244 0 0.429357969062
19.253 0 0.427661756448
19.261 0 0.426376968896
19.27 0 0.423596992452
19.287 0 0.418191357613
19.299 0 0.417466692198
19.31 0 0.419115912895
19.322 0 0.422821762583
19.337 0 0.424938683209
19.346 0 0.425980361255
19.354 0 0.427555137876
19.363 0 0.427838645511
19.377 0 0.428458457738
19.383 0 0.428711312149
19.392 0 0.429091838355
19.402 0 0.429688415924
19.419 0 0.43063606912
19.43 0 0.431504374884
19.436 0 0.431907679952
19.446 0 0.432497293698
19.461 0 0.433452021404
19.471 0 0.435453868378
19.476 0 0.436562861426
19.487 0 0.438913604162
19.492 0 0.439261397244
19.506 0 0.441066312131
19.516 0 0.441882793132
19.526 0 0.444372514802
19.533 0 0.447326145273
19.541 0 0.44900008782
19.555 0 0.449889149665
19.564 0 0.453261040911
19.572 0 0.454779131146
19.587 0 0.455733947641
19.601 0 0.46005917359
19.615 0 0.460377463504
19.624 0 0.46227192696
19.632 0 0.466068253257
19.648 0 0.468303218524
19.655 0 0.468303218524
19.662 0 0.471890035511
19.667 0 0.473287521174
19.679 0 0.4733223088
19.703 0 0.472667627026
19.716 0 0.472525547905
19.727 0 0.474799123199
19.752 0 0.474935670694
19.765 0 0.475889101804
19.778 0 0.474235237981
19.793 0 0.472900151186
19.801 0 0.473350420587
19.81 0 0.47363361849
19.825 0 0.474663948531
19.832 0 0.475195189637
19.842 0 0.475779500957
19.852 0 0.47674851894
19.869 0 0.476772607296
19.88 0 0.477190362171
19.889 0 0.476757412266
19.896 0 0.477227169574
19.911 0 0.476062551704
19.925 0 0.475879651398
19.933 0 0.47574175806
19.939 0 0.475749606793
19.95 0 0.475781568542
19.962 0 0.474417573273
19.973 0 0.473712010411
19.981 0 0.4734099751
19.991 0 0.472826727902
20.0 0 0.472253762086
20.011 0 0.470207346254
20.022 0 0.468751817968
20.032 0 0.467369487351
20.039 0 0.466120811342
20.047 0 0.464800985846
20.058 0 0.464800985846
20.064 0 0.464800985846
20.072 0 0.464800985846
20.08 0 0.462274851165
20.091 0 0.462823446339
20.103 0 0.462781992714
20.109 0 0.463269418279
20.122 0 0.463733930563
20.144 0 0.464936716341
20.157 0 0.467224200417
20.167 0 0.467975407963
20.178 0 0.467975407963
20.192 0 0.472443926595
20.199 0 0.472499830417
20.207 0 0.472569836874
20.216 0 0.472771266071
20.23 0 0.473111377376
20.242 0 0.473664833364
20.253 0 0.475282941829
20.264 0 0.47792138374
20.274 0 0.47792138374
20.281 0 0.47792138374
20.292 0 0.48421814719
20.303 0 0.483959255239
20.312 0 0.485174995278
20.327 0 0.488940515984
20.332 0 0.490677025977
20.346 0 0.490974023249
20.354 0 0.492315925166
20.367 0 0.502452956256
20.377 0 0.50222356582
20.383 0 0.507274153142
20.392 0 0.507858748461
20.405 0 0.505275189743
20.416 0 0.507466498882
20.424 0 0.510759889656
20.433 0 0.511236283461
20.442 0 0.512258552742
20.457 0 0.513312891499
20.466 0 0.514724157515
20.475 0 0.513160627473
20.489 0 0.514235996375
20.508 0 0.513125041471
20.517 0 0.512745577538
20.527 0 0.513970071548
20.534 0 0.513805877263
20.546 0 0.516545647807
20.558 0 0.518463388971
20.566 0 0.520568727516
20.575 0 0.52081837623
20.582 0 0.52111520933
20.588 0 0.520503922491
20.598 0 0.519208511369
20.604 0 0.519802408192
20.616 0 0.518415246526
20.624 0 0.517578218931
20.634 0 0.517756783745
20.651 0 0.51746702867
20.659 0 0.516494902254
20.665 0 0.515781731948
20.673 0 0.513585690108
20.687 0 0.509287827974
20.696 0 0.507864003062
20.703 0 0.507391821178
20.716 0 0.507545231161
20.723 0 0.507318625047
20.732 0 0.507334157319
20.742 0 0.507992623477
20.75 0 0.508602728871
20.761 0 0.509731414817
20.77 0 0.509586692434
20.784 0 0.509938007489
20.792 0 0.509910371841
20.802 0 0.50962105743
20.811 0 0.50922764751
20.821 0 0.508877410263
20.84 0 0.508164766642
20.848 0 0.507989778586
20.858 0 0.50805053631
20.865 0 0.508893959838
20.876 0 0.507615288932
20.891 0 0.508961370665
20.899 0 0.509509673952
20.907 0 0.510075839013
20.914 0 0.510404821422
20.92 0 0.51089828588
20.932 0 0.512205288483
20.941 0 0.513751600951
20.951 0 0.513984499322
20.963 0 0.516060480862
20.971 0 0.517179808729
20.981 0 0.518246698759
20.991 0 0.518464074795
21.0 0 0.518951875709
21.014 0 0.519190255131
21.021 0 0.519190255131
21.031 0 0.52373391174
21.042 0 0.524379603449
21.053 0 0.525333614715
21.064 0 0.526352394739
21.072 0 0.527743384377
21.082 0 0.528897838525
21.09 0 0.529230436756
21.109 0 0.536064639997
21.122 0 0.536217163703
21.135 0 0.538512162505
21.146 0 0.537376081422
21.157 0 0.537376081422
21.167 0 0.537193023296
21.18 0 0.540212454784
21.19 0 0.541068446485
21.211 0 0.543662618864
21.218 0 0.543662618864
21.227 0 0.547873984846
21.239 0 0.553381342372
21.254 0 0.5503138578
21.263 0 0.552981983356
21.271 0 0.554161777315
21.28 0 0.551229882421
21.291 0 0.55896670913
21.306 0 0.560640550108
21.311 0 0.56197058065
21.323 0 0.564564138512
21.331 0 0.566620075698
21.346 0 0.566675299124
21.354 0 0.565433022546
21.363 0 0.563778981957
21.375 0 0.562511096246
21.389 0 0.562691767506
21.399 0 0.562958381546
21.409 0 0.56285156695
21.421 0 0.563304366249
21.443 0 0.563312350708
21.45 0 0.563977962163
21.464 0 0.563561908955
21.48 0 0.559747637822
21.492 0 0.55608211749
21.503 0 0.555106399223
21.514 0 0.555090310093
21.528 0 0.554900930843
21.536 0 0.554900930843
21.541 0 0.553205143785
21.553 0 0.551802760784
21.559 0 0.551145971652
21.576 0 0.550049898308
21.587 0 0.549916794231
21.588 0 0.54955204866
21.598 0 0.549029685712
21.612 0 0.548191733054
21.627 0 0.546663310628
21.636 0 0.546387829427
21.644 0 0.546212736142
21.653 0 0.54602139291
21.673 0 0.546256624897
21.679 0 0.546220747197
21.692 0 0.547098907613
21.71 0 0.547258860367
21.715 0 0.547258860367
21.725 0 0.548466164185
21.735 0 0.550099379317
21.755 0 0.55242940436
21.763 0 0.553470728736
21.774 0 0.555241892776
21.79 0 0.556156368128
21.802 0 0.556510408019
21.802 0 0.556771470825
21.818 0 0.558709865195
21.833 0 0.559084086028
21.837 0 0.559084086028
21.843 0 0.559084086028
21.856 0 0.562559575008
21.863 0 0.564216251122
21.877 0 0.564216251122
21.887 0 0.564216251122
21.894 0 0.56780729046
21.904 0 0.567577762311
21.914 0 0.566760230319
21.923 0 0.565512879515
21.933 0 0.568497854819
21.942 0 0.569171180067
21.952 0 0.570013236835
21.963 0 0.570092609793
21.976 0 0.574971583947
21.983 0 0.575163027981
21.99 0 0.576511985909
21.995 0 0.576511985909
22.005 0 0.576511985909
22.02 0 0.585482716624
22.03 0 0.587311986523
22.033 0 0.587600390825
22.044 0 0.586821997209
22.064 0 0.587419505524
22.074 0 0.587419505524
22.085 0 0.588343524926
22.102 0 0.589767796615
22.11 0 0.590734402801
22.119 0 0.591129900591
22.122 0 0.592590816999
22.134 0 0.594468928945
22.147 0 0.594468928945
22.157 0 0.59543574238
22.169 0 0.594991901639
22.177 0 0.595299203135
22.182 0 0.594781869939
22.186 0 0.593891585873
22.204 0 0.59385487642
22.21 0 0.59385487642
22.216 0 0.59385487642
22.228 0 0.595016019647
22.237 0 0.594155223513
22.25 0 0.592968371245
22.261 0 0.592029009605
22.267 0 0.591672157046
22.274 0 0.591642947261
22.287 0 0.591408108055
22.297 0 0.591338207584
22.303 0 0.590337728104
22.315 0 0.589659750384
22.323 0 0.589421791176
22.338 0 0.587102001951
22.348 0 0.585106720728
22.352 0 0.582800485672
22.368 0 0.579254188056
22.386 0 0.575871520623
22.397 0 0.573124236141
22.404 0 0.57153123648
22.413 0 0.570914125203
22.428 0 0.569496408417
22.442 0 0.569496408417
22.442 0 0.569496408417
22.453 0 0.569450972278
22.468 0 0.570845164038
22.484 0 0.572169152502
22.495 0 0.573676573091
22.504 0 0.575419432934
22.52 0 0.576004765064
22.539 0 0.576953509117
22.547 0 0.577505478668
22.561 0 0.577948386209
22.575 0 0.578645444314
22.581 0 0.580346531363
22.596 0 0.582950155735
22.619 0 0.583560595929
22.625 0 0.584500845241
22.642 0 0.586494075288
22.649 0 0.58975394717
22.659 0 0.589490696946
22.668 0 0.594011508166
22.679 0 0.592908175986
22.688 0 0.594939305488
22.704 0 0.599747228567
22.711 0 0.604158825606
22.723 0 0.605017514313
22.731 0 0.605172272453
22.743 0 0.602962207382
22.747 0 0.60512650612
22.758 0 0.604700749506
22.768 0 0.612910660085
22.779 0 0.617741388337
22.79 0 0.617037323575
22.805 0 0.618290158725
22.814 0 0.619673667932
22.822 0 0.618746931582
22.833 0 0.619675848879
22.842 0 0.618371683442
22.853 0 0.619820190231
22.862 0 0.619664483605
22.869 0 0.614184038785
22.879 0 0.613380857997
22.893 0 0.614750597991
22.903 0 0.621208062318
22.906 0 0.621687782652
22.924 0 0.626303769881
22.94 0 0.626869057237
22.94 0 0.627801376633
22.953 0 0.626574583075
22.96 0 0.625894306999
22.965 0 0.624718317729
22.975 0 0.623184682517
22.987 0 0.62181527361
22.994 0 0.621763916002
23.006 0 0.623539006192
23.018 0 0.623470190401
23.026 0 0.623592320887
23.041 0 0.623148605233
23.046 0 0.623264415249
23.057 0 0.621646862268
23.069 0 0.619925514471
23.075 0 0.619257617615
23.087 0 0.618313681995
23.099 0 0.616172560582
23.11 0 0.615796345928
23.118 0 0.615005884689
23.126 0 0.614088965697
23.145 0 0.611725543208
23.15 0 0.609903595327
23.162 0 0.606806469403
23.168 0 0.606261624524
23.181 0 0.604228195033
23.19 0 0.602620989661
23.201 0 0.600425063544
23.212 0 0.599828879216
23.218 0 0.598207671335
23.227 0 0.59742531623
23.235 0 0.598646651587
23.246 0 0.600759718789
23.256 0 0.602916200179
23.267 0 0.604298365739
23.283 0 0.605374268389
23.292 0 0.605602390044
23.301 0 0.606515183323
23.306 0 0.606651033554
23.315 0 0.607377330192
23.327 0 0.607377330192
23.334 0 0.607377330192
23.347 0 0.608719842909
23.357 0 0.610245988662
23.366 0 0.611076981814
23.376 0 0.612354856261
23.386 0 0.613935637516
23.402 0 0.614941952817
23.417 0 0.616738090568
23.425 0 0.617472729385
23.43 0 0.615831748409
23.437 0 0.617595375275
23.449 0 0.621392821991
23.464 0 0.62218123126
23.47 0 0.62218123126
23.476 0 0.627158223179
23.488 0 0.628031036346
23.497 0 0.628724703061
23.506 0 0.626723901113
23.525 0 0.627643123314
23.533 0 0.628822757076
23.539 0 0.636113486757
23.555 0 0.640290824098
23.571 0 0.638944255153
23.58 0 0.638944255153
23.586 0 0.638944255153
23.591 0 0.643580197404
23.607 0 0.644287883283
23.616 0 0.645798326215
23.62 0 0.6493517115
23.632 0 0.650702293938
23.642 0 0.650927177243
23.655 0 0.650927177243
23.659 0 0.650927177243
23.669 0 0.652580399779
23.678 0 0.652756362694
23.694 0 0.656126770339
23.704 0 0.656719137043
23.71 0 0.656125336131
23.719 0 0.655817268881
23.727 0 0.654447274789
23.739 0 0.653812792595
23.752 0 0.652443651906
23.762 0 0.651438360827
23.772 0 0.652439601886
23.784 0 0.652540725767
23.798 0 0.652888231459
23.804 0 0.652918998179
23.811 0 0.653375204713
23.822 0 0.653800838194
23.838 0 0.652235151189
23.845 0 0.651348627235
23.857 0 0.650835589468
23.868 0 0.649452621246
23.879 0 0.649307415268
23.89 0 0.649576409944
23.895 0 0.648523781436
23.906 0 0.647894260596
23.915 0 0.646993954634
23.922 0 0.645962732245
23.939 0 0.645962732245
23.945 0 0.64491118039
23.954 0 0.643177395358
23.968 0 0.642193508767
23.982 0 0.642193508767
23.989 0 0.642188306034
24.001 0 0.641379555542
24.013 0 0.641782702286
24.03 0 0.641869311956
24.033 0 0.641869311956
24.046 0 0.643451417463
24.064 0 0.646057145005
24.08 0 0.646057145005
24.1 0 0.648696875664
24.119 0 0.649910089068
24.14 0 0.652495239876
24.156 0 0.652495239876
24.161 0 0.654039188791
24.171 0 0.655010538052
24.19 0 0.655010538052
24.2 0 0.659452658868
24.215 0 0.659701693424
24.235 0 0.660208348921
24.241 0 0.660208348921
24.252 0 0.668155445141
24.258 0 0.669760971185
24.276 0 0.670199137624
24.286 0 0.669565232925
24.298 0 0.669565232925
24.304 0 0.669565232925
24.314 0 0.671660567611
24.323 0 0.668097763466
24.336 0 0.670809901129
24.355 0 0.672982598885
24.372 0 0.670198513143
24.38 0 0.673011737227
24.397 0 0.675216725698
24.408 0 0.675216725698
24.417 0 0.675216725698
24.427 0 0.689263890779
24.438 0 0.692553551873
24.453 0 0.693408070072
24.463 0 0.696320409569
24.465 0 0.697499426239
24.479 0 0.698719555209
24.491 0 0.699362077619
24.499 0 0.698062027867
24.507 0 0.697525948546
24.515 0 0.695991598774
24.528 0 0.693577035272
24.552 0 0.692127978988
24.558 0 0.689974529987
24.58 0 0.687771190008
24.582 0 0.687771190008
24.59 0 0.687771190008
24.605 0 0.688615053966
24.626 0 0.685870442015
24.639 0 0.684974372773
24.651 0 0.683763930044
24.658 0 0.683623004488
24.664 0 0.683804141217
24.664 0 0.684443128192
24.672 0 0.685268391672
24.683 0 0.685384552879
24.699 0 0.68289254401
24.709 0 0.682000623296
24.716 0 0.681568757032
24.721 0 0.681568757032
24.733 0 0.675372155428
24.746 0 0.667802024563
24.756 0 0.666421256102
24.762 0 0.663248615923
24.774 0 0.660275811675
24.791 0 0.660275811675
24.801 0 0.658385541412
24.809 0 0.658385541412
24.814 0 0.658385541412
24.826 0 0.6610853913
24.841 0 0.66241267026
24.851 0 0.663626386626
24.867 0 0.665878582193
24.883 0 0.666142439355
24.892 0 0.668866610503
24.906 0 0.669264946156
24.925 0 0.67024944468
24.935 0 0.671072924384
24.944 0 0.671212282145
24.956 0 0.66944803502
24.977 0 0.668598734423
24.984 0 0.668598734423
24.994 0 0.678085466131
25.012 0 0.678804110172
25.027 0 0.68007277753
25.042 0 0.684870733264
25.068 0 0.683645623892
25.079 0 0.682477196769
25.095 0 0.680020938182
25.096 0 0.680020938182
25.112 0 0.680020938182
25.121 0 0.679078017577
25.138 0 0.690815460295
25.156 0 0.694062622659
25.166 0 0.696241652852
25.175 0 0.696835550544
25.194 0 0.695290458475
25.204 0 0.692439877653
25.213 0 0.695908212684
25.22 0 0.695908212684
25.235 0 0.696895006433
25.244 0 0.698665222247
25.256 0 0.702993627521
25.273 0 0.705017309141
25.28 0 0.708580009045
25.289 0 0.707700002477
25.298 0 0.707242896054
25.312 0 0.707242896054
25.325 0 0.704983667235
25.331 0 0.703767392921
25.345 0 0.704599327492
25.362 0 0.704929868603
25.372 0 0.703666604847
25.382 0 0.701732187468
25.399 0 0.698999718211
25.411 0 0.698060650527
25.424 0 0.696280327435
25.437 0 0.696109025851
25.449 0 0.696751051833
25.458 0 0.696447700021
25.468 0 0.695353267717
25.479 0 0.694459710225
25.494 0 0.693528496302
25.494 0 0.693528496302
25.51 0 0.69140470684
25.52 0 0.690149346318
25.536 0 0.689593127912
25.544 0 0.688661126641
25.556 0 0.688661126641
25.563 0 0.685327838809
25.585 0 0.68169361121
25.59 0 0.681184400407
25.597 0 0.679356553312
25.608 0 0.679023330475
25.628 0 0.680556751072
25.636 0 0.680556751072
25.643 0 0.681169441103
25.666 0 0.680773747798
25.676 0 0.681520197375
25.684 0 0.683456724699
25.7 0 0.685716062897
25.713 0 0.686899206346
25.723 0 0.686899206346
25.729 0 0.689917132505
25.742 0 0.690266042435
25.742 0 0.690740897647
25.759 0 0.690937147081
25.77 0 0.691853503241
25.782 0 0.691747071249
25.787 0 0.694843459849
25.796 0 0.697853607117
25.81 0 0.697045571869
25.819 0 0.70116019634
25.83 0 0.702920648129
25.844 0 0.702181249448
25.861 0 0.699356220226
25.868 0 0.698294184138
25.881 0 0.700480743188
25.895 0 0.700780216699
25.902 0 0.700780216699
25.912 0 0.705712161668
25.927 0 0.708902630809
25.943 0 0.709975353874
25.95 0 0.711025190291
25.97 0 0.715890316699
25.981 0 0.715890316699
25.987 0 0.715890316699
25.996 0 0.720169731216
26.008 0 0.721122959584
26.02 0 0.721122959584
26.028 0 0.722959981208
26.04 0 0.725432624725
26.064 0 0.727182779535
26.072 0 0.726756305686
26.083 0 0.726222604931
26.092 0 0.726128743207
26.108 0 0.725019764851
26.119 0 0.723126040454
26.128 0 0.723126040454
26.14 0 0.724004357053
26.151 0 0.724522812594
26.166 0 0.72451611811
26.179 0 0.724689080308
26.198 0 0.723874418953
26.214 0 0.723874418953
26.223 0 0.723874418953
26.241 0 0.721932802218
26.247 0 0.720749746199
26.26 0 0.719975140864
26.267 0 0.716639055396
26.29 0 0.714484141717
26.297 0 0.713362456504
26.3 0 0.712801390628
26.32 0 0.707036255173
26.334 0 0.706852896342
26.344 0 0.701579739863
26.352 0 0.693090693471
26.378 0 0.690484186504
26.389 0 0.690609602339
26.404 0 0.691601034849
26.418 0 0.691601034849
26.425 0 0.691413364176
26.439 0 0.691466572614
26.451 0 0.691381370557
26.46 0 0.691809797982
26.472 0 0.691890131918
26.494 0 0.691412029001
26.504 0 0.693606090424
26.519 0 0.693144798616
26.536 0 0.692151166697
26.543 0 0.692151166697
26.559 0 0.69397712347
26.567 0 0.697109841705
26.574 0 0.702552957023
26.589 0 0.704181464011
26.599 0 0.707319002425
26.62 0 0.706859751802
26.626 0 0.706761837189
26.629 0 0.708315084038
26.649 0 0.709818172398
26.655 0 0.709818172398
26.661 0 0.708767087102
26.675 0 0.705817632652
26.691 0 0.705817632652
26.695 0 0.705817632652
26.705 0 0.712685723327
26.718 0 0.711987031212
26.738 0 0.710954238357
26.751 0 0.709594896964
26.763 0 0.708286127376
26.784 0 0.715362728078
26.794 0 0.716345818118
26.811 0 0.721766629988
26.83 0 0.723474821011
26.833 0 0.72294012881
26.856 0 0.724234173961
26.865 0 0.723545340663
26.886 0 0.722954640268
26.899 0 0.724054927458
26.911 0 0.724826563995
26.922 0 0.724826563995
26.931 0 0.723597475225
26.938 0 0.723597475225
26.945 0 0.723597475225
26.951 0 0.724037192041
26.965 0 0.724037192041
26.978 0 0.721433596301
26.991 0 0.720136553843
27.006 0 0.720136553843
27.017 0 0.716397098506
27.032 0 0.717302773486
27.042 0 0.717328616548
27.055 0 0.714789759518
27.069 0 0.714789759518
27.079 0 0.714789759518
27.09 0 0.708882190007
27.098 0 0.708882190007
27.105 0 0.708882190007
27.115 0 0.704483438014
27.126 0 0.703871098637
27.139 0 0.702404119613
27.157 0 0.70247391444
27.166 0 0.703450520489
27.188 0 0.704690505629
27.198 0 0.705257979973
27.206 0 0.705257979973
27.214 0 0.705257979973
27.22 0 0.706985123743
27.245 0 0.710336735671
27.256 0 0.711824925132
27.276 0 0.714085034162
27.291 0 0.715304042483
27.301 0 0.715902603978
27.309 0 0.716651532768
27.318 0 0.717835884892
27.333 0 0.719799623598
27.335 0 0.721004129483
27.35 0 0.723012774247
27.357 0 0.724772585534
27.367 0 0.725961970984
27.383 0 0.72780399188
27.395 0 0.730945637225
27.401 0 0.733200853547
27.409 0 0.732585936496
27.421 0 0.733035669378
27.43 0 0.731511673347
27.439 0 0.732653106786
27.45 0 0.732622775335
27.458 0 0.731066420387
27.464 0 0.731066420387
27.474 0 0.731066420387
27.481 0 0.737267511473
27.493 0 0.742414517802
27.501 0 0.740721228109
27.52 0 0.742484197096
27.534 0 0.741173267529
27.543 0 0.742289567528
27.562 0 0.743630541729
27.569 0 0.747298399709
27.589 0 0.749203034108
27.606 0 0.750447740834
27.612 0 0.750447740834
27.619 0 0.750447740834
27.625 0 0.756508486154
27.642 0 0.755872401263
27.656 0 0.755623332672
27.668 0 0.755249420931
27.681 0 0.753399887887
27.7 0 0.753876466081
27.708 0 0.755093964559
27.719 0 0.756507247018
27.738 0 0.757861967184
27.744 0 0.757861967184
27.75 0 0.757664259452
27.762 0 0.756027587588
27.783 0 0.755789405655
27.791 0 0.755789405655
27.795 0 0.754247363304
27.811 0 0.751869416044
27.821 0 0.74794271449
27.833 0 0.747418099862
27.839 0 0.746180582455
27.85 0 0.746180582455
27.853 0 0.746180582455
27.861 0 0.746180582455
27.878 0 0.73905089827
27.889 0 0.73905089827
27.897 0 0.73905089827
27.899 0 0.735795147248
27.918 0 0.734142547852
27.933 0 0.730165019357
27.943 0 0.729788004812
27.953 0 0.729493352473
27.97 0 0.729644478128
27.979 0 0.730326843392
27.989 0 0.729888882107
28.006 0 0.727028075741
28.018 0 0.725787430936
28.023 0 0.725746768757
28.034 0 0.724680233154
28.05 0 0.727021990065
28.056 0 0.728701989891
28.064 0 0.728971158687
28.071 0 0.72906270099
28.088 0 0.729048462886
28.092 0 0.729048462886
28.102 0 0.728787843329
28.104 0 0.728312712048
28.12 0 0.728003859843
28.13 0 0.730541904785
28.148 0 0.732328207465
28.158 0 0.733917676276
28.166 0 0.73748229766
28.166 0 0.740402231251
28.188 0 0.740402231251
28.195 0 0.740402231251
28.202 0 0.741124729128
28.213 0 0.741358697393
28.223 0 0.741358697393
28.229 0 0.741358697393
28.24 0 0.738702032001
28.254 0 0.733559679603
28.264 0 0.736006943891
28.264 0 0.734440298256
28.28 0 0.740046760282
28.284 0 0.741189539958
28.294 0 0.74133386344
28.307 0 0.746868910802
28.32 0 0.74622553391
28.326 0 0.747496670942
28.335 0 0.752094105182
28.351 0 0.753091949928
28.359 0 0.754888701668
28.372 0 0.757735929818
28.386 0 0.758419831719
28.387 0 0.758419831719
28.402 0 0.761335647339
28.416 0 0.762199687286
28.423 0 0.761865870647
28.432 0 0.760394351488
28.445 0 0.758545484296
28.446 0 0.757296660885
28.454 0 0.756748681844
28.485 0 0.754455775114
28.499 0 0.756082678191
28.511 0 0.756943294447
28.514 0 0.757053193142
28.518 0 0.756085247133
28.542 0 0.755409569472
28.549 0 0.755148112821
28.565 0 0.751644420537
28.566 0 0.751644420537
28.587 0 0.749242382867
28.596 0 0.748969248767
28.597 0 0.748969248767
28.621 0 0.743703848714
28.636 0 0.741877447594
28.643 0 0.741527276937
28.653 0 0.740324290947
28.663 0 0.739550320366
28.673 0 0.738917634243
28.681 0 0.737161475257
28.696 0 0.737161475257
28.703 0 0.737161475257
28.716 0 0.732677379316
28.729 0 0.731408403693
28.75 0 0.731696503473
28.761 0 0.731943174229
28.77 0 0.731943174229
28.785 0 0.732984063766
28.792 0 0.732814317875
28.805 0 0.732046178787
28.812 0 0.731362971635
28.826 0 0.731362971635
28.831 0 0.731362971635
28.834 0 0.731362971635
28.842 0 0.732888794566
28.854 0 0.73410021503
28.875 0 0.735574614758
28.891 0 0.735320096398
28.897 0 0.735063948792
28.904 0 0.736102941838
28.922 0 0.740220556099
28.931 0 0.741315277915
28.939 0 0.745313160619
28.946 0 0.746105142867
28.96 0 0.748038004558
28.969 0 0.747359301729
28.979 0 0.747590089974
28.987 0 0.747485675615
29.001 0 0.746116149647
29.008 0 0.741767609782
29.009 0 0.738804700492
29.027 0 0.740595015198
29.038 0 0.746017074722
29.043 0 0.746017074722
29.048 0 0.746017074722
29.061 0 0.746248054879
29.08 0 0.746997284968
29.087 0 0.749106395034
29.1 0 0.745707698281
29.113 0 0.749170439102
29.132 0 0.749170439102
29.136 0 0.742772771236
29.16 0 0.753037756365
29.173 0 0.755004256695
29.18 0 0.761244777035
29.196 0 0.763034487509
29.206 0 0.763293648153
29.223 0 0.763241304927
29.233 0 0.763241304927
29.238 0 0.76308454313
29.252 0 0.764347843586
29.261 0 0.765017009906
29.279 0 0.765046618409
29.289 0 0.76447539327
29.3 0 0.764266256251
29.309 0 0.764266256251
29.322 0 0.762923816889
29.334 0 0.762918271633
29.346 0 0.763966852885
29.35 0 0.764077809752
29.356 0 0.764077809752
29.365 0 0.763410361973
29.375 0 0.763897279736
29.38 0 0.763910596716
29.391 0 0.763517845436
29.408 0 0.76157504025
29.422 0 0.760042077412
29.431 0 0.759118714458
29.443 0 0.755413147994
29.459 0 0.754356544086
29.459 0 0.753528098972
29.473 0 0.753214258306
29.475 0 0.752084192482
29.491 0 0.747738310687
29.499 0 0.746412827814
29.5 0 0.746222373002
29.517 0 0.744772070743
29.53 0 0.744635153617
29.534 0 0.744635153617
29.558 0 0.74463812383
29.573 0 0.745088550947
29.583 0 0.746121649628
29.597 0 0.74761218663
29.608 0 0.748179926371
29.618 0 0.748179926371
29.622 0 0.748179926371
29.635 0 0.751677002858
29.652 0 0.751799241587
29.666 0 0.750292413059
29.68 0 0.750712096323
29.688 0 0.753001510768
29.707 0 0.753360719453
29.708 0 0.753857170774
29.715 0 0.75482271517
29.715 0 0.756621522315
29.736 0 0.761641789433
29.75 0 0.76232836145
29.759 0 0.761558946563
29.771 0 0.764505279763
29.788 0 0.760890881473
29.798 0 0.760890881473
29.812 0 0.758220384377
29.83 0 0.75842077995
29.834 0 0.76387826376
29.843 0 0.760871406774
29.857 0 0.765662169823
29.868 0 0.769589971667
29.883 0 0.768432480519
29.893 0 0.767239685875
29.907 0 0.770830255699
29.925 0 0.770831516001
29.939 0 0.773628587457
29.948 0 0.777884325943
29.962 0 0.779754340845
29.973 0 0.780939422797
29.978 0 0.781521986217
29.985 0 0.780755597104
29.994 0 0.780120402316
30.003 0 0.779398433877
30.013 0 0.778284910953
30.023 0 0.777284264655
30.039 0 0.777361142347
30.045 0 0.777004579368
30.056 0 0.776505831968
30.069 0 0.775950066067
30.074 0 0.77527099238
30.09 0 0.774796568876
30.098 0 0.773942378404
30.109 0 0.773423717516
30.121 0 0.773347355644
30.131 0 0.773347355644
30.134 0 0.773347355644
30.145 0 0.773347355644
30.164 0 0.772391395508
30.178 0 0.773317960003
30.191 0 0.771052066421
30.206 0 0.771052066421
30.216 0 0.771052066421
30.231 0 0.76505682721
30.246 0 0.76437610167
30.253 0 0.764455387746
30.258 0 0.764098047945
30.277 0 0.764054607249
30.283 0 0.764072242144
30.296 0 0.762346890324
30.312 0 0.762346890324
30.323 0 0.762346890324
30.332 0 0.7638364341
30.342 0 0.767046657544
30.362 0 0.769608264815
30.377 0 0.770455136347
30.387 0 0.772613087711
30.401 0 0.77337789232
30.415 0 0.775395623129
30.426 0 0.77698036399
30.445 0 0.777269946813
30.456 0 0.776878285973
30.471 0 0.776875141653
30.481 0 0.776875141653
30.485 0 0.776875141653
30.492 0 0.776875141653
30.508 0 0.78289844428
30.514 0 0.78289844428
30.526 0 0.790025287988
30.54 0 0.790366099475
30.542 0 0.790419563978
30.557 0 0.791204622783
30.57 0 0.790243509691
30.583 0 0.787112248562
30.594 0 0.786555699391
30.608 0 0.790054492237
30.613 0 0.790054492237
30.614 0 0.790054492237
30.626 0 0.790054492237
30.648 0 0.795510913842
30.66 0 0.798854011482
30.673 0 0.799975623338
30.686 0 0.793679857909
30.697 0 0.801116630285
30.707 0 0.804809800246
30.719 0 0.805345969803
30.728 0 0.806049816399
30.735 0 0.808014640859
30.745 0 0.808730793084
30.757 0 0.811906604101
30.77 0 0.812360575979
30.778 0 0.811752321403
30.791 0 0.811605333901
30.794 0 0.810657272349
30.818 0 0.809236253375
30.828 0 0.80891249449
30.833 0 0.80891249449
30.84 0 0.80891249449
30.859 0 0.809177306482
30.869 0 0.811495594746
30.875 0 0.813620973941
30.886 0 0.813620973941
30.888 0 0.813620973941
30.896 0 0.813620973941
30.908 0 0.813475397156
30.922 0 0.810947442551
30.938 0 0.806274653305
30.942 0 0.805557541009
30.952 0 0.804539304142
30.955 0 0.804961240954
30.972 0 0.803969409794
30.981 0 0.803969409794
30.988 0 0.803969409794
30.997 0 0.800900059486
31.012 0 0.796877278717
31.025 0 0.793506801028
31.025 0 0.793506801028
31.042 0 0.793506801028
31.052 0 0.78479353627
31.067 0 0.78104160661
31.076 0 0.778160133791
31.09 0 0.77384781997
31.102 0 0.773985224291
31.103 0 0.773985224291
31.109 0 0.773985224291
31.112 0 0.773985224291
31.122 0 0.775551865103
31.136 0 0.775919811461
31.147 0 0.776498654074
31.162 0 0.776526990314
31.166 0 0.776357062624
31.176 0 0.776346459274
31.183 0 0.7760389365
31.199 0 0.7743443186
31.21 0 0.776089337627
31.211 0 0.777150201913
31.229 0 0.778239242293
31.242 0 0.779641784066
31.26 0 0.779525970897
31.272 0 0.779201992172
31.281 0 0.781304509297
31.296 0 0.781355954571
31.304 0 0.784323268792
31.312 0 0.786880475695
31.319 0 0.787235539405
31.33 0 0.78988355399
31.348 0 0.792942111573
31.36 0 0.796202856213
31.37 0 0.796051589387
31.39 0 0.797173940884
31.399 0 0.799678435675
31.404 0 0.802093329601
31.421 0 0.806458213609
31.439 0 0.805601930353
31.449 0 0.804827401718
31.461 0 0.806203743598
31.47 0 0.809343864466
31.487 0 0.809343864466
31.491 0 0.809343864466
31.498 0 0.810738668692
31.52 0 0.8116063923
31.532 0 0.806667583806
31.532 0 0.806667583806
31.545 0 0.806655669132
31.563 0 0.810414794653
31.575 0 0.81087785871
31.585 0 0.811037721441
31.592 0 0.810454543226
31.611 0 0.810110649238
31.62 0 0.810233173912
31.629 0 0.808851420095
31.649 0 0.808500413631
31.663 0 0.808741269526
31.671 0 0.808055214153
31.694 0 0.807408047658
31.696 0 0.806710270104
31.712 0 0.803411487057
31.739 0 0.798556896519
31.748 0 0.796648936578
31.761 0 0.795790877321
31.772 0 0.794298676582
31.788 0 0.792938724029
31.796 0 0.792938724029
31.807 0 0.786678282765
31.813 0 0.786314587893
31.833 0 0.783505340724
31.845 0 0.781697435086
31.856 0 0.779882752179
31.874 0 0.781258351763
31.892 0 0.781258351763
31.899 0 0.783326030144
31.914 0 0.784526758213
31.928 0 0.784753348184
31.938 0 0.784977362124
31.944 0 0.784977362124
31.951 0 0.784977362124
31.966 0 0.789319479017
31.98 0 0.790994315965
31.989 0 0.791999502723
31.999 0 0.793765723187
32.011 0 0.793765723187
32.016 0 0.793765723187
32.017 0 0.793765723187
32.032 0 0.793726253711
32.053 0 0.795595279545
32.068 0 0.795333888858
32.081 0 0.795946429742
32.09 0 0.798046253193
32.099 0 0.801965005701
32.117 0 0.806534038126
32.124 0 0.806534038126
32.135 0 0.806534038126
32.149 0 0.812588200363
32.161 0 0.818447223219
32.177 0 0.819301922624
32.194 0 0.82968173666
32.204 0 0.831227875408
32.217 0 0.831007347582
32.241 0 0.832825221835
32.249 0 0.833771077238
32.268 0 0.834633415734
32.277 0 0.837057183481
32.295 0 0.836710952832
32.301 0 0.836710952832
32.311 0 0.831901449878
32.321 0 0.83546438817
32.334 0 0.839525715691
32.342 0 0.839660428896
32.359 0 0.839755225687
32.37 0 0.838715848324
32.381 0 0.837405369896
32.394 0 0.836284134807
32.407 0 0.836284134807
32.415 0 0.835261755961
32.426 0 0.835118505155
32.438 0 0.835118505155
32.447 0 0.835050818696
32.454 0 0.834844767401
32.465 0 0.834663114913
32.482 0 0.832410348363
32.495 0 0.83034537359
32.503 0 0.82933887239
32.517 0 0.827242959362
32.525 0 0.827242959362
32.53 0 0.827242959362
32.541 0 0.820612474134
32.551 0 0.818812273911
32.573 0 0.814017959647
32.585 0 0.811270500028
32.601 0 0.813617876469
32.609 0 0.813890497978
32.622 0 0.814104478172
32.637 0 0.81314676774
32.654 0 0.810851332111
32.665 0 0.810851332111
32.682 0 0.813626924723
32.695 0 0.814561116766
32.706 0 0.81510630007
32.724 0 0.816563480859
32.739 0 0.817836956493
32.75 0 0.819670605728
32.761 0 0.821667650158
32.777 0 0.821667650158
32.79 0 0.823838964639
32.804 0 0.823660705632
32.83 0 0.824213964091
32.838 0 0.825494320121
32.85 0 0.825899830266
32.858 0 0.827253018591
32.871 0 0.828991745069
32.88 0 0.833685176831
32.888 0 0.836802958264
32.9 0 0.83708487279
32.912 0 0.83708487279
32.917 0 0.843475286441
32.926 0 0.844636712597
32.942 0 0.846743171184
32.963 0 0.847536320581
32.969 0 0.847536320581
32.976 0 0.857623374207
32.989 0 0.861050223982
33.01 0 0.862076825374
33.018 0 0.862539415979
33.028 0 0.861101797489
33.033 0 0.860488950453
33.046 0 0.861315465066
33.051 0 0.861315465066
33.055 0 0.861315465066
33.069 0 0.861701129766
33.085 0 0.860497250629
33.095 0 0.861333263406
33.103 0 0.858405547946
33.103 0 0.858405547946
33.123 0 0.860396758623
33.129 0 0.860396758623
33.136 0 0.860396758623
33.139 0 0.861777996131
33.148 0 0.861445602904
33.167 0 0.860955654034
33.175 0 0.860955654034
33.188 0 0.860528228742
33.196 0 0.860633258056
33.209 0 0.861036593677
33.219 0 0.861539538851
33.223 0 0.861585577364
33.233 0 0.861778249231
33.239 0 0.861778249231
33.248 0 0.861778249231
33.258 0 0.861655210286
33.267 0 0.860299956622
33.277 0 0.857622038382
33.296 0 0.855580590481
33.305 0 0.851333633194
33.314 0 0.85115011754
33.323 0 0.850206042286
33.339 0 0.847695947135
33.351 0 0.845862541028
33.358 0 0.844181281162
33.369 0 0.842218245919
33.383 0 0.839663525273
33.396 0 0.839556788882
33.406 0 0.839312035149
33.414 0 0.837393661067
33.42 0 0.83731339502
33.429 0 0.836263159658
33.447 0 0.835338336433
33.458 0 0.83690371211
33.47 0 0.838319788581
33.482 0 0.839507958315
33.494 0 0.839438659894
33.505 0 0.838880401145
33.514 0 0.840236106324
33.528 0 0.840236106324
33.545 0 0.84490721784
33.553 0 0.846661468314
33.564 0 0.848050724996
33.575 0 0.849296252587
33.594 0 0.851750264939
33.605 0 0.852186900305
33.613 0 0.852276905803
33.625 0 0.852760846619
33.636 0 0.855483167435
33.646 0 0.859785192415
33.662 0 0.859098255289
33.673 0 0.864498288125
33.685 0 0.867721141642
33.694 0 0.867460027272
33.699 0 0.867615850883
33.716 0 0.864090165465
33.737 0 0.864608062904
33.745 0 0.864874282415
33.754 0 0.868959827876
33.763 0 0.872656815288
33.777 0 0.878833982269
33.785 0 0.879633926477
33.795 0 0.880363571106
33.806 0 0.879621220246
33.818 0 0.878517054482
33.822 0 0.879479003044
33.834 0 0.879479003044
33.845 0 0.880495940927
33.858 0 0.880858027614
33.873 0 0.87664586933
33.88 0 0.87664586933
33.889 0 0.87664586933
33.894 0 0.880215571898
33.913 0 0.881325102342
33.93 0 0.880163319006
33.948 0 0.878244485917
33.963 0 0.878394474255
33.971 0 0.879850941067
33.986 0 0.879545384225
34.0 0 0.879784057497
34.009 0 0.879958581724
34.021 0 0.880024684661
34.021 0 0.880024684661
34.04 0 0.879807335932
34.047 0 0.879807335932
34.053 0 0.879807335932
34.063 0 0.875577485579
34.074 0 0.871345925673
34.092 0 0.868070193222
34.098 0 0.866813381541
34.105 0 0.866813381541
34.114 0 0.863372232738
34.134 0 0.860052028544
34.143 0 0.857893213247
34.161 0 0.856393220109
34.177 0 0.855202549386
34.183 0 0.854774725509
34.197 0 0.851416763796
34.211 0 0.850175242258
34.225 0 0.848724810956
34.237 0 0.848247604768
34.255 0 0.8491889897
34.269 0 0.849689994586
34.28 0 0.849689994586
34.291 0 0.847851433759
34.307 0 0.846576688568
34.319 0 0.84900237431
34.337 0 0.852186134911
34.34 0 0.851459277879
34.346 0 0.854648132283
34.357 0 0.856170582968
34.377 0 0.855898034416
34.389 0 0.856657760205
34.402 0 0.857685956329
34.413 0 0.8565141293
34.43 0 0.85732412936
34.435 0 0.85732412936
34.446 0 0.862521543475
34.46 0 0.864981073608
34.474 0 0.866337913309
34.486 0 0.86769609001
34.499 0 0.871835547029
34.514 0 0.872504972629
34.529 0 0.87075605889
34.535 0 0.87075605889
34.543 0 0.884168643744
34.561 0 0.885606344541
34.576 0 0.886952105791
34.586 0 0.886952105791
34.597 0 0.885860256437
34.607 0 0.886544575825
34.619 0 0.886544575825
34.622 0 0.886544575825
34.635 0 0.888015633239
34.643 0 0.888015633239
34.653 0 0.888015633239
34.665 0 0.882243706273
34.676 0 0.887948374897
34.683 0 0.887142274573
34.696 0 0.888974962405
34.712 0 0.889908142897
34.723 0 0.888691197757
34.737 0 0.888134428184
34.751 0 0.887565391176
34.757 0 0.887565391176
34.763 0 0.885823541137
34.77 0 0.884880999112
34.787 0 0.884880999112
34.793 0 0.884880999112
34.804 0 0.883543493799
34.82 0 0.881665094205
34.831 0 0.880203594352
34.846 0 0.877242978669
34.86 0 0.874227624532
34.881 0 0.868375213771
34.894 0 0.866082520102
34.902 0 0.865270180548
34.912 0 0.864936925032
34.923 0 0.863783853665
34.931 0 0.863115526817
34.94 0 0.862465754566
34.94 0 0.862465754566
34.956 0 0.862465754566
34.962 0 0.86003701132
34.981 0 0.859448574887
34.994 0 0.856697489036
35.013 0 0.857200479277
35.025 0 0.857679849423
35.025 0 0.857989737424
35.042 0 0.858763375816
35.053 0 0.859235129507
35.065 0 0.860049472817
35.084 0 0.860953627078
35.087 0 0.861549517285
35.096 0 0.861549517285
35.107 0 0.862975239801
35.126 0 0.866153247189
35.137 0 0.868030679541
35.146 0 0.869650840121
35.165 0 0.869797416286
35.172 0 0.869586138934
35.18 0 0.870592526695
35.189 0 0.872794810166
35.21 0 0.873014198416
35.219 0 0.873014198416
35.227 0 0.873014198416
35.243 0 0.881594841369
35.253 0 0.885156073978
35.266 0 0.886112802478
35.273 0 0.886650253124
35.285 0 0.886964775892
35.289 0 0.886964775892
35.299 0 0.886964775892
35.312 0 0.886822005777
35.328 0 0.888900443788
35.337 0 0.889132755357
35.338 0 0.890011686418
35.356 0 0.900217302871
35.369 0 0.898341049577
35.371 0 0.897485869574
35.386 0 0.897485869574
35.395 0 0.897890183185
35.417 0 0.899846306356
35.43 0 0.900018362889
35.453 0 0.903442606242
35.467 0 0.906415919213
35.471 0 0.90821950729
35.485 0 0.914018738488
35.504 0 0.914438987556
35.512 0 0.913831966802
35.522 0 0.913065833276
35.54 0 0.912077510636
35.545 0 0.912077510636
35.559 0 0.910148598519
35.574 0 0.910432257918
35.589 0 0.909652016272
35.595 0 0.907381084716
35.607 0 0.906401410667
35.624 0 0.905601147965
35.636 0 0.902366002509
35.648 0 0.901589989582
35.664 0 0.900422945413
35.677 0 0.900040753387
35.678 0 0.899797629579
35.691 0 0.89655016873
35.706 0 0.894242539646
35.716 0 0.89150082847
35.725 0 0.889525618374
35.739 0 0.887680530751
35.747 0 0.887037942335
35.747 0 0.886784163013
35.762 0 0.884451135941
35.767 0 0.880549241061
35.785 0 0.878031779825
35.79 0 0.878032323936
35.798 0 0.877851447129
35.809 0 0.878327697279
35.827 0 0.877831356293
35.833 0 0.877831356293
35.844 0 0.87870113703
35.855 0 0.877930656291
35.866 0 0.878467277513
35.88 0 0.878938293864
35.893 0 0.880481070614
35.9 0 0.880481070614
35.904 0 0.882837158482
35.92 0 0.883062148951
35.927 0 0.882085626334
35.931 0 0.881030618413
35.941 0 0.880060993618
35.965 0 0.879736462731
35.975 0 0.881892661181
35.982 0 0.882820163898
35.995 0 0.886578047268
36.009 0 0.886578047268
36.019 0 0.891228833413
36.03 0 0.897569195609
36.057 0 0.897852304177
36.07 0 0.897150567414
36.08 0 0.896328381459
36.098 0 0.899407157282
36.111 0 0.9023343059
36.124 0 0.900709422203
36.131 0 0.903227668781
36.147 0 0.905492577333
36.162 0 0.908117821493
36.176 0 0.910466898541
36.194 0 0.910557738307
36.209 0 0.911551765134
36.224 0 0.91330328228
36.233 0 0.917336270982
36.25 0 0.917220742031
36.258 0 0.920266639306
36.271 0 0.921926024099
36.281 0 0.92210551428
36.299 0 0.921791785508
36.309 0 0.920821684323
36.32 0 0.919733794007
36.337 0 0.920916609686
36.348 0 0.920646017543
36.359 0 0.920646017543
36.366 0 0.920646017543
36.383 0 0.919446884906
36.395 0 0.916818987036
36.409 0 0.915731275604
36.43 0 0.915742929097
36.434 0 0.915742929097
36.447 0 0.912067160019
36.455 0 0.910713364061
36.469 0 0.910713364061
36.477 0 0.910713364061
36.486 0 0.907303657459
36.498 0 0.902899861098
36.515 0 0.900080190887
36.517 0 0.900080190887
36.533 0 0.900080190887
36.539 0 0.894085939677
36.555 0 0.891214232355
36.565 0 0.88913251909
36.578 0 0.885722271201
36.588 0 0.885695136173
36.61 0 0.885814631456
36.616 0 0.88481314356
36.628 0 0.88477783819
36.639 0 0.884084748009
36.656 0 0.882183036991
36.668 0 0.882981638127
36.681 0 0.882981638127
36.683 0 0.882981638127
36.693 0 0.886071637321
36.714 0 0.885317679332
36.725 0 0.884821348184
36.74 0 0.886304356458
36.748 0 0.887534256134
36.757 0 0.887672659076
36.768 0 0.891758733441
36.787 0 0.891758733441
36.795 0 0.896552401445
36.807 0 0.898046863143
36.814 0 0.896293115491
36.827 0 0.896972055583
36.837 0 0.895725065512
36.842 0 0.895196987443
36.852 0 0.898870927004
36.866 0 0.898896159714
36.875 0 0.898702024075
36.886 0 0.899601350877
36.902 0 0.900366647811
36.903 0 0.901037302814
36.926 0 0.910137072628
36.938 0 0.910860990318
36.953 0 0.905524345855
36.973 0 0.906474639655
36.985 0 0.905859648594
36.998 0 0.907282717675
37.02 0 0.9097440634
37.027 0 0.911792039189
37.041 0 0.915067388909
37.063 0 0.916630444485
37.07 0 0.916630444485
37.078 0 0.915881457281
37.093 0 0.913079364582
37.116 0 0.912830518614
37.125 0 0.912830518614
37.131 0 0.913868619058
37.153 0 0.910573658212
37.165 0 0.907433697093
37.175 0 0.907139174142
37.185 0 0.904916254491
37.201 0 0.903837904837
37.214 0 0.902388615652
37.226 0 0.901532080112
37.238 0 0.901532080112
37.246 0 0.900851996083
37.258 0 0.899559092723
37.276 0 0.898943077045
37.284 0 0.898943077045
37.293 0 0.894988468438
37.305 0 0.894771967872
37.323 0 0.893636150554
37.338 0 0.892134944221
37.345 0 0.889768623267
37.366 0 0.887753533711
37.372 0 0.887753533711
37.384 0 0.884868507846
37.406 0 0.88528955658
37.411 0 0.885168611035
37.42 0 0.884303185336
37.426 0 0.88412102327
37.435 0 0.883082656814
37.444 0 0.883307740003
37.454 0 0.884254677381
37.462 0 0.88535350059
37.475 0 0.88656624463
37.479 0 0.887682379679
37.497 0 0.887270517999
37.505 0 0.88585069916
37.52 0 0.883346807357
37.535 0 0.884893827418
37.545 0 0.885033264807
37.547 0 0.890544573569
37.575 0 0.89239050177
37.583 0 0.89239050177
37.598 0 0.899842246635
37.62 0 0.898656332488
37.634 0 0.899793824638
37.643 0 0.895874093633
37.66 0 0.893779024853
37.671 0 0.893779024853
37.678 0 0.893779024853
37.69 0 0.900169831383
37.707 0 0.900648474551
37.716 0 0.903077378382
37.728 0 0.911233378587
37.741 0 0.910090169955
37.751 0 0.910090169955
37.767 0 0.908176536669
37.783 0 0.909704576389
37.797 0 0.910494977176
37.803 0 0.910832339292
37.818 0 0.9118663493
37.835 0 0.9134547932
37.846 0 0.9134547932
37.853 0 0.9134547932
37.865 0 0.915300378366
37.876 0 0.91497489763
37.884 0 0.91497489763
37.899 0 0.91141688138
37.902 0 0.911018898197
37.918 0 0.909366163443
37.929 0 0.90897098586
37.938 0 0.908474341361
37.952 0 0.907696351699
37.967 0 0.907855481364
37.98 0 0.908002329793
37.99 0 0.906676389228
38.006 0 0.906547262313
38.016 0 0.906845215804
38.025 0 0.906677324009
38.035 0 0.904147783174
38.053 0 0.902520847879
38.063 0 0.900633697157
38.072 0 0.90061328894
38.081 0 0.898672535931
38.099 0 0.895648010021
38.106 0 0.895648010021
38.116 0 0.895648010021
38.129 0 0.886079739467
38.149 0 0.886079739467
38.16 0 0.88468900151
38.175 0 0.886429331947
38.19 0 0.886429331947
38.195 0 0.886429331947
38.214 0 0.89036827658
38.223 0 0.891778545688
38.225 0 0.892445142835
38.241 0 0.893661385263
38.257 0 0.894068345154
38.261 0 0.894068345154
38.268 0 0.894068345154
38.279 0 0.896886153878
38.3 0 0.897522094403
38.311 0 0.896454141075
38.325 0 0.898692182065
38.338 0 0.898692182065
38.351 0 0.904111414123
38.362 0 0.906717920477
38.379 0 0.908633209271
38.386 0 0.908633209271
38.392 0 0.912514237248
38.404 0 0.913392613921
38.426 0 0.913392613921
38.435 0 0.913392613921
38.452 0 0.909999777066
38.464 0 0.911864358656
38.479 0 0.917048696782
38.487 0 0.912995002761
38.501 0 0.913214849593
38.512 0 0.913214849593
38.528 0 0.917032228451
38.541 0 0.919919216643
38.552 0 0.917756349642
38.569 0 0.922707893128
38.575 0 0.922707893128
38.588 0 0.929101381173
38.603 0 0.928321982725
38.606 0 0.929666516243
38.614 0 0.929666516243
38.622 0 0.929666516243
38.63 0 0.923291386177
38.64 0 0.923376587373
38.646 0 0.922943751028
38.662 0 0.922537789699
38.679 0 0.921457694827
38.691 0 0.921491428092
38.698 0 0.921491428092
38.705 0 0.921491428092
38.708 0 0.921491428092
38.721 0 0.919420456766
38.732 0 0.918374755381
38.739 0 0.920209405364
38.752 0 0.923229555437
38.766 0 0.923736892792
38.781 0 0.923423284664
38.8 0 0.921498390695
38.813 0 0.920385351063
38.821 0 0.918676605135
38.836 0 0.917773833813
38.85 0 0.915326886467
38.861 0 0.914213969416
38.872 0 0.914213969416
38.879 0 0.913365391106
38.893 0 0.912634276782
38.905 0 0.91183726747
38.915 0 0.908896351659
38.927 0 0.90812599334
38.942 0 0.90812599334
38.953 0 0.906657867341
38.966 0 0.905860938224
38.988 0 0.905632762714
38.999 0 0.905526486541
39.008 0 0.905161881334
