time index height
0.0 0 0.0
0.019 0 0.0285623992916
0.025 0 0.0279334551105
0.035 0 0.0283558438262
0.049 0 0.0318684995253
0.055 0 0.0338673070167
0.064 0 0.0376548659634
0.071 0 0.0406285026654
0.08 0 0.0453761321484
0.095 0 0.0544253337224
0.111 0 0.0605898674404
0.118 0 0.0625211471678
0.13 0 0.0658951156041
0.131 0 0.0658951156041
0.164 0 0.0658951156041
0.17 0 0.078760454674
0.181 0 0.0857563200338
0.188 0 0.0866324292014
0.198 0 0.0871994576426
0.205 0 0.0871611222781
0.205 0 0.0871097590924
0.221 0 0.0859721641746
0.225 0 0.0855711822487
0.241 0 0.0831243740877
0.242 0 0.0821757693208
0.259 0 0.0770118673203
0.267 0 0.0718389037456
0.279 0 0.068294110471
0.285 0 0.0656132004151
0.297 0 0.0611481264746
0.305 0 0.059426284179
0.314 0 0.0574434886348
0.322 0 0.0559548062052
0.334 0 0.0522083130067
0.345 0 0.0475663839623
0.352 0 0.0458371873878
0.362 0 0.0410554740011
0.375 0 0.0344234120071
0.386 0 0.0306026309789
0.394 0 0.0303753673973
0.401 0 0.0302097586364
0.414 0 0.0302491666084
0.427 0 0.0315638081483
0.437 0 0.0327097375261
0.442 0 0.0334177350292
0.454 0 0.0347973085316
0.463 0 0.0352411441151
0.472 0 0.0356265536239
0.484 0 0.0358491123278
0.495 0 0.035807842206
0.501 0 0.0357610652082
0.514 0 0.0360476213845
0.527 0 0.0365131766096
0.538 0 0.0368210290745
0.547 0 0.0369749422095
0.551 0 0.0370443207727
0.563 0 0.0367811325949
0.576 0 0.0373528840216
0.581 0 0.0377202664168
0.596 0 0.0387866054435
0.605 0 0.0393078690194
0.619 0 0.0401071069637
0.628 0 0.0404688188308
0.635 0 0.0406792172639
0.642 0 0.040749240727
0.656 0 0.0408346084721
0.666 0 0.0408831541962
0.681 0 0.0409715291345
0.686 0 0.0409715291345
0.691 0 0.0409715291345
0.706 0 0.0415469294095
0.718 0 0.0416661096295
0.724 0 0.0418912068909
0.735 0 0.0421749897836
0.746 0 0.0423718377357
0.759 0 0.0422930565961
0.767 0 0.0421624507147
0.775 0 0.042184229934
0.783 0 0.0420244222775
0.796 0 0.0416438808592
0.802 0 0.0415528715988
0.816 0 0.0414886839562
0.825 0 0.041333248649
0.84 0 0.04045024895
0.848 0 0.0400651672677
0.853 0 0.0399491498285
0.864 0 0.0398455768727
0.878 0 0.0393795852698
0.885 0 0.0393795852698
0.897 0 0.0393795852698
0.902 0 0.0391147595773
0.913 0 0.0397252929557
0.927 0 0.0416965612437
0.935 0 0.0422303749539
0.945 0 0.0430169769812
0.952 0 0.0430169769812
0.961 0 0.0474685881695
0.974 0 0.0497276634089
0.985 0 0.0513585759785
0.994 0 0.0523494580066
1.003 0 0.0527545065582
1.021 0 0.0540246085994
1.027 0 0.054480940416
1.033 0 0.054756858309
1.046 0 0.0554909687684
1.059 0 0.0555166207756
1.069 0 0.0556468275729
1.075 0 0.0556468275729
1.086 0 0.0557350778495
1.093 0 0.0555915545425
1.106 0 0.0552533875574
1.117 0 0.0555423332035
1.125 0 0.0557354024607
1.134 0 0.0556858262828
1.146 0 0.0559641365507
1.161 0 0.0559756077382
1.166 0 0.0558647878028
1.18 0 0.0553251627694
1.186 0 0.0548869362986
1.195 0 0.0541027367718
1.205 0 0.0532725272631
1.213 0 0.0531071278514
1.222 0 0.0531071278514
1.234 0 0.0516367569604
1.245 0 0.050701621263
1.253 0 0.0499384192069
1.27 0 0.048290407577
1.275 0 0.0478291242935
1.287 0 0.0471965091955
1.293 0 0.0467531467939
1.303 0 0.0464761039429
1.314 0 0.0460871998134
1.327 0 0.0459476052724
1.334 0 0.045904992066
1.344 0 0.0460820636969
1.352 0 0.045899087092
1.37 0 0.0453610360685
1.378 0 0.0446497675074
1.386 0 0.0443796827815
1.396 0 0.0446144244659
1.406 0 0.0452122616221
1.414 0 0.0457981380463
1.424 0 0.0467546275777
1.436 0 0.0478005385904
1.444 0 0.0484049143848
1.454 0 0.0490154125502
1.463 0 0.050176987439
1.475 0 0.0510288239836
1.482 0 0.0516561143427
1.496 0 0.0518935330656
1.504 0 0.0523914523425
1.514 0 0.0529709797978
1.525 0 0.0532762858267
1.534 0 0.0533493017386
1.543 0 0.0540343526928
1.557 0 0.0550071088492
1.561 0 0.055315139761
1.575 0 0.0563199350145
1.582 0 0.0568963961338
1.594 0 0.0572586428876
1.606 0 0.0576611031643
1.615 0 0.0581419588162
1.624 0 0.0579796759557
1.635 0 0.058555136365
1.647 0 0.0579002655901
1.655 0 0.0579872306613
1.664 0 0.0572705482709
1.681 0 0.056100221974
1.693 0 0.056100221974
1.7 0 0.0546819649978
1.704 0 0.0541907270712
1.714 0 0.0539485005238
1.731 0 0.0530139381024
1.736 0 0.0533625734822
1.741 0 0.0534848329471
1.754 0 0.0550602997494
1.764 0 0.055443544528
1.776 0 0.0570259337041
1.788 0 0.0589088517746
1.798 0 0.0605230233929
1.803 0 0.0621460684268
1.813 0 0.0665232955473
1.824 0 0.0692016914608
1.837 0 0.0699159504765
1.844 0 0.0699159504765
1.853 0 0.0718608726452
1.866 0 0.0730241636898
1.874 0 0.0732589643039
1.886 0 0.0737394919381
1.892 0 0.0738295072473
1.903 0 0.0739630504472
1.917 0 0.0743746141083
1.927 0 0.0747140448061
1.933 0 0.0751434934618
1.943 0 0.0753657667295
1.955 0 0.0756498900747
1.966 0 0.0757980010504
1.975 0 0.0757129742658
1.986 0 0.0753479598255
1.996 0 0.0751979808291
2.006 0 0.0751979808291
2.014 0 0.0751979808291
2.02 0 0.0742462044561
2.034 0 0.0738722245833
2.045 0 0.073513273502
2.059 0 0.0721424114026
2.067 0 0.071889488676
2.075 0 0.0717952557412
2.086 0 0.0715589216101
2.105 0 0.0710872764097
2.112 0 0.0706867630744
2.117 0 0.0705890794584
2.125 0 0.0702748894626
2.135 0 0.0700650981832
2.15 0 0.0701002874548
2.154 0 0.0701291085161
2.166 0 0.0703665977733
2.173 0 0.07031170677
2.183 0 0.07031170677
2.196 0 0.0677696699224
2.205 0 0.0667878214761
2.213 0 0.0657425827975
2.223 0 0.0648448539702
2.235 0 0.0638360309029
2.245 0 0.0646133336296
2.252 0 0.0652591171491
2.265 0 0.0666164151244
2.273 0 0.0672333664847
2.283 0 0.0683189449531
2.294 0 0.0691487794587
2.307 0 0.0708610454824
2.316 0 0.071774110935
2.323 0 0.0726801350348
2.334 0 0.0752160820953
2.344 0 0.076002604719
2.356 0 0.0787857427132
2.365 0 0.0797466831774
2.376 0 0.0818276292775
2.383 0 0.0824486553348
2.392 0 0.0824486553348
2.404 0 0.0853250295702
2.412 0 0.0865636373598
2.427 0 0.089282154798
2.434 0 0.0897484789007
2.443 0 0.0919042667011
2.455 0 0.0934118407629
2.464 0 0.093730019689
2.471 0 0.0948815869212
2.484 0 0.0967973718964
2.493 0 0.0983035108429
2.504 0 0.0997504939863
2.515 0 0.100247300525
2.528 0 0.101031766843
2.54 0 0.101948598955
2.545 0 0.102236753693
2.554 0 0.10295982286
2.563 0 0.10338848792
2.573 0 0.103187449371
2.587 0 0.103616731252
2.595 0 0.103312637055
2.604 0 0.103589256533
2.614 0 0.103160662137
2.623 0 0.102356165483
2.635 0 0.101257721647
2.644 0 0.100334870862
2.656 0 0.0995001734092
2.665 0 0.100015159999
2.679 0 0.100454213495
2.685 0 0.100454213495
2.696 0 0.101217027197
2.706 0 0.101516972621
2.716 0 0.101210414751
2.722 0 0.100778370295
2.732 0 0.0997416257072
2.745 0 0.0992558773412
2.753 0 0.0995085991811
2.764 0 0.100517771607
2.775 0 0.100920471576
2.781 0 0.100899857483
2.794 0 0.100867937563
2.805 0 0.10017040864
2.817 0 0.09940554481
2.825 0 0.0988914039156
2.833 0 0.0981648554823
2.843 0 0.0972776986746
2.855 0 0.0965986730435
2.865 0 0.0963359292075
2.873 0 0.09608259535
2.884 0 0.0956367787989
2.896 0 0.0954394271483
2.904 0 0.0954394271483
2.912 0 0.0954394271483
2.923 0 0.0937740209147
2.934 0 0.0930126918723
2.945 0 0.0925774278681
2.953 0 0.0921484961876
2.967 0 0.0919293020029
2.973 0 0.091901576608
2.982 0 0.092223371877
2.992 0 0.0926310002419
3.006 0 0.0935732223125
3.011 0 0.0942825542219
3.023 0 0.0965094209664
3.033 0 0.0985077975777
3.045 0 0.100511848818
3.053 0 0.102630429346
3.066 0 0.106243924353
3.071 0 0.106643033189
3.085 0 0.110725563205
3.092 0 0.113069757577
3.104 0 0.116310585977
3.113 0 0.11892102007
3.124 0 0.122461816603
3.131 0 0.124836398104
3.142 0 0.127441707135
3.156 0 0.130565572405
3.162 0 0.132124298794
3.173 0 0.132543879413
3.184 0 0.134796369791
3.191 0 0.134799620853
3.203 0 0.136100871997
3.213 0 0.138575523297
3.224 0 0.139687228113
3.237 0 0.139561278177
3.246 0 0.140677953228
3.254 0 0.14118907834
3.268 0 0.141861875377
3.275 0 0.14202132706
3.289 0 0.141886963552
3.299 0 0.142957292785
3.304 0 0.142975999328
3.314 0 0.142872435778
3.323 0 0.142981302625
3.336 0 0.142747854629
3.345 0 0.142761073789
3.354 0 0.14316134222
3.365 0 0.142525760275
3.375 0 0.142522782206
3.39 0 0.142062884263
3.395 0 0.141738774652
3.403 0 0.141036402604
3.41 0 0.140495723564
3.425 0 0.139845826369
3.433 0 0.139290471594
3.447 0 0.138413970882
3.455 0 0.13727536596
3.466 0 0.136388699079
3.473 0 0.135834947919
3.483 0 0.135517567752
3.491 0 0.135661730427
3.503 0 0.135767580502
3.518 0 0.136075614269
3.524 0 0.136331326677
3.534 0 0.136653041318
3.541 0 0.136819279686
3.56 0 0.137509671113
3.564 0 0.137849101385
3.576 0 0.138735371043
3.585 0 0.13941787204
3.597 0 0.139699795997
3.604 0 0.140326559159
3.613 0 0.141108395779
3.627 0 0.142369658208
3.636 0 0.142729778925
3.647 0 0.143052771604
3.656 0 0.143112138964
3.666 0 0.143022293092
3.681 0 0.143052964194
3.687 0 0.142945228957
3.696 0 0.14336393041
3.702 0 0.143370513752
3.721 0 0.143404368258
3.726 0 0.143404937693
3.735 0 0.144062563935
3.744 0 0.144414552847
3.755 0 0.144422514867
3.768 0 0.144331027245
3.775 0 0.144243714941
3.785 0 0.144452835214
3.794 0 0.14476898552
3.804 0 0.14557208115
3.817 0 0.146607531185
3.823 0 0.147192179688
3.834 0 0.149187426555
3.843 0 0.150174508331
3.852 0 0.150502407368
3.865 0 0.150502407368
3.871 0 0.154347207305
3.883 0 0.156901016063
3.894 0 0.160690878855
3.905 0 0.164760999279
3.913 0 0.167088705648
3.924 0 0.168832354198
3.932 0 0.171877101517
3.95 0 0.177311527686
3.958 0 0.180487088529
3.964 0 0.182280341406
3.977 0 0.184344887869
3.984 0 0.187214795001
3.995 0 0.187801761442
4.004 0 0.188598563265
4.017 0 0.18950412028
4.024 0 0.189995386418
4.038 0 0.190803990658
4.043 0 0.191295658596
4.057 0 0.192130950287
4.065 0 0.192824180334
4.08 0 0.194289444088
4.083 0 0.193889291419
4.092 0 0.193954255089
4.1 0 0.194350389505
4.114 0 0.193564645505
4.125 0 0.193133108678
4.138 0 0.192943415965
4.146 0 0.192741818946
4.16 0 0.191660824835
4.164 0 0.191844671213
4.177 0 0.191384618875
4.189 0 0.190765691036
4.194 0 0.190445874969
4.203 0 0.189699255969
4.215 0 0.189034189807
4.223 0 0.188496789354
4.232 0 0.187877488503
4.248 0 0.187013037145
4.26 0 0.186156705621
4.265 0 0.185499110771
4.277 0 0.18406565672
4.284 0 0.18342833594
4.298 0 0.182787413372
4.304 0 0.18259666623
4.316 0 0.182245168539
4.324 0 0.182088918485
4.33 0 0.182120875672
4.343 0 0.182370574673
4.356 0 0.182495899503
4.364 0 0.182836233107
4.377 0 0.183105812813
4.382 0 0.183118369293
4.393 0 0.183024960391
4.408 0 0.182127686972
4.413 0 0.182189767546
4.426 0 0.181728459729
4.434 0 0.18147427244
4.446 0 0.181173013456
4.453 0 0.181173013456
4.465 0 0.180343314478
4.476 0 0.180161321568
4.487 0 0.180512352269
4.492 0 0.180382862146
4.502 0 0.180122744727
4.513 0 0.179790717288
4.526 0 0.178955870282
4.538 0 0.178199794842
4.545 0 0.177510221049
4.557 0 0.177498188422
4.572 0 0.177603067634
4.58 0 0.178276282312
4.587 0 0.178982695024
4.595 0 0.179969255124
4.607 0 0.181222647061
4.615 0 0.182419621281
4.625 0 0.183184468769
4.637 0 0.184123312606
4.642 0 0.183974271003
4.662 0 0.187949910921
4.666 0 0.18919631688
4.673 0 0.190637005636
4.684 0 0.191854714406
4.697 0 0.193956192785
4.71 0 0.197455721041
4.716 0 0.197093899133
4.726 0 0.199405941994
4.736 0 0.203476132443
4.75 0 0.203352196045
4.757 0 0.20390711886
4.765 0 0.206349263711
4.776 0 0.206903110826
4.786 0 0.207739969137
4.792 0 0.208174010262
4.805 0 0.206833685257
4.817 0 0.210339042153
4.826 0 0.211389917345
4.834 0 0.212243242581
4.844 0 0.212243242581
4.854 0 0.210620026356
4.868 0 0.20878831244
4.875 0 0.208235625389
4.885 0 0.207936247458
4.895 0 0.20790682708
4.903 0 0.20747078663
4.919 0 0.204533599534
4.924 0 0.204279714926
4.936 0 0.20238375995
4.945 0 0.200853199412
4.957 0 0.199735744688
4.964 0 0.199135673954
4.974 0 0.199135673954
4.983 0 0.197184355829
4.993 0 0.196046223711
5.004 0 0.195155486085
5.014 0 0.195155486085
5.022 0 0.192820336092
5.038 0 0.191793632186
5.051 0 0.191307439497
5.054 0 0.191307439497
5.064 0 0.191307439497
5.074 0 0.189666957749
5.086 0 0.18851237487
5.094 0 0.188012707982
5.104 0 0.187301461367
5.115 0 0.187054067203
5.128 0 0.186677784532
5.136 0 0.186934727501
5.145 0 0.187554810959
5.157 0 0.187648081125
5.172 0 0.188913744144
5.183 0 0.190171565357
5.189 0 0.19071174178
5.195 0 0.190863591913
5.201 0 0.190586310456
5.215 0 0.191182640669
5.224 0 0.191971240133
5.236 0 0.193939875687
5.245 0 0.196934382237
5.259 0 0.198831591313
5.267 0 0.199772319416
5.275 0 0.200989497134
5.285 0 0.203099686468
5.298 0 0.205169369345
5.305 0 0.205980869998
5.314 0 0.207550126325
5.322 0 0.208126462665
5.338 0 0.209138041494
5.346 0 0.210578926163
5.356 0 0.213753192315
5.362 0 0.213772881276
5.374 0 0.216088771829
5.389 0 0.218594923416
5.394 0 0.218009450887
5.404 0 0.21832248663
5.416 0 0.219707331476
5.427 0 0.218925349368
5.436 0 0.218957958966
5.444 0 0.218676150237
5.457 0 0.219622190981
5.467 0 0.217170500599
5.479 0 0.216038161106
5.484 0 0.216193480504
5.494 0 0.212489415598
5.505 0 0.219872662624
5.516 0 0.216901476105
5.527 0 0.220885062044
5.536 0 0.219857142577
5.543 0 0.216716830819
5.555 0 0.213667044059
5.564 0 0.215390078921
5.573 0 0.211155239864
5.586 0 0.212345263321
5.595 0 0.213255087644
5.606 0 0.21146225216
5.619 0 0.210019600243
5.626 0 0.209655047182
5.635 0 0.206490068919
5.643 0 0.204790482222
5.656 0 0.204102357716
5.664 0 0.206085947371
5.675 0 0.204471884369
5.684 0 0.201667033278
5.696 0 0.197791869332
5.706 0 0.194446515235
5.716 0 0.193065398816
5.724 0 0.191773460201
5.736 0 0.189069161826
5.745 0 0.187366665397
5.755 0 0.185495599982
5.768 0 0.183854666522
5.773 0 0.182495149701
5.785 0 0.181437423472
5.797 0 0.180143279529
5.804 0 0.179931409251
5.811 0 0.179667548323
5.825 0 0.179813306358
5.837 0 0.18055608988
5.845 0 0.181094859407
5.853 0 0.181696437615
5.864 0 0.183060267824
5.879 0 0.184498605263
5.886 0 0.184498605263
5.892 0 0.184498605263
5.907 0 0.187325188035
5.914 0 0.188189047436
5.926 0 0.188348358419
5.934 0 0.188470886076
5.944 0 0.188788767328
5.955 0 0.188942636168
5.966 0 0.188456846181
5.977 0 0.187704358253
5.983 0 0.186874167427
5.995 0 0.185710618189
6.006 0 0.185223113179
6.011 0 0.184748317658
6.024 0 0.18340225772
6.034 0 0.182214120406
6.047 0 0.181837828721
6.052 0 0.18197078999
6.063 0 0.18197078999
6.076 0 0.181571571586
6.086 0 0.181431559587
6.093 0 0.181437129019
6.106 0 0.182048914986
6.113 0 0.181799360164
6.123 0 0.18150562786
6.136 0 0.182801956744
6.146 0 0.185056393136
6.159 0 0.186206600378
6.17 0 0.186975361995
6.175 0 0.187626670398
6.188 0 0.188934280593
6.197 0 0.188628998969
6.212 0 0.18981765762
6.214 0 0.191974250399
6.224 0 0.19281739686
6.239 0 0.191079353568
6.245 0 0.192539875705
6.253 0 0.191855703709
6.262 0 0.194893987809
6.274 0 0.194168770859
6.284 0 0.195487735233
6.293 0 0.196121796785
6.309 0 0.201332196266
6.313 0 0.201759840389
6.325 0 0.207242620031
6.339 0 0.209012174538
6.342 0 0.206989212843
6.356 0 0.20959329749
6.364 0 0.210960977003
6.375 0 0.214883671699
6.385 0 0.213655441751
6.393 0 0.21441141704
6.402 0 0.216400184042
6.419 0 0.221598283087
6.424 0 0.221598283087
6.432 0 0.221598283087
6.444 0 0.222122216964
6.454 0 0.221856163306
6.466 0 0.225514080904
6.475 0 0.225582723471
6.486 0 0.224634125228
6.495 0 0.223443488277
6.507 0 0.220232469744
6.514 0 0.218134927174
6.523 0 0.215687212859
6.533 0 0.211584585756
6.543 0 0.208584515811
6.556 0 0.200532423072
6.566 0 0.196509360358
6.575 0 0.192300583984
6.584 0 0.18805359343
6.592 0 0.183779768292
6.604 0 0.178935527294
6.615 0 0.174455253804
6.624 0 0.169006270773
6.634 0 0.166091329166
6.645 0 0.160898155688
6.66 0 0.155370431845
6.667 0 0.151582689405
6.676 0 0.148059131932
6.684 0 0.145167054849
6.693 0 0.143211626245
6.704 0 0.140403321961
6.713 0 0.138715883678
6.722 0 0.138267271313
6.733 0 0.137819513081
6.742 0 0.138364214502
6.755 0 0.139126354723
6.765 0 0.139920656893
6.774 0 0.140089135606
6.783 0 0.140239494769
6.794 0 0.140376746244
6.806 0 0.139611399752
6.815 0 0.13918643758
6.826 0 0.13847409459
6.837 0 0.139047386889
6.844 0 0.140319099462
6.853 0 0.14164169668
6.864 0 0.141656457965
6.872 0 0.141716911085
6.884 0 0.141366917105
6.896 0 0.140907457383
6.905 0 0.141592549217
6.915 0 0.142452157425
6.926 0 0.142546707904
6.936 0 0.142546707904
6.942 0 0.142941140904
6.952 0 0.142119551853
6.964 0 0.143714207092
6.981 0 0.145245995973
6.992 0 0.146908076568
6.995 0 0.147100955872
7.004 0 0.147892152133
7.017 0 0.149358305861
7.024 0 0.152725978087
7.037 0 0.153675124605
7.044 0 0.157025042703
7.052 0 0.157079266575
7.064 0 0.158752643164
7.074 0 0.161573241694
7.088 0 0.160778287253
7.09 0 0.160778287253
7.101 0 0.162947262814
7.112 0 0.163896988117
7.123 0 0.168907086064
7.13 0 0.170752393315
7.145 0 0.177625895851
7.154 0 0.179259422622
7.16 0 0.180854404113
7.171 0 0.185402191602
7.183 0 0.188988846462
7.191 0 0.192689844705
7.202 0 0.193827496288
7.215 0 0.19373884529
7.224 0 0.195483079414
7.234 0 0.195915112706
7.245 0 0.194445618396
7.252 0 0.195110935672
7.265 0 0.193458414966
7.271 0 0.191809280206
7.282 0 0.188750494459
7.29 0 0.187884343316
7.308 0 0.184849328142
7.314 0 0.181677422428
7.322 0 0.179015870564
7.332 0 0.175447165494
7.341 0 0.172111716619
7.353 0 0.167323427116
7.366 0 0.165895145003
7.372 0 0.16460889835
7.381 0 0.160563746241
7.393 0 0.15734308494
7.402 0 0.156218464236
7.412 0 0.155694925918
7.423 0 0.155551321686
7.434 0 0.155197838905
7.442 0 0.155033242059
7.452 0 0.156340721331
7.463 0 0.157405224813
7.476 0 0.158096607151
7.486 0 0.15980559288
7.492 0 0.160365913513
7.503 0 0.158786017709
7.512 0 0.157630000776
7.526 0 0.155427628823
7.531 0 0.154715337406
7.542 0 0.153132717156
7.553 0 0.15279951311
7.569 0 0.153143930351
7.576 0 0.153771426549
7.582 0 0.154272399877
7.594 0 0.155364818391
7.606 0 0.155624842532
7.616 0 0.155494903785
7.625 0 0.155090128025
7.633 0 0.15552383379
7.642 0 0.154782884914
7.654 0 0.154878395146
7.661 0 0.154686367511
7.673 0 0.155110500395
7.681 0 0.155373150125
7.695 0 0.155449491835
7.704 0 0.154853714376
7.712 0 0.155268460122
7.722 0 0.155781495112
7.736 0 0.156529233569
7.744 0 0.157075169405
7.761 0 0.158392491672
7.771 0 0.159229079467
7.772 0 0.159229079467
7.782 0 0.162829544187
7.793 0 0.163904195063
7.808 0 0.165613647763
7.816 0 0.166510482227
7.823 0 0.167213427467
7.835 0 0.16731927975
7.849 0 0.170171160489
7.851 0 0.170595640695
7.865 0 0.173405743092
7.876 0 0.17676470299
7.888 0 0.176339901352
7.897 0 0.178158694735
7.903 0 0.178158694735
7.912 0 0.180720737731
7.923 0 0.1844865127
7.936 0 0.186856130784
7.945 0 0.188994462368
7.952 0 0.190563673278
7.964 0 0.192496963073
7.975 0 0.197134384161
7.983 0 0.197020719728
7.994 0 0.198851635009
8.001 0 0.199277668406
8.016 0 0.200946360937
8.024 0 0.201672710572
8.033 0 0.203325764742
8.043 0 0.202665725505
8.054 0 0.203703314096
8.066 0 0.204325777009
8.075 0 0.204439222077
8.082 0 0.20376318381
8.095 0 0.202786412027
8.105 0 0.200974002259
8.114 0 0.198698238387
8.129 0 0.197104006236
8.136 0 0.197136883378
8.146 0 0.196502627995
8.151 0 0.195067919643
8.166 0 0.192441204627
8.175 0 0.19105886355
8.181 0 0.190294031654
8.193 0 0.188985965138
8.203 0 0.187972929745
8.214 0 0.186666743231
8.226 0 0.184609246567
8.231 0 0.18395900791
8.244 0 0.182187283594
8.253 0 0.181982794947
8.263 0 0.182182430823
8.273 0 0.183018692841
8.282 0 0.18310714561
8.303 0 0.183160459855
8.306 0 0.181870032755
8.312 0 0.180856449464
8.322 0 0.180312291248
8.334 0 0.180347566078
8.342 0 0.180336058291
8.358 0 0.178421049344
8.361 0 0.178249740882
8.376 0 0.176590960334
8.387 0 0.176530453213
8.394 0 0.17653676799
8.406 0 0.176950163936
8.414 0 0.177811918444
8.427 0 0.178853425252
8.434 0 0.180641915915
8.444 0 0.180641915915
8.452 0 0.180641915915
8.469 0 0.187297503907
8.477 0 0.188152477368
8.483 0 0.188152477368
8.491 0 0.188152477368
8.506 0 0.190699855809
8.516 0 0.191638490807
8.523 0 0.192826689305
8.538 0 0.192506275218
8.545 0 0.194167294643
8.553 0 0.194453653341
8.567 0 0.196186834524
8.578 0 0.197822693054
8.584 0 0.198273205686
8.596 0 0.201107520233
8.604 0 0.200785717256
8.617 0 0.20203207931
8.624 0 0.203633090833
8.633 0 0.204012440815
8.649 0 0.205918380673
8.652 0 0.20531125741
8.666 0 0.208509830447
8.673 0 0.211659380074
8.684 0 0.211838562374
8.694 0 0.216290035453
8.702 0 0.215680885751
8.712 0 0.221270786571
8.723 0 0.221749919839
8.735 0 0.2228599762
8.746 0 0.225238592209
8.754 0 0.226109864465
8.765 0 0.227134209907
8.773 0 0.227310055456
8.786 0 0.228088512882
8.794 0 0.227228817585
8.805 0 0.226725637824
8.814 0 0.225732265107
8.825 0 0.223902801319
8.833 0 0.221062213704
8.845 0 0.216628752516
8.855 0 0.213545924257
8.862 0 0.211203691424
8.874 0 0.20833216494
8.888 0 0.203688786786
8.895 0 0.202893566815
8.906 0 0.202988690568
8.913 0 0.203502603816
8.924 0 0.203421600991
8.934 0 0.20354706541
8.946 0 0.202709154372
8.956 0 0.201670758204
8.964 0 0.20241494354
8.973 0 0.201509531411
8.983 0 0.200935599204
8.992 0 0.200298461433
9.003 0 0.200298461433
9.013 0 0.196213914003
9.021 0 0.195674100005
9.036 0 0.193268397157
9.046 0 0.190636759313
9.056 0 0.187476550907
9.071 0 0.184905217624
9.071 0 0.184575686914
9.084 0 0.18340931044
9.098 0 0.182486453156
9.112 0 0.1817470447
9.113 0 0.1817470447
9.125 0 0.181461741887
9.142 0 0.18068514987
9.147 0 0.180425804604
9.154 0 0.18107362249
9.162 0 0.181829174755
9.183 0 0.182691491582
9.194 0 0.183647397008
9.2 0 0.185040943668
9.209 0 0.185782478872
9.219 0 0.186322304297
9.232 0 0.187762171625
9.243 0 0.188967886588
9.253 0 0.190310313795
9.261 0 0.190295064713
9.27 0 0.192890551711
9.279 0 0.192890551711
9.283 0 0.192890551711
9.296 0 0.197364471409
9.307 0 0.198096645739
9.314 0 0.201167182012
9.328 0 0.20257744895
9.334 0 0.202643862975
9.345 0 0.205181742475
9.359 0 0.2056748764
9.366 0 0.206848737083
9.373 0 0.207451914384
9.382 0 0.208872332852
9.396 0 0.213046812557
9.406 0 0.215675136032
9.418 0 0.21739706504
9.426 0 0.218235091046
9.434 0 0.216754995538
9.443 0 0.219894824981
9.455 0 0.222163854742
9.461 0 0.222793999462
9.475 0 0.223345393954
9.483 0 0.224064967114
9.499 0 0.226417514842
9.507 0 0.227321238338
9.515 0 0.228132556299
9.522 0 0.228866935091
9.533 0 0.231197357426
9.542 0 0.232119211367
9.553 0 0.235145202047
9.562 0 0.236122405576
9.572 0 0.237739253304
9.581 0 0.23754134921
9.592 0 0.237585320222
9.601 0 0.237585320222
9.612 0 0.236148102943
9.623 0 0.23539369847
9.634 0 0.233627244658
9.645 0 0.232008366384
9.65 0 0.230609828685
9.662 0 0.228924072865
9.672 0 0.224746562145
9.68 0 0.222677742473
9.693 0 0.220850608706
9.703 0 0.219303286108
9.713 0 0.218440348968
9.721 0 0.217648307938
9.732 0 0.216787778165
9.743 0 0.216747286495
9.753 0 0.215698252866
9.763 0 0.214070407266
9.776 0 0.212238849824
9.783 0 0.210376298764
9.795 0 0.206946059551
9.802 0 0.204742424349
9.815 0 0.203027270199
9.828 0 0.202140961263
9.837 0 0.201169138019
9.841 0 0.201169138019
9.853 0 0.199205631416
9.864 0 0.198993881564
9.873 0 0.199738756066
9.882 0 0.200889180333
9.896 0 0.201436463807
9.904 0 0.201722448546
9.914 0 0.202400410138
9.926 0 0.203676525827
9.933 0 0.20335861969
9.943 0 0.203623431372
9.953 0 0.203847268999
9.962 0 0.203991225106
9.974 0 0.203667155244
9.982 0 0.203579775039
9.993 0 0.202403323029
10.005 0 0.200659283898
10.018 0 0.199205302798
10.024 0 0.199651152186
10.035 0 0.200749839707
10.044 0 0.201182595595
10.058 0 0.204395032496
10.073 0 0.205596211277
10.079 0 0.20528612677
10.083 0 0.206771801945
10.093 0 0.207889859801
10.104 0 0.210720438294
10.112 0 0.21174622951
10.123 0 0.214941117012
10.134 0 0.219205895752
10.141 0 0.218626520147
10.155 0 0.22094409685
10.162 0 0.22094409685
10.175 0 0.22704240457
10.185 0 0.227579041282
10.195 0 0.228194350624
10.208 0 0.232542841303
10.213 0 0.231013968267
10.224 0 0.231808009011
10.238 0 0.231465288305
10.247 0 0.233903450639
10.253 0 0.234061237645
10.262 0 0.234061237645
10.274 0 0.239360743462
10.282 0 0.240919303678
10.298 0 0.245750895043
10.306 0 0.248093303528
10.316 0 0.249482118368
10.326 0 0.251560645295
10.335 0 0.253212757767
10.343 0 0.254535315237
10.354 0 0.254888698839
10.363 0 0.255077734499
10.375 0 0.254404221621
10.387 0 0.252937602463
10.395 0 0.252996340323
10.403 0 0.252710280838
10.413 0 0.252364553587
10.421 0 0.251502951933
10.432 0 0.25149375717
10.443 0 0.248147982187
10.453 0 0.244452354531
10.462 0 0.241636272562
10.474 0 0.236358284157
10.483 0 0.233715208982
10.494 0 0.232603678718
10.504 0 0.230740279543
10.516 0 0.22968059699
10.521 0 0.229542612905
10.532 0 0.229685601963
10.542 0 0.230214151348
10.556 0 0.231482939075
10.563 0 0.23103706437
10.573 0 0.229796315098
10.582 0 0.227041450332
10.594 0 0.224735457678
10.604 0 0.22320397353
10.612 0 0.22025923447
10.625 0 0.220013347053
10.633 0 0.219183993774
10.644 0 0.219100891105
10.661 0 0.219248665901
10.664 0 0.219254894428
10.676 0 0.220435143163
10.683 0 0.221202188651
10.697 0 0.222647164053
10.709 0 0.223512644614
10.714 0 0.223743510217
10.723 0 0.224113583258
10.732 0 0.224713703876
10.744 0 0.225741898266
10.753 0 0.226181144077
10.76 0 0.226690826366
10.772 0 0.227362002383
10.786 0 0.228455192528
10.802 0 0.230520091545
10.807 0 0.231683840464
10.813 0 0.232328924838
10.823 0 0.23399844184
10.832 0 0.235521781739
10.845 0 0.237041797088
10.853 0 0.236846217899
10.866 0 0.239314301705
10.872 0 0.239970795102
10.882 0 0.241520714685
10.894 0 0.243979943464
10.904 0 0.243979943464
10.914 0 0.246631571398
10.925 0 0.248727560514
10.937 0 0.251321792632
10.942 0 0.252537580501
10.954 0 0.256111008955
10.964 0 0.258506532025
10.975 0 0.261281724372
10.985 0 0.263559462461
10.996 0 0.264339250415
11.003 0 0.265040625673
11.017 0 0.264139120655
11.027 0 0.265563845993
11.038 0 0.262304518839
11.042 0 0.261962625005
11.058 0 0.265988912433
11.064 0 0.265063018039
11.072 0 0.267431073065
11.085 0 0.268180383817
11.097 0 0.268920996579
11.105 0 0.270697325425
11.112 0 0.270993609008
11.126 0 0.273043806717
11.141 0 0.273903893539
11.144 0 0.2734234537
11.153 0 0.272012420735
11.164 0 0.271443642271
11.176 0 0.270963348055
11.182 0 0.270401199962
11.195 0 0.26964598893
11.204 0 0.269424231124
11.222 0 0.267096287021
11.227 0 0.266956254101
11.237 0 0.266125941227
11.242 0 0.264850132262
11.26 0 0.262332085324
11.266 0 0.262229044968
11.278 0 0.2629225354
11.285 0 0.263941412359
11.296 0 0.265710941132
11.308 0 0.265958844101
11.312 0 0.266072797411
11.324 0 0.26464404866
11.337 0 0.262091545485
11.347 0 0.262091545485
11.356 0 0.262091545485
11.364 0 0.26001494954
11.373 0 0.260133393648
11.385 0 0.260793030961
11.396 0 0.260767213876
11.406 0 0.259538602328
11.412 0 0.259269195862
11.424 0 0.259104132098
11.434 0 0.258741522116
11.444 0 0.258741522116
11.455 0 0.257800604352
11.465 0 0.25770483251
11.475 0 0.258053373903
11.487 0 0.258128802071
11.493 0 0.259145480766
11.505 0 0.26014028381
11.514 0 0.260905569341
11.523 0 0.261232478456
11.532 0 0.26140751222
11.546 0 0.261810252579
11.552 0 0.262280164893
11.564 0 0.262548718123
11.575 0 0.262345762769
11.581 0 0.26330242918
11.602 0 0.264889015468
11.609 0 0.265370947424
11.613 0 0.265370947424
11.622 0 0.265370947424
11.633 0 0.269666065507
11.646 0 0.271863411809
11.656 0 0.274843141941
11.665 0 0.276171224145
11.673 0 0.277465810294
11.683 0 0.282733480644
11.698 0 0.284874690686
11.704 0 0.285235622449
11.712 0 0.285505126982
11.724 0 0.285666182666
11.735 0 0.286050665114
11.745 0 0.286644717657
11.753 0 0.286000338532
11.765 0 0.286538689557
11.776 0 0.282841490398
11.786 0 0.28322369838
11.796 0 0.285600579907
11.804 0 0.286430722431
11.815 0 0.294177889203
11.826 0 0.296639240403
11.835 0 0.299369687188
11.843 0 0.303244485629
11.855 0 0.30539153265
11.862 0 0.307010054216
11.875 0 0.308680393928
11.884 0 0.309918530681
11.897 0 0.313687916004
11.906 0 0.314101062106
11.912 0 0.314723033011
11.923 0 0.315375191982
11.934 0 0.3147801414
11.948 0 0.31353822954
11.955 0 0.312514988651
11.965 0 0.311745874261
11.976 0 0.308094136133
11.984 0 0.306598403859
11.998 0 0.304380998964
12.005 0 0.302275867819
12.014 0 0.300271690742
12.022 0 0.297119821716
12.033 0 0.29202018162
12.045 0 0.288089162832
12.055 0 0.283366384182
12.065 0 0.280494230116
12.076 0 0.275433971127
12.087 0 0.273425760296
12.091 0 0.272960481735
12.104 0 0.272590856725
12.115 0 0.272592339026
12.125 0 0.271444545726
12.138 0 0.2701563971
12.142 0 0.2701563971
12.152 0 0.2701563971
12.165 0 0.269526573907
12.176 0 0.269243873686
12.191 0 0.270425382732
12.197 0 0.270217590328
12.205 0 0.269832443988
12.212 0 0.269832443988
12.223 0 0.269193235442
12.234 0 0.268760335621
12.241 0 0.268928708164
12.254 0 0.26784021145
12.263 0 0.268081394319
12.274 0 0.26758537804
12.283 0 0.266558894576
12.293 0 0.265829746881
12.303 0 0.264264413705
12.318 0 0.262798416647
12.323 0 0.262858711524
12.333 0 0.263028696579
12.345 0 0.26279052291
12.351 0 0.263879914777
12.363 0 0.264970180649
12.375 0 0.266091272887
12.382 0 0.26621163543
12.393 0 0.267148604385
12.403 0 0.267117498911
12.413 0 0.269032988066
12.425 0 0.273408097092
12.434 0 0.27498954689
12.449 0 0.278300569307
12.455 0 0.278300569307
12.464 0 0.278300569307
12.474 0 0.287940937484
12.482 0 0.289445239418
12.495 0 0.295321854344
12.505 0 0.295131917821
12.512 0 0.298801919171
12.522 0 0.301586393295
12.53 0 0.302536327498
12.547 0 0.305328786694
12.551 0 0.304963825247
12.562 0 0.30635067414
12.574 0 0.306316041336
12.584 0 0.306429983182
12.594 0 0.307571808173
12.604 0 0.311052983418
12.614 0 0.314097167482
12.62 0 0.314898039882
12.633 0 0.317621634638
12.643 0 0.319516219046
12.652 0 0.322058462175
12.663 0 0.324797162912
12.674 0 0.326918176586
12.684 0 0.329401825918
12.702 0 0.331242317045
12.711 0 0.330904684266
12.714 0 0.330462766384
12.726 0 0.328772191966
12.735 0 0.328313856805
12.747 0 0.327318156718
12.758 0 0.326210656206
12.767 0 0.324872246676
12.773 0 0.324592484364
12.785 0 0.323272214219
12.794 0 0.323350483749
12.804 0 0.323507881273
12.812 0 0.32225788495
12.826 0 0.316771303873
12.832 0 0.314790945487
12.845 0 0.31041652622
12.853 0 0.309152902141
12.863 0 0.306113077248
12.873 0 0.305134213107
12.883 0 0.304372411174
12.894 0 0.302551416815
12.903 0 0.299950829805
12.912 0 0.29889446795
12.923 0 0.298009918511
12.936 0 0.296635404488
12.942 0 0.295496436251
12.953 0 0.293469243955
12.961 0 0.292125037153
12.973 0 0.290738845419
12.985 0 0.290810157797
12.995 0 0.290472822786
13.002 0 0.290286891554
13.017 0 0.289230902248
13.028 0 0.288016028365
13.034 0 0.287722241804
13.043 0 0.287165195004
13.059 0 0.286623860365
13.065 0 0.286661763732
13.076 0 0.286082397612
13.09 0 0.284394260367
13.097 0 0.284063016182
13.108 0 0.284154233044
13.116 0 0.284229404937
13.125 0 0.282880215379
13.139 0 0.284010121315
13.144 0 0.284010121315
13.155 0 0.286577164257
13.164 0 0.28772750575
13.173 0 0.288889466739
13.185 0 0.290772703798
13.199 0 0.290073278573
13.204 0 0.290073278573
13.211 0 0.291775826967
13.222 0 0.293121898668
13.236 0 0.29439669603
13.243 0 0.298210744796
13.253 0 0.299898110388
13.264 0 0.301085952372
13.274 0 0.304064594459
13.283 0 0.303420459196
13.293 0 0.305532945683
13.306 0 0.307615250196
13.316 0 0.3076813355
13.327 0 0.310405497266
13.338 0 0.309736737291
13.349 0 0.310051853978
13.357 0 0.310882013743
13.368 0 0.310774348762
13.378 0 0.312846098266
13.394 0 0.321658355524
13.398 0 0.322186785448
13.402 0 0.322186785448
13.413 0 0.325128878735
13.426 0 0.328519872452
13.432 0 0.332664688454
13.444 0 0.335484488005
13.454 0 0.336770406362
13.466 0 0.338580022557
13.473 0 0.33968628479
13.48 0 0.340674913603
13.493 0 0.341277533256
13.501 0 0.341317619658
13.513 0 0.341464350263
13.524 0 0.340965290161
13.536 0 0.33859668415
13.544 0 0.33853010098
13.552 0 0.336165717053
13.562 0 0.335623445368
13.58 0 0.332527994555
13.589 0 0.331574424366
13.594 0 0.331574424366
13.605 0 0.325634476565
13.614 0 0.323618687396
13.624 0 0.320917251643
13.633 0 0.319733869782
13.646 0 0.315682662547
13.659 0 0.313858613098
13.667 0 0.312588232324
13.673 0 0.311794941926
13.682 0 0.309570512704
13.693 0 0.308947611135
13.705 0 0.308413389545
13.714 0 0.308865908759
13.725 0 0.30949481056
13.732 0 0.309557197186
13.745 0 0.309839031585
13.751 0 0.310151546442
13.763 0 0.309699968837
13.773 0 0.308246891459
13.79 0 0.306414829893
13.795 0 0.30621728567
13.803 0 0.306050418859
13.814 0 0.306050418859
13.824 0 0.305532413901
13.836 0 0.307077993394
13.845 0 0.307750773257
13.855 0 0.308375634452
13.862 0 0.308867531759
13.874 0 0.308774604912
13.882 0 0.308015110986
13.892 0 0.308251676284
13.905 0 0.308479066144
13.915 0 0.308234518801
13.924 0 0.308137210006
13.934 0 0.308235572127
13.946 0 0.306465152239
13.953 0 0.306362511473
13.962 0 0.305165831125
13.975 0 0.304978470772
13.99 0 0.306459565801
13.996 0 0.30574388889
14.002 0 0.30684180895
14.014 0 0.308982081833
14.025 0 0.313173558688
14.034 0 0.313298420689
14.042 0 0.31426005063
14.054 0 0.318019703775
14.062 0 0.319568046933
14.074 0 0.320403781181
14.084 0 0.321563098228
14.095 0 0.323827576599
14.103 0 0.3249698517
14.115 0 0.322063159825
14.127 0 0.326860676587
14.134 0 0.326584688952
14.143 0 0.328091593907
14.152 0 0.331746031391
14.163 0 0.335823916258
14.175 0 0.33901904128
14.183 0 0.344017584222
14.194 0 0.345426957054
14.209 0 0.351168927071
14.218 0 0.355235893705
14.223 0 0.357018086475
14.233 0 0.358403991241
14.246 0 0.358054594984
14.251 0 0.357720736098
14.263 0 0.357638924272
14.273 0 0.357496155329
14.282 0 0.356351183172
14.292 0 0.355036826452
14.309 0 0.353756156166
14.32 0 0.353147425389
14.324 0 0.35219492283
14.336 0 0.351757688828
14.346 0 0.350215584266
14.352 0 0.348241082915
14.363 0 0.347592413305
14.375 0 0.346907011229
14.385 0 0.345340902413
14.402 0 0.343258974508
14.41 0 0.343479145842
14.415 0 0.3433895353
14.425 0 0.342869832304
14.432 0 0.340933200859
14.442 0 0.339205220514
14.453 0 0.338236985409
14.464 0 0.334891690326
14.474 0 0.331298783669
14.481 0 0.329308310537
14.496 0 0.327462016894
14.504 0 0.326589741902
14.515 0 0.326377123289
14.524 0 0.326142702802
14.533 0 0.328142931274
14.548 0 0.327977985566
14.555 0 0.327810834954
14.561 0 0.32806572712
14.57 0 0.329066018789
14.585 0 0.329066018789
14.594 0 0.329066018789
14.606 0 0.330069994598
14.614 0 0.330423772306
14.632 0 0.33151576986
14.634 0 0.331905088629
14.643 0 0.332497790713
14.654 0 0.333590282852
14.664 0 0.333341391375
14.679 0 0.332956223325
14.685 0 0.332956223325
14.695 0 0.331675159665
14.706 0 0.332343731127
14.718 0 0.332407823821
14.725 0 0.333082986279
14.73 0 0.333178844112
14.745 0 0.334618448449
14.754 0 0.335395012124
14.769 0 0.337719396671
14.776 0 0.339179465678
14.784 0 0.339837924799
14.793 0 0.342092592792
14.808 0 0.342617532155
14.812 0 0.344329258991
14.824 0 0.344798000318
14.833 0 0.346472512676
14.844 0 0.346928377625
14.85 0 0.347352895383
14.864 0 0.350208400283
14.876 0 0.35238949278
14.885 0 0.353364123636
14.894 0 0.35452785197
14.902 0 0.356382232959
14.911 0 0.356728173076
14.922 0 0.360503668783
14.933 0 0.359946266569
14.944 0 0.36075950032
14.951 0 0.36630810399
14.966 0 0.364128134078
14.973 0 0.370315342906
14.985 0 0.373206840029
14.995 0 0.377629536179
15.0 0 0.378834616538
15.017 0 0.380421803372
15.022 0 0.380041074225
15.031 0 0.380410224185
15.045 0 0.379735057907
15.054 0 0.380855234784
15.072 0 0.382744544966
15.072 0 0.382744544966
15.085 0 0.382841402666
15.094 0 0.382659677991
15.104 0 0.382300922925
15.114 0 0.380512652348
15.124 0 0.379531483332
15.134 0 0.37795997091
15.144 0 0.377345677729
15.153 0 0.376203544415
15.168 0 0.374620672811
15.178 0 0.374197223276
15.184 0 0.374197223276
15.193 0 0.372092050839
15.204 0 0.370132097435
15.214 0 0.369047243714
15.225 0 0.369209312292
15.234 0 0.369943606334
15.245 0 0.370590706162
15.259 0 0.370543691449
15.265 0 0.370519696244
15.273 0 0.370433580127
15.284 0 0.370121187113
15.298 0 0.368980085349
15.303 0 0.368075909811
15.314 0 0.368075909811
15.324 0 0.365392996895
15.336 0 0.363809513854
15.348 0 0.363553849042
15.353 0 0.363553849042
15.363 0 0.363553849042
15.375 0 0.363287660239
15.387 0 0.361812962527
15.396 0 0.361076317405
15.404 0 0.36140214001
15.417 0 0.361659202031
15.43 0 0.362991977534
15.433 0 0.363136509823
15.442 0 0.363345949168
15.454 0 0.363700270432
15.464 0 0.363947760627
15.476 0 0.363582322133
15.487 0 0.363829478606
15.502 0 0.364126201864
15.514 0 0.364242367718
15.52 0 0.36415565539
15.524 0 0.365029575998
15.531 0 0.365555505927
15.546 0 0.366637371474
15.552 0 0.366753273645
15.562 0 0.367819823352
15.575 0 0.368845723972
15.582 0 0.369514822832
15.597 0 0.37265731415
15.603 0 0.371569210355
15.615 0 0.374701438749
15.625 0 0.377853936186
15.64 0 0.383017265853
15.647 0 0.382797868321
15.653 0 0.386221037616
15.662 0 0.3866686187
15.674 0 0.386683661474
15.688 0 0.38560003534
15.695 0 0.386533997485
15.702 0 0.391922600632
15.715 0 0.393705460692
15.724 0 0.394341631155
15.734 0 0.394341631155
15.745 0 0.39758239904
15.755 0 0.397618855501
15.765 0 0.396855887488
15.774 0 0.398852804635
15.786 0 0.40002283457
15.794 0 0.401800527603
15.806 0 0.401986258073
15.814 0 0.403276108451
15.827 0 0.40567084188
15.833 0 0.407926152032
15.843 0 0.409263091574
15.854 0 0.41233200751
15.863 0 0.413158163321
15.873 0 0.413895609085
15.885 0 0.414323304429
15.892 0 0.414004898233
15.904 0 0.412160982911
15.914 0 0.410987455009
15.923 0 0.409751246636
15.935 0 0.407514619812
15.942 0 0.406211871296
15.953 0 0.405223144428
15.966 0 0.404071353414
15.974 0 0.404927208016
15.98 0 0.405372957083
15.993 0 0.404693705158
16.002 0 0.402901364504
16.015 0 0.402175834918
16.028 0 0.401481146324
16.032 0 0.401348160472
16.043 0 0.401348160472
16.054 0 0.395658870081
16.065 0 0.394165300715
16.071 0 0.393664246443
16.088 0 0.392733688627
16.094 0 0.392523501736
16.103 0 0.391574880599
16.117 0 0.389165373576
16.122 0 0.387730392189
16.133 0 0.38675013599
16.145 0 0.386436839577
16.16 0 0.386649371341
16.166 0 0.386924269683
16.174 0 0.386462448614
16.186 0 0.384808413618
16.194 0 0.384226003541
16.205 0 0.384659833852
16.216 0 0.385320532561
16.223 0 0.385746024376
16.235 0 0.387383817349
16.249 0 0.38916100821
16.257 0 0.389951025451
16.264 0 0.389729176354
16.275 0 0.3903789946
16.282 0 0.390527934903
16.299 0 0.393124362649
16.314 0 0.394275184705
16.323 0 0.394923021124
16.332 0 0.397540989042
16.342 0 0.397824178862
16.354 0 0.40306546081
16.354 0 0.40306546081
16.365 0 0.40306546081
16.372 0 0.40306546081
16.385 0 0.409865813846
16.392 0 0.412706461971
16.405 0 0.414757486692
16.415 0 0.414046175111
16.426 0 0.415306623762
16.437 0 0.414362046425
16.445 0 0.413293581381
16.455 0 0.413529572867
16.469 0 0.416450994477
16.483 0 0.419400392414
16.49 0 0.418908698056
16.498 0 0.421082008692
16.504 0 0.422226978084
16.52 0 0.426218587958
16.528 0 0.42911934704
16.539 0 0.429942899558
16.545 0 0.434858512556
16.554 0 0.435321510443
16.562 0 0.436497020635
16.573 0 0.437052085583
16.586 0 0.438133729281
16.593 0 0.43841246953
16.604 0 0.440870246157
16.614 0 0.442319583888
16.626 0 0.442887404741
16.633 0 0.445223772297
16.641 0 0.446017965434
16.656 0 0.446009026473
16.671 0 0.445486332363
16.677 0 0.445337508227
16.685 0 0.444184166143
16.693 0 0.443277226297
16.709 0 0.442425597672
16.717 0 0.442303670071
16.725 0 0.441844970975
16.731 0 0.441392070905
16.744 0 0.44179750607
16.756 0 0.441630092378
16.764 0 0.441877107932
16.774 0 0.441854106256
16.783 0 0.441665642396
16.796 0 0.439745737357
16.801 0 0.439528684129
16.816 0 0.436788202834
16.825 0 0.434315933911
16.833 0 0.433207336558
16.842 0 0.431404956212
16.854 0 0.429166953577
16.867 0 0.426440092512
16.875 0 0.424000209471
16.882 0 0.420639078092
16.893 0 0.416859420082
16.906 0 0.41430387857
16.912 0 0.41264564174
16.923 0 0.411444673887
16.934 0 0.410956599776
16.944 0 0.410470149024
16.956 0 0.410503154591
16.965 0 0.410511898146
16.975 0 0.40998734477
16.986 0 0.409319666923
16.994 0 0.409496833201
17.003 0 0.409818831201
17.013 0 0.409911089189
17.025 0 0.409911089189
17.034 0 0.409911089189
17.046 0 0.409895746325
17.054 0 0.410453315426
17.063 0 0.411309124789
17.074 0 0.411868050404
17.09 0 0.413015488695
17.096 0 0.413494878051
17.105 0 0.41456028245
17.114 0 0.416767473558
17.128 0 0.416468669894
17.141 0 0.41810978649
17.148 0 0.419216091437
17.156 0 0.420209042511
17.169 0 0.424103519846
17.18 0 0.427266698919
17.184 0 0.427266698919
17.193 0 0.427266698919
17.211 0 0.436818654761
17.215 0 0.435759719205
17.226 0 0.435105029847
17.235 0 0.436309569658
17.245 0 0.442030390889
17.255 0 0.442423913867
17.264 0 0.446214186275
17.275 0 0.446787445896
17.284 0 0.452793926172
17.301 0 0.45729257063
17.306 0 0.455285600806
17.315 0 0.458644394982
17.327 0 0.464982498151
17.339 0 0.465656430965
17.343 0 0.465206046418
17.358 0 0.464803337565
17.365 0 0.467243472307
17.383 0 0.467902055306
17.386 0 0.467902055306
17.393 0 0.467902055306
17.404 0 0.468272821333
17.419 0 0.46879715823
17.423 0 0.468865108177
17.433 0 0.469009337031
17.441 0 0.468803533876
17.461 0 0.468235290108
17.466 0 0.468073484591
17.475 0 0.467243049641
17.484 0 0.46673793132
17.493 0 0.465283689648
17.507 0 0.464416158297
17.514 0 0.465027590088
17.526 0 0.464885671261
17.534 0 0.465560107178
17.546 0 0.46569406507
17.559 0 0.466104391232
17.565 0 0.466104391232
17.574 0 0.466104391232
17.587 0 0.461754827738
17.604 0 0.46081291165
17.608 0 0.46081291165
17.614 0 0.46081291165
17.631 0 0.459770900084
17.64 0 0.455038835085
17.645 0 0.454418220334
17.652 0 0.453265140859
17.669 0 0.450905655985
17.676 0 0.450106390086
17.688 0 0.448437298681
17.698 0 0.445877509067
17.706 0 0.444853040072
17.711 0 0.443676914487
17.728 0 0.440018411379
17.743 0 0.436119980691
17.747 0 0.436172448995
17.753 0 0.436299975152
17.764 0 0.436776741153
17.774 0 0.43931007286
17.786 0 0.440931922964
17.8 0 0.442430240803
17.807 0 0.44327838785
17.815 0 0.444053918945
17.822 0 0.443971517818
17.834 0 0.443817459557
17.843 0 0.443817459557
17.853 0 0.444633557969
17.865 0 0.445177377192
17.878 0 0.445570032818
17.882 0 0.445427149136
17.895 0 0.446607048417
17.902 0 0.447318788112
17.913 0 0.447944155875
17.926 0 0.449703925155
17.934 0 0.452846884215
17.944 0 0.453662462466
17.957 0 0.456603931859
17.963 0 0.456202459548
17.973 0 0.459702690035
17.984 0 0.461600730562
17.999 0 0.462767632921
18.007 0 0.463524288104
18.015 0 0.465646582484
18.021 0 0.463162348522
18.036 0 0.462132428064
18.054 0 0.466735495907
18.061 0 0.466735495907
18.063 0 0.466735495907
18.075 0 0.469803759837
18.087 0 0.477192836237
18.095 0 0.476351826178
18.103 0 0.479190667815
18.113 0 0.479106764565
18.128 0 0.475897233311
18.133 0 0.478546219111
18.143 0 0.478633898285
18.151 0 0.479276563146
18.164 0 0.48304393266
18.173 0 0.484877080202
18.187 0 0.489240759255
18.191 0 0.490055669183
18.201 0 0.490987638413
18.214 0 0.490276631518
18.229 0 0.489090785468
18.235 0 0.488713585771
18.242 0 0.487685435995
18.25 0 0.487652360081
18.263 0 0.486503570531
18.276 0 0.486159834574
18.282 0 0.48511026329
18.292 0 0.485214138732
18.301 0 0.485203998541
18.315 0 0.482497061954
18.321 0 0.479266235208
18.336 0 0.474469770455
18.347 0 0.473923821414
18.361 0 0.471801028544
18.365 0 0.471433478421
18.377 0 0.47059023691
18.381 0 0.470307574164
18.399 0 0.468259622406
18.406 0 0.467827710761
18.413 0 0.46786797232
18.424 0 0.466345079542
18.439 0 0.464832439919
18.45 0 0.464967924269
18.455 0 0.464977135519
18.464 0 0.464723781784
18.475 0 0.464365770354
18.494 0 0.464890801752
18.502 0 0.465173399068
18.507 0 0.466109576451
18.515 0 0.46625469412
18.529 0 0.467289243833
18.534 0 0.467709406788
18.543 0 0.468796972865
18.552 0 0.469439448813
18.567 0 0.469478132272
18.575 0 0.469057700496
18.584 0 0.469752033581
18.594 0 0.470153604386
18.603 0 0.470790352699
18.617 0 0.473395370667
18.628 0 0.474815991543
18.634 0 0.475852529046
18.645 0 0.476225064311
18.656 0 0.475824943483
18.663 0 0.476665046237
18.673 0 0.477549219604
18.682 0 0.478772986075
18.693 0 0.48041605131
18.706 0 0.482821723703
18.716 0 0.482821723703
18.727 0 0.484651939616
18.735 0 0.488041635319
18.741 0 0.488850441864
18.759 0 0.491446949843
18.768 0 0.493303692508
18.777 0 0.495187714261
18.781 0 0.498648787392
18.797 0 0.500629854498
18.806 0 0.502389362255
18.82 0 0.501327459483
18.825 0 0.502407966072
18.834 0 0.503288324137
18.848 0 0.504473223695
18.86 0 0.504473223695
18.865 0 0.504473223695
18.876 0 0.514168604653
18.887 0 0.516041594774
18.901 0 0.516828474136
18.911 0 0.515952630871
18.914 0 0.515794577357
18.924 0 0.51580981466
18.938 0 0.517471400958
18.946 0 0.518138319162
18.958 0 0.516740117486
18.964 0 0.516916917641
18.974 0 0.51727100502
18.982 0 0.518221133127
18.995 0 0.520330257413
19.005 0 0.52074893428
19.014 0 0.520205956444
19.025 0 0.519790123314
19.036 0 0.519027500505
19.044 0 0.519144515015
19.054 0 0.519144515015
19.065 0 0.517478295856
19.08 0 0.519075031795
19.085 0 0.519451889615
19.093 0 0.520119957633
19.105 0 0.519144907507
19.113 0 0.517971036179
19.123 0 0.516967509277
19.132 0 0.516507813843
19.147 0 0.515629837494
19.152 0 0.515253829338
19.162 0 0.515253829338
19.175 0 0.511731592037
19.185 0 0.510325590041
19.198 0 0.506571136984
19.208 0 0.506227428955
19.214 0 0.505840167064
19.226 0 0.505126462132
19.232 0 0.504531916339
19.246 0 0.503192551292
19.252 0 0.501804759337
19.263 0 0.501804759337
19.275 0 0.498511078133
19.283 0 0.499381929208
19.291 0 0.499788723863
19.303 0 0.500279669708
19.315 0 0.500183236169
19.324 0 0.499297444286
19.344 0 0.498868974232
19.353 0 0.498847640602
19.358 0 0.498847640602
19.365 0 0.498847640602
19.375 0 0.499430600392
19.383 0 0.499198917183
19.395 0 0.499833710259
19.409 0 0.501830191311
19.416 0 0.502023904342
19.424 0 0.50202803574
19.438 0 0.502282796237
19.443 0 0.502814653971
19.458 0 0.503661081384
19.464 0 0.504360905522
19.474 0 0.506210623938
19.49 0 0.506819512561
19.493 0 0.506819512561
19.504 0 0.506819512561
19.513 0 0.51215176862
19.528 0 0.514121309019
19.532 0 0.516257442689
19.543 0 0.520512550305
19.554 0 0.521725587752
19.566 0 0.522983596424
19.58 0 0.527382871106
19.585 0 0.524334180981
19.597 0 0.527912496677
19.605 0 0.527456820071
19.614 0 0.531549699534
19.626 0 0.536352453448
19.634 0 0.536939801063
19.642 0 0.538346478123
19.659 0 0.539021895746
19.666 0 0.54053379077
19.674 0 0.541310270704
19.682 0 0.541161489142
19.694 0 0.540801104001
19.705 0 0.541296022206
19.714 0 0.540907429398
19.723 0 0.543883657992
19.738 0 0.544806132993
19.754 0 0.548430053841
19.76 0 0.550410614707
19.766 0 0.551303092682
19.774 0 0.553601223322
19.788 0 0.55457068333
19.794 0 0.554358961838
19.803 0 0.553941336758
19.814 0 0.552483476134
19.824 0 0.552935034226
19.834 0 0.552236607867
19.842 0 0.552101731707
19.855 0 0.55128946001
19.864 0 0.551513249393
19.874 0 0.550680097339
19.885 0 0.550091961527
19.895 0 0.549052340463
19.904 0 0.547741378234
19.915 0 0.547415012727
19.922 0 0.547368952071
19.932 0 0.547095567031
19.946 0 0.546847286963
19.955 0 0.546411856263
19.971 0 0.547322422932
19.974 0 0.547756028197
19.984 0 0.546706476287
19.993 0 0.545418437061
20.003 0 0.54574198131
20.015 0 0.545158406212
20.023 0 0.544690432753
20.038 0 0.543227715021
20.042 0 0.542736490522
20.058 0 0.541802233071
20.066 0 0.541685550814
20.072 0 0.542115830546
20.087 0 0.542653995695
20.092 0 0.543270820508
20.105 0 0.543457133334
20.112 0 0.543518282206
20.129 0 0.545186263161
20.134 0 0.545144902988
20.142 0 0.545399535565
20.154 0 0.546674879228
20.162 0 0.547701457269
20.174 0 0.549243158844
20.184 0 0.550711836251
20.193 0 0.551410584639
20.203 0 0.552261706807
20.215 0 0.552995284085
20.223 0 0.553814367988
20.234 0 0.554000084615
20.247 0 0.555251231378
20.257 0 0.555453026028
20.263 0 0.555453026028
20.274 0 0.558811489493
20.283 0 0.558348368048
20.301 0 0.561488464049
20.305 0 0.560878077844
20.314 0 0.565826130919
20.323 0 0.566475590588
20.335 0 0.56522120493
20.343 0 0.566354661085
20.355 0 0.565560441798
20.367 0 0.563510414938
20.375 0 0.564665530563
20.386 0 0.567124135968
20.395 0 0.568679354295
20.403 0 0.568679354295
20.415 0 0.572375722502
20.425 0 0.57186402649
20.434 0 0.573064433567
20.444 0 0.568302769511
20.456 0 0.572304117296
20.466 0 0.57679730121
20.48 0 0.578474511541
20.486 0 0.584141495583
20.494 0 0.585011841172
20.505 0 0.585207787905
20.513 0 0.5856017813
20.53 0 0.587470697987
20.534 0 0.587481198601
20.542 0 0.589145266397
20.557 0 0.59106528534
20.567 0 0.591847029126
20.576 0 0.592467408887
20.581 0 0.592467408887
20.591 0 0.592467408887
20.614 0 0.591377216361
20.621 0 0.59130520851
20.622 0 0.591099124241
20.635 0 0.590613583073
20.645 0 0.586286937533
20.655 0 0.584251251954
20.662 0 0.582965619953
20.675 0 0.577476654393
20.684 0 0.575213938144
20.697 0 0.572805782508
20.709 0 0.572750353788
20.719 0 0.573003123824
20.725 0 0.572621750693
20.734 0 0.5722783469
20.747 0 0.572912108558
20.76 0 0.573413042256
20.765 0 0.573695429394
20.773 0 0.574031718547
20.789 0 0.573899334486
20.796 0 0.572703011875
20.803 0 0.572071806089
20.819 0 0.56963748946
20.828 0 0.568553363172
20.835 0 0.567899898296
20.845 0 0.567436153506
20.856 0 0.564607062624
20.873 0 0.564381750975
20.882 0 0.565448427714
20.891 0 0.566466882324
20.895 0 0.56691093489
20.91 0 0.566983598345
20.918 0 0.567794039118
20.925 0 0.56855683162
20.938 0 0.569877990878
20.948 0 0.570290696735
20.952 0 0.570358092163
20.964 0 0.571713091136
20.976 0 0.572291227126
20.982 0 0.572353017788
20.993 0 0.573133106571
21.004 0 0.57346326406
21.011 0 0.574000846742
21.025 0 0.574973773481
21.032 0 0.574712840185
21.045 0 0.575855936627
21.062 0 0.577540162187
21.074 0 0.579897980668
21.083 0 0.580201238227
21.091 0 0.583843656373
21.1 0 0.583341542455
21.113 0 0.589037433562
21.118 0 0.593507865958
21.124 0 0.593987703137
21.131 0 0.596303983825
21.143 0 0.594781264662
21.153 0 0.593175480305
21.16 0 0.593559730739
21.174 0 0.591309924719
21.187 0 0.594623258785
21.196 0 0.599032123459
21.204 0 0.599215812971
21.218 0 0.609663379344
21.229 0 0.609159505901
21.238 0 0.610036987889
21.246 0 0.610152541799
21.255 0 0.610839963541
21.266 0 0.609942781376
21.272 0 0.610191165533
21.285 0 0.610401470565
21.292 0 0.61177196443
21.307 0 0.611428133839
21.317 0 0.607186333545
21.322 0 0.611527206481
21.336 0 0.609977470151
21.347 0 0.616349654164
21.352 0 0.616562383485
21.365 0 0.613837194038
21.374 0 0.61401564348
21.385 0 0.61460340221
21.393 0 0.61484413853
21.407 0 0.614177848501
21.414 0 0.613747159564
21.424 0 0.613636621617
21.434 0 0.613778270245
21.444 0 0.613163302384
21.456 0 0.612357548997
21.466 0 0.612160293679
21.472 0 0.610810771138
21.489 0 0.60993252998
21.493 0 0.610075442481
21.502 0 0.609992295285
21.513 0 0.60895201049
21.531 0 0.607888620278
21.538 0 0.607635528664
21.546 0 0.606833224183
21.554 0 0.605761253113
21.563 0 0.604009464053
21.577 0 0.602015363761
21.581 0 0.601851088865
21.591 0 0.599527774151
21.602 0 0.597728740166
21.614 0 0.595974340048
21.626 0 0.593257850349
21.635 0 0.591533494573
21.644 0 0.591240603366
21.659 0 0.592609268569
21.669 0 0.593888221082
21.679 0 0.594131720735
21.685 0 0.594131720735
21.691 0 0.594131720735
21.705 0 0.595687365748
21.716 0 0.597072155945
21.726 0 0.598909201651
21.734 0 0.599194280453
21.745 0 0.600542617251
21.757 0 0.60170783637
21.763 0 0.603036495505
21.774 0 0.604688382326
21.787 0 0.605893039746
21.796 0 0.606074211258
21.805 0 0.606883071157
21.812 0 0.606923463468
21.823 0 0.606268017737
21.837 0 0.60491027797
21.848 0 0.608004510926
21.851 0 0.608818865058
21.864 0 0.609997797116
21.874 0 0.61425365184
21.885 0 0.617197368201
21.897 0 0.617069248262
21.906 0 0.618377416644
21.916 0 0.619395106861
21.925 0 0.620773276833
21.935 0 0.620286401497
21.945 0 0.620799089976
21.96 0 0.619298881749
21.964 0 0.621148495972
21.981 0 0.62193077927
21.988 0 0.623992835449
21.995 0 0.62227890296
22.006 0 0.622152797666
22.013 0 0.626560551913
22.027 0 0.623761352104
22.035 0 0.628435279927
22.043 0 0.631442969885
22.051 0 0.633993856509
22.06 0 0.636624317234
22.08 0 0.639152225552
22.088 0 0.639290942377
22.094 0 0.639795462161
22.101 0 0.640711970017
22.113 0 0.640656254458
22.13 0 0.642544585619
22.137 0 0.642316689645
22.144 0 0.641889459172
22.154 0 0.641771161771
22.165 0 0.641126314966
22.174 0 0.641042053198
22.186 0 0.640546466099
22.192 0 0.641584283068
22.205 0 0.642479069096
22.216 0 0.642152217199
22.224 0 0.64157428486
22.235 0 0.64088335291
22.252 0 0.64062227666
22.258 0 0.63934221406
22.267 0 0.637935680037
22.274 0 0.636615342565
22.282 0 0.63365520575
22.295 0 0.632357387787
22.302 0 0.631603211686
22.312 0 0.631755945384
22.321 0 0.631021085726
22.337 0 0.630965534561
22.342 0 0.630965534561
22.354 0 0.629277225555
22.366 0 0.626362696838
22.373 0 0.62487157176
22.386 0 0.622881925782
22.401 0 0.620985051019
22.411 0 0.620037378443
22.417 0 0.619740577813
22.427 0 0.618225549728
22.434 0 0.618830562509
22.446 0 0.620136678174
22.454 0 0.622005781
22.471 0 0.623110092451
22.471 0 0.622834358473
22.486 0 0.623266511661
22.495 0 0.62366242378
22.507 0 0.624694936272
22.515 0 0.625297379573
22.523 0 0.626185239943
22.533 0 0.626650523368
22.546 0 0.62698379379
22.555 0 0.627569344166
22.566 0 0.628801176017
22.581 0 0.629565192588
22.588 0 0.62849893434
22.598 0 0.63079741758
22.609 0 0.630175507025
22.615 0 0.630547586955
22.622 0 0.631169891774
22.635 0 0.633777206079
22.647 0 0.633935786539
22.653 0 0.637201955909
22.664 0 0.638881379032
22.675 0 0.644291076987
22.686 0 0.646591942448
22.693 0 0.645275917186
22.706 0 0.649756685503
22.71 0 0.648753193009
22.727 0 0.649077016505
22.732 0 0.647894532554
22.748 0 0.647554206328
22.753 0 0.64901614482
22.769 0 0.648944003531
22.777 0 0.652932822848
22.784 0 0.652932822848
22.792 0 0.652932822848
22.804 0 0.651410994135
22.815 0 0.656991428521
22.831 0 0.662797140358
22.839 0 0.662729836573
22.842 0 0.662729836573
22.853 0 0.662729836573
22.87 0 0.667386634304
22.876 0 0.66846006681
22.884 0 0.669452185813
22.893 0 0.671582773918
22.909 0 0.67505518939
22.92 0 0.676106427393
22.92 0 0.676106427393
22.934 0 0.675266863449
22.944 0 0.674446684808
22.962 0 0.672287565163
22.97 0 0.671895457589
22.975 0 0.671325155174
22.984 0 0.67120633325
22.996 0 0.671172281611
23.004 0 0.670743996235
23.017 0 0.670699564931
23.022 0 0.670699564931
23.033 0 0.670643318074
23.044 0 0.670813943228
23.057 0 0.671876706796
23.065 0 0.672451623504
23.074 0 0.672235579494
23.086 0 0.672328929545
23.094 0 0.672210763789
23.103 0 0.672475901534
23.116 0 0.671713853663
23.127 0 0.670700434391
23.141 0 0.668587268533
23.144 0 0.667856689068
23.157 0 0.667490689685
23.162 0 0.667352439575
23.17 0 0.668022668223
23.187 0 0.66752526233
23.196 0 0.666805568243
23.205 0 0.666871716417
23.216 0 0.665320193572
23.223 0 0.664906612539
23.237 0 0.664794745167
23.245 0 0.665254805301
23.256 0 0.666284844452
23.268 0 0.667298797288
23.28 0 0.669137053471
23.289 0 0.669374050693
23.294 0 0.669809376202
23.304 0 0.669504877117
23.314 0 0.669376151571
23.329 0 0.670487105102
23.339 0 0.670911539151
23.344 0 0.671423254865
23.354 0 0.672602113363
23.364 0 0.672833188134
23.373 0 0.673866487361
23.388 0 0.676156980799
23.394 0 0.676681913058
23.408 0 0.678333232817
23.411 0 0.678951024477
23.424 0 0.679627310166
23.436 0 0.681318039467
23.444 0 0.682165776292
23.453 0 0.685544806408
23.461 0 0.686446231723
23.473 0 0.687801119325
23.483 0 0.688659683353
23.498 0 0.689120854824
23.503 0 0.689090806415
23.516 0 0.685283391842
23.524 0 0.68446673016
23.534 0 0.688465172399
23.546 0 0.685552938559
23.555 0 0.688236420214
23.563 0 0.688236420214
23.576 0 0.694653125032
23.593 0 0.693558667181
23.599 0 0.69463406705
23.607 0 0.695021416944
23.612 0 0.698470091553
23.622 0 0.700037109333
23.638 0 0.700588091418
23.643 0 0.7023676298
23.657 0 0.704644323628
23.668 0 0.707369768213
23.683 0 0.709395993455
23.695 0 0.71189636658
23.701 0 0.712537256471
23.707 0 0.712170871796
23.715 0 0.71140205415
23.723 0 0.710479461231
23.734 0 0.710226538314
23.742 0 0.709332244119
23.754 0 0.709866293965
23.764 0 0.709821761757
23.779 0 0.710437931089
23.784 0 0.709907064545
23.792 0 0.709763784868
23.805 0 0.708290328245
23.816 0 0.706560649611
23.824 0 0.706498427114
23.835 0 0.705539389027
23.842 0 0.706588729397
23.854 0 0.706940916902
23.864 0 0.707916787388
23.872 0 0.707684748416
23.884 0 0.707145461583
23.896 0 0.707153730958
23.905 0 0.705903397506
23.912 0 0.705330344816
23.925 0 0.703434692691
23.93 0 0.700640421245
23.94 0 0.700089142193
23.957 0 0.699377931108
23.964 0 0.698086954202
23.976 0 0.696168338675
23.984 0 0.694016070932
23.994 0 0.690251634481
24.009 0 0.68767570846
24.015 0 0.687269206796
24.025 0 0.686631521057
24.033 0 0.686594806529
24.044 0 0.686672032502
24.054 0 0.686071309559
24.066 0 0.685163868971
24.079 0 0.685652311989
24.084 0 0.685610027057
24.098 0 0.687337575016
24.106 0 0.688997717603
24.121 0 0.690222541719
24.129 0 0.690929894858
24.139 0 0.692109060549
24.145 0 0.692290140042
24.156 0 0.692450266656
24.169 0 0.692331203519
24.177 0 0.692189647937
24.187 0 0.692181824683
24.195 0 0.693561980134
24.209 0 0.696743892646
24.216 0 0.696871025332
24.224 0 0.697718915061
24.233 0 0.702435965675
24.242 0 0.706122424223
24.255 0 0.706042070219
24.264 0 0.705617061766
24.274 0 0.706371997255
24.286 0 0.705705885865
24.295 0 0.701672804401
24.305 0 0.703674273386
24.313 0 0.699655144947
24.328 0 0.702603810944
24.333 0 0.70360197707
24.347 0 0.709394073847
24.355 0 0.710314824024
24.367 0 0.709325905501
24.377 0 0.709958515599
24.391 0 0.706199751428
24.399 0 0.706362506472
24.401 0 0.710989466105
24.414 0 0.713606394286
24.423 0 0.715340596225
24.434 0 0.717317554556
24.446 0 0.720698930062
24.453 0 0.723095185431
24.469 0 0.725088673319
24.476 0 0.726021960355
24.484 0 0.727077629856
24.496 0 0.727035904172
24.505 0 0.726691179849
24.519 0 0.72605458596
24.528 0 0.72562881333
24.534 0 0.72562881333
24.542 0 0.723393918591
24.554 0 0.722220680153
24.57 0 0.721623900772
24.576 0 0.720453389896
24.583 0 0.719411894872
24.595 0 0.717758809228
24.609 0 0.716760658615
24.615 0 0.716405995134
24.624 0 0.715649292372
24.635 0 0.713913857074
24.65 0 0.71267475296
24.66 0 0.71242638059
24.666 0 0.711972736767
24.676 0 0.710969381219
24.692 0 0.707922662061
24.703 0 0.706308041532
24.708 0 0.706308041532
24.715 0 0.706308041532
24.724 0 0.703538087119
24.735 0 0.703486856611
24.748 0 0.704295380216
24.756 0 0.705097960394
24.765 0 0.705507293629
24.775 0 0.705652879086
24.784 0 0.705943195749
24.796 0 0.705165226017
24.805 0 0.705765576186
24.815 0 0.707116343175
24.826 0 0.708669963644
24.841 0 0.710242288637
24.85 0 0.711116244847
24.856 0 0.711499782246
24.865 0 0.711040466998
24.879 0 0.71126785463
24.886 0 0.711250845256
24.894 0 0.711250845256
24.905 0 0.714498994843
24.914 0 0.716530216957
24.923 0 0.71795177684
24.935 0 0.719838839467
24.944 0 0.721231801908
24.957 0 0.722944860626
24.965 0 0.724338124851
24.978 0 0.725579129942
24.984 0 0.72858396375
24.997 0 0.730643238207
25.002 0 0.731365171597
25.016 0 0.735326658518
25.025 0 0.736786558113
25.034 0 0.738672257073
25.043 0 0.739177602172
25.052 0 0.738734982093
25.067 0 0.737836482392
25.072 0 0.737403775733
25.085 0 0.739689589252
25.093 0 0.739654423246
25.104 0 0.735207657198
25.116 0 0.739951985059
25.124 0 0.74085504243
25.134 0 0.747670673042
25.142 0 0.74753554324
25.155 0 0.747369456299
25.163 0 0.746924281789
25.176 0 0.744207885559
25.183 0 0.749196481448
25.196 0 0.753693115229
25.201 0 0.754390643497
25.218 0 0.756336606667
25.224 0 0.755851969047
25.236 0 0.756863266749
25.241 0 0.756773418733
25.253 0 0.758296435112
25.265 0 0.759761358096
25.275 0 0.760170873704
25.284 0 0.759423195514
25.294 0 0.758730380849
25.304 0 0.756776674177
25.316 0 0.75677221189
25.323 0 0.755740950487
25.335 0 0.75566640188
25.344 0 0.757641783245
25.354 0 0.756928838561
25.367 0 0.756032565244
25.384 0 0.75596157463
25.391 0 0.754593250032
25.397 0 0.754535269351
25.404 0 0.753860225405
25.42 0 0.753369120416
25.43 0 0.752958412167
25.441 0 0.752732137896
25.452 0 0.752677886105
25.46 0 0.752261891012
25.473 0 0.751062811815
25.485 0 0.750412472825
25.494 0 0.749066027461
25.502 0 0.747291865186
25.51 0 0.746657033597
25.519 0 0.744933157247
25.527 0 0.743147233183
25.535 0 0.741682693634
25.543 0 0.739521214439
25.556 0 0.735739638878
25.574 0 0.732531142478
25.587 0 0.732459401928
25.593 0 0.732533828642
25.596 0 0.732533828642
25.606 0 0.733575448285
25.618 0 0.734688018009
25.626 0 0.735203207759
25.634 0 0.735886560817
25.642 0 0.73613638593
25.655 0 0.736286994355
25.67 0 0.737365644016
25.68 0 0.738505587912
25.687 0 0.739358081222
25.694 0 0.739546021431
25.708 0 0.741198516226
25.715 0 0.741198516226
25.723 0 0.741461217854
25.737 0 0.741128528276
25.743 0 0.741095216487
25.755 0 0.742007999079
25.763 0 0.742477581772
25.772 0 0.743673014505
25.783 0 0.745485704112
25.797 0 0.750401979921
25.805 0 0.749781484546
25.815 0 0.751810864398
25.824 0 0.755066756979
25.834 0 0.756383926688
25.844 0 0.755930514426
25.856 0 0.754013065967
25.866 0 0.755820691628
25.874 0 0.754240282112
25.885 0 0.757605859273
25.894 0 0.757383147719
25.901 0 0.759170329509
25.915 0 0.759587573252
25.924 0 0.76176740347
25.931 0 0.758767331417
25.943 0 0.760342698183
25.955 0 0.76090716014
25.964 0 0.761635016926
25.973 0 0.763704056441
25.984 0 0.764895757825
25.996 0 0.766051719533
26.011 0 0.766488424837
26.017 0 0.766960148506
26.023 0 0.767252816746
26.033 0 0.767007445637
26.044 0 0.773840617998
26.054 0 0.776286378668
26.07 0 0.779037585734
26.075 0 0.780328440216
26.085 0 0.781055798492
26.094 0 0.780311629742
26.109 0 0.780352716628
26.114 0 0.780294446622
26.125 0 0.780594177501
26.134 0 0.780383525252
26.149 0 0.779624746044
26.158 0 0.779972236178
26.164 0 0.779587929211
26.173 0 0.778437752439
26.183 0 0.777523844809
26.194 0 0.777024711979
26.206 0 0.775419092488
26.212 0 0.775029484227
26.225 0 0.772718165804
26.236 0 0.770099481157
26.249 0 0.766849815335
26.256 0 0.766596927572
26.266 0 0.766329569805
26.274 0 0.766018137643
26.285 0 0.763949518615
26.301 0 0.760996216842
26.308 0 0.760222843696
26.314 0 0.760222843696
26.325 0 0.757161565009
26.338 0 0.755174142903
26.349 0 0.752897085825
26.355 0 0.752587782735
26.364 0 0.751422321445
26.372 0 0.750708135608
26.392 0 0.751114096488
26.396 0 0.750404939531
26.404 0 0.750943582182
26.413 0 0.751583313756
26.427 0 0.751191785239
26.436 0 0.749608613443
26.442 0 0.749460892076
26.452 0 0.749554952737
26.464 0 0.751839023467
26.476 0 0.753147455736
26.483 0 0.754680797885
26.494 0 0.755459709738
26.501 0 0.756437220048
26.518 0 0.756827243079
26.529 0 0.756802682297
26.536 0 0.757070380683
26.542 0 0.757630700789
26.557 0 0.761124401824
26.569 0 0.763865029169
26.574 0 0.766059135592
26.583 0 0.765655520968
26.592 0 0.769985225091
26.61 0 0.773703369572
26.616 0 0.771767664606
26.625 0 0.771096136021
26.634 0 0.770228111592
26.642 0 0.769154711896
26.656 0 0.764529507071
26.663 0 0.761367312048
26.672 0 0.767172367721
26.683 0 0.771147318058
26.694 0 0.776912709084
26.705 0 0.77992035682
26.716 0 0.778671142614
26.723 0 0.782700140068
26.734 0 0.785864162894
26.746 0 0.783170749037
26.756 0 0.781731804484
26.763 0 0.783927706904
26.774 0 0.786275414238
26.781 0 0.786686597584
26.794 0 0.787784449087
26.806 0 0.786303608949
26.815 0 0.788116513833
26.825 0 0.789159485705
26.836 0 0.795595468011
26.847 0 0.799680311882
26.854 0 0.799748624762
26.864 0 0.799183202412
26.875 0 0.797613495374
26.889 0 0.797286996882
26.893 0 0.796669911123
26.903 0 0.795975460528
26.917 0 0.796754028548
26.932 0 0.795861405715
26.941 0 0.794692011825
26.946 0 0.79453002723
26.955 0 0.793114831055
26.962 0 0.791105862684
26.977 0 0.790506879896
26.986 0 0.790022326694
26.994 0 0.789928021134
27.008 0 0.789517216156
27.023 0 0.790075359164
27.03 0 0.78951113132
27.039 0 0.788515713673
27.04 0 0.788120397094
27.054 0 0.787353885946
27.063 0 0.787353885946
27.074 0 0.778701864381
27.083 0 0.776377297241
27.094 0 0.774765467803
27.107 0 0.773103755606
27.115 0 0.773038982346
27.126 0 0.771760203139
27.134 0 0.770765245451
27.148 0 0.769840637628
27.153 0 0.769725860368
27.163 0 0.769641357734
27.175 0 0.770149137436
27.186 0 0.7707501992
27.193 0 0.7707501992
27.204 0 0.77229575488
27.216 0 0.772328491029
27.223 0 0.772118883607
27.241 0 0.772550226744
27.253 0 0.773147719591
27.256 0 0.773147719591
27.273 0 0.774960977308
27.28 0 0.775511877024
27.288 0 0.776119745559
27.293 0 0.775919272644
27.304 0 0.775809968526
27.313 0 0.775985370084
27.323 0 0.775660155253
27.333 0 0.777526375548
27.342 0 0.777858237996
27.352 0 0.780082230278
27.365 0 0.7815043095
27.375 0 0.785498450819
27.385 0 0.784533358505
27.395 0 0.788657617758
27.406 0 0.789510172867
27.414 0 0.789736887538
27.423 0 0.788432834641
27.434 0 0.78961856497
27.445 0 0.787248244429
27.454 0 0.788232277838
27.466 0 0.792011702543
27.472 0 0.793990679261
27.481 0 0.794756971193
27.498 0 0.796604701819
27.506 0 0.801588496739
27.52 0 0.801959086587
27.525 0 0.802731358026
27.532 0 0.804651033012
27.544 0 0.806436250566
27.551 0 0.807215046224
27.563 0 0.809177777318
27.575 0 0.810898189267
27.587 0 0.811859610139
27.594 0 0.811441720044
27.602 0 0.810523527096
27.617 0 0.813221117467
27.625 0 0.813940810894
27.636 0 0.814219339334
27.641 0 0.813505137022
27.657 0 0.812877503699
27.663 0 0.812513177931
27.679 0 0.81114498703
27.688 0 0.809974135189
27.696 0 0.809810802643
27.703 0 0.810641201508
27.715 0 0.809174502579
27.73 0 0.809233504217
27.738 0 0.809233504217
27.742 0 0.806662291105
27.753 0 0.808594727753
27.769 0 0.808940483196
27.78 0 0.809223540837
27.787 0 0.809281068726
27.793 0 0.80881383222
27.804 0 0.808481789726
27.814 0 0.807574840544
27.824 0 0.806053669652
27.837 0 0.806015644486
27.84 0 0.804928608289
27.853 0 0.803089601417
27.868 0 0.800581772397
27.873 0 0.800087919206
27.882 0 0.79918114695
27.892 0 0.797996675999
27.901 0 0.796825163161
27.913 0 0.795088553683
27.923 0 0.79357379111
27.933 0 0.792897440712
27.948 0 0.791860522971
27.961 0 0.792423253979
27.966 0 0.792759539067
27.974 0 0.793197651098
27.983 0 0.794062836643
27.996 0 0.794551477717
28.006 0 0.794700528533
28.014 0 0.794755821521
28.025 0 0.795172922665
28.033 0 0.795548348703
28.047 0 0.796680184204
28.057 0 0.796124659283
28.065 0 0.796500319482
28.074 0 0.796091315117
28.085 0 0.794601653001
28.099 0 0.793294236328
28.104 0 0.793531080688
28.113 0 0.794644140568
28.125 0 0.797921646485
28.14 0 0.799160626089
28.145 0 0.799485931737
28.156 0 0.80848375257
28.162 0 0.808757668377
28.175 0 0.80945292006
28.183 0 0.809324161594
28.191 0 0.809324161594
28.205 0 0.807261190727
28.213 0 0.806063298456
28.222 0 0.801747254595
28.237 0 0.800349427246
28.248 0 0.801971933441
28.255 0 0.801614525569
28.267 0 0.803665443252
28.276 0 0.803649770063
28.283 0 0.801055049284
28.295 0 0.800251591586
28.303 0 0.798034024165
28.315 0 0.799486833022
28.325 0 0.796117888331
28.335 0 0.79771746483
28.341 0 0.798537826464
28.356 0 0.801976466664
28.363 0 0.803220378623
28.371 0 0.805310459976
28.385 0 0.805797491909
28.394 0 0.806593687583
28.409 0 0.808377699282
28.415 0 0.807000510925
28.423 0 0.809542499907
28.437 0 0.810204702256
28.446 0 0.808695324839
28.462 0 0.809258259762
28.473 0 0.807466761815
28.479 0 0.808494759558
28.485 0 0.807330369457
28.493 0 0.803793416539
28.505 0 0.801633944116
28.513 0 0.798029278666
28.525 0 0.795922553834
28.533 0 0.794302197973
28.548 0 0.794029571108
28.557 0 0.794155370252
28.564 0 0.794312133479
28.578 0 0.794309914928
28.583 0 0.794570657691
28.6 0 0.795418504481
28.61 0 0.79547047823
28.616 0 0.795677490963
28.625 0 0.794394184059
28.636 0 0.793032376134
28.647 0 0.790760310952
28.655 0 0.789241876287
28.666 0 0.788167483984
28.675 0 0.785825228835
28.684 0 0.783408430533
28.693 0 0.780826705403
28.706 0 0.778459728168
28.715 0 0.776946092265
28.723 0 0.776328141887
28.738 0 0.776416399702
28.749 0 0.777004577329
28.756 0 0.777463885023
28.764 0 0.778341450938
28.777 0 0.779862724863
28.783 0 0.780215378516
28.798 0 0.78165178407
28.803 0 0.782922137322
28.815 0 0.783990299777
28.826 0 0.785594892172
28.83 0 0.786050456189
28.842 0 0.787508645532
28.855 0 0.787653475808
28.864 0 0.789189426689
28.874 0 0.789626420249
28.889 0 0.788645631349
28.896 0 0.787863946046
28.907 0 0.788099314536
28.914 0 0.789483912735
28.924 0 0.791780293794
28.935 0 0.79288745364
28.944 0 0.796396158968
28.953 0 0.797302366285
28.963 0 0.799600474235
28.973 0 0.80079560039
28.984 0 0.800944459219
28.995 0 0.800498012434
29.002 0 0.802639706117
29.015 0 0.79956460493
29.031 0 0.806332122118
29.039 0 0.806905139995
29.046 0 0.807533982812
29.057 0 0.808155221129
29.066 0 0.804859781143
29.084 0 0.807882217611
29.087 0 0.807882217611
29.093 0 0.807882217611
29.109 0 0.814052573963
29.121 0 0.814598292666
29.126 0 0.814598292666
29.136 0 0.82048283538
29.143 0 0.822509633647
29.159 0 0.825480981799
29.169 0 0.826514276351
29.174 0 0.827683889026
29.186 0 0.829127037025
29.195 0 0.830769370506
29.206 0 0.831016911095
29.213 0 0.830895303592
29.223 0 0.829925614642
29.233 0 0.829647884634
29.245 0 0.82790764205
29.256 0 0.826657530039
29.267 0 0.826669860867
29.273 0 0.827780074225
29.286 0 0.828747845155
29.294 0 0.830647890329
29.305 0 0.831896692229
29.315 0 0.832194682833
29.324 0 0.831466917028
29.336 0 0.830140052835
29.343 0 0.830020266763
29.353 0 0.82933744752
29.366 0 0.828465021214
29.377 0 0.826151910268
29.388 0 0.822317019919
29.395 0 0.820981282921
29.405 0 0.819805334463
29.416 0 0.818295468057
29.43 0 0.816312110906
29.439 0 0.814046793368
29.447 0 0.811893222662
29.453 0 0.809794640547
29.472 0 0.807238521928
29.478 0 0.805634660192
29.485 0 0.804976772448
29.494 0 0.802925324468
29.513 0 0.799120452052
29.522 0 0.79997646576
29.532 0 0.800490162879
29.537 0 0.800803143901
29.546 0 0.800862563538
29.554 0 0.80101925225
29.564 0 0.800674853474
29.573 0 0.799783757817
29.584 0 0.799421617351
29.597 0 0.798694729536
29.607 0 0.7990553828
29.615 0 0.799305536894
29.624 0 0.800661343548
29.635 0 0.800528308655
29.645 0 0.800747545383
29.655 0 0.799396548513
29.665 0 0.798090371241
29.676 0 0.797624232214
29.684 0 0.797399978433
29.697 0 0.798149987314
29.708 0 0.799876905796
29.716 0 0.803371565318
29.731 0 0.80755330403
29.735 0 0.80755330403
29.743 0 0.80755330403
29.756 0 0.813316873755
29.769 0 0.816517223931
29.774 0 0.816781815906
29.786 0 0.819951022974
29.792 0 0.817188053981
29.808 0 0.818944340016
29.813 0 0.818944340016
29.824 0 0.818944340016
29.835 0 0.82850910633
29.847 0 0.83204498358
29.856 0 0.833643945454
29.867 0 0.832333721596
29.875 0 0.833911040226
29.884 0 0.833706211965
29.894 0 0.833760617435
29.904 0 0.832858011357
29.919 0 0.83697834117
29.932 0 0.832831386719
29.932 0 0.832695762091
29.946 0 0.830010319175
29.959 0 0.83106520534
29.97 0 0.834469422439
29.981 0 0.839466776101
29.988 0 0.840471982845
29.998 0 0.839637673749
30.007 0 0.838741013803
30.018 0 0.838380207754
30.025 0 0.838192020977
30.035 0 0.837486753827
30.047 0 0.837099469586
30.058 0 0.836831773049
30.065 0 0.837135823602
30.075 0 0.836497774648
30.084 0 0.836469625672
30.093 0 0.83610088593
30.105 0 0.836204365437
30.117 0 0.834591533729
30.132 0 0.833266167511
30.133 0 0.832972598188
30.143 0 0.83119743345
30.157 0 0.827750669122
30.163 0 0.826390656348
30.175 0 0.824832651627
30.185 0 0.823818999557
30.197 0 0.822898780341
30.203 0 0.822730267459
30.218 0 0.821231593897
30.226 0 0.81944863938
30.236 0 0.816330001475
30.242 0 0.816674975745
30.254 0 0.817116516839
30.264 0 0.81633803456
30.277 0 0.81497243326
30.286 0 0.813969031271
30.295 0 0.81189526675
30.307 0 0.812279876977
30.323 0 0.812279876977
30.334 0 0.8156031369
30.34 0 0.816646711212
30.345 0 0.816646711212
30.353 0 0.817489388918
30.364 0 0.818848696441
30.377 0 0.819960070229
30.383 0 0.821273543454
30.393 0 0.822297863988
30.405 0 0.823605432406
30.417 0 0.823571164189
30.423 0 0.825004336421
30.434 0 0.825960194726
30.446 0 0.826748962127
30.451 0 0.826721900808
30.464 0 0.827163893587
30.473 0 0.827070244357
30.488 0 0.826860799986
30.496 0 0.828240563568
30.505 0 0.831905136656
30.512 0 0.833253853524
30.523 0 0.835393522941
30.542 0 0.840142910265
30.543 0 0.840655482596
30.552 0 0.840963152511
30.564 0 0.843550811963
30.574 0 0.846919359311
30.582 0 0.844277959065
30.593 0 0.845767106224
30.604 0 0.849163171904
30.616 0 0.855143931946
30.623 0 0.855028865866
30.635 0 0.860434199226
30.643 0 0.860222986098
30.654 0 0.858890733639
30.664 0 0.859860560997
30.676 0 0.861470417525
30.685 0 0.860712780812
30.698 0 0.859366180697
30.705 0 0.860554994561
30.712 0 0.860131443291
30.727 0 0.859977666725
30.738 0 0.860902414541
30.745 0 0.858481936321
30.753 0 0.858461507721
30.765 0 0.85975303488
30.774 0 0.862696482731
30.784 0 0.86148106134
30.798 0 0.862191644222
30.809 0 0.860935572848
30.819 0 0.86074979945
30.83 0 0.860520277584
30.835 0 0.860520277584
30.843 0 0.860520277584
30.854 0 0.862030992916
30.867 0 0.862030992916
30.872 0 0.862030992916
30.889 0 0.863703445687
30.896 0 0.863374619364
30.907 0 0.861717755578
30.913 0 0.860395842216
30.923 0 0.858104296266
30.936 0 0.85671346222
30.95 0 0.854000531665
30.954 0 0.852996103811
30.967 0 0.852785692239
30.972 0 0.852657338806
30.986 0 0.85212138551
30.992 0 0.851632922368
31.003 0 0.850458687892
31.014 0 0.849436838661
31.028 0 0.848375491083
31.034 0 0.848263308108
31.046 0 0.847530127432
31.056 0 0.846876752404
31.07 0 0.845420272886
31.078 0 0.843422317714
31.081 0 0.843148528826
31.096 0 0.84208384796
31.11 0 0.843258538205
31.119 0 0.844104377583
31.125 0 0.845260068964
31.133 0 0.846205537662
31.149 0 0.847466956645
31.157 0 0.847456890448
31.163 0 0.847252372841
31.174 0 0.846276405641
31.186 0 0.847866362436
31.201 0 0.849689566833
31.205 0 0.850349418148
31.215 0 0.852565569747
31.222 0 0.854058904367
31.235 0 0.854792664022
31.246 0 0.854680186717
31.257 0 0.855773865021
31.261 0 0.856578334087
31.271 0 0.856532516724
31.289 0 0.856017357374
31.298 0 0.85822416827
31.305 0 0.858205623075
31.314 0 0.860732111108
31.323 0 0.865881032879
31.332 0 0.872020028029
31.343 0 0.870120099683
31.355 0 0.873506467768
31.369 0 0.874778253985
31.377 0 0.872792099251
31.383 0 0.876659992512
31.396 0 0.882159805596
31.41 0 0.884942897804
31.415 0 0.885764752842
31.427 0 0.887928144474
31.436 0 0.888443630113
31.448 0 0.887757105202
31.456 0 0.888126966583
31.464 0 0.887406652195
31.476 0 0.889076767617
31.488 0 0.884814256937
31.496 0 0.886956168346
31.507 0 0.887847554299
31.515 0 0.889328031863
31.526 0 0.890257567037
31.542 0 0.889994693698
31.555 0 0.890801395989
31.561 0 0.892647805887
31.567 0 0.89425106966
31.576 0 0.895331070188
31.588 0 0.893330297454
31.602 0 0.89149961782
31.607 0 0.890870893277
31.614 0 0.890604574211
31.625 0 0.891504048978
31.634 0 0.892729018963
31.642 0 0.892719661334
31.653 0 0.894032375075
31.665 0 0.895201309463
31.676 0 0.894593082152
31.681 0 0.894179025699
31.694 0 0.893967907504
31.7 0 0.893318376071
31.715 0 0.892219852827
31.726 0 0.890108106142
31.732 0 0.88890360075
31.742 0 0.885935942961
31.757 0 0.882441960621
31.764 0 0.881896545795
31.772 0 0.88150032078
31.785 0 0.88150032078
31.799 0 0.876222160172
31.802 0 0.875924153735
31.819 0 0.871714322758
31.826 0 0.871886304641
31.839 0 0.871618628826
31.844 0 0.870818654459
31.854 0 0.870258230822
31.864 0 0.869445660503
31.874 0 0.86655780815
31.891 0 0.867389798978
31.891 0 0.867389798978
31.903 0 0.867477459382
31.917 0 0.866747180976
31.926 0 0.866207940057
31.931 0 0.865576909134
31.943 0 0.862886253561
31.956 0 0.862148885801
31.969 0 0.862148885801
31.974 0 0.860740065077
31.991 0 0.862978245563
31.997 0 0.86200447416
32.006 0 0.861052190239
32.017 0 0.860074850728
32.023 0 0.859956900087
32.041 0 0.859621699423
32.046 0 0.860232307146
32.056 0 0.859363062236
32.064 0 0.859358497915
32.081 0 0.863470838012
32.086 0 0.864968069346
32.097 0 0.867873722578
32.105 0 0.869754124029
32.117 0 0.872520906376
32.127 0 0.873132769915
32.14 0 0.873636868118
32.142 0 0.873730974715
32.155 0 0.87646044016
32.17 0 0.876653992789
32.174 0 0.87728636379
32.184 0 0.878039794305
32.193 0 0.879270456263
32.205 0 0.878863814436
32.212 0 0.88184220053
32.23 0 0.885331826738
32.238 0 0.885361623292
32.245 0 0.884227930981
32.256 0 0.887808308966
32.272 0 0.889221419832
32.28 0 0.889872678212
32.289 0 0.891246109951
32.293 0 0.890573891405
32.305 0 0.891408831876
32.314 0 0.893798940467
32.327 0 0.895366656056
32.331 0 0.899199988364
32.345 0 0.90100526761
32.351 0 0.902052500278
32.362 0 0.901688314192
32.374 0 0.900079956464
32.382 0 0.89932410275
32.395 0 0.898281859688
32.406 0 0.897846357494
32.422 0 0.898282807358
32.427 0 0.898286071618
32.444 0 0.897767487193
32.454 0 0.896966343367
32.458 0 0.896966343367
32.465 0 0.896966343367
32.473 0 0.894200661231
32.489 0 0.891661614375
32.501 0 0.890519375447
32.512 0 0.889247112194
32.519 0 0.888162702882
32.523 0 0.88712787999
32.539 0 0.880851350361
32.546 0 0.87942345589
32.553 0 0.878618121916
32.564 0 0.876452836647
32.576 0 0.874054832369
32.586 0 0.873031096105
32.592 0 0.871592835735
32.604 0 0.871611031329
32.616 0 0.871229646859
32.624 0 0.870905745068
32.644 0 0.870221834684
32.65 0 0.868866990144
32.652 0 0.868820980566
32.663 0 0.868086731301
32.677 0 0.86758574115
32.688 0 0.868592206553
32.695 0 0.86839770879
32.706 0 0.86966271715
32.714 0 0.87068466568
32.728 0 0.87073726727
32.738 0 0.87073726727
32.744 0 0.87073726727
32.756 0 0.876558357576
32.763 0 0.87838432414
32.779 0 0.880403926959
32.785 0 0.881208195809
32.795 0 0.882466834337
32.804 0 0.883117391199
32.815 0 0.883452550209
32.823 0 0.884151970384
32.833 0 0.884519248122
32.844 0 0.88535520837
32.855 0 0.887797891209
32.861 0 0.888047693641
32.87 0 0.892265571665
32.884 0 0.893343868616
32.899 0 0.895216983541
32.908 0 0.894290530365
32.917 0 0.894946562297
32.926 0 0.893689569134
32.943 0 0.888570457852
32.955 0 0.891272408065
32.96 0 0.891272408065
32.967 0 0.891272408065
32.976 0 0.89467297697
32.991 0 0.896024974801
33.003 0 0.898073702838
33.007 0 0.898073702838
33.019 0 0.893951988775
33.021 0 0.899317809628
33.032 0 0.903276032917
33.045 0 0.904344976777
33.061 0 0.908556127556
33.065 0 0.908924017679
33.077 0 0.909940663351
33.087 0 0.911763172042
33.093 0 0.912543480263
33.104 0 0.913223292164
33.122 0 0.91526363505
33.133 0 0.916272247338
33.14 0 0.915780473144
33.145 0 0.91485492346
33.154 0 0.913374118126
33.166 0 0.912832421335
33.177 0 0.911851798203
33.186 0 0.911630782841
33.192 0 0.912159612688
33.204 0 0.914253724162
33.22 0 0.914633572084
33.228 0 0.914465433245
33.234 0 0.914478348764
33.246 0 0.914478348764
33.255 0 0.913576400777
33.267 0 0.914072834956
33.277 0 0.914341701212
33.282 0 0.91535021284
33.297 0 0.915946271921
33.305 0 0.914870198737
33.315 0 0.914870198737
33.324 0 0.914870198737
33.337 0 0.908219591182
33.344 0 0.905649343762
33.351 0 0.902856138714
33.369 0 0.898039576228
33.377 0 0.89631888959
33.387 0 0.89442530247
33.399 0 0.891258135188
33.408 0 0.889165965505
33.414 0 0.886960860669
33.425 0 0.884945356579
33.435 0 0.881665590984
33.444 0 0.881597749314
33.453 0 0.881861337747
33.464 0 0.882910096096
33.471 0 0.884229170841
33.483 0 0.88385536569
33.496 0 0.884377469597
33.505 0 0.883461109148
33.513 0 0.883727703987
33.525 0 0.884006645824
33.537 0 0.882789236887
33.547 0 0.884778475159
33.56 0 0.886364038862
33.562 0 0.886710117805
33.573 0 0.887168949111
33.588 0 0.888484120658
33.594 0 0.888753700602
33.608 0 0.888525783633
33.614 0 0.888522540534
33.624 0 0.889418960717
33.638 0 0.89268702879
33.644 0 0.894191951187
33.653 0 0.896474679965
33.664 0 0.895778582445
33.674 0 0.898970623918
33.684 0 0.900755243041
33.695 0 0.902625305947
33.705 0 0.903653043436
33.714 0 0.902084461276
33.727 0 0.901385292427
33.733 0 0.90429575753
33.747 0 0.902939367287
33.754 0 0.905223293866
33.769 0 0.908087567935
33.777 0 0.90999679955
33.784 0 0.916435956892
33.791 0 0.915739494489
33.804 0 0.914545348148
33.813 0 0.914928519736
33.823 0 0.915775247367
33.835 0 0.91866461444
33.844 0 0.919344455163
33.857 0 0.920544732724
33.864 0 0.922157773252
33.875 0 0.921275323038
33.885 0 0.925308955964
33.898 0 0.928591426034
33.908 0 0.930103479972
33.915 0 0.931455254128
33.925 0 0.932164193045
33.943 0 0.931250602783
33.949 0 0.930996164613
33.958 0 0.930846110362
33.963 0 0.930846110362
33.978 0 0.927258555991
33.992 0 0.926309005605
33.998 0 0.926069058662
34.008 0 0.925355663839
34.018 0 0.924918272726
34.028 0 0.924341902027
34.043 0 0.920268860256
34.048 0 0.919707446477
34.056 0 0.917597404624
34.066 0 0.914463848599
34.077 0 0.910977280652
34.087 0 0.908812875218
34.096 0 0.90694719224
34.105 0 0.905733570659
34.116 0 0.904065427801
34.126 0 0.902388569163
34.131 0 0.901244759652
34.143 0 0.899302075959
34.154 0 0.896191925353
34.164 0 0.895721717073
34.176 0 0.89550109231
34.184 0 0.895143969852
34.194 0 0.893956109663
34.206 0 0.893017937363
34.218 0 0.893024071898
34.23 0 0.893510785962
34.238 0 0.894883231458
34.244 0 0.89558894741
34.251 0 0.894738567966
34.266 0 0.896699361385
34.273 0 0.896412477174
34.282 0 0.896154342059
34.294 0 0.895534186572
34.304 0 0.896052761416
34.316 0 0.897189337786
34.324 0 0.897198964343
34.334 0 0.898698673205
34.345 0 0.900089158784
34.355 0 0.901016940968
34.376 0 0.901573671272
34.382 0 0.90229274372
34.388 0 0.90224100785
34.395 0 0.903439016577
34.405 0 0.905704491693
34.421 0 0.908401783359
34.426 0 0.908401783359
34.433 0 0.908401783359
34.445 0 0.915005247045
34.457 0 0.913389332323
34.47 0 0.916963112468
34.477 0 0.918447595572
34.483 0 0.919125721243
34.494 0 0.920582765686
34.509 0 0.919871179286
34.516 0 0.921936774048
34.524 0 0.922888022115
34.532 0 0.922925816575
34.546 0 0.923748683852
34.557 0 0.92353106035
34.567 0 0.921563266487
34.575 0 0.921587162678
34.584 0 0.919046924379
34.6 0 0.922194292798
34.607 0 0.920167316028
34.619 0 0.928580311723
34.627 0 0.930381215742
34.634 0 0.930257856506
34.644 0 0.93267045023
34.658 0 0.93331335896
34.665 0 0.933911473691
34.674 0 0.933911473691
34.685 0 0.937014869296
34.693 0 0.936931989032
34.703 0 0.936804748454
34.717 0 0.936220622597
34.723 0 0.935074757023
34.74 0 0.934017184099
34.749 0 0.934236910716
34.755 0 0.93523940377
34.764 0 0.934663023736
34.775 0 0.93495593924
34.792 0 0.933641343585
34.8 0 0.933090835401
34.808 0 0.932440981584
34.813 0 0.931869163614
34.822 0 0.932592467667
34.836 0 0.933173245932
34.845 0 0.932934199751
34.852 0 0.931015408487
34.863 0 0.930660869102
34.874 0 0.931391319371
34.891 0 0.931411505268
34.896 0 0.931603807889
34.903 0 0.932343601376
34.915 0 0.931278122174
34.927 0 0.929942173847
34.934 0 0.929942173847
34.943 0 0.925962230161
34.954 0 0.923735486181
34.966 0 0.922763538944
34.976 0 0.920955853122
34.982 0 0.919817924962
34.994 0 0.917263778536
35.009 0 0.916935158253
35.017 0 0.917261043229
35.029 0 0.918537997278
35.036 0 0.917649714171
35.043 0 0.916980420652
35.058 0 0.917045140349
35.067 0 0.917272754335
35.073 0 0.917569856477
35.083 0 0.917855986943
35.092 0 0.917944766964
35.102 0 0.918264594561
35.112 0 0.919338751332
35.123 0 0.920194818844
35.136 0 0.921921297449
35.141 0 0.922091829555
35.155 0 0.92150484176
35.162 0 0.92150484176
35.172 0 0.919345423513
35.186 0 0.921620973497
35.2 0 0.922390450266
35.203 0 0.922390450266
35.214 0 0.925344739838
35.226 0 0.928581970865
35.242 0 0.93127227145
35.253 0 0.935787367307
35.26 0 0.933059363289
35.269 0 0.932576473261
35.278 0 0.934268908399
35.286 0 0.934268908399
35.292 0 0.934268908399
35.308 0 0.932721513854
35.315 0 0.932839281521
35.325 0 0.932516437397
35.332 0 0.932689285102
35.346 0 0.936520210761
35.357 0 0.935838794995
35.367 0 0.936992732262
35.374 0 0.940037521844
35.384 0 0.939110267338
35.399 0 0.940282328448
35.403 0 0.941687245184
35.414 0 0.942727441641
35.426 0 0.943192012563
35.435 0 0.943321454007
35.445 0 0.943321454007
35.454 0 0.946149350289
35.463 0 0.946416762787
35.471 0 0.946537231869
35.486 0 0.948126598608
35.494 0 0.94857833671
35.505 0 0.948709012961
35.515 0 0.948390306975
35.529 0 0.946562885995
35.535 0 0.946562885995
35.544 0 0.946562885995
35.553 0 0.947948527416
35.564 0 0.94853300371
35.578 0 0.948587115709
35.583 0 0.947826589192
35.595 0 0.94816967963
35.604 0 0.947577454602
35.613 0 0.946189509658
35.625 0 0.942484576238
35.634 0 0.942484576238
35.645 0 0.941895717589
35.656 0 0.941861634586
35.668 0 0.940727680096
35.679 0 0.939542776192
35.689 0 0.937771413894
35.699 0 0.93626474384
35.71 0 0.934564287495
35.717 0 0.932886306318
35.728 0 0.931288964946
35.735 0 0.929433403688
35.743 0 0.92879040938
35.754 0 0.927921710531
35.765 0 0.926419018448
35.773 0 0.925772217721
35.786 0 0.925119581164
35.796 0 0.923882529325
35.803 0 0.924074913546
35.816 0 0.924953085412
35.822 0 0.925844559636
35.833 0 0.925211176146
35.842 0 0.926223222707
35.856 0 0.925508711882
35.866 0 0.92468095516
35.872 0 0.924980160884
35.881 0 0.925459877413
35.892 0 0.926174607527
35.907 0 0.927852227496
35.916 0 0.929261612594
35.926 0 0.9300101071
35.935 0 0.930303218616
35.944 0 0.929893677311
35.957 0 0.92959910533
35.964 0 0.930713214055
35.974 0 0.934258189759
35.983 0 0.93589701411
35.996 0 0.93741920426
36.006 0 0.942830891697
36.018 0 0.944161894256
36.025 0 0.945223648589
36.036 0 0.946227807073
36.046 0 0.946929976138
36.055 0 0.944250745773
36.069 0 0.943417403058
36.074 0 0.940121772619
36.083 0 0.937147849028
36.1 0 0.941405234877
36.104 0 0.942042227119
36.115 0 0.939113459299
36.126 0 0.937124961419
36.142 0 0.945025940563
36.15 0 0.947917025128
36.156 0 0.954847159511
36.164 0 0.952229262695
36.174 0 0.948239227395
36.184 0 0.949317075318
36.194 0 0.950062829725
36.205 0 0.950240722447
36.215 0 0.947960469408
36.222 0 0.949345319732
36.239 0 0.950580685735
36.249 0 0.953096102289
36.255 0 0.953096102289
36.263 0 0.95872718127
36.274 0 0.959579414054
36.287 0 0.959372530863
36.297 0 0.95834816093
36.309 0 0.958272739415
36.316 0 0.95738241181
36.324 0 0.956970288595
36.335 0 0.957531044116
36.342 0 0.958195403935
36.355 0 0.958465287876
36.365 0 0.957775840881
36.381 0 0.955521006286
36.387 0 0.953888777535
36.395 0 0.953185355509
36.405 0 0.951747811965
36.417 0 0.950699448367
36.429 0 0.949249216913
36.435 0 0.94861764198
36.443 0 0.948426693017
36.457 0 0.947728078436
36.467 0 0.946646915929
36.474 0 0.945928705238
36.483 0 0.944234611517
36.493 0 0.942449069392
36.505 0 0.941461671005
36.516 0 0.940006814172
36.526 0 0.938297043629
36.536 0 0.936231043692
36.544 0 0.934912939244
36.556 0 0.933003664961
36.564 0 0.932008122144
36.577 0 0.929160758703
36.585 0 0.929459946653
36.592 0 0.929984576636
36.607 0 0.932523178873
36.618 0 0.934079699408
36.624 0 0.934659538983
36.64 0 0.934773282454
36.655 0 0.933861462558
36.661 0 0.934276306553
36.67 0 0.934563087273
36.682 0 0.9362249126
36.699 0 0.939300372941
36.704 0 0.939300372941
36.709 0 0.939300372941
36.711 0 0.939300372941
36.725 0 0.940666394115
36.739 0 0.939616560261
36.751 0 0.939697640009
36.754 0 0.939568175104
36.768 0 0.943917950193
36.78 0 0.946001688229
36.788 0 0.948115041295
36.794 0 0.948115041295
36.805 0 0.953077150797
36.815 0 0.95456671289
36.826 0 0.954294861075
36.834 0 0.954294861075
36.845 0 0.957347251715
36.855 0 0.958682230564
36.867 0 0.958807615224
36.877 0 0.95835601084
36.884 0 0.954868683255
36.896 0 0.956923371069
36.903 0 0.958354289971
36.918 0 0.962201185636
36.932 0 0.954610183968
36.941 0 0.961293949493
36.945 0 0.961293949493
36.954 0 0.961293949493
36.966 0 0.961101489371
36.975 0 0.964395109375
36.983 0 0.965858789081
36.991 0 0.966625791846
37.007 0 0.967748999321
37.017 0 0.970979998601
37.021 0 0.970979998601
37.034 0 0.970979998601
37.05 0 0.976072998853
37.053 0 0.976072998853
37.063 0 0.976072998853
37.074 0 0.976060758199
37.09 0 0.974471055264
37.099 0 0.973313619584
37.104 0 0.973313619584
37.112 0 0.973313619584
37.124 0 0.974360139701
37.136 0 0.974001693661
37.148 0 0.974173856282
37.155 0 0.973506809887
37.166 0 0.972723576966
37.175 0 0.971561967319
37.185 0 0.970557279157
37.197 0 0.969445168769
37.201 0 0.969326392768
37.213 0 0.966657741137
37.225 0 0.966082289616
37.237 0 0.965421746203
37.244 0 0.964950624484
37.257 0 0.963739510406
37.267 0 0.962420888142
37.277 0 0.961556143748
37.282 0 0.960518823846
37.294 0 0.959061508531
37.306 0 0.956359102272
37.318 0 0.954074095668
37.329 0 0.952847136216
37.335 0 0.951964400597
37.344 0 0.951026057221
37.354 0 0.949575472436
37.368 0 0.947146908098
37.376 0 0.947008735706
37.383 0 0.946675532551
37.396 0 0.947127088606
37.404 0 0.94628235122
37.417 0 0.944467047769
37.429 0 0.942848570467
37.437 0 0.940379734997
37.443 0 0.939293170002
37.456 0 0.933804796451
37.468 0 0.930727635059
37.473 0 0.929972522892
37.482 0 0.930933021324
37.494 0 0.932644156525
37.504 0 0.934268818863
37.519 0 0.935264830782
37.525 0 0.935946306526
37.537 0 0.936140591298
37.545 0 0.937147375209
37.557 0 0.938336523251
37.565 0 0.941398190218
37.575 0 0.941584123395
37.583 0 0.944077031498
37.594 0 0.947881503085
37.604 0 0.948884099468
37.614 0 0.948821090138
37.621 0 0.945201095263
37.637 0 0.941653638282
37.644 0 0.944602377148
37.654 0 0.944861014801
37.665 0 0.943237456065
37.673 0 0.944595152421
37.682 0 0.950127658642
37.697 0 0.960601715806
37.704 0 0.963657452035
37.716 0 0.964836728982
37.724 0 0.966599735116
37.734 0 0.964739554856
37.746 0 0.965409150357
37.756 0 0.965749992597
37.767 0 0.968415204259
37.773 0 0.969710371833
37.784 0 0.969725184443
37.795 0 0.970786239626
37.804 0 0.971471471241
37.818 0 0.975099788136
37.823 0 0.975121789631
37.832 0 0.977645058218
37.844 0 0.979407491244
37.86 0 0.979187221527
37.872 0 0.979241740785
37.883 0 0.97877916793
37.888 0 0.978284878483
37.891 0 0.978130417107
37.905 0 0.976651043434
37.915 0 0.975655529279
37.926 0 0.974838480266
37.933 0 0.974422993212
37.945 0 0.974036094557
37.96 0 0.974353693698
37.966 0 0.973575912223
37.976 0 0.972577561933
37.99 0 0.969504135517
38.003 0 0.966438265377
38.014 0 0.962064111233
38.022 0 0.960759886791
38.031 0 0.958932840965
38.036 0 0.958468838321
38.042 0 0.957379286808
38.053 0 0.955735183106
38.063 0 0.953183863363
38.075 0 0.95094798133
38.082 0 0.95059585878
38.095 0 0.949446976316
38.102 0 0.949446976316
38.112 0 0.948367474006
38.125 0 0.946728009446
38.138 0 0.94556300146
38.145 0 0.944961035462
38.155 0 0.945531847577
38.16 0 0.945718303922
38.183 0 0.947225377925
38.191 0 0.946926495098
38.199 0 0.946495864565
38.205 0 0.945969359825
38.213 0 0.945896060215
38.225 0 0.946674391481
38.237 0 0.947091088424
38.242 0 0.948070404401
38.255 0 0.949613551795
38.266 0 0.950483267013
38.279 0 0.950698255505
38.283 0 0.950698255505
38.297 0 0.950294605343
38.305 0 0.950448873406
38.321 0 0.95217540453
38.327 0 0.952895882675
38.336 0 0.953472244596
38.343 0 0.954591288261
38.356 0 0.958114454525
38.367 0 0.958928389249
38.372 0 0.960455574592
38.384 0 0.962468469818
38.396 0 0.965743407842
38.407 0 0.968934718178
38.414 0 0.967440056164
38.424 0 0.96934440884
38.434 0 0.969740727087
38.44 0 0.969901977298
38.451 0 0.973287778309
38.464 0 0.976398276757
38.476 0 0.974661012465
38.481 0 0.978969244404
38.494 0 0.986672760014
38.505 0 0.98645978886
38.519 0 0.986421518633
38.526 0 0.986256032273
38.536 0 0.986256032273
38.54 0 0.986256032273
38.555 0 0.986256032273
38.565 0 0.989024844551
38.578 0 0.993266389535
38.584 0 0.992472594631
38.593 0 0.994335962346
38.603 0 0.996974544731
38.618 0 0.998057064509
38.629 0 0.998238739647
38.634 0 0.998238739647
38.642 0 0.998595322134
38.653 0 0.997953111629
38.662 0 0.996811890884
38.674 0 0.995045607121
38.683 0 0.993885285299
38.695 0 0.9931826514
38.704 0 0.993345809119
38.717 0 0.992363420744
38.725 0 0.991574973699
38.735 0 0.990739189418
38.746 0 0.987665688568
38.759 0 0.983940806138
38.772 0 0.981904927067
38.777 0 0.981904927067
38.783 0 0.981904927067
38.797 0 0.977867730267
38.811 0 0.976519729358
38.823 0 0.976451474617
38.83 0 0.976451474617
38.836 0 0.974576553426
38.846 0 0.973321397035
38.853 0 0.972455346173
38.869 0 0.969247334584
38.877 0 0.968449600483
38.887 0 0.96615664487
38.896 0 0.964598891799
38.902 0 0.963445714935
38.912 0 0.962067017444
38.929 0 0.960793114988
38.938 0 0.958863074943
38.95 0 0.959343892616
38.959 0 0.959392378092
38.967 0 0.960362125053
38.972 0 0.961008735561
38.983 0 0.961627039126
38.994 0 0.961535755301
39.003 0 0.961039608461
