time index height
0.0 0 0.0
0.047 0 0.026665429044
0.054 0 0.0299225420098
0.066 0 0.0329943973233
0.075 0 0.0382473710461
0.088 0 0.0434926340559
0.096 0 0.0460635585766
0.108 0 0.0548567296489
0.12 0 0.0612090030385
0.132 0 0.0668239146732
0.142 0 0.0723654054954
0.152 0 0.0777736187616
0.168 0 0.0824927691981
0.176 0 0.0855788370861
0.188 0 0.0873505287807
0.194 0 0.0885877347299
0.199 0 0.0892948013985
0.206 0 0.0900456854176
0.216 0 0.0916000491283
0.227 0 0.0919899867725
0.235 0 0.0925923858163
0.242 0 0.0929499771061
0.251 0 0.0930540271128
0.264 0 0.0928307031584
0.273 0 0.0924094635932
0.282 0 0.0917740884921
0.294 0 0.0894509647767
0.303 0 0.0889294747125
0.317 0 0.0870004600265
0.322 0 0.0863719153346
0.333 0 0.0855181332402
0.342 0 0.0844996506445
0.355 0 0.0826935189388
0.366 0 0.0823415613973
0.376 0 0.0809404318295
0.384 0 0.0789027855357
0.395 0 0.0729133124674
0.413 0 0.0700298218486
0.423 0 0.0647808787615
0.431 0 0.0597492344617
0.44 0 0.0534885683953
0.456 0 0.048081871754
0.463 0 0.0446108419359
0.473 0 0.0382400659614
0.479 0 0.0328788642652
0.494 0 0.0287596200793
0.511 0 0.0281468322887
0.522 0 0.0291114324823
0.522 0 0.0308818211801
0.538 0 0.031462777743
0.544 0 0.0331864007322
0.56 0 0.0341918659316
0.569 0 0.0355627178495
0.577 0 0.0362269679582
0.584 0 0.0374845266624
0.6 0 0.0380583380651
0.611 0 0.0384662425209
0.626 0 0.0395473941994
0.63 0 0.0399460787028
0.64 0 0.0405614636013
0.653 0 0.0406783305929
0.659 0 0.0404812038037
0.665 0 0.0405796224068
0.675 0 0.0408796639244
0.691 0 0.0408795951988
0.698 0 0.0407251691844
0.708 0 0.0410735502587
0.716 0 0.041175599309
0.723 0 0.0414336436828
0.731 0 0.0415479573711
0.74 0 0.0415501475755
0.751 0 0.041469146799
0.764 0 0.0414032267244
0.773 0 0.0411069679777
0.783 0 0.0411069679777
0.788 0 0.0410332396504
0.802 0 0.0406279619346
0.814 0 0.0403689397449
0.817 0 0.0403689397449
0.833 0 0.0391061964509
0.843 0 0.0390876365321
0.854 0 0.0389243146742
0.859 0 0.0389243146742
0.867 0 0.0389243146742
0.879 0 0.038216148846
0.897 0 0.0377648256424
0.911 0 0.0377602079728
0.919 0 0.0379991889175
0.927 0 0.0379991889175
0.951 0 0.0442280467001
0.963 0 0.0464499082075
0.969 0 0.0464499082075
0.979 0 0.0464499082075
1.0 0 0.0536277183296
1.012 0 0.054255241356
1.018 0 0.054255241356
1.029 0 0.055066860659
1.045 0 0.0548113521244
1.056 0 0.0549798771214
1.067 0 0.0551241239304
1.083 0 0.0551865372876
1.094 0 0.055333233486
1.106 0 0.0558317665504
1.116 0 0.0561457922572
1.128 0 0.0565486018234
1.136 0 0.0567758147671
1.146 0 0.0568556529895
1.162 0 0.0565542976626
1.172 0 0.0563700311363
1.181 0 0.0561951750664
1.202 0 0.0564458937412
1.212 0 0.0563964567454
1.217 0 0.0557806546648
1.238 0 0.0542144602169
1.251 0 0.0533210378965
1.261 0 0.0533210378965
1.27 0 0.0514158190372
1.286 0 0.0510265527287
1.294 0 0.0510265527287
1.301 0 0.0510265527287
1.32 0 0.0487923779843
1.326 0 0.048680696106
1.335 0 0.0482116826921
1.345 0 0.0476581300148
1.362 0 0.0467508108539
1.375 0 0.0456669143509
1.387 0 0.0450645150053
1.404 0 0.0461807374462
1.417 0 0.0461807374462
1.428 0 0.047379614294
1.439 0 0.0482512603682
1.449 0 0.0494631828858
1.458 0 0.0503952194575
1.472 0 0.0512324904208
1.486 0 0.0520314804945
1.504 0 0.0519366103561
1.514 0 0.0518974202414
1.523 0 0.0518699975143
1.533 0 0.0518699975143
1.545 0 0.052854188425
1.563 0 0.0531369310273
1.569 0 0.0538193872873
1.588 0 0.054013483576
1.605 0 0.0542239758757
1.623 0 0.0544817945047
1.64 0 0.0542805054058
1.651 0 0.0550320680935
1.66 0 0.0546235915686
1.669 0 0.0545848268607
1.685 0 0.0542241813715
1.694 0 0.0535562508235
1.702 0 0.0534724821389
1.708 0 0.0519064680467
1.717 0 0.0506516252397
1.727 0 0.0500166756705
1.738 0 0.0499601319246
1.749 0 0.0503083480485
1.759 0 0.0551627845817
1.78 0 0.0574223972789
1.789 0 0.0591840956956
1.799 0 0.0626424853255
1.815 0 0.0644033974548
1.822 0 0.0654942822521
1.833 0 0.0666953777686
1.841 0 0.0667140799674
1.853 0 0.0673936348657
1.863 0 0.0682900814034
1.87 0 0.0687106393395
1.879 0 0.0692389727213
1.89 0 0.0695073321112
1.899 0 0.0708246261936
1.917 0 0.0708246261936
1.921 0 0.0708246261936
1.927 0 0.0708246261936
1.937 0 0.0727427481981
1.952 0 0.0728169932071
1.957 0 0.0728169932071
1.963 0 0.0728169932071
1.967 0 0.0727274484644
1.976 0 0.0729469496431
1.989 0 0.0735486336944
2.007 0 0.0735756070006
2.015 0 0.0739130536479
2.023 0 0.0741343861939
2.049 0 0.0739654304521
2.059 0 0.0731510412166
2.07 0 0.072676581365
2.079 0 0.0711552680966
2.093 0 0.0693740302151
2.1 0 0.0688824619219
2.109 0 0.0685008855115
2.116 0 0.0682336919488
2.133 0 0.0676173548978
2.146 0 0.0672744816544
2.156 0 0.0671469359495
2.165 0 0.0667802883383
2.182 0 0.0662214959304
2.189 0 0.0652639370964
2.198 0 0.0652639370964
2.204 0 0.0652639370964
2.21 0 0.062989640461
2.225 0 0.0607677686646
2.234 0 0.061085132209
2.243 0 0.0615562077407
2.251 0 0.0615562077407
2.268 0 0.0639443492203
2.277 0 0.0645498643487
2.288 0 0.0650697252542
2.299 0 0.0658393697408
2.312 0 0.0669551223305
2.323 0 0.0676713476291
2.331 0 0.0678073563661
2.347 0 0.0683846603921
2.354 0 0.0683846603921
2.361 0 0.0701373486995
2.371 0 0.0707781885587
2.38 0 0.0707781885587
2.386 0 0.0707781885587
2.401 0 0.0736076739818
2.411 0 0.0743766270385
2.422 0 0.0756361158692
2.432 0 0.0762919665048
2.449 0 0.0789388810683
2.46 0 0.0791025320739
2.47 0 0.0800250348643
2.483 0 0.0811073830123
2.498 0 0.0813513624075
2.503 0 0.0813513624075
2.515 0 0.0826395589683
2.524 0 0.082693693511
2.547 0 0.0838926176683
2.558 0 0.0845684380707
2.561 0 0.0848004416037
2.571 0 0.0855235275587
2.584 0 0.0869493768127
2.601 0 0.0872299567517
2.609 0 0.088031300378
2.619 0 0.0887209335515
2.63 0 0.0904309486028
2.644 0 0.0904309486028
2.653 0 0.0904309486028
2.665 0 0.0947066775025
2.677 0 0.0957434601103
2.689 0 0.0958350485703
2.695 0 0.0958651622635
2.707 0 0.0958651622635
2.713 0 0.0958651622635
2.723 0 0.0955902467089
2.737 0 0.0957105063575
2.751 0 0.0949266871891
2.765 0 0.0953444563217
2.779 0 0.0956784312429
2.791 0 0.0954645255039
2.799 0 0.0951605938464
2.811 0 0.0950059232956
2.822 0 0.0935254361595
2.84 0 0.0934983428546
2.847 0 0.0935990969774
2.856 0 0.0938511280006
2.87 0 0.0940483000668
2.88 0 0.0939960767227
2.897 0 0.093232201575
2.916 0 0.092970057241
2.926 0 0.0926098454231
2.947 0 0.0919294959928
2.961 0 0.0903229022402
2.974 0 0.0887163980368
2.992 0 0.0887163980368
3.001 0 0.0876804483006
3.012 0 0.0875326479679
3.02 0 0.0873723636488
3.039 0 0.086605154689
3.048 0 0.0860372819919
3.056 0 0.0859311884619
3.067 0 0.0859913659445
3.082 0 0.0866640418297
3.092 0 0.0865698044685
3.106 0 0.0886360322115
3.116 0 0.0902473468695
3.138 0 0.0947932750959
3.144 0 0.0949637034595
3.153 0 0.0999765119119
3.17 0 0.10071837024
3.178 0 0.104387113265
3.185 0 0.105548617978
3.198 0 0.109093364273
3.217 0 0.111460749765
3.233 0 0.113117793015
3.241 0 0.113286523987
3.25 0 0.113815968624
3.26 0 0.114438858938
3.271 0 0.11560791592
3.281 0 0.115427228683
3.289 0 0.116138036686
3.299 0 0.117423570062
3.313 0 0.118714018787
3.328 0 0.120653496394
3.338 0 0.121571959548
3.35 0 0.123071337024
3.365 0 0.123071337024
3.373 0 0.125052396687
3.387 0 0.125731532376
3.391 0 0.126473865405
3.411 0 0.126788807483
3.421 0 0.126788807483
3.425 0 0.127597249754
3.429 0 0.127587871699
3.439 0 0.127778327027
3.457 0 0.128817568402
3.468 0 0.130057849114
3.48 0 0.130642200548
3.49 0 0.131453150432
3.501 0 0.132444050301
3.508 0 0.133444140967
3.521 0 0.134367762148
3.526 0 0.135393506188
3.546 0 0.136071902672
3.553 0 0.136788953379
3.568 0 0.138162118668
3.568 0 0.138891948654
3.588 0 0.138951488328
3.597 0 0.138951488328
3.607 0 0.141679619701
3.624 0 0.143646043255
3.635 0 0.143646043255
3.64 0 0.143646043255
3.654 0 0.145804886041
3.664 0 0.145743881136
3.68 0 0.145743881136
3.688 0 0.14557586976
3.698 0 0.145844175833
3.708 0 0.146111924859
3.718 0 0.146896289365
3.731 0 0.147299427388
3.745 0 0.147733359852
3.758 0 0.148204867272
3.767 0 0.14787228343
3.779 0 0.14816841239
3.79 0 0.147483826545
3.802 0 0.147733152579
3.813 0 0.147670070481
3.821 0 0.147670070481
3.827 0 0.146753982941
3.837 0 0.146012736957
3.859 0 0.144088772424
3.872 0 0.143257038575
3.882 0 0.143429942415
3.901 0 0.143944673443
3.909 0 0.144757211761
3.914 0 0.144757211761
3.93 0 0.147783444606
3.945 0 0.147783444606
3.951 0 0.147783444606
3.961 0 0.151863954608
3.974 0 0.153815806911
3.996 0 0.153675438889
4.002 0 0.153675438889
4.013 0 0.1558659189
4.026 0 0.158401099209
4.039 0 0.158401099209
4.052 0 0.160814158896
4.062 0 0.161786184318
4.074 0 0.163316626916
4.095 0 0.164423250984
4.104 0 0.164454245194
4.112 0 0.165574676938
4.126 0 0.166304629491
4.139 0 0.167571383502
4.149 0 0.168466274525
4.16 0 0.169519345759
4.181 0 0.169937723279
4.189 0 0.170003929021
4.199 0 0.169987871681
4.213 0 0.169770967186
4.227 0 0.169480285695
4.23 0 0.169395342185
4.242 0 0.169265723278
4.255 0 0.168975320956
4.272 0 0.169091365856
4.28 0 0.169756681432
4.292 0 0.170446083464
4.301 0 0.171292719077
4.318 0 0.172843400282
4.329 0 0.173670517673
4.335 0 0.174297005967
4.347 0 0.175435671777
4.363 0 0.175924667881
4.369 0 0.175924667881
4.379 0 0.177585377593
4.396 0 0.177933673732
4.404 0 0.177972004162
4.414 0 0.177972004162
4.419 0 0.179154484284
4.431 0 0.179293991918
4.445 0 0.180082765862
4.458 0 0.180150200222
4.466 0 0.18035798986
4.473 0 0.180488831837
4.479 0 0.18090124241
4.489 0 0.180648850525
4.503 0 0.180147200998
4.51 0 0.179890851852
4.522 0 0.179146941652
4.53 0 0.178562921834
4.544 0 0.176977897915
4.551 0 0.175022019069
4.561 0 0.172932024344
4.573 0 0.17098538105
4.587 0 0.16857521464
4.593 0 0.1673239221
4.603 0 0.164687979591
4.615 0 0.163102702113
4.628 0 0.159612929818
4.634 0 0.158111444728
4.646 0 0.157056530168
4.656 0 0.155326352494
4.669 0 0.15454843769
4.682 0 0.152715583734
4.697 0 0.151323184616
4.706 0 0.151323184616
4.716 0 0.152665476997
4.724 0 0.152039515891
4.735 0 0.15403957608
4.75 0 0.153186295656
4.756 0 0.153186295656
4.762 0 0.156886807612
4.772 0 0.157384257009
4.785 0 0.16043477022
4.798 0 0.161326279641
4.807 0 0.162092768976
4.816 0 0.162844294421
4.824 0 0.162856058308
4.839 0 0.163168191995
4.846 0 0.16420819963
4.852 0 0.162417843753
4.86 0 0.163029703205
4.871 0 0.160304397884
4.884 0 0.155693782509
4.896 0 0.153993099853
4.906 0 0.152474789234
4.918 0 0.149226831266
4.934 0 0.148150183293
4.944 0 0.146817818901
4.955 0 0.145414803709
4.965 0 0.143334896262
4.979 0 0.138288943651
4.999 0 0.135484130945
5.01 0 0.133743521037
5.017 0 0.133743521037
5.023 0 0.133743521037
5.04 0 0.126731805289
5.047 0 0.126788763382
5.054 0 0.127207358144
5.062 0 0.127207358144
5.068 0 0.129388739904
5.083 0 0.132571900652
5.097 0 0.136696861982
5.107 0 0.138195681049
5.119 0 0.140499289309
5.134 0 0.142677148905
5.148 0 0.142883084693
5.154 0 0.142914951496
5.169 0 0.1434729061
5.187 0 0.14527243092
5.198 0 0.147914994517
5.207 0 0.148903147409
5.221 0 0.151302281961
5.229 0 0.151628878062
5.24 0 0.152668617266
5.246 0 0.152668617266
5.248 0 0.15668270277
5.265 0 0.156975345451
5.28 0 0.15824640527
5.287 0 0.159210876162
5.298 0 0.159532987428
5.315 0 0.160668614183
5.33 0 0.161848434932
5.339 0 0.162438598368
5.352 0 0.165340534533
5.361 0 0.167326968092
5.375 0 0.168364847039
5.38 0 0.172538964016
5.402 0 0.173679230209
5.412 0 0.174389920003
5.416 0 0.175954832362
5.428 0 0.179431622236
5.446 0 0.181187226018
5.457 0 0.184061187431
5.466 0 0.184448619104
5.487 0 0.188557099881
5.5 0 0.188986363447
5.512 0 0.191850191229
5.524 0 0.194645024944
5.538 0 0.193813889695
5.538 0 0.195724730332
5.545 0 0.195948814166
5.554 0 0.196121792608
5.572 0 0.195201450517
5.582 0 0.196913198269
5.596 0 0.195475955537
5.606 0 0.199685820008
5.614 0 0.198231925537
5.629 0 0.196310807309
5.636 0 0.19464303099
5.646 0 0.192785486285
5.661 0 0.191344814001
5.671 0 0.191344814001
5.68 0 0.18733990356
5.689 0 0.183911584521
5.716 0 0.179459041522
5.724 0 0.177444751387
5.732 0 0.176760236237
5.739 0 0.176408465697
5.75 0 0.17454435591
5.75 0 0.17454435591
5.765 0 0.172310979081
5.775 0 0.169299441834
5.785 0 0.168134682984
5.799 0 0.168263880623
5.804 0 0.167923771502
5.811 0 0.168206251945
5.821 0 0.1698358698
5.834 0 0.170682157073
5.848 0 0.17299715326
5.856 0 0.17431254212
5.868 0 0.176846464725
5.868 0 0.177887797751
5.887 0 0.181846050574
5.895 0 0.186429389836
5.905 0 0.188448313045
5.914 0 0.191934865273
5.925 0 0.194819050998
5.929 0 0.195715045836
5.942 0 0.19854459676
5.951 0 0.200536008604
5.966 0 0.203324582517
5.976 0 0.204509184945
5.982 0 0.205545088614
5.994 0 0.206957070515
6.008 0 0.208362515296
6.018 0 0.20945782509
6.023 0 0.209787772181
6.033 0 0.208131264876
6.039 0 0.207655950052
6.054 0 0.206941789873
6.074 0 0.209827865474
6.081 0 0.210702835297
6.093 0 0.20973656604
6.106 0 0.210336627824
6.118 0 0.209672302589
6.125 0 0.209346206191
6.139 0 0.210384585344
6.152 0 0.20907326371
6.162 0 0.210606649194
6.176 0 0.212442393825
6.197 0 0.213881349975
6.204 0 0.213881349975
6.208 0 0.213881349975
6.216 0 0.21599624097
6.233 0 0.217587181448
6.238 0 0.217587181448
6.247 0 0.222144547029
6.258 0 0.22214274372
6.27 0 0.221871854659
6.278 0 0.220397010794
6.288 0 0.222356488056
6.296 0 0.222503168634
6.307 0 0.220149052899
6.318 0 0.219873256387
6.325 0 0.219666506136
6.336 0 0.221681008534
6.347 0 0.221681008534
6.363 0 0.225240145433
6.369 0 0.225240145433
6.374 0 0.225240145433
6.386 0 0.222629387953
6.403 0 0.220214354566
6.412 0 0.217783679213
6.424 0 0.216199406352
6.433 0 0.215577723276
6.445 0 0.213312326464
6.459 0 0.210174451204
6.466 0 0.210679373602
6.477 0 0.209475277035
6.487 0 0.208113300671
6.499 0 0.201435625443
6.513 0 0.191037919342
6.527 0 0.186549097991
6.55 0 0.176030878936
6.557 0 0.174583695547
6.565 0 0.170585520196
6.574 0 0.167975424543
6.582 0 0.165497784425
6.598 0 0.162058680925
6.608 0 0.160661773988
6.618 0 0.159545801248
6.629 0 0.156872692447
6.641 0 0.156872692447
6.649 0 0.152314483565
6.659 0 0.15112866426
6.668 0 0.147972787644
6.684 0 0.147972787644
6.692 0 0.143125624192
6.705 0 0.142140456981
6.719 0 0.140494419342
6.727 0 0.140026525941
6.732 0 0.140026525941
6.74 0 0.140026525941
6.749 0 0.135165671249
6.776 0 0.132505961975
6.786 0 0.132086649053
6.798 0 0.131447349381
6.824 0 0.129993386904
6.825 0 0.129943399426
6.84 0 0.130132784134
6.845 0 0.130199352727
6.845 0 0.130679100104
6.869 0 0.129944004563
6.879 0 0.129944004563
6.9 0 0.127203577466
6.921 0 0.127318457287
6.932 0 0.127141531839
6.941 0 0.12692506488
6.953 0 0.127872537766
6.967 0 0.128451647281
6.976 0 0.128348681019
6.985 0 0.129018286683
6.995 0 0.129354961194
7.005 0 0.129634940853
7.019 0 0.129915323267
7.03 0 0.131000247505
7.034 0 0.131287324165
7.038 0 0.132077021899
7.053 0 0.132777754261
7.059 0 0.134987127418
7.066 0 0.134987127418
7.074 0 0.134987127418
7.085 0 0.135501176314
7.101 0 0.140141574475
7.108 0 0.142926028688
7.117 0 0.14507595786
7.134 0 0.150574533043
7.147 0 0.154167166286
7.154 0 0.15639900663
7.162 0 0.157975855897
7.174 0 0.160695568268
7.183 0 0.162826906972
7.192 0 0.164852545109
7.204 0 0.165633648507
7.218 0 0.165404134461
7.227 0 0.165112027535
7.237 0 0.164628233572
7.248 0 0.164058053328
7.265 0 0.163936614769
7.274 0 0.16387405857
7.283 0 0.16447933199
7.29 0 0.165643231094
7.301 0 0.165265707583
7.318 0 0.164478577102
7.332 0 0.16200992055
7.352 0 0.161695011492
7.361 0 0.157753381418
7.37 0 0.157146981768
7.37 0 0.157146981768
7.383 0 0.153326176913
7.397 0 0.151906206879
7.402 0 0.150747711322
7.409 0 0.150030324801
7.421 0 0.148797369679
7.427 0 0.1479075835
7.439 0 0.146697995019
7.443 0 0.146143362902
7.456 0 0.14562308797
7.467 0 0.146445754173
7.475 0 0.147075196506
7.487 0 0.147644753067
7.5 0 0.14876302279
7.506 0 0.148856252262
7.519 0 0.149445507862
7.527 0 0.149452845043
7.535 0 0.149347353255
7.55 0 0.149407577054
7.562 0 0.150090916082
7.569 0 0.150769518556
7.578 0 0.150571749647
7.595 0 0.150435449392
7.602 0 0.149971603904
7.609 0 0.148615728852
7.617 0 0.146753362926
7.636 0 0.144687800543
7.64 0 0.143782444234
7.652 0 0.142772855278
7.659 0 0.140046049468
7.679 0 0.1390817615
7.686 0 0.1390817615
7.687 0 0.1390817615
7.696 0 0.1390817615
7.707 0 0.1390817615
7.72 0 0.141418878143
7.729 0 0.142260911692
7.738 0 0.142934452013
7.749 0 0.142918065237
7.758 0 0.142960347932
7.769 0 0.145009975208
7.779 0 0.145289678953
7.786 0 0.146449005223
7.797 0 0.147312366244
7.81 0 0.14827439621
7.816 0 0.149270129831
7.829 0 0.151316752086
7.836 0 0.15371207373
7.848 0 0.155131145226
7.861 0 0.158049064368
7.866 0 0.157614238988
7.876 0 0.159330914329
7.89 0 0.161613192428
7.898 0 0.163937127997
7.908 0 0.167343453912
7.919 0 0.170363360884
7.934 0 0.170663674981
7.938 0 0.170663674981
7.946 0 0.173784641421
7.957 0 0.173424216636
7.967 0 0.178559301501
7.979 0 0.18085004903
7.987 0 0.180418594286
7.999 0 0.182464890728
8.009 0 0.183330633456
8.022 0 0.183285641503
8.027 0 0.183159714775
8.036 0 0.182289261448
8.051 0 0.180078190159
8.06 0 0.177434985615
8.069 0 0.176722708416
8.077 0 0.175221507039
8.086 0 0.173629880117
8.094 0 0.173629880117
8.11 0 0.16450135436
8.123 0 0.162830455328
8.128 0 0.160398461431
8.139 0 0.15745843269
8.15 0 0.151462842998
8.166 0 0.145708665209
8.173 0 0.142869034401
8.177 0 0.140041876299
8.185 0 0.13801517124
8.196 0 0.136634708096
8.206 0 0.136502975359
8.216 0 0.137117334356
8.226 0 0.139251518731
8.242 0 0.142737132986
8.25 0 0.142737132986
8.258 0 0.142737132986
8.268 0 0.146915745028
8.279 0 0.147585610998
8.294 0 0.14787019316
8.299 0 0.148127978079
8.308 0 0.14930421951
8.319 0 0.14995793981
8.323 0 0.150201567306
8.338 0 0.150349552027
8.346 0 0.151284431487
8.357 0 0.151746359714
8.367 0 0.152697734298
8.379 0 0.152920747579
8.386 0 0.153299839053
8.393 0 0.153464457866
8.404 0 0.152263565452
8.416 0 0.151868346316
8.428 0 0.153212337983
8.437 0 0.153332909011
8.449 0 0.152685629077
8.463 0 0.152326640859
8.47 0 0.152165655773
8.476 0 0.152165655773
8.485 0 0.153232173804
8.502 0 0.15489157667
8.51 0 0.155518327401
8.518 0 0.156326651095
8.529 0 0.15645664907
8.546 0 0.158615443107
8.551 0 0.158615443107
8.559 0 0.158615443107
8.569 0 0.16212454486
8.58 0 0.163555202957
8.588 0 0.164954180954
8.597 0 0.168799442357
8.613 0 0.170228700678
8.62 0 0.171862954893
8.633 0 0.176218778004
8.645 0 0.178454714825
8.647 0 0.179082875212
8.654 0 0.179232583832
8.664 0 0.1829703139
8.682 0 0.183950066877
8.687 0 0.183755495674
8.7 0 0.18415006813
8.706 0 0.184217913091
8.716 0 0.18274068026
8.73 0 0.186477236918
8.74 0 0.187783914048
8.749 0 0.189872335131
8.758 0 0.191262366042
8.773 0 0.192700223581
8.783 0 0.195196370658
8.786 0 0.194687093915
8.795 0 0.194972695296
8.809 0 0.193076574097
8.817 0 0.19095803042
8.825 0 0.191013651389
8.836 0 0.189029843212
8.843 0 0.185976341338
8.86 0 0.182972472595
8.867 0 0.179721324601
8.879 0 0.17669953383
8.89 0 0.17570244544
8.896 0 0.175189796301
8.908 0 0.169256708945
8.915 0 0.168009063357
8.925 0 0.161221010628
8.943 0 0.157857571019
8.949 0 0.155544412173
8.962 0 0.153018595578
8.973 0 0.151656739356
8.99 0 0.15162185144
8.998 0 0.152689351861
9.024 0 0.155244883281
9.034 0 0.155850071826
9.044 0 0.157432708913
9.064 0 0.158616550274
9.073 0 0.158535627119
9.082 0 0.157777389218
9.092 0 0.156688039057
9.107 0 0.156610415306
9.117 0 0.156777441024
9.122 0 0.156777441024
9.133 0 0.156777441024
9.15 0 0.159874404729
9.166 0 0.16111818438
9.178 0 0.161926582072
9.19 0 0.162410809645
9.201 0 0.162410809645
9.209 0 0.163464637612
9.215 0 0.162791591035
9.225 0 0.162198575667
9.236 0 0.16102152527
9.251 0 0.16066327513
9.259 0 0.16066327513
9.266 0 0.161660294602
9.278 0 0.162194401757
9.294 0 0.164341317995
9.302 0 0.165952697012
9.314 0 0.167914801849
9.323 0 0.168851011185
9.331 0 0.172148174919
9.346 0 0.172378751671
9.353 0 0.174796836624
9.359 0 0.175485276735
9.367 0 0.177702160289
9.376 0 0.177297822261
9.386 0 0.178157067722
9.397 0 0.179201147798
9.407 0 0.179786547183
9.415 0 0.182487727812
9.436 0 0.183970994536
9.44 0 0.183970994536
9.448 0 0.183970994536
9.454 0 0.18557470254
9.47 0 0.18557470254
9.486 0 0.187888057616
9.494 0 0.192576668301
9.502 0 0.191777335231
9.509 0 0.193323828798
9.517 0 0.193323828798
9.528 0 0.197613168563
9.539 0 0.202642493667
9.548 0 0.203152042522
9.554 0 0.203590585301
9.562 0 0.204862712752
9.573 0 0.204987899037
9.582 0 0.207726696696
9.593 0 0.20193650305
9.606 0 0.205647431528
9.614 0 0.206681301642
9.621 0 0.20514554023
9.634 0 0.207385295541
9.647 0 0.20676197799
9.655 0 0.204927814652
9.665 0 0.203685379502
9.677 0 0.201850624108
9.686 0 0.199645064733
9.703 0 0.196917036926
9.713 0 0.19650935063
9.716 0 0.195444776582
9.723 0 0.193848174581
9.736 0 0.193187108648
9.749 0 0.193224824957
9.757 0 0.19305163205
9.765 0 0.193058149891
9.773 0 0.193502181267
9.784 0 0.193742335229
9.797 0 0.194714594243
9.807 0 0.196165850432
9.816 0 0.194020699069
9.824 0 0.194386415085
9.84 0 0.19513332111
9.847 0 0.19513332111
9.858 0 0.197080518387
9.866 0 0.198573144904
9.886 0 0.200371420713
9.896 0 0.201681594212
9.906 0 0.201573671202
9.927 0 0.201514512151
9.934 0 0.201514512151
9.946 0 0.201514512151
9.961 0 0.200104447903
9.977 0 0.198903541628
9.985 0 0.197244134997
10.003 0 0.196235151706
10.009 0 0.196523397482
10.018 0 0.19621483147
10.028 0 0.196483565887
10.035 0 0.198312649255
10.046 0 0.198625673885
10.046 0 0.198625673885
10.055 0 0.198625673885
10.063 0 0.198625673885
10.074 0 0.203605307209
10.085 0 0.204949467565
10.096 0 0.207611926287
10.104 0 0.21034160418
10.114 0 0.21394416701
10.126 0 0.215544118381
10.132 0 0.216406050148
10.145 0 0.219405604029
10.154 0 0.218087976674
10.163 0 0.218927950692
10.174 0 0.219090159229
10.185 0 0.221085970972
10.197 0 0.221757669067
10.202 0 0.221757669067
10.217 0 0.225979567562
10.226 0 0.228163416733
10.241 0 0.22839360467
10.247 0 0.230526926927
10.256 0 0.232628537138
10.269 0 0.233232355353
10.28 0 0.233232355353
10.29 0 0.233232355353
10.301 0 0.237197728518
10.318 0 0.238242023184
10.327 0 0.238456365768
10.337 0 0.238754545785
10.341 0 0.238754545785
10.354 0 0.239924450298
10.362 0 0.23922717723
10.37 0 0.238250037715
10.38 0 0.238263440803
10.386 0 0.23745768993
10.395 0 0.23745768993
10.404 0 0.23745768993
10.419 0 0.233635024358
10.431 0 0.232487425708
10.445 0 0.231926761455
10.45 0 0.231926761455
10.456 0 0.231926761455
10.47 0 0.229768009283
10.482 0 0.230302059341
10.492 0 0.230302059341
10.496 0 0.230302059341
10.509 0 0.233680095484
10.514 0 0.233383330687
10.53 0 0.234247283018
10.537 0 0.235967933839
10.543 0 0.236998621005
10.561 0 0.240892797468
10.574 0 0.241571899347
10.581 0 0.240227159817
10.591 0 0.237522605672
10.601 0 0.236460527701
10.609 0 0.2329911074
10.622 0 0.228463034024
10.63 0 0.224600986391
10.652 0 0.220784975916
10.657 0 0.218405173021
10.663 0 0.216517034277
10.677 0 0.210421595399
10.696 0 0.207528531236
10.704 0 0.205805214337
10.712 0 0.202969543159
10.729 0 0.19500871917
10.742 0 0.190411016994
10.75 0 0.187221768256
10.763 0 0.181470836234
10.769 0 0.181470836234
10.781 0 0.181318721354
10.792 0 0.183016456368
10.804 0 0.184206109276
10.817 0 0.185038205209
10.824 0 0.185038205209
10.83 0 0.185038205209
10.839 0 0.190280044686
10.856 0 0.194555814716
10.868 0 0.195674314969
10.879 0 0.198700501878
10.889 0 0.201120211343
10.904 0 0.204402691183
10.922 0 0.205340526071
10.928 0 0.205594052433
10.94 0 0.209578527289
10.957 0 0.209425585178
10.965 0 0.211975637766
10.974 0 0.217234591907
10.988 0 0.217613843896
11.006 0 0.221055453853
11.022 0 0.21754976916
11.033 0 0.218511793539
11.056 0 0.218584705745
11.063 0 0.218584705745
11.069 0 0.221171757143
11.093 0 0.213321560047
11.101 0 0.213321560047
11.111 0 0.232813291553
11.119 0 0.235372011922
11.13 0 0.237629842624
11.145 0 0.240026863903
11.156 0 0.243661285226
11.165 0 0.249644871337
11.177 0 0.248261590416
11.19 0 0.248261590416
11.2 0 0.246042272472
11.208 0 0.245427890323
11.226 0 0.242626248689
11.234 0 0.240203728124
11.242 0 0.239485071207
11.249 0 0.23763555799
11.262 0 0.23763555799
11.268 0 0.23763555799
11.28 0 0.233919813774
11.292 0 0.23276747993
11.299 0 0.232528451577
11.31 0 0.23171271825
11.319 0 0.231396050837
11.327 0 0.23061174209
11.337 0 0.23016208483
11.354 0 0.230051799668
11.37 0 0.229490882525
11.381 0 0.229490882525
11.39 0 0.225136287265
11.399 0 0.225136287265
11.41 0 0.225136287265
11.421 0 0.219732739499
11.429 0 0.219732739499
11.439 0 0.215714841622
11.448 0 0.213753459181
11.468 0 0.212065430994
11.482 0 0.209615765536
11.5 0 0.207363612415
11.518 0 0.207363612415
11.523 0 0.207363612415
11.523 0 0.207363612415
11.544 0 0.199693655896
11.557 0 0.199423070485
11.564 0 0.199433296173
11.575 0 0.19957283869
11.583 0 0.200439916206
11.591 0 0.201674786908
11.606 0 0.20332584427
11.612 0 0.203472173247
11.612 0 0.203472173247
11.622 0 0.206700508181
11.637 0 0.209415077174
11.646 0 0.210235394164
11.659 0 0.211332018894
11.67 0 0.211933505952
11.68 0 0.21205715931
11.69 0 0.214552685251
11.703 0 0.214552685251
11.71 0 0.214552685251
11.724 0 0.221993740033
11.742 0 0.225764696816
11.757 0 0.228467776197
11.772 0 0.230606112962
11.789 0 0.233592874025
11.801 0 0.22833291593
11.809 0 0.232923407712
11.826 0 0.235740235777
11.833 0 0.237185079234
11.845 0 0.237980681909
11.86 0 0.240918997631
11.875 0 0.241491562445
11.882 0 0.244490041133
11.892 0 0.24409707174
11.905 0 0.24409707174
11.918 0 0.257285277155
11.926 0 0.257565288106
11.937 0 0.258111112092
11.943 0 0.257985163733
11.954 0 0.257989599019
11.966 0 0.257989599019
11.979 0 0.255074614279
11.996 0 0.254137032763
12.011 0 0.252706259805
12.019 0 0.251130163812
12.028 0 0.249209221838
12.04 0 0.246471760364
12.056 0 0.245062955579
12.065 0 0.244476553034
12.072 0 0.244545406981
12.081 0 0.244694504831
12.092 0 0.24620501515
12.104 0 0.246793907822
12.111 0 0.247438329432
12.118 0 0.247730111528
12.129 0 0.247614879738
12.141 0 0.247426006505
12.157 0 0.24707238082
12.162 0 0.24707238082
12.171 0 0.245141027747
12.179 0 0.243880659729
12.194 0 0.241561322273
12.205 0 0.240681705817
12.212 0 0.240681705817
12.222 0 0.235437316574
12.233 0 0.232539767455
12.251 0 0.22898117141
12.261 0 0.226948230024
12.273 0 0.226983937251
12.274 0 0.227173252758
12.29 0 0.226708897796
12.298 0 0.226708897796
12.304 0 0.226708897796
12.308 0 0.226708897796
12.32 0 0.22483730719
12.337 0 0.224135041355
12.344 0 0.224135041355
12.348 0 0.224135041355
12.357 0 0.227668352297
12.369 0 0.230015285194
12.382 0 0.231949295994
12.389 0 0.232104248779
12.399 0 0.233910147721
12.409 0 0.235181950763
12.421 0 0.237628470615
12.428 0 0.240506234046
12.436 0 0.242709453675
12.451 0 0.24375264743
12.459 0 0.245817814871
12.475 0 0.250448320245
12.488 0 0.254347929142
12.495 0 0.257924108942
12.504 0 0.262817770057
12.525 0 0.264065776249
12.533 0 0.263271901144
12.543 0 0.26850095003
12.552 0 0.270113120673
12.564 0 0.271741374987
12.581 0 0.272965686351
12.591 0 0.272965686351
12.598 0 0.273175474898
12.614 0 0.272587985606
12.624 0 0.272844214077
12.633 0 0.272844214077
12.641 0 0.272844214077
12.654 0 0.273250387381
12.671 0 0.277273858257
12.676 0 0.279119872016
12.687 0 0.27961475388
12.696 0 0.278545949582
12.708 0 0.275079997808
12.721 0 0.271699542112
12.729 0 0.26946353162
12.737 0 0.267443980469
12.745 0 0.262417182201
12.757 0 0.258563467681
12.771 0 0.256092357692
12.779 0 0.255381736976
12.785 0 0.254373284485
12.793 0 0.252629329018
12.807 0 0.251120344074
12.815 0 0.249610851527
12.821 0 0.248652783143
12.831 0 0.246052278761
12.842 0 0.243493485816
12.854 0 0.24408115944
12.861 0 0.24488336653
12.873 0 0.246579213759
12.882 0 0.246422017712
12.891 0 0.246422017712
12.902 0 0.244751016843
12.91 0 0.244616294466
12.923 0 0.244146814949
12.935 0 0.243645511691
12.942 0 0.242562212558
12.95 0 0.242602672709
12.964 0 0.242686925362
12.973 0 0.242303518154
12.982 0 0.241504056497
12.996 0 0.239900663904
13.004 0 0.238405111504
13.014 0 0.236275439354
13.024 0 0.235702218418
13.031 0 0.235509885251
13.046 0 0.234218777995
13.059 0 0.23372356621
13.066 0 0.233476954041
13.072 0 0.233581324359
13.082 0 0.23387249463
13.09 0 0.23387249463
13.1 0 0.235150808775
13.113 0 0.235269765589
13.126 0 0.236041274811
13.137 0 0.237333421278
13.149 0 0.237530600975
13.158 0 0.23814437743
13.168 0 0.239100110904
13.179 0 0.242452069338
13.194 0 0.243512252948
13.202 0 0.245674928115
13.207 0 0.246351536007
13.215 0 0.248193213611
13.229 0 0.24974907449
13.234 0 0.251163063692
13.243 0 0.251089833563
13.252 0 0.255837461959
13.265 0 0.255609667996
13.279 0 0.258642969492
13.287 0 0.258642969492
13.297 0 0.26338151754
13.301 0 0.26601752452
13.313 0 0.268302726031
13.33 0 0.267910037385
13.338 0 0.269610323908
13.346 0 0.263674387195
13.357 0 0.270561334829
13.366 0 0.265537348797
13.381 0 0.265922039298
13.401 0 0.277629729973
13.41 0 0.279602014933
13.422 0 0.271367815957
13.432 0 0.273483349088
13.442 0 0.276876970999
13.446 0 0.27954055327
13.461 0 0.278265799249
13.47 0 0.280099513182
13.476 0 0.281722589885
13.483 0 0.28200287518
13.5 0 0.28210603799
13.505 0 0.28210603799
13.505 0 0.28210603799
13.516 0 0.28210603799
13.528 0 0.280545771705
13.538 0 0.276886616443
13.546 0 0.276305840314
13.551 0 0.275561147751
13.563 0 0.274417769827
13.58 0 0.272916051014
13.587 0 0.271063244736
13.595 0 0.268499518444
13.603 0 0.265998199076
13.612 0 0.262893230365
13.624 0 0.25987700635
13.632 0 0.259766382328
13.642 0 0.259536918568
13.653 0 0.259314368624
13.664 0 0.259468009255
13.672 0 0.260043294527
13.681 0 0.261080826555
13.699 0 0.261364654151
13.706 0 0.261565804405
13.712 0 0.261549276302
13.723 0 0.262231025409
13.739 0 0.263070072616
13.745 0 0.26332208442
13.755 0 0.264072948772
13.763 0 0.264152646973
13.773 0 0.263394112142
13.785 0 0.262350471862
13.792 0 0.261302083225
13.801 0 0.260292300267
13.812 0 0.258647406901
13.826 0 0.256161684399
13.838 0 0.255770658212
13.848 0 0.255856596122
13.859 0 0.255793642861
13.869 0 0.256399622075
13.885 0 0.257298120818
13.892 0 0.257491184164
13.901 0 0.259807772228
13.906 0 0.261023470706
13.923 0 0.261609181464
13.925 0 0.259445402688
13.932 0 0.261259766791
13.942 0 0.263162733996
13.955 0 0.263660903785
13.965 0 0.26479935513
13.972 0 0.266520187583
13.979 0 0.267623732003
13.992 0 0.268707273572
14.003 0 0.269914081137
14.012 0 0.272027617597
14.022 0 0.276118457482
14.032 0 0.277156135178
14.046 0 0.28651370588
14.059 0 0.288404503725
14.065 0 0.288382832298
14.071 0 0.290424230029
14.082 0 0.291418529739
14.095 0 0.293362699644
14.106 0 0.297572586893
14.113 0 0.296457970196
14.123 0 0.30084088183
14.133 0 0.29976234777
14.144 0 0.299631638463
14.155 0 0.301415101964
14.162 0 0.307778908397
14.177 0 0.305786738138
14.194 0 0.31218578673
14.201 0 0.312108191586
14.208 0 0.311074291562
14.225 0 0.314199844495
14.235 0 0.317963422001
14.24 0 0.320193367181
14.252 0 0.317798078432
14.26 0 0.316293538653
14.269 0 0.319676934454
14.285 0 0.316770202394
14.291 0 0.317304978178
14.3 0 0.319580017235
14.305 0 0.321545202181
14.313 0 0.322019446541
14.328 0 0.321374466665
14.337 0 0.320214343151
14.344 0 0.319984286279
14.351 0 0.318895911524
14.367 0 0.318303733962
14.378 0 0.316139977473
14.389 0 0.313851344959
14.395 0 0.311225512526
14.404 0 0.309610900423
14.411 0 0.309109425335
14.428 0 0.307520031744
14.438 0 0.305332558472
14.446 0 0.302499533409
14.453 0 0.298883774766
14.464 0 0.294166871899
14.472 0 0.292190820035
14.481 0 0.290031914062
14.493 0 0.289302856214
14.503 0 0.28733006259
14.512 0 0.288102127119
14.525 0 0.289339559189
14.537 0 0.290481198339
14.546 0 0.29171028202
14.555 0 0.292223743138
14.562 0 0.293260490906
14.571 0 0.293436729775
14.582 0 0.294256113374
14.595 0 0.294232406657
14.602 0 0.295386408834
14.613 0 0.296992642547
14.623 0 0.297585225088
14.637 0 0.298117736027
14.645 0 0.29856258454
14.653 0 0.299010425817
14.662 0 0.298664961691
14.67 0 0.298155786108
14.682 0 0.297934383001
14.691 0 0.297585008136
14.703 0 0.297024592043
14.712 0 0.297441769342
14.721 0 0.297904715898
14.738 0 0.298460472623
14.742 0 0.298710972864
14.75 0 0.298692253924
14.762 0 0.300252449523
14.775 0 0.301672220085
14.779 0 0.301425778527
14.792 0 0.302945572917
14.801 0 0.305090460716
14.814 0 0.308277257539
14.821 0 0.308846310876
14.836 0 0.316773449134
14.845 0 0.318350859568
14.851 0 0.320811236485
14.863 0 0.326051086534
14.872 0 0.326202519061
14.882 0 0.329718624136
14.894 0 0.334550177281
14.909 0 0.335399252751
14.914 0 0.335399252751
14.924 0 0.334571678132
14.933 0 0.339104762675
14.941 0 0.336635214855
14.952 0 0.336887265465
14.965 0 0.33728026374
14.975 0 0.342297546656
14.979 0 0.338785855626
14.994 0 0.342512622986
15.011 0 0.349323683525
15.023 0 0.35096887969
15.029 0 0.35177681427
15.039 0 0.355355634068
15.054 0 0.355355634068
15.06 0 0.355355634068
15.066 0 0.355355634068
15.075 0 0.356988228481
15.084 0 0.355843976802
15.097 0 0.355428001102
15.104 0 0.354776474358
15.113 0 0.354096062458
15.125 0 0.352875405974
15.137 0 0.351568790866
15.15 0 0.351081241222
15.158 0 0.35069126703
15.164 0 0.350142836989
15.173 0 0.348548814624
15.187 0 0.344354822108
15.198 0 0.344354822108
15.206 0 0.344354822108
15.215 0 0.341103211961
15.221 0 0.340399947643
15.232 0 0.339508578593
15.241 0 0.33887320862
15.252 0 0.336343645772
15.263 0 0.335360432425
15.276 0 0.334007660911
15.284 0 0.332899155275
15.294 0 0.331625530577
15.306 0 0.33113651672
15.315 0 0.331008854099
15.323 0 0.330257163742
15.335 0 0.329518342868
15.349 0 0.330269402084
15.354 0 0.330862759101
15.367 0 0.32932593379
15.376 0 0.328583503834
15.388 0 0.328583503834
15.396 0 0.326477384158
15.406 0 0.326140370693
15.413 0 0.32567495847
15.428 0 0.324383678226
15.442 0 0.323530030737
15.45 0 0.3231885469
15.459 0 0.321786081803
15.475 0 0.321211442665
15.483 0 0.322194311369
15.492 0 0.323628049158
15.496 0 0.324106326221
15.505 0 0.324075678524
15.513 0 0.325639690387
15.529 0 0.326502042378
15.539 0 0.32782584848
15.545 0 0.329353741091
15.552 0 0.3312167692
15.567 0 0.33176964403
15.576 0 0.332279385332
15.586 0 0.334405304683
15.594 0 0.333379014265
15.605 0 0.336374256562
15.614 0 0.335237854695
15.623 0 0.337603858698
15.633 0 0.342189443667
15.641 0 0.344378922002
15.652 0 0.346033334421
15.661 0 0.348068803902
15.671 0 0.349578946167
15.684 0 0.347916429188
15.693 0 0.349356142997
15.707 0 0.352942852976
15.716 0 0.354869236029
15.722 0 0.35675065423
15.733 0 0.359371761567
15.742 0 0.356887414184
15.756 0 0.358503900476
15.765 0 0.35388110939
15.772 0 0.357405341084
15.779 0 0.352344917242
15.797 0 0.347696811503
15.806 0 0.355830191184
15.814 0 0.351621831748
15.824 0 0.350325601553
15.834 0 0.364549913412
15.847 0 0.368929649661
15.856 0 0.368389595958
15.863 0 0.367616043619
15.873 0 0.367787073871
15.886 0 0.368026219652
15.892 0 0.367922461086
15.902 0 0.366940677673
15.911 0 0.366565929993
15.924 0 0.366331339593
15.939 0 0.366084834876
15.947 0 0.365969423153
15.954 0 0.364765329323
15.963 0 0.363232545223
15.977 0 0.3593053283
15.992 0 0.358163230143
15.996 0 0.357237032379
16.004 0 0.356494934393
16.012 0 0.354883963379
16.022 0 0.353719206179
16.035 0 0.351959872876
16.042 0 0.351413877006
16.051 0 0.35073106688
16.062 0 0.349313262114
16.071 0 0.349604129333
16.08 0 0.348285954213
16.093 0 0.34828620783
16.1 0 0.348204073644
16.114 0 0.347163531001
16.121 0 0.345583083355
16.135 0 0.34411849706
16.143 0 0.343035974659
16.154 0 0.342101056142
16.165 0 0.341012887748
16.173 0 0.340740451406
16.187 0 0.340651635168
16.195 0 0.340796498138
16.203 0 0.341553158314
16.213 0 0.342765565731
16.226 0 0.343372434062
16.233 0 0.34301150185
16.243 0 0.343308758176
16.252 0 0.344448672758
16.261 0 0.345075893304
16.275 0 0.346660046954
16.285 0 0.34670159771
16.292 0 0.34738452157
16.302 0 0.347911315535
16.317 0 0.348777782522
16.33 0 0.349706326532
16.337 0 0.352228133779
16.344 0 0.352486779068
16.352 0 0.354650783985
16.366 0 0.357169552501
16.377 0 0.358511453748
16.386 0 0.361143682973
16.395 0 0.361275270046
16.403 0 0.363716068491
16.411 0 0.364554503328
16.423 0 0.369613289505
16.434 0 0.370078371859
16.442 0 0.374052917122
16.454 0 0.376573781665
16.46 0 0.374489908786
16.472 0 0.376998638584
16.483 0 0.37666897943
16.489 0 0.374799753593
16.503 0 0.380734869647
16.513 0 0.380170932546
16.522 0 0.382020531292
16.531 0 0.386729133222
16.545 0 0.390423228828
16.558 0 0.393295238588
16.564 0 0.394952229756
16.573 0 0.39634775761
16.582 0 0.397186236963
16.593 0 0.399014914622
16.604 0 0.399875430668
16.614 0 0.401565363277
16.623 0 0.403751884718
16.64 0 0.404687455555
16.65 0 0.405127425078
16.656 0 0.405129254895
16.661 0 0.404857642971
16.673 0 0.402365894966
16.684 0 0.401065993653
16.694 0 0.400308689999
16.707 0 0.399289525052
16.715 0 0.398821728864
16.723 0 0.39844291634
16.737 0 0.398294468745
16.75 0 0.397774824038
16.756 0 0.39750575451
16.766 0 0.396347522742
16.777 0 0.395503173168
16.791 0 0.39473318522
16.796 0 0.392912710618
16.801 0 0.392722856972
16.812 0 0.391554139823
16.822 0 0.390360903242
16.836 0 0.389762281705
16.844 0 0.389140141581
16.853 0 0.386979794347
16.863 0 0.383908240726
16.877 0 0.381554873774
16.882 0 0.381554873774
16.893 0 0.377420562652
16.903 0 0.375816297986
16.913 0 0.375813474915
16.929 0 0.374740067283
16.939 0 0.37415390263
16.944 0 0.373357385318
16.955 0 0.372993733159
16.966 0 0.372271965992
16.976 0 0.372897972118
16.984 0 0.373596535107
16.993 0 0.375340666216
17.003 0 0.376718190158
17.013 0 0.377699994902
17.029 0 0.378295252653
17.034 0 0.378622232347
17.044 0 0.379435582324
17.054 0 0.380054171807
17.061 0 0.38308434473
17.077 0 0.383357120277
17.088 0 0.38406493372
17.095 0 0.385018437443
17.104 0 0.386681824336
17.118 0 0.387955030385
17.127 0 0.389676593916
17.134 0 0.390145419375
17.144 0 0.390189332417
17.157 0 0.393579030298
17.167 0 0.394141494203
17.175 0 0.395741247685
17.184 0 0.394298158077
17.193 0 0.399523149989
17.209 0 0.400750956874
17.217 0 0.40149012277
17.224 0 0.404370179415
17.232 0 0.402189696924
17.242 0 0.404254556568
17.257 0 0.410366158065
17.265 0 0.410366158065
17.27 0 0.410366158065
17.285 0 0.412811983927
17.298 0 0.411314197969
17.307 0 0.412562489837
17.314 0 0.412897093999
17.322 0 0.413963225136
17.331 0 0.415012450698
17.351 0 0.412580445639
17.358 0 0.414561580052
17.364 0 0.4147177186
17.372 0 0.412085683881
17.387 0 0.411829450876
17.398 0 0.413323104437
17.407 0 0.413470504759
17.413 0 0.414560233585
17.424 0 0.41400525193
17.433 0 0.4135060523
17.445 0 0.413471255881
17.453 0 0.413826219058
17.462 0 0.414945077554
17.473 0 0.415708102015
17.488 0 0.419449603759
17.495 0 0.419915624842
17.503 0 0.420285470392
17.513 0 0.42018510821
17.523 0 0.419715185064
17.537 0 0.419850678672
17.546 0 0.419242849801
17.552 0 0.41845956889
17.562 0 0.41578392169
17.573 0 0.413983548276
17.593 0 0.413851670946
17.602 0 0.413692883494
17.609 0 0.413265049248
17.617 0 0.413316631279
17.625 0 0.41384536061
17.639 0 0.411848135826
17.646 0 0.409682666197
17.655 0 0.409267842116
17.665 0 0.408996222233
17.675 0 0.407871471817
17.689 0 0.406981658804
17.699 0 0.407424959791
17.707 0 0.409107793465
17.714 0 0.410011123334
17.724 0 0.41126948941
17.738 0 0.412377642342
17.745 0 0.414045558226
17.755 0 0.415086749946
17.762 0 0.416478747682
17.772 0 0.417275226146
17.782 0 0.418808572272
17.791 0 0.419958791665
17.802 0 0.420191758356
17.812 0 0.420170480835
17.821 0 0.421097287763
17.834 0 0.421818791827
17.841 0 0.422467569282
17.851 0 0.42313679006
17.863 0 0.423032372023
17.878 0 0.423013897293
17.893 0 0.424826947185
17.903 0 0.426047971186
17.912 0 0.427401673637
17.919 0 0.429820925942
17.934 0 0.430702975067
17.942 0 0.433767845364
17.949 0 0.433226432247
17.958 0 0.436180546957
17.964 0 0.438342643599
17.979 0 0.439562694459
17.988 0 0.440554863539
17.992 0 0.44410449648
18.006 0 0.44115238888
18.02 0 0.439522813802
18.033 0 0.441288580215
18.039 0 0.441658889039
18.048 0 0.442874000286
18.058 0 0.442017401752
18.073 0 0.443102215162
18.081 0 0.446937693919
18.09 0 0.448186784628
18.098 0 0.44703730204
18.106 0 0.45159425626
18.12 0 0.456697315731
18.127 0 0.458264304393
18.138 0 0.458834820561
18.146 0 0.459575482075
18.158 0 0.462693048239
18.172 0 0.464441066984
18.178 0 0.465458530784
18.187 0 0.466651363222
18.196 0 0.467864451358
18.215 0 0.466471976296
18.221 0 0.466294252235
18.23 0 0.4656919193
18.242 0 0.464641753369
18.247 0 0.464458846391
18.259 0 0.463129019983
18.269 0 0.463057536693
18.278 0 0.463093488683
18.286 0 0.463102827656
18.294 0 0.462277877723
18.303 0 0.462499563926
18.314 0 0.462155783193
18.322 0 0.46150278992
18.335 0 0.459986338922
18.344 0 0.456233584883
18.359 0 0.45402719928
18.368 0 0.453515097605
18.374 0 0.453020088619
18.383 0 0.452319585841
18.393 0 0.450139318017
18.403 0 0.448270395646
18.414 0 0.44731251052
18.423 0 0.444997912338
18.432 0 0.442289413726
18.445 0 0.43909618512
18.455 0 0.437054563605
18.462 0 0.435468063701
18.474 0 0.432908258518
18.482 0 0.430172076998
18.496 0 0.429540124566
18.501 0 0.429540124566
18.511 0 0.429540124566
18.521 0 0.431091456014
18.533 0 0.431370601339
18.541 0 0.431598872884
18.553 0 0.431864554804
18.562 0 0.431444271006
18.571 0 0.43152804395
18.584 0 0.430199008391
18.591 0 0.430297075115
18.602 0 0.430268890318
18.611 0 0.429811607962
18.624 0 0.430575190382
18.636 0 0.430350196242
18.644 0 0.430898830745
18.651 0 0.431028649817
18.662 0 0.431479781094
18.676 0 0.432676491012
18.684 0 0.43354857935
18.692 0 0.434536182783
18.702 0 0.435407125916
18.717 0 0.438407777499
18.725 0 0.439085641347
18.733 0 0.443672539924
18.742 0 0.44328184807
18.753 0 0.445256076011
18.762 0 0.446225794023
18.776 0 0.44715846284
18.782 0 0.451110995306
18.792 0 0.451257970958
18.802 0 0.453282605831
18.818 0 0.458952482858
18.823 0 0.460719248926
18.833 0 0.458854777603
18.841 0 0.462086540026
18.852 0 0.465825304778
18.864 0 0.467959164928
18.87 0 0.46804924674
18.885 0 0.469697311022
18.891 0 0.470576656646
18.909 0 0.471266967445
18.917 0 0.472694471724
18.922 0 0.472694471724
18.933 0 0.475075043716
18.944 0 0.47699355158
18.955 0 0.478195112454
18.964 0 0.477733190049
18.974 0 0.477548430922
18.993 0 0.477214913154
19.005 0 0.476281159401
19.014 0 0.475806076534
19.021 0 0.474990391832
19.029 0 0.474762174359
19.038 0 0.475267562758
19.049 0 0.475058174379
19.055 0 0.473814349393
19.063 0 0.473531020417
19.071 0 0.473078092076
19.079 0 0.473029459281
19.095 0 0.472642485165
19.103 0 0.471739622819
19.115 0 0.470370637126
19.122 0 0.470813917494
19.131 0 0.470474526344
19.143 0 0.469004332767
19.15 0 0.469086302548
19.161 0 0.468934816515
19.173 0 0.466953757772
19.186 0 0.464803842208
19.192 0 0.462763046021
19.203 0 0.459112958372
19.212 0 0.45681610858
19.222 0 0.454781067937
19.231 0 0.453902773671
19.24 0 0.451147094525
19.255 0 0.448189343827
19.264 0 0.447746379216
19.274 0 0.447119851529
19.282 0 0.446740569813
19.292 0 0.446289097826
19.302 0 0.446504414938
19.311 0 0.446877333673
19.327 0 0.445830758882
19.334 0 0.446338814471
19.342 0 0.447009248862
19.353 0 0.447493373835
19.363 0 0.448003511366
19.372 0 0.44871243263
19.382 0 0.44871243263
19.394 0 0.450671215693
19.401 0 0.450671215693
19.411 0 0.450671215693
19.426 0 0.451912254773
19.434 0 0.452150708703
19.442 0 0.451880905436
19.452 0 0.453262210585
19.465 0 0.454250495529
19.479 0 0.454983853763
19.483 0 0.455479204548
19.497 0 0.459578830464
19.507 0 0.460700766586
19.519 0 0.466267309124
19.531 0 0.468921601202
19.544 0 0.469464748261
19.552 0 0.472701286603
19.558 0 0.480997922283
19.574 0 0.48187141738
19.58 0 0.48187141738
19.585 0 0.483558856918
19.595 0 0.484163103446
19.602 0 0.484321817647
19.612 0 0.485566694732
19.622 0 0.485613313614
19.633 0 0.486633567315
19.642 0 0.490767912386
19.652 0 0.492704907696
19.663 0 0.494835865598
19.673 0 0.495180671101
19.68 0 0.495101918826
19.693 0 0.497147579101
19.702 0 0.496312840779
19.711 0 0.497813504637
19.722 0 0.498105333229
19.733 0 0.499352006553
19.741 0 0.500563843558
19.753 0 0.501500620416
19.761 0 0.502377935812
19.77 0 0.503234265899
19.784 0 0.503865508927
19.794 0 0.503524023896
19.802 0 0.503128221885
19.811 0 0.501738274309
19.823 0 0.501037622002
19.832 0 0.499588438259
19.847 0 0.499366773822
19.854 0 0.498970619428
19.863 0 0.49867988063
19.874 0 0.496000547352
19.889 0 0.494563209046
19.898 0 0.492494642637
19.904 0 0.492593757121
19.911 0 0.493417211775
19.923 0 0.491320611103
19.938 0 0.489940985949
19.941 0 0.48940147393
19.953 0 0.487296763629
19.962 0 0.485246275845
19.978 0 0.484600093053
19.984 0 0.484001711215
19.994 0 0.483192902342
20.001 0 0.482946648401
20.012 0 0.481072078946
20.023 0 0.479316514346
20.034 0 0.478844234296
20.041 0 0.478353108688
20.05 0 0.478353108688
20.063 0 0.476768958216
20.074 0 0.477466486558
20.084 0 0.477363072797
20.093 0 0.476858669935
20.102 0 0.476793024284
20.115 0 0.477993577472
20.123 0 0.478339729641
20.131 0 0.478961694264
20.142 0 0.479867402262
20.15 0 0.480301910657
20.162 0 0.480301910657
20.17 0 0.484009692992
20.183 0 0.48586920214
20.192 0 0.486689879079
20.202 0 0.488146720053
20.215 0 0.487768297151
20.223 0 0.488042507892
20.233 0 0.488621135651
20.242 0 0.489705221614
20.251 0 0.489896716498
20.263 0 0.489894107107
20.271 0 0.491042586597
20.285 0 0.493961502391
20.293 0 0.497219755048
20.307 0 0.49711224644
20.316 0 0.501012156595
20.322 0 0.503553941883
20.333 0 0.503234423716
20.346 0 0.50538220158
20.359 0 0.503910542307
20.367 0 0.505775327635
20.374 0 0.505146570182
20.383 0 0.505742135535
20.399 0 0.505127096989
20.407 0 0.506719758051
20.415 0 0.508748854377
20.422 0 0.507887847249
20.435 0 0.510451458421
20.444 0 0.512000480543
20.453 0 0.513145923251
20.46 0 0.511519736954
20.473 0 0.508646191491
20.482 0 0.514256757093
20.49 0 0.511417880358
20.502 0 0.516500143002
20.514 0 0.521927505752
20.523 0 0.526611673073
20.532 0 0.528377767578
20.545 0 0.529270477951
20.551 0 0.529251393331
20.565 0 0.527746328542
20.577 0 0.526575231916
20.582 0 0.526385865702
20.592 0 0.525074043622
20.602 0 0.523818758869
20.611 0 0.523871777383
20.627 0 0.523172815587
20.632 0 0.523172815587
20.643 0 0.520121239289
20.653 0 0.51707243097
20.663 0 0.514545223445
20.672 0 0.512016025708
20.682 0 0.511297592133
20.694 0 0.512391711111
20.705 0 0.513795349403
20.72 0 0.513573452178
20.727 0 0.51308060543
20.733 0 0.512312987621
20.742 0 0.511767360711
20.751 0 0.509990989659
20.763 0 0.508819561897
20.772 0 0.508256617114
20.783 0 0.508612466911
20.794 0 0.509027301154
20.804 0 0.508993526387
20.812 0 0.507667037554
20.822 0 0.506201339442
20.832 0 0.505461473529
20.841 0 0.505097231253
20.853 0 0.505149092063
20.863 0 0.506579175459
20.872 0 0.507619681445
20.883 0 0.506936073849
20.9 0 0.508279303429
20.91 0 0.508785757301
20.918 0 0.508585770382
20.927 0 0.507976173067
20.939 0 0.509625954035
20.951 0 0.510935099822
20.959 0 0.511651763217
20.969 0 0.51210452064
20.977 0 0.512593881441
20.987 0 0.511715483738
21.0 0 0.51205590129
21.01 0 0.512446535838
21.018 0 0.513032850724
21.026 0 0.513635799303
21.032 0 0.515622680871
21.046 0 0.516153937899
21.06 0 0.519053042702
21.069 0 0.52021773288
21.076 0 0.521612260242
21.098 0 0.52574697595
21.104 0 0.526343736006
21.114 0 0.528503744924
21.122 0 0.528608798701
21.129 0 0.527208538056
21.138 0 0.527291600551
21.146 0 0.52753322029
21.152 0 0.52753322029
21.163 0 0.532804257521
21.172 0 0.533504183127
21.184 0 0.535613860321
21.192 0 0.538160547978
21.202 0 0.536957279641
21.213 0 0.53765913637
21.226 0 0.53927266599
21.236 0 0.541497613627
21.246 0 0.545833524304
21.253 0 0.547708014163
21.261 0 0.547075811803
21.275 0 0.551536414262
21.283 0 0.554042520459
21.292 0 0.555497020128
21.302 0 0.557582957332
21.312 0 0.558871660451
21.324 0 0.561122739425
21.337 0 0.562008925467
21.344 0 0.561950848041
21.353 0 0.561763057736
21.362 0 0.561321502474
21.371 0 0.56170056877
21.381 0 0.561328471245
21.393 0 0.561425655562
21.403 0 0.560871594865
21.412 0 0.561068176275
21.429 0 0.560534150785
21.439 0 0.55947818081
21.444 0 0.561556269067
21.453 0 0.560082419837
21.465 0 0.556105309011
21.476 0 0.554424572666
21.483 0 0.553848507538
21.491 0 0.553694029097
21.501 0 0.553566390589
21.512 0 0.553323938066
21.525 0 0.553323938066
21.531 0 0.553323938066
21.543 0 0.549928358957
21.552 0 0.546777338947
21.563 0 0.542928722246
21.575 0 0.540422352847
21.583 0 0.538459431509
21.592 0 0.536553284716
21.605 0 0.532237250435
21.614 0 0.531771780471
21.622 0 0.532134759783
21.633 0 0.532734982738
21.643 0 0.532871845545
21.656 0 0.532585316045
21.663 0 0.532774176334
21.673 0 0.532968077921
21.685 0 0.533972748244
21.697 0 0.534596764375
21.714 0 0.534714708911
21.72 0 0.534926750474
21.726 0 0.535461859299
21.734 0 0.535565853585
21.747 0 0.535565853585
21.752 0 0.535565853585
21.761 0 0.536534005965
21.771 0 0.537071853557
21.786 0 0.538170259859
21.792 0 0.538765662999
21.802 0 0.540040161096
21.812 0 0.540879850094
21.823 0 0.541575505325
21.832 0 0.54185298744
21.845 0 0.544769488727
21.855 0 0.54424453437
21.863 0 0.545814423217
21.873 0 0.547009666132
21.888 0 0.551667650785
21.898 0 0.552104902976
21.907 0 0.553334259112
21.911 0 0.553958714969
21.923 0 0.552693664279
21.939 0 0.555262597038
21.946 0 0.553355261828
21.953 0 0.556233406414
21.963 0 0.559211447588
21.973 0 0.557920600841
21.984 0 0.562050671781
21.998 0 0.563358811254
22.004 0 0.563003403486
22.012 0 0.560286631275
22.019 0 0.562640465567
22.03 0 0.562543499256
22.043 0 0.562780988605
22.054 0 0.568524086454
22.064 0 0.579822519239
22.08 0 0.583152502573
22.087 0 0.58708488659
22.094 0 0.589915177674
22.101 0 0.590565660471
22.113 0 0.591353233866
22.127 0 0.591540986286
22.129 0 0.590434725211
22.141 0 0.590788641097
22.152 0 0.588676314088
22.167 0 0.587879527342
22.183 0 0.586625667768
22.192 0 0.583819921983
22.2 0 0.585139411086
22.207 0 0.583412626269
22.216 0 0.58211932841
22.229 0 0.578230516825
22.239 0 0.576083558069
22.245 0 0.575537998317
22.252 0 0.574112014549
22.263 0 0.576103105226
22.272 0 0.576527681693
22.281 0 0.57740697495
22.292 0 0.578711057823
22.304 0 0.580624359466
22.315 0 0.580278976745
22.324 0 0.579069235458
22.336 0 0.577572523734
22.344 0 0.57609703825
22.354 0 0.574294992523
22.367 0 0.572650354332
22.376 0 0.571023321742
22.384 0 0.570725019245
22.393 0 0.570332465265
22.411 0 0.569538948633
22.421 0 0.568160543346
22.431 0 0.566504772336
22.439 0 0.565908578238
22.447 0 0.567388426047
22.453 0 0.568392203489
22.464 0 0.570181272295
22.47 0 0.571892162095
22.483 0 0.572974859718
22.493 0 0.575767425337
22.505 0 0.578043333583
22.517 0 0.578473728679
22.524 0 0.578941352379
22.532 0 0.578567559854
22.544 0 0.580416099557
22.558 0 0.581507635838
22.569 0 0.581884597085
22.574 0 0.581884597085
22.583 0 0.585323025047
22.598 0 0.587498024403
22.609 0 0.587746440486
22.613 0 0.587746440486
22.623 0 0.592167944512
22.631 0 0.593244969008
22.642 0 0.59515486688
22.655 0 0.594571721084
22.662 0 0.596299883227
22.672 0 0.59777544384
22.684 0 0.598429066913
22.695 0 0.596327578589
22.703 0 0.597316097081
22.711 0 0.593360718553
22.722 0 0.590451535262
22.732 0 0.592021119074
22.742 0 0.590940645052
22.751 0 0.59136404201
22.765 0 0.594064563381
22.772 0 0.59838817366
22.789 0 0.598753686828
22.803 0 0.598211771119
22.81 0 0.59283910782
22.815 0 0.598366627215
22.823 0 0.599937770662
22.832 0 0.598249878748
22.846 0 0.601813464437
22.852 0 0.604808905719
22.865 0 0.611943808861
22.871 0 0.614502581228
22.882 0 0.61685074873
22.891 0 0.618703484928
22.904 0 0.618899220099
22.913 0 0.618773931982
22.923 0 0.619392892591
22.937 0 0.617998172979
22.943 0 0.61732437089
22.952 0 0.615628964883
22.962 0 0.613617706296
22.974 0 0.610977233619
22.983 0 0.609233579695
22.992 0 0.606177880722
23.002 0 0.602191910866
23.012 0 0.59933792588
23.021 0 0.597132026082
23.033 0 0.595339784647
23.043 0 0.594039592328
23.053 0 0.594865345949
23.062 0 0.595153506432
23.073 0 0.595443588519
23.084 0 0.594691907725
23.095 0 0.594066903837
23.103 0 0.594057226916
23.112 0 0.593041759036
23.127 0 0.593917819859
23.135 0 0.593487421135
23.143 0 0.592435809697
23.152 0 0.591222038919
23.166 0 0.588582414916
23.173 0 0.587160938652
23.183 0 0.586524468113
23.191 0 0.585535298631
23.204 0 0.585506559551
23.211 0 0.585406252123
23.224 0 0.585715324532
23.232 0 0.586584645527
23.244 0 0.588314765442
23.253 0 0.58930247961
23.263 0 0.589470574897
23.272 0 0.590095296806
23.281 0 0.591031028126
23.291 0 0.591596994357
23.301 0 0.592318200812
23.313 0 0.591765176761
23.322 0 0.592246878709
23.33 0 0.593818871953
23.343 0 0.595261944916
23.359 0 0.596706378626
23.369 0 0.596791631396
23.374 0 0.596952483892
23.383 0 0.598770336738
23.392 0 0.598281443138
23.403 0 0.600248901048
23.418 0 0.600683610764
23.424 0 0.602681256198
23.436 0 0.606140513551
23.442 0 0.607342083239
23.452 0 0.607853086194
23.463 0 0.609122241319
23.474 0 0.608766107992
23.484 0 0.608075703717
23.497 0 0.609052872207
23.507 0 0.606127309208
23.513 0 0.606286626207
23.52 0 0.60764497004
23.538 0 0.61450156269
23.547 0 0.617642791386
23.554 0 0.620735802683
23.563 0 0.622868804171
23.571 0 0.622868804171
23.581 0 0.623347845609
23.591 0 0.624634157596
23.602 0 0.619488639273
23.615 0 0.623993283061
23.623 0 0.625866473654
23.636 0 0.62623023513
23.64 0 0.625131491722
23.653 0 0.630202777321
23.662 0 0.631002212382
23.682 0 0.631733227209
23.69 0 0.633389758782
23.697 0 0.634446906001
23.702 0 0.633693628013
23.714 0 0.633876359278
23.723 0 0.632751056139
23.736 0 0.631826685466
23.747 0 0.632079228395
23.753 0 0.633066766544
23.762 0 0.633465749858
23.775 0 0.632828806335
23.784 0 0.632828806335
23.792 0 0.632828806335
23.802 0 0.630657546424
23.815 0 0.626059913548
23.828 0 0.625171868603
23.834 0 0.624537514304
23.842 0 0.625008146915
23.851 0 0.625706872125
23.863 0 0.626494656367
23.882 0 0.626102853603
23.891 0 0.625229726039
23.898 0 0.62427940005
23.907 0 0.622417775352
23.914 0 0.620808612299
23.925 0 0.619352673448
23.935 0 0.617628685096
23.94 0 0.617264653428
23.955 0 0.615100751824
23.965 0 0.614623665794
23.972 0 0.614626645456
23.983 0 0.614193973439
23.994 0 0.614048174501
24.001 0 0.613589042034
24.011 0 0.613922924527
24.022 0 0.614684776101
24.032 0 0.615458527622
24.043 0 0.616774565816
24.055 0 0.616959944243
24.06 0 0.617005947732
24.072 0 0.618537752384
24.084 0 0.618543960485
24.1 0 0.620336887052
24.107 0 0.621513236018
24.114 0 0.622588384984
24.121 0 0.623665605406
24.133 0 0.625468006199
24.142 0 0.625736234863
24.156 0 0.626731936184
24.162 0 0.627388298322
24.176 0 0.627199494635
24.186 0 0.627854610078
24.193 0 0.629633891707
24.203 0 0.632027518121
24.214 0 0.633906266821
24.224 0 0.638266031878
24.233 0 0.638202682505
24.244 0 0.642823348749
24.252 0 0.642806709959
24.267 0 0.640833387803
24.279 0 0.6401852887
24.286 0 0.64086407772
24.293 0 0.641189842041
24.302 0 0.641902924387
24.312 0 0.647156064566
24.324 0 0.648465503484
24.335 0 0.652255818155
24.342 0 0.652113198988
24.351 0 0.65160335294
24.362 0 0.65160335294
24.373 0 0.650766687225
24.382 0 0.657580813786
24.393 0 0.658228293305
24.402 0 0.660163479182
24.416 0 0.66225739472
24.422 0 0.662538674474
24.434 0 0.66326945783
24.443 0 0.664914270497
24.458 0 0.66488319633
24.465 0 0.664819655894
24.476 0 0.666981960327
24.482 0 0.668301537225
24.493 0 0.668122700835
24.501 0 0.667307842686
24.513 0 0.665666367896
24.524 0 0.665451048909
24.532 0 0.665146471213
24.542 0 0.664265379663
24.556 0 0.663569397825
24.563 0 0.663488614742
24.572 0 0.663029900095
24.581 0 0.664910659602
24.596 0 0.662126320411
24.611 0 0.662652102881
24.617 0 0.662885462693
24.623 0 0.663219057167
24.635 0 0.663165974022
24.648 0 0.662090831401
24.653 0 0.661995893921
24.663 0 0.662218172382
24.673 0 0.662769395474
24.682 0 0.664187549642
24.69 0 0.664225731371
24.704 0 0.66489091851
24.715 0 0.66430128249
24.723 0 0.66332925042
24.733 0 0.662366625274
24.745 0 0.659199490525
24.756 0 0.658203853281
24.764 0 0.656383413463
24.774 0 0.655120470862
24.783 0 0.654394392235
24.795 0 0.653532745908
24.804 0 0.653812747813
24.812 0 0.654120844451
24.823 0 0.65379476242
24.836 0 0.654720899678
24.847 0 0.655214751087
24.852 0 0.655388424851
24.863 0 0.656793913773
24.873 0 0.657186832123
24.883 0 0.65831549389
24.895 0 0.659321749407
24.904 0 0.660100041968
24.911 0 0.660559954685
24.924 0 0.662557447323
24.937 0 0.663775441403
24.948 0 0.664353048678
24.954 0 0.666737926651
24.962 0 0.667336077231
24.976 0 0.670566513467
24.987 0 0.671692678883
24.993 0 0.670354281286
25.003 0 0.67324854295
25.013 0 0.676738148871
25.025 0 0.677759040066
25.035 0 0.678237251477
25.043 0 0.678549875604
25.053 0 0.678549260338
25.065 0 0.68076967469
25.077 0 0.67905749674
25.083 0 0.682333960336
25.093 0 0.679312684216
25.101 0 0.681359726318
25.117 0 0.684831281427
25.126 0 0.682948830668
25.133 0 0.683807288989
25.141 0 0.683257791277
25.153 0 0.683342192379
25.166 0 0.686947882541
25.174 0 0.68768638666
25.181 0 0.682595115132
25.192 0 0.687211280256
25.202 0 0.693733436125
25.218 0 0.695670944482
25.225 0 0.698500626662
25.232 0 0.699728844167
25.242 0 0.704072821196
25.252 0 0.705136489266
25.262 0 0.705588750552
25.273 0 0.70521496574
25.283 0 0.704238870968
25.291 0 0.703587010408
25.303 0 0.702830177505
25.316 0 0.702208537449
25.322 0 0.701154582632
25.331 0 0.701024613285
25.346 0 0.701772439861
25.359 0 0.70392933413
25.37 0 0.703645297028
25.374 0 0.703236967874
25.381 0 0.701904179403
25.394 0 0.699900076764
25.408 0 0.699392455191
25.415 0 0.699060737622
25.422 0 0.698396405142
25.434 0 0.696190899175
25.444 0 0.693865728926
25.459 0 0.691104487881
25.468 0 0.690289615988
25.478 0 0.689914311525
25.484 0 0.688781484463
25.494 0 0.687123132475
25.509 0 0.686039508286
25.512 0 0.686039508286
25.522 0 0.68259674617
25.533 0 0.680326449138
25.546 0 0.677830110307
25.56 0 0.673723796043
25.568 0 0.672035795109
25.574 0 0.669417787077
25.586 0 0.668743293942
25.595 0 0.668689998545
25.602 0 0.668925595419
25.611 0 0.668169941626
25.623 0 0.666986145287
25.64 0 0.666033436872
25.647 0 0.665601041065
25.652 0 0.665549563423
25.663 0 0.666471883976
25.678 0 0.667699643873
25.69 0 0.669355693486
25.695 0 0.670128629424
25.702 0 0.671646365519
25.714 0 0.672216515949
25.722 0 0.673414671372
25.735 0 0.673510916304
25.744 0 0.67380778798
25.753 0 0.674980762211
25.762 0 0.6767102014
25.775 0 0.680555902536
25.782 0 0.680718339143
25.792 0 0.685580050258
25.805 0 0.685959755037
25.821 0 0.690510054877
25.829 0 0.689519702215
25.836 0 0.689207811704
25.844 0 0.691743900569
25.851 0 0.693014351099
25.863 0 0.69319335507
25.872 0 0.691954342392
25.883 0 0.692778075688
25.892 0 0.694091024653
25.908 0 0.700740882603
25.92 0 0.700740882603
25.923 0 0.700740882603
25.933 0 0.700740882603
25.943 0 0.697965680019
25.954 0 0.696075558312
25.966 0 0.697259863148
25.972 0 0.700490447993
25.982 0 0.705756706971
25.995 0 0.707148776982
26.003 0 0.707237290915
26.011 0 0.709139126092
26.022 0 0.710811807282
26.032 0 0.71250036278
26.042 0 0.714470970447
26.056 0 0.715231684468
26.065 0 0.71529501173
26.073 0 0.714591807659
26.083 0 0.714234365795
26.092 0 0.713554119401
26.11 0 0.712573597581
26.118 0 0.71176656499
26.124 0 0.711571596283
26.135 0 0.713012924527
26.146 0 0.713692574836
26.155 0 0.713946788875
26.164 0 0.714106071121
26.174 0 0.713660200381
26.183 0 0.712649005089
26.193 0 0.710480965476
26.206 0 0.709066545447
26.217 0 0.708526282336
26.227 0 0.708320537473
26.235 0 0.707587405477
26.248 0 0.707398528947
26.255 0 0.707398528947
26.263 0 0.707398528947
26.273 0 0.703540415187
26.282 0 0.699267337619
26.295 0 0.698499188327
26.301 0 0.698499188327
26.312 0 0.69081870122
26.32 0 0.689622220611
26.336 0 0.685940795352
26.347 0 0.685288094443
26.357 0 0.685132084917
26.365 0 0.683697403574
26.375 0 0.683359472381
26.394 0 0.683440497579
26.406 0 0.684443129658
26.413 0 0.685314170092
26.421 0 0.686215712032
26.427 0 0.686596758236
26.436 0 0.687196528511
26.449 0 0.688021741735
26.457 0 0.688206232252
26.461 0 0.688700777181
26.472 0 0.689744149979
26.487 0 0.692595157961
26.502 0 0.692925151264
26.509 0 0.69361976805
26.518 0 0.693794414617
26.526 0 0.693591501012
26.531 0 0.693824172145
26.541 0 0.694467080136
26.554 0 0.695542367853
26.561 0 0.696655712685
26.572 0 0.696655712685
26.586 0 0.701659189659
26.594 0 0.702691738525
26.602 0 0.704105497727
26.614 0 0.704972900112
26.623 0 0.705914128352
26.638 0 0.70604445694
26.644 0 0.70614457188
26.653 0 0.703331522738
26.665 0 0.704268130615
26.679 0 0.700553432759
26.685 0 0.703602440005
26.694 0 0.707177018799
26.703 0 0.703167740904
26.713 0 0.70274176765
26.728 0 0.701721812436
26.736 0 0.701721812436
26.742 0 0.701721812436
26.752 0 0.710180658846
26.767 0 0.715348958082
26.78 0 0.711891782829
26.79 0 0.711514977776
26.798 0 0.711691225561
26.808 0 0.713474972028
26.813 0 0.714625599623
26.822 0 0.717362875451
26.835 0 0.720694476643
26.842 0 0.721909735532
26.855 0 0.721272586854
26.868 0 0.719929656311
26.871 0 0.719519850998
26.882 0 0.718548960242
26.891 0 0.719290953425
26.901 0 0.720044103051
26.913 0 0.719911889443
26.922 0 0.720578352165
26.934 0 0.719405686431
26.943 0 0.719329295621
26.952 0 0.717870792506
26.962 0 0.718621194123
26.971 0 0.717847867883
26.982 0 0.718030702163
26.991 0 0.717586910084
27.0 0 0.717257416302
27.015 0 0.71753540808
27.024 0 0.71771016336
27.032 0 0.717628419052
27.046 0 0.7171891217
27.054 0 0.714751254787
27.061 0 0.714751254787
27.072 0 0.711173086885
27.08 0 0.70913968326
27.098 0 0.704469594676
27.109 0 0.70264726617
27.118 0 0.70182595273
27.123 0 0.70182595273
27.132 0 0.70182595273
27.148 0 0.694092248893
27.16 0 0.694092248893
27.166 0 0.694092248893
27.172 0 0.694092248893
27.183 0 0.694961305178
27.196 0 0.695890526768
27.211 0 0.696905865452
27.219 0 0.697305015697
27.227 0 0.697926383829
27.24 0 0.699115469845
27.252 0 0.699746452159
27.26 0 0.699939091465
27.268 0 0.699925018777
27.277 0 0.700226031729
27.282 0 0.701079785949
27.297 0 0.701912462146
27.306 0 0.702278150755
27.314 0 0.702386825208
27.323 0 0.702356585726
27.334 0 0.702433977798
27.34 0 0.702904556982
27.353 0 0.703774031146
27.363 0 0.70888474314
27.374 0 0.710201246347
27.384 0 0.711022102783
27.392 0 0.710871351597
27.401 0 0.712797042879
27.414 0 0.713026571498
27.428 0 0.712179542857
27.435 0 0.709340061675
27.444 0 0.70576579346
27.453 0 0.706335494173
27.463 0 0.712150918315
27.477 0 0.714122916523
27.482 0 0.713444154315
27.493 0 0.712912699101
27.502 0 0.714988734032
27.513 0 0.721861605546
27.53 0 0.722433106437
27.537 0 0.722058985887
27.543 0 0.72178145932
27.552 0 0.723111852977
27.561 0 0.724253784008
27.575 0 0.724363702979
27.582 0 0.723789341907
27.592 0 0.720514594168
27.602 0 0.721991421191
27.611 0 0.724041791105
27.623 0 0.726031039812
27.63 0 0.727582833023
27.641 0 0.727707968962
27.652 0 0.729281296764
27.664 0 0.730196149201
27.674 0 0.730244305777
27.682 0 0.73016179198
27.692 0 0.729665454104
27.703 0 0.729731600522
27.713 0 0.730317430782
27.727 0 0.730299943829
27.735 0 0.729962376588
27.741 0 0.729502060502
27.752 0 0.728915533254
27.76 0 0.728175815042
27.772 0 0.726349006194
27.781 0 0.724963814915
27.794 0 0.722807103114
27.803 0 0.721147716641
27.811 0 0.719249370019
27.821 0 0.718453954868
27.832 0 0.717474213397
27.843 0 0.715268327785
27.852 0 0.713819724618
27.861 0 0.711511703055
27.872 0 0.710586721706
27.881 0 0.709988091148
27.892 0 0.709265173358
27.903 0 0.707006720078
27.911 0 0.705211101784
27.925 0 0.702821572733
27.933 0 0.702067939644
27.941 0 0.701005366168
27.95 0 0.702117381092
27.962 0 0.703669720098
27.971 0 0.704985861029
27.982 0 0.707071970333
27.991 0 0.707359213339
28.001 0 0.70703388975
28.015 0 0.708058617895
28.025 0 0.708998994862
28.032 0 0.710267181853
28.042 0 0.711844256801
28.052 0 0.714434908282
28.064 0 0.715689503237
28.071 0 0.71611981741
28.083 0 0.716427616095
28.091 0 0.717010251606
28.107 0 0.717932840586
28.113 0 0.718951778267
28.121 0 0.718842159911
28.131 0 0.720528385327
28.141 0 0.72079886744
28.152 0 0.722556999183
28.162 0 0.725673687159
28.172 0 0.726443875748
28.181 0 0.728256950531
28.191 0 0.733078024433
28.201 0 0.734604277911
28.218 0 0.733033772591
28.224 0 0.734621742345
28.232 0 0.730636283384
28.242 0 0.736330881705
28.256 0 0.737107043109
28.263 0 0.736003838645
28.27 0 0.73513739826
28.282 0 0.741221544738
28.294 0 0.74199347676
28.306 0 0.74094437217
28.315 0 0.744421792486
28.324 0 0.746557370894
28.333 0 0.746349648998
28.343 0 0.747966202206
28.359 0 0.748857077276
28.367 0 0.748690418417
28.372 0 0.752845899991
28.384 0 0.754819435375
28.395 0 0.756615562607
28.405 0 0.757777395909
28.413 0 0.759812507085
28.423 0 0.759841001388
28.434 0 0.759778570914
28.447 0 0.759778570914
28.452 0 0.759778570914
28.463 0 0.756666183643
28.471 0 0.75589686547
28.488 0 0.755936037815
28.497 0 0.756273201113
28.504 0 0.7555031411
28.514 0 0.753780292464
28.524 0 0.753880844442
28.533 0 0.752931759128
28.54 0 0.752414019302
28.553 0 0.750744895224
28.562 0 0.748973698769
28.574 0 0.748973698769
28.585 0 0.748973698769
28.594 0 0.749630814105
28.604 0 0.749384276774
28.614 0 0.748230609904
28.623 0 0.746677586336
28.637 0 0.745989509606
28.645 0 0.745801860863
28.653 0 0.743647909125
28.665 0 0.740850773274
28.678 0 0.739860243249
28.684 0 0.739426841429
28.693 0 0.737918879324
28.702 0 0.736874169502
28.712 0 0.736935137652
28.727 0 0.736616896087
28.735 0 0.73673498832
28.744 0 0.737620235346
28.756 0 0.736842195372
28.766 0 0.737174033228
28.776 0 0.737096470188
28.781 0 0.737113172175
28.791 0 0.737220106707
28.804 0 0.737774313298
28.811 0 0.738966582782
28.825 0 0.740464994597
28.834 0 0.741670571078
28.842 0 0.742327970155
28.853 0 0.74357628466
28.865 0 0.744091906412
28.876 0 0.743694245069
28.885 0 0.743484098087
28.892 0 0.743519716359
28.903 0 0.745315661191
28.915 0 0.746472989863
28.923 0 0.748907581746
28.934 0 0.752495415539
28.943 0 0.754286739025
28.962 0 0.755477517607
28.971 0 0.755090146509
28.971 0 0.755090146509
28.987 0 0.754467224067
28.996 0 0.754270010517
29.003 0 0.754314988491
29.019 0 0.754108246325
29.028 0 0.751560209475
29.034 0 0.752394627713
29.043 0 0.759822350488
29.057 0 0.763324199212
29.065 0 0.763277973156
29.07 0 0.763434121239
29.084 0 0.757785674254
29.094 0 0.762092605575
29.107 0 0.762330116161
29.113 0 0.762330116161
29.123 0 0.768754592613
29.132 0 0.770665825125
29.145 0 0.77202282003
29.152 0 0.773057905022
29.161 0 0.774984901287
29.173 0 0.778103148978
29.185 0 0.779956820395
29.191 0 0.781345993789
29.204 0 0.781704928452
29.21 0 0.781111037718
29.222 0 0.781060707361
29.233 0 0.780068103068
29.239 0 0.779424481681
29.252 0 0.777336991917
29.263 0 0.777048187072
29.273 0 0.777337369897
29.281 0 0.777765311277
29.294 0 0.777399581245
29.305 0 0.776724219613
29.313 0 0.775517003458
29.323 0 0.77376305815
29.34 0 0.773175668326
29.349 0 0.771864123835
29.357 0 0.770632260789
29.361 0 0.770433603112
29.375 0 0.772079868315
29.38 0 0.771997475856
29.394 0 0.770693421825
29.405 0 0.769858469787
29.413 0 0.76761441838
29.422 0 0.766429870097
29.436 0 0.762511125032
29.445 0 0.760075231358
29.452 0 0.759509941723
29.462 0 0.756866043404
29.474 0 0.754602356698
29.483 0 0.754160381756
29.493 0 0.753492391683
29.508 0 0.749976508536
29.518 0 0.751075411925
29.534 0 0.752633808002
29.549 0 0.753238145239
29.559 0 0.753213515498
29.566 0 0.751255795066
29.579 0 0.749508651852
29.599 0 0.749256419682
29.608 0 0.751113557025
29.618 0 0.754875499064
29.635 0 0.757714783016
29.644 0 0.759074469528
29.65 0 0.760476756709
29.661 0 0.762310105832
29.666 0 0.764186610047
29.681 0 0.765963409038
29.69 0 0.765963409038
29.696 0 0.765963409038
29.705 0 0.766409408759
29.727 0 0.770768280123
29.738 0 0.772731495512
29.745 0 0.771173617618
29.753 0 0.775287987443
29.762 0 0.776017325475
29.78 0 0.773635614001
29.786 0 0.773635614001
29.79 0 0.773635614001
29.795 0 0.773635614001
29.811 0 0.77580554218
29.823 0 0.77580554218
29.83 0 0.77580554218
29.839 0 0.784208164851
29.849 0 0.788596911579
29.861 0 0.794776039917
29.876 0 0.795334536822
29.885 0 0.79412520925
29.894 0 0.793068631058
29.904 0 0.792951390307
29.921 0 0.792546039094
29.928 0 0.792546039094
29.932 0 0.792546039094
29.94 0 0.791913908966
29.949 0 0.791726508387
29.965 0 0.791287514929
29.976 0 0.791490165072
29.984 0 0.79103838224
29.99 0 0.785032691985
30.0 0 0.788740151757
30.013 0 0.786999848462
30.024 0 0.785610872029
30.033 0 0.785298322392
30.044 0 0.785252697643
30.059 0 0.784632261348
30.068 0 0.784642736789
30.075 0 0.784573464602
30.086 0 0.784590779247
30.092 0 0.78470658527
30.104 0 0.782986041307
30.112 0 0.7808949212
30.12 0 0.779330330417
30.128 0 0.776089190951
30.136 0 0.774930777262
30.146 0 0.772649637837
30.157 0 0.772695597044
30.168 0 0.772520376523
30.176 0 0.772104379042
30.187 0 0.771131155364
30.197 0 0.770454973797
30.206 0 0.769537261814
30.216 0 0.769085566091
30.226 0 0.765882414964
30.238 0 0.765759831892
30.246 0 0.765759831892
30.257 0 0.763781557988
30.267 0 0.762143956341
30.276 0 0.761159484732
30.29 0 0.759673809083
30.301 0 0.76083398229
30.311 0 0.761291052395
30.323 0 0.761470353099
30.334 0 0.762838190909
30.352 0 0.76365727684
30.36 0 0.764395314374
30.368 0 0.764648827396
30.379 0 0.765321890871
30.392 0 0.765321890871
30.397 0 0.765321890871
30.404 0 0.768188421441
30.412 0 0.770067766279
30.425 0 0.771511449453
30.442 0 0.770533769902
30.452 0 0.771996947804
30.461 0 0.772551836614
30.47 0 0.773264596291
30.488 0 0.775018021696
30.495 0 0.776355432489
30.504 0 0.77645049537
30.511 0 0.777269860998
30.52 0 0.782165474583
30.537 0 0.786670572324
30.549 0 0.790221830244
30.556 0 0.791270959287
30.571 0 0.791608464821
30.586 0 0.794260908203
30.594 0 0.791871184798
30.602 0 0.792905206528
30.612 0 0.801437236533
30.627 0 0.806936581361
30.635 0 0.807048052025
30.642 0 0.807469530291
30.648 0 0.806693852437
30.658 0 0.805464529613
30.673 0 0.80532365383
30.68 0 0.806201412681
30.687 0 0.806563154115
30.698 0 0.806538459462
30.71 0 0.809388297772
30.729 0 0.811585556769
30.739 0 0.813340047242
30.75 0 0.815432699338
30.757 0 0.817162785143
30.779 0 0.817454750365
30.788 0 0.816664773766
30.795 0 0.816015716636
30.802 0 0.815308968677
30.813 0 0.814278136921
30.823 0 0.813658317018
30.832 0 0.81262652564
30.839 0 0.812391592683
30.848 0 0.814575069656
30.869 0 0.815289348152
30.88 0 0.815631657737
30.889 0 0.815598305902
30.899 0 0.814450291211
30.912 0 0.814209773877
30.928 0 0.814258430377
30.937 0 0.814099136451
30.947 0 0.809966222167
30.964 0 0.808344194411
30.972 0 0.807314424787
30.982 0 0.806788215988
30.994 0 0.803245460623
31.008 0 0.801180382602
31.014 0 0.799398782641
31.029 0 0.797752224849
31.037 0 0.797439195537
31.054 0 0.797133887543
31.06 0 0.797133887543
31.073 0 0.796061740865
31.086 0 0.795597513481
31.098 0 0.796238766971
31.116 0 0.796814125231
31.125 0 0.797168757062
31.133 0 0.796592007836
31.146 0 0.795701082602
31.158 0 0.79468984946
31.166 0 0.79388885155
31.174 0 0.792416553075
31.188 0 0.789905475576
31.204 0 0.788434372003
31.215 0 0.788011506433
31.224 0 0.787487683577
31.238 0 0.787323577821
31.248 0 0.787323577821
31.26 0 0.785320861841
31.272 0 0.785861527778
31.279 0 0.788751985831
31.285 0 0.788751985831
31.301 0 0.793411949974
31.315 0 0.793143990252
31.324 0 0.794691442959
31.343 0 0.793032588732
31.35 0 0.792524587618
31.361 0 0.792315301909
31.367 0 0.792986263912
31.386 0 0.793128887754
31.396 0 0.79481942625
31.403 0 0.793367327379
31.413 0 0.795456197704
31.432 0 0.790405409319
31.444 0 0.790985873912
31.454 0 0.789011771571
31.472 0 0.789681924656
31.478 0 0.789681924656
31.484 0 0.801007834777
31.493 0 0.801463025161
31.505 0 0.805972679158
31.519 0 0.809890564079
31.525 0 0.810486563922
31.534 0 0.812014304298
31.548 0 0.810947707702
31.555 0 0.811552304448
31.566 0 0.812473127082
31.574 0 0.809750709285
31.584 0 0.81152259477
31.595 0 0.810228800714
31.612 0 0.808513726763
31.621 0 0.807854022302
31.63 0 0.808276025242
31.634 0 0.806509392217
31.65 0 0.804790748637
31.66 0 0.804790748637
31.665 0 0.799655877984
31.676 0 0.798240349373
31.682 0 0.796234581923
31.697 0 0.795267769498
31.705 0 0.795267769498
31.709 0 0.795267769498
31.717 0 0.797662057871
31.728 0 0.798211002001
31.744 0 0.798321638438
31.754 0 0.798207372009
31.759 0 0.798108469367
31.768 0 0.797176799106
31.773 0 0.796797252182
31.785 0 0.793885549246
31.797 0 0.792537126998
31.803 0 0.790358029542
31.816 0 0.788814388762
31.825 0 0.784197442794
31.841 0 0.784197442794
31.846 0 0.784197442794
31.855 0 0.779342611658
31.865 0 0.776336127435
31.877 0 0.776351598168
31.89 0 0.776351598168
31.907 0 0.777295144073
31.917 0 0.777799076291
31.931 0 0.777677975774
31.948 0 0.779392821726
31.957 0 0.780100033503
31.968 0 0.782053476918
31.987 0 0.783740664661
31.994 0 0.783980096352
32.004 0 0.783744836883
32.012 0 0.78354097652
32.03 0 0.783555523357
32.042 0 0.78456222408
32.047 0 0.784961120712
32.059 0 0.789512010666
32.077 0 0.791684096134
32.079 0 0.790633972347
32.092 0 0.795444320276
32.104 0 0.7975737453
32.11 0 0.799555200948
32.124 0 0.796172572817
32.135 0 0.797011055193
32.144 0 0.794859595799
32.155 0 0.792459175865
32.172 0 0.792069812395
32.181 0 0.792398737282
32.189 0 0.793380722626
32.201 0 0.796194055586
32.219 0 0.798912366015
32.228 0 0.801386399813
32.235 0 0.803556394778
32.246 0 0.807576407819
32.254 0 0.808875340119
32.266 0 0.8095315975
32.267 0 0.810383498047
32.279 0 0.810266520197
32.288 0 0.810266520197
32.299 0 0.810665979141
32.312 0 0.808010927451
32.318 0 0.808010927451
32.326 0 0.816846582528
32.338 0 0.818379092171
32.35 0 0.817542261809
32.355 0 0.817542261809
32.37 0 0.816435903997
32.381 0 0.814984799858
32.392 0 0.814945621779
32.407 0 0.815633407823
32.417 0 0.8152912746
32.427 0 0.8152912746
32.434 0 0.8152912746
32.44 0 0.813963054021
32.462 0 0.813043749356
32.47 0 0.811632499778
32.478 0 0.810153288392
32.502 0 0.808149769892
32.511 0 0.808623948369
32.521 0 0.810085290972
32.532 0 0.809271483059
32.549 0 0.809271483059
32.557 0 0.807577473853
32.566 0 0.80663984889
32.576 0 0.80584218079
32.585 0 0.80584218079
32.602 0 0.798191521641
32.617 0 0.796783676345
32.625 0 0.794688177066
32.635 0 0.789119149474
32.652 0 0.788392989129
32.663 0 0.788843956333
32.67 0 0.789336469007
32.691 0 0.79151978154
32.705 0 0.792060849765
32.713 0 0.792176278024
32.721 0 0.79230525578
32.728 0 0.79230525578
32.737 0 0.792152499213
32.749 0 0.792709544063
32.759 0 0.793063050969
32.764 0 0.793063050969
32.768 0 0.793063050969
32.786 0 0.797039902872
32.793 0 0.797956558737
32.804 0 0.798480643574
32.814 0 0.797720504039
32.823 0 0.796579687615
32.833 0 0.796579687615
32.841 0 0.796579687615
32.853 0 0.800719257053
32.861 0 0.802640091079
32.872 0 0.806771116529
32.889 0 0.806771116529
32.895 0 0.806771116529
32.905 0 0.807089424828
32.913 0 0.80633149357
32.924 0 0.804413161526
32.933 0 0.804413161526
32.943 0 0.804413161526
32.954 0 0.805382584783
32.963 0 0.811945628553
32.98 0 0.812608821589
32.986 0 0.812608821589
32.992 0 0.816745525206
33.004 0 0.818709576064
33.014 0 0.816917199233
33.033 0 0.817624241994
33.044 0 0.821050504319
33.055 0 0.821800451197
33.072 0 0.826501361115
33.084 0 0.826501361115
33.092 0 0.829184769094
33.104 0 0.829906716978
33.117 0 0.831632658917
33.136 0 0.831559787548
33.146 0 0.830595321718
33.161 0 0.828036148078
33.178 0 0.826587900271
33.188 0 0.825989116231
33.199 0 0.826936962954
33.213 0 0.827378568633
33.221 0 0.827378568633
33.227 0 0.824916287791
33.24 0 0.826160891644
33.26 0 0.827335551086
33.272 0 0.828045949864
33.283 0 0.826975291918
33.293 0 0.826641066932
33.305 0 0.826744357229
33.313 0 0.827165258348
33.319 0 0.827165258348
33.325 0 0.826355193972
33.332 0 0.825133558191
33.348 0 0.819786230719
33.358 0 0.818726212636
33.368 0 0.817241011923
33.378 0 0.816185200438
33.385 0 0.814351646037
33.399 0 0.814351646037
33.406 0 0.814351646037
33.412 0 0.809694519606
33.431 0 0.808334948435
33.441 0 0.809807791313
33.453 0 0.810467374402
33.465 0 0.812612030626
33.473 0 0.813265179967
33.48 0 0.812602812591
33.489 0 0.813019221288
33.496 0 0.813019221288
33.504 0 0.813019221288
33.512 0 0.814844453933
33.525 0 0.81647808107
33.535 0 0.81647808107
33.541 0 0.81647808107
33.554 0 0.819886567545
33.554 0 0.820597858559
33.571 0 0.82047815235
33.591 0 0.82102366005
33.597 0 0.822515818573
33.613 0 0.822144090879
33.614 0 0.822422021524
33.627 0 0.822282852863
33.637 0 0.822282852863
33.646 0 0.822282852863
33.657 0 0.839374289228
33.662 0 0.839945416221
33.668 0 0.840336578883
33.687 0 0.840047019219
33.709 0 0.834694555396
33.721 0 0.833712362099
33.731 0 0.833838333847
33.739 0 0.82998985192
33.757 0 0.82940073575
33.768 0 0.835005112919
33.776 0 0.839649458396
33.789 0 0.839518601917
33.802 0 0.840950068531
33.813 0 0.842719377455
33.82 0 0.840825453351
33.831 0 0.842964232238
33.847 0 0.84394613019
33.85 0 0.84394613019
33.856 0 0.84394613019
33.862 0 0.844976653223
33.87 0 0.847520869334
33.886 0 0.849514941373
33.893 0 0.850614671155
33.9 0 0.851913900582
33.909 0 0.85339696843
33.919 0 0.855478984023
33.93 0 0.854047436587
33.949 0 0.852706931167
33.958 0 0.852219431202
33.971 0 0.8503260545
33.973 0 0.850883537188
33.99 0 0.851709823137
34.0 0 0.853873058778
34.009 0 0.854249834396
34.024 0 0.854516271868
34.032 0 0.854390114322
34.042 0 0.852933886279
34.046 0 0.851242057286
34.061 0 0.850483707765
34.072 0 0.849260731419
34.086 0 0.849260731419
34.094 0 0.849260731419
34.102 0 0.842541651476
34.113 0 0.83801513383
34.126 0 0.83740988993
34.136 0 0.83740988993
34.144 0 0.83740988993
34.152 0 0.835009234415
34.169 0 0.830561554714
34.185 0 0.825937871969
34.194 0 0.823827806776
34.208 0 0.822456219553
34.223 0 0.818845815334
34.237 0 0.818073137521
34.244 0 0.818073137521
34.251 0 0.818073137521
34.273 0 0.81398005131
34.286 0 0.813816985059
34.3 0 0.814442352895
34.305 0 0.815185564926
34.322 0 0.816278087229
34.332 0 0.816573334523
34.341 0 0.817977256202
34.349 0 0.818623308044
34.368 0 0.818894679051
34.384 0 0.819310389204
34.388 0 0.819756286197
34.411 0 0.820081946105
34.42 0 0.82089169893
34.427 0 0.822267679976
34.443 0 0.822267679976
34.45 0 0.822267679976
34.465 0 0.835368136451
34.488 0 0.83484091291
34.501 0 0.834063256225
34.509 0 0.837700824934
34.523 0 0.838927653579
34.53 0 0.84099363966
34.542 0 0.843513442207
34.55 0 0.848973425562
34.563 0 0.85070897313
34.579 0 0.849903093942
34.595 0 0.84870171595
34.605 0 0.847222300574
34.614 0 0.847630827106
34.634 0 0.849993311601
34.645 0 0.851484109431
34.656 0 0.857475616407
34.676 0 0.863643222612
34.688 0 0.866058518933
34.698 0 0.867619506706
34.709 0 0.867651406528
34.723 0 0.866491603135
34.736 0 0.866246327634
34.742 0 0.866246327634
34.747 0 0.866246327634
34.756 0 0.866246327634
34.771 0 0.864950080155
34.784 0 0.865392217408
34.799 0 0.865707972494
34.809 0 0.865384306453
34.83 0 0.861660224851
34.841 0 0.861571595995
34.85 0 0.861237860566
34.872 0 0.858119676924
34.883 0 0.85778829601
34.892 0 0.859365794769
34.9 0 0.860007160783
34.912 0 0.858094379388
34.925 0 0.854977743741
34.935 0 0.852059634724
34.945 0 0.849432066539
34.968 0 0.846084381082
34.976 0 0.846084381082
34.983 0 0.841114018223
35.007 0 0.837411260028
35.02 0 0.836296837738
35.028 0 0.836296837738
35.04 0 0.834733818355
35.057 0 0.833693022836
35.059 0 0.83371266925
35.077 0 0.832498115228
35.083 0 0.832042165072
35.103 0 0.831288676739
35.111 0 0.831817151031
35.12 0 0.832925438286
35.128 0 0.832925438286
35.139 0 0.835507997268
35.148 0 0.835046529777
35.154 0 0.834590563026
35.166 0 0.83376060161
35.174 0 0.833759361211
35.188 0 0.835647157349
35.197 0 0.837656707009
35.205 0 0.842560468777
35.213 0 0.842017839708
35.226 0 0.852252254873
35.237 0 0.853694409135
35.247 0 0.853995095002
35.26 0 0.85512792081
35.268 0 0.854254806672
35.281 0 0.851893667391
35.288 0 0.851893667391
35.297 0 0.851893667391
35.3 0 0.85079062564
35.311 0 0.847086498544
35.319 0 0.845012561516
35.328 0 0.84802243517
35.34 0 0.851498299965
35.349 0 0.85859821488
35.357 0 0.861022252683
35.371 0 0.862842247412
35.378 0 0.862274477977
35.39 0 0.85957151496
35.4 0 0.861430492753
35.415 0 0.862076089435
35.426 0 0.863873487721
35.438 0 0.86618235015
35.45 0 0.867039898511
35.466 0 0.869674619621
35.485 0 0.870346904458
35.496 0 0.869610664717
35.515 0 0.868366081202
35.522 0 0.868366081202
35.531 0 0.868366081202
35.544 0 0.86369531489
35.55 0 0.864379472249
35.566 0 0.864199913741
35.575 0 0.864859404931
35.58 0 0.864859404931
35.587 0 0.864859404931
35.607 0 0.859908009557
35.621 0 0.858131543336
35.627 0 0.858037905347
35.636 0 0.857937222941
35.654 0 0.855775409949
35.665 0 0.855769172121
35.678 0 0.856435103361
35.687 0 0.855466896014
35.698 0 0.85359678418
35.717 0 0.852179698851
35.726 0 0.85069853372
35.74 0 0.846054368728
35.757 0 0.845256346585
35.766 0 0.845028426201
35.775 0 0.844324021497
35.789 0 0.844324021497
35.798 0 0.841504850929
35.803 0 0.840376573484
35.817 0 0.837822263527
35.833 0 0.838726002357
35.845 0 0.83877337934
35.854 0 0.838350981664
35.86 0 0.83722233342
35.876 0 0.835998681392
35.89 0 0.835998681392
35.898 0 0.835998681392
35.908 0 0.840616507197
35.926 0 0.841767622967
35.937 0 0.840664428251
35.946 0 0.840218916027
35.957 0 0.840300639364
35.965 0 0.840964585574
35.98 0 0.84180580605
35.992 0 0.842677522907
35.999 0 0.845441926416
36.012 0 0.847496379778
36.028 0 0.850151955749
36.044 0 0.849346984113
36.051 0 0.85492396322
36.065 0 0.85544028706
36.074 0 0.850727647658
36.081 0 0.850021647145
36.09 0 0.854147573115
36.106 0 0.856517628886
36.12 0 0.860300020948
36.134 0 0.862425870139
36.144 0 0.862383348221
36.156 0 0.859551794233
36.165 0 0.866293816304
36.173 0 0.866293816304
36.181 0 0.869928709286
36.198 0 0.873262979188
36.221 0 0.874093783095
36.235 0 0.875397748717
36.256 0 0.876652704454
36.267 0 0.878054074227
36.279 0 0.877106224727
36.288 0 0.876329492768
36.302 0 0.875230533928
36.32 0 0.875230533928
36.328 0 0.874194061371
36.341 0 0.875303297618
36.353 0 0.876742651794
36.365 0 0.876776925747
36.369 0 0.876776925747
36.378 0 0.875609358428
36.398 0 0.875839361869
36.41 0 0.877278092658
36.422 0 0.878618022059
36.432 0 0.877715101199
36.451 0 0.877715101199
36.464 0 0.877715101199
36.472 0 0.87422361483
36.484 0 0.870160623711
36.499 0 0.866237248898
36.508 0 0.863083112647
36.516 0 0.861645598452
36.529 0 0.858609706331
36.537 0 0.858609706331
36.547 0 0.858609706331
36.556 0 0.854464969572
36.564 0 0.853662489109
36.581 0 0.849574501493
36.595 0 0.849804701727
36.605 0 0.850094952396
36.623 0 0.851882911574
36.64 0 0.851882911574
36.651 0 0.851778888881
36.663 0 0.852208800691
36.677 0 0.854476570734
36.692 0 0.855861040578
36.701 0 0.856407850674
36.713 0 0.85725718858
36.733 0 0.855442799596
36.74 0 0.855678090721
36.75 0 0.854498004355
36.775 0 0.858262985349
36.781 0 0.862553848974
36.794 0 0.866534855615
36.806 0 0.868942708811
36.812 0 0.874378591028
36.831 0 0.875092568224
36.84 0 0.874650511051
36.851 0 0.87455317029
36.866 0 0.871476334942
36.873 0 0.871476334942
36.885 0 0.866322375348
36.902 0 0.866983883862
36.911 0 0.869374771032
36.919 0 0.870770074037
36.928 0 0.86801448187
36.936 0 0.867431937042
36.96 0 0.874600460763
36.97 0 0.875412427602
36.979 0 0.879049777324
36.99 0 0.881908359142
37.01 0 0.88307925786
37.018 0 0.88307925786
37.031 0 0.884928786023
37.047 0 0.88503622434
37.058 0 0.886793740518
37.068 0 0.886462822991
37.093 0 0.884165559174
37.105 0 0.882818272271
37.116 0 0.882138331497
37.122 0 0.882138331497
37.136 0 0.882264338225
37.151 0 0.88441897586
37.163 0 0.886606983314
37.173 0 0.887473257508
37.191 0 0.887489219988
37.202 0 0.886569113712
37.211 0 0.886464912131
37.226 0 0.883982440503
37.241 0 0.881779898462
37.25 0 0.881340915127
37.259 0 0.881206202004
37.269 0 0.878411813401
37.275 0 0.877178716011
37.289 0 0.875087603549
37.298 0 0.872365459065
37.308 0 0.868630948635
37.334 0 0.867038955862
37.345 0 0.865419099118
37.356 0 0.863706625225
37.368 0 0.861082086598
37.383 0 0.859534993124
37.393 0 0.859793577484
37.407 0 0.860351717989
37.421 0 0.860351717989
37.434 0 0.859061865711
37.443 0 0.858705181133
37.459 0 0.860715979745
37.472 0 0.862656357658
37.484 0 0.86261209088
37.493 0 0.860862550867
37.514 0 0.859829400748
37.523 0 0.859828399683
37.54 0 0.859354241802
37.555 0 0.859354241802
37.563 0 0.865474920468
37.574 0 0.867347866223
37.592 0 0.87216449726
37.606 0 0.872351155623
37.615 0 0.871809306338
37.624 0 0.8720008638
37.633 0 0.871898123671
37.645 0 0.870054665535
37.659 0 0.869439753229
37.666 0 0.865132423952
37.673 0 0.864172348915
37.689 0 0.872638467757
37.696 0 0.872638467757
37.703 0 0.872638467757
37.715 0 0.879177818052
37.732 0 0.879931379215
37.741 0 0.878452439144
37.751 0 0.883841100277
37.765 0 0.886253615133
37.777 0 0.886592898774
37.789 0 0.887041179558
37.8 0 0.888210443885
37.813 0 0.890381540069
37.823 0 0.890856919464
37.834 0 0.890856919464
37.843 0 0.893351770542
37.852 0 0.89291144972
37.859 0 0.892649071654
37.87 0 0.891477030854
37.884 0 0.890604751473
37.892 0 0.890152986143
37.899 0 0.889171420478
37.909 0 0.890643273579
37.923 0 0.89249966177
37.935 0 0.893012273287
37.945 0 0.892431821414
37.955 0 0.890246028246
37.971 0 0.888214082886
37.98 0 0.887700299741
37.991 0 0.887338264249
38.003 0 0.885277333311
38.012 0 0.88392865029
38.022 0 0.882975029432
38.032 0 0.882907442245
38.044 0 0.882830695814
38.054 0 0.881889015392
38.071 0 0.880512781975
38.083 0 0.878432672308
38.095 0 0.877442675419
38.111 0 0.876026920583
38.12 0 0.876026920583
38.126 0 0.871024011292
38.138 0 0.867793657635
38.149 0 0.863528154663
38.164 0 0.863470001819
38.17 0 0.863470001819
38.181 0 0.862999623544
38.197 0 0.863480207802
38.212 0 0.863799968377
38.222 0 0.864399359495
38.237 0 0.866243541713
38.259 0 0.867285004801
38.268 0 0.868556548143
38.278 0 0.86927491216
38.294 0 0.870404627683
38.305 0 0.870602827993
38.311 0 0.870645182428
38.325 0 0.871163174619
38.336 0 0.871163174619
38.342 0 0.872991431154
38.354 0 0.876910472781
38.363 0 0.877097491142
38.373 0 0.880296905647
38.391 0 0.881774015996
38.401 0 0.882416477533
38.412 0 0.884016077093
38.426 0 0.889685744927
38.44 0 0.890914766643
38.45 0 0.889825402368
38.462 0 0.891556436964
38.471 0 0.894126987207
38.488 0 0.894237892345
38.497 0 0.894237892345
38.502 0 0.898286231689
38.516 0 0.902410743182
38.53 0 0.902582355898
38.539 0 0.902582355898
38.549 0 0.903377140573
38.563 0 0.9053037984
38.581 0 0.90597285747
38.593 0 0.906025940199
38.599 0 0.906025940199
38.61 0 0.906682466759
38.635 0 0.907494289733
38.645 0 0.907353367179
38.655 0 0.907094674073
38.673 0 0.904801357127
38.689 0 0.904175723125
38.698 0 0.903982785455
38.705 0 0.906182822843
38.724 0 0.906182822843
38.735 0 0.908151533769
38.744 0 0.90852948803
38.759 0 0.907683182454
38.766 0 0.906423235919
38.775 0 0.904867977725
38.785 0 0.903404533731
38.799 0 0.898677078991
38.814 0 0.898304028302
38.823 0 0.898304028302
38.831 0 0.892343469471
38.854 0 0.888951845628
38.864 0 0.888951845628
38.88 0 0.883772779894
38.886 0 0.883308870406
38.896 0 0.881822501911
38.916 0 0.87994591301
38.925 0 0.87745624595
38.926 0 0.877348465191
38.939 0 0.875556305206
38.949 0 0.875556305206
38.961 0 0.875771533312
38.972 0 0.87688722004
38.981 0 0.87704009111
39.003 0 0.876602255138
