time index height
0.0 0 0.0
0.032 0 0.0270148332396
0.039 0 0.0285614231219
0.055 0 0.0342396010374
0.061 0 0.0365749092854
0.065 0 0.0394741840159
0.068 0 0.0409414621069
0.074 0 0.0440441237443
0.086 0 0.0514455111221
0.097 0 0.055931566688
0.107 0 0.0616269143354
0.117 0 0.0670193120212
0.125 0 0.0706811022979
0.135 0 0.0758692087909
0.143 0 0.0777689980546
0.155 0 0.0825067162264
0.162 0 0.0842352878485
0.177 0 0.086097584206
0.185 0 0.0871139933361
0.196 0 0.0878199289184
0.203 0 0.0881784482125
0.218 0 0.0883205831388
0.225 0 0.0881674467563
0.235 0 0.0876450676228
0.243 0 0.0866153281578
0.257 0 0.0849291714671
0.268 0 0.0829413226567
0.276 0 0.0811131638869
0.284 0 0.0784280097321
0.293 0 0.0749475656771
0.303 0 0.0728297079434
0.313 0 0.0713044333127
0.325 0 0.0696592542174
0.332 0 0.0682842453432
0.345 0 0.0663860146162
0.356 0 0.0643662068351
0.366 0 0.0631508840022
0.375 0 0.0609843476673
0.383 0 0.0580312432479
0.395 0 0.0545254764539
0.409 0 0.0482972982364
0.419 0 0.0413009630304
0.425 0 0.0397269984869
0.437 0 0.0327530893254
0.458 0 0.0291190536907
0.466 0 0.0291555284894
0.47 0 0.0292744288991
0.478 0 0.0302683467675
0.487 0 0.0317076457417
0.492 0 0.0326079241881
0.515 0 0.0352672107435
0.521 0 0.0354233572455
0.524 0 0.0356135602454
0.537 0 0.035885404627
0.546 0 0.0356941752967
0.554 0 0.0355979717709
0.562 0 0.0359961778998
0.58 0 0.0371524996263
0.587 0 0.0375464555744
0.592 0 0.037994419211
0.601 0 0.0389073393534
0.616 0 0.0399810592347
0.628 0 0.0404452401408
0.635 0 0.0406613405243
0.646 0 0.0409559029181
0.655 0 0.0412180729615
0.663 0 0.0413871922029
0.677 0 0.0415819883582
0.687 0 0.0415745203223
0.693 0 0.0415489363571
0.704 0 0.0418044368219
0.714 0 0.0419727703946
0.725 0 0.0419907181991
0.735 0 0.0419041360883
0.744 0 0.0418607806184
0.755 0 0.0418363146831
0.766 0 0.0417083236257
0.776 0 0.0417191509102
0.784 0 0.0415441581861
0.792 0 0.0413673075397
0.81 0 0.0404166405213
0.822 0 0.0400252071485
0.83 0 0.0400169447553
0.839 0 0.0396501131853
0.852 0 0.0392354231319
0.864 0 0.0388869549488
0.871 0 0.0386827380888
0.88 0 0.0387699668441
0.89 0 0.0386348335673
0.9 0 0.0385654733003
0.906 0 0.0385540605744
0.915 0 0.0395958279278
0.924 0 0.0408339538032
0.932 0 0.0420927168385
0.948 0 0.0448811731034
0.952 0 0.0462068748616
0.964 0 0.0490145494373
0.975 0 0.0507926605668
0.989 0 0.0523505557175
0.999 0 0.0531408607851
1.008 0 0.0538573384489
1.015 0 0.0543548130968
1.037 0 0.055012557061
1.043 0 0.0552102858663
1.055 0 0.0559602370575
1.059 0 0.0562346345789
1.074 0 0.0563253505168
1.075 0 0.0561898423877
1.087 0 0.0561898423877
1.095 0 0.0560161427624
1.103 0 0.0558435653373
1.118 0 0.0554605173742
1.129 0 0.0553691297962
1.14 0 0.0555430986882
1.149 0 0.0556980361049
1.154 0 0.0558082533498
1.165 0 0.0555126763108
1.176 0 0.0550355720524
1.184 0 0.0549163205041
1.195 0 0.0548519820464
1.207 0 0.054554585093
1.212 0 0.054181135936
1.227 0 0.0532057152348
1.237 0 0.0523643271015
1.245 0 0.0515668956186
1.259 0 0.0499545825414
1.273 0 0.0497094292843
1.28 0 0.0495781343417
1.288 0 0.0494889467847
1.296 0 0.0488835166517
1.308 0 0.0474776166405
1.314 0 0.0466878997323
1.327 0 0.0460839878416
1.334 0 0.0456940190623
1.344 0 0.0454704855611
1.355 0 0.0448109619289
1.368 0 0.0438814860334
1.376 0 0.0435827826791
1.384 0 0.0436240535151
1.395 0 0.0443721269595
1.406 0 0.0452264943094
1.411 0 0.0453852423877
1.423 0 0.0466711730957
1.434 0 0.0476006068876
1.447 0 0.048568713573
1.453 0 0.0491130337044
1.462 0 0.050550170673
1.475 0 0.0515686502523
1.489 0 0.052262599566
1.496 0 0.052777760129
1.503 0 0.052899428326
1.516 0 0.0530115344577
1.524 0 0.0531686587893
1.542 0 0.0539634089399
1.548 0 0.0545225268297
1.555 0 0.0552316847067
1.564 0 0.0558139158762
1.58 0 0.0562361243821
1.588 0 0.0572328709922
1.594 0 0.0570465711301
1.604 0 0.057718922066
1.614 0 0.0572356804302
1.628 0 0.0568254556926
1.635 0 0.0561564383464
1.645 0 0.0559165792202
1.652 0 0.0557752672474
1.662 0 0.0552429722749
1.674 0 0.0546934554788
1.683 0 0.0542278175902
1.692 0 0.0538168775652
1.705 0 0.052699632052
1.716 0 0.0521953146398
1.726 0 0.0524119957593
1.738 0 0.0523542303242
1.747 0 0.0541402980595
1.755 0 0.0554453343384
1.769 0 0.057172076979
1.775 0 0.057172076979
1.782 0 0.057172076979
1.804 0 0.0657906258648
1.811 0 0.067560688694
1.818 0 0.0691425794398
1.828 0 0.0704241972042
1.839 0 0.0714314719156
1.854 0 0.0721901375461
1.857 0 0.0723359219018
1.861 0 0.072463311775
1.874 0 0.0731373641475
1.884 0 0.0731800366294
1.901 0 0.0732199176986
1.905 0 0.0732199176986
1.914 0 0.073347935856
1.926 0 0.0738254846999
1.938 0 0.0747220130551
1.953 0 0.0751233969353
1.96 0 0.0754936859462
1.968 0 0.0758023126973
1.981 0 0.0758179400229
1.99 0 0.0757083807029
1.994 0 0.0756604189266
2.004 0 0.0749273117265
2.015 0 0.07438560624
2.022 0 0.0740760103147
2.034 0 0.0739274536092
2.042 0 0.0739274536092
2.061 0 0.0730150155687
2.065 0 0.0728254224051
2.072 0 0.0724751209077
2.084 0 0.0720860668312
2.094 0 0.0713146440482
2.105 0 0.0705354054723
2.121 0 0.0690952343254
2.127 0 0.0684067795403
2.136 0 0.0681160257928
2.143 0 0.0675636402337
2.16 0 0.0666109062929
2.168 0 0.0665986417346
2.175 0 0.0663450766658
2.184 0 0.0661197125162
2.196 0 0.0648840026675
2.211 0 0.0634292224967
2.218 0 0.0629448108958
2.223 0 0.0627195189454
2.244 0 0.0623323691531
2.247 0 0.0623323691531
2.254 0 0.0623323691531
2.263 0 0.0648603530589
2.275 0 0.0663621308562
2.284 0 0.0676659037059
2.297 0 0.068878946789
2.303 0 0.0697546922761
2.325 0 0.0713651394086
2.331 0 0.0720448633365
2.342 0 0.0737568186058
2.352 0 0.0748889058442
2.357 0 0.0756781452465
2.367 0 0.076053016438
2.375 0 0.0778132529145
2.388 0 0.0797527592512
2.397 0 0.0806249261154
2.405 0 0.0824753177498
2.42 0 0.0846934218111
2.425 0 0.0852478261545
2.435 0 0.0862552197403
2.443 0 0.0881390042331
2.455 0 0.0896610176712
2.472 0 0.091830379997
2.478 0 0.0925363364169
2.484 0 0.0925363364169
2.497 0 0.0967994709355
2.51 0 0.0979939102328
2.517 0 0.0986700404487
2.525 0 0.0987465623342
2.534 0 0.0990524666899
2.545 0 0.0993058567537
2.555 0 0.0992978264648
2.567 0 0.099195100733
2.575 0 0.0997412690262
2.584 0 0.0997232853127
2.599 0 0.0993517557815
2.606 0 0.0992042879613
2.615 0 0.0985634036472
2.625 0 0.0971765562692
2.635 0 0.0957124425643
2.643 0 0.0951359935629
2.652 0 0.0951359935629
2.664 0 0.0951359935629
2.675 0 0.0971541306059
2.688 0 0.0975241080581
2.696 0 0.0974964627915
2.703 0 0.0973548396584
2.713 0 0.0973582446855
2.726 0 0.0973323058647
2.735 0 0.097469690293
2.745 0 0.0976948414367
2.754 0 0.0978025752767
2.766 0 0.0971083321814
2.775 0 0.0972395698082
2.784 0 0.0975569367424
2.793 0 0.0976055269618
2.804 0 0.0975177724348
2.814 0 0.0970351208593
2.825 0 0.096397691623
2.838 0 0.0953472719903
2.846 0 0.095299449251
2.855 0 0.0947249991883
2.87 0 0.0944267518604
2.873 0 0.0945262534475
2.889 0 0.09437620823
2.893 0 0.09437620823
2.907 0 0.0938818821247
2.918 0 0.0935683273081
2.928 0 0.0935683273081
2.936 0 0.0925895439516
2.946 0 0.0927384113254
2.952 0 0.0926144469866
2.962 0 0.0921079845167
2.975 0 0.0919683491049
2.985 0 0.0921454236353
2.995 0 0.0926285298363
3.007 0 0.0937585636776
3.021 0 0.0953033180701
3.029 0 0.0964572305113
3.037 0 0.0978432696208
3.053 0 0.101401392419
3.063 0 0.102401248899
3.071 0 0.10427567642
3.075 0 0.104769597284
3.085 0 0.107294750092
3.095 0 0.109241897781
3.112 0 0.113188215589
3.121 0 0.114170024049
3.123 0 0.117875587558
3.133 0 0.120017258005
3.147 0 0.124387900376
3.152 0 0.124913591366
3.165 0 0.129651831051
3.177 0 0.131024995949
3.185 0 0.133715857264
3.195 0 0.134847018859
3.213 0 0.138629104515
3.219 0 0.138641850676
3.222 0 0.138999000272
3.236 0 0.141160655817
3.241 0 0.141349382974
3.253 0 0.14100085291
3.264 0 0.14100085291
3.276 0 0.142505601745
3.291 0 0.142509736947
3.303 0 0.142267181409
3.31 0 0.141594037035
3.316 0 0.142174860852
3.33 0 0.14185058696
3.34 0 0.14085030099
3.341 0 0.141203750516
3.358 0 0.140426277742
3.367 0 0.14019978985
3.384 0 0.140008643388
3.385 0 0.140008643388
3.4 0 0.137407456527
3.407 0 0.136173011625
3.42 0 0.135504325592
3.429 0 0.134201899572
3.439 0 0.133789405466
3.447 0 0.132719090122
3.453 0 0.132285835879
3.463 0 0.131412045814
3.476 0 0.13032273079
3.482 0 0.13002799966
3.496 0 0.129617510378
3.502 0 0.129566455952
3.515 0 0.12931933958
3.524 0 0.129382320199
3.537 0 0.129905127301
3.541 0 0.13002754708
3.556 0 0.130755755017
3.565 0 0.131220636565
3.574 0 0.132123986729
3.583 0 0.132987655677
3.602 0 0.135059889953
3.608 0 0.135125767117
3.612 0 0.135156988751
3.624 0 0.135764748816
3.643 0 0.136614459865
3.646 0 0.136614459865
3.657 0 0.138071686414
3.665 0 0.138874932642
3.675 0 0.139140290343
3.682 0 0.139726498538
3.693 0 0.139775814048
3.707 0 0.14007844152
3.727 0 0.140317032836
3.733 0 0.140317032836
3.737 0 0.140317032836
3.749 0 0.141797388694
3.753 0 0.141978011884
3.767 0 0.142113272351
3.775 0 0.142113272351
3.784 0 0.142715476316
3.795 0 0.143046170712
3.803 0 0.143432196836
3.816 0 0.143850165034
3.826 0 0.143850165034
3.833 0 0.143850165034
3.844 0 0.145809248482
3.855 0 0.147244918237
3.863 0 0.148636759188
3.877 0 0.150808720033
3.885 0 0.152651080105
3.894 0 0.154492439632
3.909 0 0.156671080752
3.921 0 0.15887492871
3.927 0 0.15887492871
3.934 0 0.15887492871
3.944 0 0.164794487739
3.959 0 0.16875141896
3.97 0 0.172485875589
3.977 0 0.173121112494
3.983 0 0.17501629795
3.996 0 0.178288492987
4.008 0 0.17999572128
4.018 0 0.180379763179
4.023 0 0.180379763179
4.034 0 0.184039193545
4.044 0 0.184728634079
4.057 0 0.186203459436
4.062 0 0.186371929421
4.072 0 0.187017573089
4.082 0 0.188234592228
4.094 0 0.188483306434
4.105 0 0.189431773371
4.114 0 0.189886055006
4.126 0 0.189652846182
4.138 0 0.190399090813
4.145 0 0.190740711646
4.152 0 0.19083297739
4.163 0 0.19058025428
4.184 0 0.190419920787
4.193 0 0.190157009949
4.204 0 0.190341059139
4.211 0 0.190269624886
4.22 0 0.190144849355
4.232 0 0.189759328273
4.238 0 0.189759328273
4.243 0 0.189759328273
4.258 0 0.188871063106
4.269 0 0.188569296375
4.275 0 0.188569296375
4.288 0 0.185683454956
4.293 0 0.185036289662
4.309 0 0.184698184953
4.318 0 0.184630737708
4.323 0 0.184649049778
4.335 0 0.18525583656
4.347 0 0.186479051054
4.354 0 0.187318851165
4.363 0 0.187762224962
4.373 0 0.188321818615
4.386 0 0.18870376393
4.396 0 0.188890353856
4.407 0 0.189122254746
4.416 0 0.188939347732
4.426 0 0.188730666442
4.438 0 0.188916500914
4.449 0 0.189028440679
4.454 0 0.1894000594
4.473 0 0.18959429084
4.481 0 0.189685296484
4.486 0 0.189892876124
4.495 0 0.190407404095
4.507 0 0.190488426517
4.515 0 0.189650615751
4.527 0 0.189625677874
4.535 0 0.189696529302
4.549 0 0.190079972759
4.556 0 0.190019290198
4.57 0 0.191795124453
4.576 0 0.192483615102
4.581 0 0.192999823928
4.599 0 0.193918932571
4.609 0 0.194233958745
4.611 0 0.194424995195
4.625 0 0.195169438602
4.636 0 0.194913496864
4.643 0 0.195281788381
4.653 0 0.196413083332
4.663 0 0.196719978048
4.674 0 0.19621548693
4.685 0 0.196914179286
4.694 0 0.198212948452
4.705 0 0.199012890718
4.717 0 0.198238172065
4.729 0 0.198257501672
4.737 0 0.199808104683
4.745 0 0.200831806197
4.755 0 0.202129174247
4.764 0 0.20191646773
4.772 0 0.202548991326
4.785 0 0.204475288294
4.792 0 0.204472266261
4.806 0 0.20396903844
4.819 0 0.204805451394
4.825 0 0.204759013485
4.834 0 0.20341794469
4.848 0 0.20421141723
4.859 0 0.203907889184
4.868 0 0.203697742922
4.88 0 0.205255933922
4.887 0 0.205926551055
4.895 0 0.205844807312
4.906 0 0.205055036918
4.919 0 0.204792979993
4.922 0 0.204702721807
4.934 0 0.204354326634
4.943 0 0.203095015809
4.956 0 0.202011958337
4.963 0 0.201216666141
4.976 0 0.200616491602
4.985 0 0.199943098659
5.003 0 0.198853052161
5.003 0 0.198564602269
5.013 0 0.198078287799
5.03 0 0.196203089193
5.036 0 0.195464730645
5.047 0 0.194966942117
5.055 0 0.193920593306
5.065 0 0.1927342703
5.074 0 0.191817193019
5.087 0 0.191049901111
5.096 0 0.190863886178
5.107 0 0.190625872104
5.117 0 0.190811694884
5.128 0 0.191022146646
5.137 0 0.191815075489
5.145 0 0.192123897933
5.156 0 0.192195355665
5.169 0 0.192357495291
5.181 0 0.192489578439
5.192 0 0.19180053857
5.203 0 0.191759356044
5.21 0 0.191723325114
5.22 0 0.191979643313
5.23 0 0.192222661199
5.248 0 0.191835309511
5.255 0 0.191614003641
5.257 0 0.192011506664
5.264 0 0.192461037033
5.278 0 0.192353783067
5.293 0 0.19191553582
5.297 0 0.192176238189
5.304 0 0.193297029044
5.316 0 0.193733064319
5.326 0 0.193776883265
5.334 0 0.194507492847
5.352 0 0.195344998095
5.357 0 0.196112659045
5.365 0 0.197272248304
5.38 0 0.1991507587
5.395 0 0.199152803046
5.4 0 0.201094290326
5.409 0 0.201597858273
5.42 0 0.200879466726
5.427 0 0.202217558613
5.436 0 0.204114995916
5.441 0 0.204691323546
5.454 0 0.20724256322
5.463 0 0.207851880053
5.474 0 0.208901460899
5.487 0 0.209726691978
5.498 0 0.209708277631
5.503 0 0.209708277631
5.516 0 0.210473688651
5.522 0 0.211676753599
5.536 0 0.21193209749
5.545 0 0.212183281677
5.554 0 0.21048570064
5.564 0 0.210488460315
5.582 0 0.209812036014
5.589 0 0.210773812822
5.596 0 0.209119930658
5.605 0 0.209825274364
5.615 0 0.207121775896
5.629 0 0.206369191061
5.634 0 0.206369191061
5.641 0 0.206369191061
5.654 0 0.201504142167
5.671 0 0.200020624221
5.675 0 0.200020624221
5.683 0 0.200020624221
5.692 0 0.196686559715
5.704 0 0.195926178347
5.718 0 0.195593222475
5.726 0 0.194489208312
5.733 0 0.194021819181
5.744 0 0.193753526481
5.754 0 0.192835924915
5.767 0 0.190615017802
5.774 0 0.189363112994
5.787 0 0.186497329611
5.793 0 0.184625066664
5.81 0 0.182296098903
5.815 0 0.180992971791
5.827 0 0.177289971931
5.835 0 0.174568358142
5.843 0 0.173546790868
5.853 0 0.173546790868
5.865 0 0.167281792947
5.875 0 0.165348936346
5.891 0 0.163186904423
5.897 0 0.161805590051
5.906 0 0.161036081502
5.915 0 0.159242706295
5.925 0 0.157310364781
5.935 0 0.155837553357
5.947 0 0.15449934237
5.95 0 0.154353739518
5.963 0 0.1537687271
5.973 0 0.153551927336
5.984 0 0.153258092158
5.995 0 0.153253594902
6.004 0 0.153350793017
6.011 0 0.153327242116
6.026 0 0.153646033286
6.036 0 0.154363120679
6.042 0 0.155530539476
6.056 0 0.158810619257
6.062 0 0.159905180693
6.08 0 0.16307320824
6.087 0 0.164364689435
6.095 0 0.164743999228
6.105 0 0.165751258757
6.12 0 0.167089252599
6.13 0 0.167344041898
6.135 0 0.167344041898
6.145 0 0.169204317552
6.156 0 0.170517003459
6.165 0 0.170779493191
6.178 0 0.170757420244
6.184 0 0.17045868126
6.195 0 0.167982242656
6.206 0 0.170346896142
6.216 0 0.171520155313
6.227 0 0.174096930145
6.231 0 0.17386527791
6.247 0 0.179443605799
6.257 0 0.179799769095
6.267 0 0.180741372843
6.272 0 0.180741372843
6.285 0 0.184146061758
6.298 0 0.187656886977
6.307 0 0.191710588319
6.313 0 0.195741179245
6.321 0 0.195806193296
6.334 0 0.199016791716
6.35 0 0.205539264259
6.358 0 0.20635905075
6.366 0 0.205764209946
6.375 0 0.206864430906
6.387 0 0.206006620476
6.406 0 0.201864282227
6.411 0 0.200405484456
6.418 0 0.201004861075
6.423 0 0.200753734782
6.437 0 0.201107998987
6.442 0 0.202515874365
6.453 0 0.201299096086
6.463 0 0.197948459362
6.477 0 0.19442311418
6.49 0 0.191443661182
6.499 0 0.188886175325
6.504 0 0.187301766663
6.514 0 0.187301766663
6.53 0 0.17592171948
6.539 0 0.172839017487
6.546 0 0.169339410337
6.553 0 0.166730075617
6.564 0 0.162512376374
6.572 0 0.159853481675
6.586 0 0.159853481675
6.593 0 0.151981009464
6.606 0 0.14875388049
6.619 0 0.146910645655
6.628 0 0.146910645655
6.636 0 0.142043316168
6.645 0 0.14000598626
6.658 0 0.138170871727
6.672 0 0.137222485339
6.675 0 0.137222485339
6.681 0 0.137222485339
6.694 0 0.134025882445
6.711 0 0.133166292882
6.725 0 0.131735906712
6.732 0 0.131484116004
6.738 0 0.131579066046
6.746 0 0.131228835594
6.762 0 0.131369092962
6.776 0 0.132471511745
6.782 0 0.132471511745
6.787 0 0.132471511745
6.792 0 0.133744235175
6.801 0 0.134914986851
6.813 0 0.13772718312
6.826 0 0.139458436014
6.832 0 0.141164957269
6.844 0 0.142308306497
6.862 0 0.143762006645
6.872 0 0.14410435007
6.88 0 0.144016933943
6.885 0 0.144113117644
6.893 0 0.143676316785
6.902 0 0.143591500301
6.92 0 0.143349506298
6.924 0 0.144202786291
6.932 0 0.14500673995
6.946 0 0.146005152842
6.96 0 0.148324421672
6.965 0 0.14894953786
6.975 0 0.149546704284
6.982 0 0.150331035658
7.004 0 0.150748152654
7.013 0 0.151683765018
7.015 0 0.153139845429
7.024 0 0.154248155256
7.037 0 0.158892167646
7.05 0 0.161105289849
7.052 0 0.161757436397
7.064 0 0.163442254099
7.076 0 0.165916472697
7.089 0 0.169116263153
7.095 0 0.170414685992
7.103 0 0.17252317313
7.111 0 0.174478381482
7.125 0 0.177257539431
7.139 0 0.181335777183
7.148 0 0.181967291713
7.156 0 0.185988688483
7.166 0 0.186720645044
7.177 0 0.187248710466
7.189 0 0.189270470089
7.197 0 0.187590789742
7.204 0 0.190196981649
7.216 0 0.18715367728
7.226 0 0.19322629383
7.236 0 0.19298893072
7.248 0 0.190571982646
7.259 0 0.188476405236
7.269 0 0.186662568118
7.278 0 0.184502207376
7.288 0 0.181839101369
7.3 0 0.176299392554
7.315 0 0.171498417442
7.327 0 0.168551641148
7.333 0 0.168551641148
7.337 0 0.168551641148
7.35 0 0.162712715671
7.366 0 0.162712715671
7.371 0 0.162935555237
7.382 0 0.162474462483
7.388 0 0.161705567358
7.397 0 0.160356758751
7.402 0 0.160295054066
7.416 0 0.159947414676
7.424 0 0.158721781288
7.43 0 0.15844302548
7.448 0 0.159235686027
7.452 0 0.159561526974
7.468 0 0.160143561206
7.475 0 0.16012405408
7.486 0 0.160108847935
7.5 0 0.161930740054
7.508 0 0.162625066683
7.523 0 0.164865687922
7.536 0 0.165563565297
7.55 0 0.167781076447
7.56 0 0.169389023335
7.569 0 0.169707952931
7.576 0 0.169494852651
7.576 0 0.169494852651
7.59 0 0.169021266702
7.598 0 0.169160565529
7.603 0 0.168786849186
7.616 0 0.167017952161
7.622 0 0.166479644057
7.638 0 0.164155244529
7.646 0 0.162200042939
7.655 0 0.161295069902
7.664 0 0.160674753539
7.675 0 0.158903643748
7.687 0 0.158582203505
7.694 0 0.158582203505
7.705 0 0.153798642171
7.718 0 0.153073718152
7.725 0 0.153780118986
7.738 0 0.154429881321
7.746 0 0.155403120348
7.756 0 0.155984976861
7.765 0 0.156521422184
7.772 0 0.155908950478
7.782 0 0.155958246222
7.796 0 0.157179900702
7.803 0 0.158506515034
7.813 0 0.158723267818
7.825 0 0.161120669695
7.835 0 0.160293479924
7.846 0 0.162541133852
7.852 0 0.162206215028
7.87 0 0.167302069059
7.883 0 0.168007075547
7.889 0 0.169723821424
7.895 0 0.174186294347
7.909 0 0.176632545954
7.915 0 0.176632545954
7.924 0 0.176632545954
7.939 0 0.184958631644
7.951 0 0.18570163479
7.959 0 0.1887434082
7.967 0 0.187948297402
7.976 0 0.188120453091
7.982 0 0.187994465402
7.997 0 0.188248001775
8.006 0 0.188419435675
8.013 0 0.18818774838
8.022 0 0.187292765359
8.034 0 0.187218084643
8.051 0 0.183778652086
8.062 0 0.181283840428
8.066 0 0.181718884871
8.077 0 0.179069441893
8.088 0 0.179127991167
8.097 0 0.178328884118
8.108 0 0.175435083651
8.114 0 0.176405992129
8.122 0 0.175736767644
8.134 0 0.175825572622
8.154 0 0.174013943831
8.164 0 0.172497552709
8.17 0 0.170996071478
8.178 0 0.170632786094
8.184 0 0.170049462964
8.196 0 0.16995020656
8.21 0 0.170249990998
8.215 0 0.170155818964
8.224 0 0.169299011472
8.233 0 0.168333632235
8.246 0 0.166730270488
8.253 0 0.16689006339
8.266 0 0.167413170749
8.274 0 0.167175139074
8.284 0 0.166400547961
8.302 0 0.164296506659
8.307 0 0.164296506659
8.312 0 0.164296506659
8.326 0 0.160888437374
8.337 0 0.160104248145
8.346 0 0.159446884519
8.353 0 0.159083743629
8.367 0 0.158470576269
8.375 0 0.158522285258
8.387 0 0.158314252813
8.399 0 0.157959204506
8.404 0 0.157959204506
8.412 0 0.156088745938
8.433 0 0.154540029519
8.438 0 0.15421061935
8.444 0 0.153243884738
8.455 0 0.152131314311
8.465 0 0.151400639386
8.473 0 0.151608597572
8.483 0 0.151422101683
8.493 0 0.151678952853
8.504 0 0.151734554146
8.514 0 0.152852112211
8.522 0 0.154282782831
8.533 0 0.155121012769
8.546 0 0.156534932804
8.554 0 0.157011713317
8.567 0 0.159483225025
8.573 0 0.160005474578
8.584 0 0.161207421915
8.595 0 0.162769188677
8.609 0 0.166971049178
8.618 0 0.167460431636
8.625 0 0.167460431636
8.637 0 0.171124963394
8.65 0 0.171600321363
8.663 0 0.173338153681
8.672 0 0.173338153681
8.676 0 0.171571299655
8.686 0 0.175000556998
8.692 0 0.175000556998
8.715 0 0.183151958771
8.722 0 0.184385327118
8.728 0 0.185743449805
8.735 0 0.187030217537
8.746 0 0.189351611781
8.758 0 0.190313703002
8.765 0 0.190313703002
8.777 0 0.193304613747
8.788 0 0.194892905705
8.796 0 0.194329584226
8.805 0 0.197440268342
8.812 0 0.199234701825
8.823 0 0.199836064839
8.838 0 0.199232961198
8.844 0 0.198485131409
8.854 0 0.196530660939
8.866 0 0.192624486952
8.876 0 0.189338702032
8.882 0 0.188199382513
8.894 0 0.183100024634
8.906 0 0.178153486787
8.911 0 0.176582538374
8.926 0 0.171481161438
8.934 0 0.170037240406
8.944 0 0.16692797796
8.954 0 0.164608757089
8.97 0 0.162466898028
8.976 0 0.162030581047
8.988 0 0.162702521711
8.996 0 0.164060351442
9.011 0 0.165294422906
9.019 0 0.165294422906
9.023 0 0.165294422906
9.034 0 0.166996256152
9.047 0 0.165334777473
9.052 0 0.164448706382
9.067 0 0.162726420186
9.077 0 0.162868579428
9.083 0 0.162495107986
9.094 0 0.161817397362
9.105 0 0.158590363898
9.114 0 0.158588466268
9.125 0 0.158357937874
9.135 0 0.157871524845
9.147 0 0.157051122946
9.153 0 0.157226441059
9.165 0 0.157097660768
9.176 0 0.157258459669
9.183 0 0.157377586965
9.195 0 0.157755592138
9.208 0 0.157093731495
9.214 0 0.156585829014
9.23 0 0.154931683947
9.235 0 0.154905873966
9.246 0 0.154854891322
9.255 0 0.153685021646
9.27 0 0.153792338527
9.278 0 0.154984927508
9.289 0 0.155988789521
9.294 0 0.156506352279
9.303 0 0.157896444199
9.316 0 0.158191506329
9.322 0 0.158191506329
9.333 0 0.158655253712
9.345 0 0.160118185278
9.354 0 0.160801307815
9.369 0 0.160801307815
9.377 0 0.167291313233
9.381 0 0.16899479862
9.396 0 0.171536517671
9.406 0 0.172206658893
9.416 0 0.172679645067
9.422 0 0.173915845125
9.437 0 0.177671795984
9.447 0 0.178038401665
9.455 0 0.181188524251
9.465 0 0.181148705319
9.478 0 0.186019684366
9.487 0 0.18871824995
9.494 0 0.190838807553
9.507 0 0.195317232804
9.515 0 0.197149041329
9.532 0 0.20074620594
9.541 0 0.201566302859
9.546 0 0.202017775822
9.555 0 0.203675224003
9.57 0 0.20712104574
9.581 0 0.206016405544
9.585 0 0.206016405544
9.591 0 0.206016405544
9.603 0 0.20945465857
9.616 0 0.210284433634
9.628 0 0.209123987997
9.636 0 0.208248940568
9.643 0 0.207413581709
9.653 0 0.20570592504
9.665 0 0.204112856444
9.672 0 0.203084292883
9.684 0 0.203084292883
9.692 0 0.203084292883
9.706 0 0.194611892559
9.719 0 0.19292714805
9.729 0 0.189976353517
9.736 0 0.189674922816
9.746 0 0.187560269827
9.756 0 0.185304883396
9.765 0 0.184342495031
9.778 0 0.18372466542
9.784 0 0.183799346857
9.794 0 0.183845888177
9.806 0 0.184616694352
9.817 0 0.18440614874
9.824 0 0.184797270441
9.834 0 0.185106160355
9.844 0 0.184431870423
9.856 0 0.184667740194
9.865 0 0.187076372498
9.875 0 0.188327032055
9.887 0 0.189352716402
9.896 0 0.189911819246
9.907 0 0.189715723469
9.915 0 0.189399822068
9.925 0 0.187841615465
9.933 0 0.186607284724
9.944 0 0.185839518025
9.956 0 0.184245541467
9.965 0 0.183435705799
9.976 0 0.182345292328
9.989 0 0.180984829987
9.999 0 0.180922133144
10.012 0 0.181761096025
10.014 0 0.181903744677
10.022 0 0.182870842025
10.036 0 0.183456652593
10.045 0 0.183890797731
10.055 0 0.18430600199
10.063 0 0.184943553566
10.082 0 0.186710896842
10.091 0 0.187119077614
10.098 0 0.187741928477
10.104 0 0.189502652161
10.117 0 0.189924053493
10.121 0 0.191497598535
10.133 0 0.19384437563
10.15 0 0.195524687164
10.161 0 0.197083095798
10.165 0 0.198434272006
10.173 0 0.199167342322
10.184 0 0.200235777286
10.201 0 0.204597104595
10.212 0 0.206402662821
10.218 0 0.205153255707
10.228 0 0.209030662681
10.239 0 0.210216242627
10.249 0 0.209167156161
10.255 0 0.209167156161
10.261 0 0.214705941748
10.277 0 0.21559516968
10.287 0 0.21723623198
10.292 0 0.216707950434
10.306 0 0.218880288874
10.313 0 0.219451874693
10.322 0 0.21795411591
10.337 0 0.217555698978
10.344 0 0.21894707896
10.353 0 0.218765549789
10.364 0 0.21767798579
10.373 0 0.217583239005
10.386 0 0.216312496463
10.394 0 0.215797665191
10.405 0 0.214939398208
10.417 0 0.213655487068
10.43 0 0.21221561182
10.436 0 0.210540124685
10.442 0 0.209644651369
10.463 0 0.205974881742
10.476 0 0.204669523713
10.482 0 0.204507472133
10.488 0 0.203753496145
10.495 0 0.203218445479
10.507 0 0.202070028614
10.511 0 0.20172407502
10.527 0 0.200646391711
10.534 0 0.19974726193
10.542 0 0.198908588183
10.552 0 0.198527321171
10.565 0 0.199360092496
10.575 0 0.199754887261
10.583 0 0.20129481722
10.595 0 0.203041632051
10.613 0 0.206487670735
10.622 0 0.20774768696
10.627 0 0.208502409408
10.632 0 0.208966491996
10.646 0 0.209889142547
10.654 0 0.210516877275
10.665 0 0.210005346034
10.673 0 0.210005346034
10.685 0 0.209918177894
10.695 0 0.208681132369
10.702 0 0.207894259445
10.713 0 0.20552011132
10.725 0 0.205375943771
10.738 0 0.206037319999
10.747 0 0.206126354725
10.759 0 0.206886525933
10.766 0 0.207422110419
10.773 0 0.208675595815
10.787 0 0.209463396031
10.8 0 0.211548164709
10.805 0 0.212646171407
10.815 0 0.213222873173
10.825 0 0.212621861077
10.84 0 0.212079555196
10.852 0 0.211930962227
10.857 0 0.21162058972
10.87 0 0.21151494503
10.877 0 0.212211070982
10.889 0 0.216029589849
10.903 0 0.216347784088
10.91 0 0.217298931582
10.918 0 0.21659813318
10.926 0 0.219402856069
10.937 0 0.221252151705
10.945 0 0.220802462729
10.954 0 0.221477632409
10.966 0 0.222037391205
10.982 0 0.222335547897
10.991 0 0.224492075189
10.995 0 0.224893763521
11.006 0 0.226329694295
11.018 0 0.225188174796
11.023 0 0.225671800389
11.035 0 0.220922414893
11.044 0 0.222944435066
11.055 0 0.231366863039
11.067 0 0.22625819894
11.074 0 0.220371395216
11.083 0 0.213812235637
11.095 0 0.229181829542
11.103 0 0.241527285122
11.116 0 0.242692268213
11.123 0 0.241590545141
11.135 0 0.248946427327
11.146 0 0.24692130886
11.159 0 0.247638912444
11.165 0 0.247638912444
11.171 0 0.247638912444
11.183 0 0.252615426045
11.199 0 0.252355135542
11.214 0 0.251869090405
11.22 0 0.251796405816
11.221 0 0.251654058705
11.232 0 0.249847700442
11.252 0 0.247969460241
11.257 0 0.247307447961
11.263 0 0.246406373137
11.273 0 0.245469838919
11.288 0 0.243747043317
11.296 0 0.242459192279
11.303 0 0.24131046537
11.314 0 0.238746050555
11.325 0 0.236693001648
11.34 0 0.236660872738
11.348 0 0.236368139887
11.356 0 0.235507273341
11.367 0 0.233724834103
11.378 0 0.2315715357
11.389 0 0.229605624687
11.396 0 0.22788295906
11.408 0 0.223970167232
11.416 0 0.222944508785
11.428 0 0.219337496833
11.44 0 0.216098954278
11.445 0 0.214585027753
11.455 0 0.212059597269
11.464 0 0.209243089478
11.479 0 0.205923044916
11.494 0 0.202037726544
11.501 0 0.200550039154
11.511 0 0.199353260966
11.515 0 0.198119684393
11.529 0 0.19629430921
11.536 0 0.195095546102
11.547 0 0.194781259779
11.558 0 0.192509677385
11.567 0 0.191309854177
11.576 0 0.191414821678
11.583 0 0.191233340438
11.594 0 0.192522259887
11.61 0 0.192722583119
11.614 0 0.192194182119
11.627 0 0.191474125109
11.634 0 0.190942044375
11.648 0 0.192710428702
11.659 0 0.194953045201
11.663 0 0.195987577516
11.676 0 0.19873892252
11.684 0 0.200975099738
11.696 0 0.205149267628
11.702 0 0.206463605909
11.713 0 0.207729283063
11.726 0 0.209846279987
11.737 0 0.212755560528
11.751 0 0.213972341537
11.755 0 0.213482832321
11.765 0 0.214482144552
11.773 0 0.216813894578
11.782 0 0.219024689178
11.794 0 0.219735626058
11.804 0 0.221541741145
11.814 0 0.222570351576
11.827 0 0.225726096262
11.84 0 0.225726096262
11.843 0 0.225726096262
11.854 0 0.226148019738
11.864 0 0.235651293193
11.878 0 0.236216877963
11.885 0 0.236216877963
11.894 0 0.242904296923
11.91 0 0.246659470689
11.918 0 0.246659470689
11.922 0 0.246659470689
11.935 0 0.248926982517
11.945 0 0.248109220634
11.955 0 0.246351114191
11.964 0 0.245296126718
11.972 0 0.244892893804
11.985 0 0.243976129255
11.995 0 0.243146826731
12.001 0 0.242557300732
12.014 0 0.241793944048
12.023 0 0.239868422403
12.033 0 0.238593336902
12.044 0 0.238504649216
12.055 0 0.238602766454
12.065 0 0.238492095161
12.071 0 0.240181199578
12.083 0 0.242210983338
12.093 0 0.24366037994
12.102 0 0.245199977335
12.114 0 0.246227958745
12.125 0 0.246650482724
12.136 0 0.246187482715
12.144 0 0.246044435758
12.153 0 0.246009268626
12.164 0 0.245790914922
12.177 0 0.245149434767
12.184 0 0.244294228133
12.195 0 0.242472692864
12.203 0 0.240108604526
12.218 0 0.235430359919
12.229 0 0.232623548262
12.233 0 0.23183120529
12.244 0 0.228327476988
12.253 0 0.224542786605
12.268 0 0.22090742747
12.274 0 0.219226995177
12.286 0 0.21434228966
12.294 0 0.211435334926
12.307 0 0.206579080091
12.318 0 0.203462503662
12.324 0 0.202621373007
12.334 0 0.200849567139
12.346 0 0.199831628929
12.361 0 0.199230627363
12.366 0 0.19904202701
12.376 0 0.198945345037
12.384 0 0.199286347571
12.397 0 0.200786003982
12.406 0 0.201259976243
12.413 0 0.201259976243
12.424 0 0.202643022354
12.433 0 0.20391992662
12.449 0 0.205589838303
12.456 0 0.206951966458
12.462 0 0.208017628419
12.474 0 0.20850938473
12.483 0 0.211942081577
12.496 0 0.2152935444
12.51 0 0.217259443367
12.514 0 0.220355781352
12.525 0 0.222275191181
12.534 0 0.222176676384
12.545 0 0.22729493221
12.554 0 0.230748072317
12.565 0 0.232076687782
12.572 0 0.232788444593
12.583 0 0.232736071343
12.594 0 0.229915887671
12.606 0 0.230024047246
12.615 0 0.232372826993
12.627 0 0.235138475831
12.634 0 0.237179617078
12.642 0 0.237737040585
12.661 0 0.236109387863
12.677 0 0.242593295779
12.684 0 0.245512483029
12.693 0 0.25091736108
12.702 0 0.253448960086
12.717 0 0.25640617222
12.727 0 0.257464297431
12.736 0 0.257956826172
12.749 0 0.257096585454
12.762 0 0.256933563238
12.766 0 0.256844539273
12.772 0 0.256844539273
12.777 0 0.256844539273
12.784 0 0.255739314362
12.801 0 0.254090199425
12.815 0 0.253796986286
12.82 0 0.253796986286
12.829 0 0.252680743546
12.83 0 0.252643841013
12.846 0 0.25317231648
12.859 0 0.253922573301
12.865 0 0.253922573301
12.873 0 0.253922573301
12.885 0 0.247842853217
12.893 0 0.245604827113
12.905 0 0.243698790446
12.912 0 0.243698790446
12.926 0 0.239805985138
12.933 0 0.239068105232
12.946 0 0.236999367688
12.959 0 0.236535460982
12.965 0 0.23618527929
12.976 0 0.235542675327
12.987 0 0.235558715451
13.0 0 0.234893392591
13.003 0 0.234893392591
13.013 0 0.234893392591
13.026 0 0.233398861193
13.043 0 0.233458116465
13.05 0 0.233534179427
13.056 0 0.233534179427
13.065 0 0.234453553552
13.077 0 0.236092228664
13.085 0 0.236307668583
13.095 0 0.236998538731
13.109 0 0.237785015041
13.121 0 0.23792105911
13.131 0 0.238245711696
13.137 0 0.238100626625
13.147 0 0.238512891138
13.154 0 0.238598838478
13.171 0 0.240268895901
13.183 0 0.241591469287
13.189 0 0.242417758645
13.196 0 0.24285248066
13.212 0 0.243439947013
13.22 0 0.243910855894
13.226 0 0.244395870556
13.234 0 0.245054711548
13.242 0 0.246525355167
13.257 0 0.249025240823
13.267 0 0.2517177129
13.273 0 0.2517177129
13.283 0 0.2517177129
13.296 0 0.260659099756
13.306 0 0.261922215341
13.315 0 0.261922215341
13.322 0 0.266248488698
13.335 0 0.270094060684
13.349 0 0.272644487047
13.355 0 0.273847522191
13.365 0 0.275992438828
13.373 0 0.275507116054
13.387 0 0.27471322926
13.395 0 0.275879878889
13.402 0 0.272913047413
13.417 0 0.272194463759
13.434 0 0.279317883307
13.44 0 0.283681198586
13.446 0 0.284141160125
13.456 0 0.284628695923
13.468 0 0.28096516718
13.48 0 0.283027692625
13.492 0 0.283027692625
13.496 0 0.280624123989
13.504 0 0.280992212767
13.517 0 0.274722325381
13.525 0 0.275977418654
13.538 0 0.274123751773
13.544 0 0.270667517334
13.556 0 0.271263829304
13.568 0 0.267148193997
13.572 0 0.264945985747
13.586 0 0.264427046761
13.593 0 0.263609086577
13.605 0 0.262431016234
13.618 0 0.261780140259
13.622 0 0.261780140259
13.634 0 0.263546614819
13.65 0 0.263524166054
13.655 0 0.263524166054
13.665 0 0.263524166054
13.674 0 0.263668468444
13.688 0 0.263887002846
13.697 0 0.264249294516
13.705 0 0.264909950239
13.713 0 0.265472064606
13.728 0 0.266382456954
13.743 0 0.266793330259
13.754 0 0.267089160183
13.758 0 0.267405294908
13.764 0 0.267512670311
13.774 0 0.267661351479
13.785 0 0.26813642559
13.797 0 0.268019014688
13.804 0 0.267997238616
13.816 0 0.268105539854
13.826 0 0.267633614098
13.84 0 0.26841401383
13.843 0 0.26841401383
13.853 0 0.26841401383
13.863 0 0.26824213239
13.874 0 0.266305854857
13.889 0 0.265938338015
13.895 0 0.265884692096
13.905 0 0.266218668886
13.914 0 0.266751979566
13.927 0 0.267614494572
13.937 0 0.267352330047
13.942 0 0.268017991235
13.954 0 0.269804204304
13.967 0 0.271293174935
13.981 0 0.271604839622
13.989 0 0.273160837518
13.992 0 0.273289980265
14.003 0 0.275014189527
14.014 0 0.276970481536
14.028 0 0.278292556914
14.034 0 0.280503733639
14.044 0 0.284121279033
14.057 0 0.289799405617
14.068 0 0.291517722195
14.073 0 0.291019362458
14.085 0 0.295268108909
14.092 0 0.296496545083
14.106 0 0.298414161309
14.114 0 0.298674161757
14.123 0 0.300415337076
14.136 0 0.302716802377
14.148 0 0.30433653352
14.155 0 0.304100875771
14.164 0 0.309689984437
14.175 0 0.312302635121
14.192 0 0.318147101161
14.203 0 0.318363477086
14.21 0 0.320628526759
14.213 0 0.319914285551
14.228 0 0.323628527331
14.248 0 0.322872873175
14.253 0 0.322872873175
14.257 0 0.322872873175
14.27 0 0.329092714546
14.274 0 0.329248568293
14.283 0 0.330230496152
14.297 0 0.33002093515
14.302 0 0.329704704667
14.314 0 0.329197035271
14.327 0 0.328410143487
14.34 0 0.327469893987
14.343 0 0.32559296713
14.353 0 0.323942478357
14.366 0 0.322315576807
14.383 0 0.319172279009
14.398 0 0.315181131282
14.405 0 0.31297938917
14.412 0 0.311198358684
14.418 0 0.310027154015
14.428 0 0.308183572486
14.436 0 0.305478251086
14.443 0 0.30178632441
14.453 0 0.300109139081
14.468 0 0.296487821848
14.478 0 0.296235276617
14.483 0 0.295658365682
14.493 0 0.295033930984
14.506 0 0.294505712948
14.516 0 0.294353675419
14.527 0 0.294518407073
14.535 0 0.295567544179
14.544 0 0.296394407723
14.556 0 0.296715981042
14.567 0 0.29687411982
14.574 0 0.297294730788
14.584 0 0.297111813581
14.595 0 0.296563803265
14.601 0 0.296486216528
14.614 0 0.29640187687
14.627 0 0.296667242211
14.634 0 0.296598321856
14.644 0 0.296111794054
14.655 0 0.296343982163
14.666 0 0.296773047714
14.673 0 0.296931910792
14.685 0 0.297041904907
14.697 0 0.297003557919
14.7 0 0.296931319071
14.711 0 0.297435091585
14.723 0 0.295683150582
14.733 0 0.295927075391
14.744 0 0.296309032092
14.754 0 0.297589763477
14.766 0 0.299204583859
14.774 0 0.300215182091
14.784 0 0.301087233153
14.795 0 0.301665877298
14.805 0 0.303541029489
14.817 0 0.304146321193
14.824 0 0.307029006035
14.833 0 0.309466578785
14.843 0 0.314423904728
14.857 0 0.3151722525
14.865 0 0.314491906398
14.878 0 0.313533744522
14.883 0 0.316907806615
14.894 0 0.317107991002
14.904 0 0.318149014242
14.912 0 0.32189162509
14.928 0 0.327597303048
14.936 0 0.331561607621
14.944 0 0.330999535542
14.956 0 0.338526274722
14.971 0 0.34050662425
14.977 0 0.341138310684
14.985 0 0.340846252074
14.994 0 0.339464611334
15.002 0 0.339041258957
15.014 0 0.340351186164
15.024 0 0.339230180368
15.03 0 0.338435819563
15.045 0 0.34025282282
15.054 0 0.341138480356
15.061 0 0.342247857674
15.073 0 0.342321308726
15.084 0 0.341955317108
15.097 0 0.341485952646
15.102 0 0.341109910302
15.112 0 0.340247750819
15.124 0 0.339184534192
15.135 0 0.338202185183
15.145 0 0.338071304468
15.154 0 0.337466539584
15.162 0 0.337398037621
15.178 0 0.337091657783
15.187 0 0.335221473768
15.195 0 0.333505020498
15.204 0 0.330623404801
15.21 0 0.328931400417
15.225 0 0.329217610616
15.234 0 0.330482206103
15.244 0 0.33091913078
15.256 0 0.330571170138
15.271 0 0.330207298953
15.279 0 0.330207298953
15.282 0 0.330207298953
15.294 0 0.327826306841
15.305 0 0.327945423189
15.316 0 0.328215447193
15.321 0 0.328192471778
15.333 0 0.327971895499
15.342 0 0.327367488785
15.357 0 0.32775568263
15.369 0 0.328893257546
15.373 0 0.329156379697
15.385 0 0.328331599251
15.398 0 0.328808639423
15.4 0 0.328997730295
15.411 0 0.328997730295
15.424 0 0.32924831055
15.434 0 0.3288782828
15.447 0 0.328670387554
15.455 0 0.328058521198
15.464 0 0.326815994439
15.476 0 0.324160396266
15.492 0 0.321930209966
15.501 0 0.319467387765
15.508 0 0.320252459142
15.512 0 0.3206127493
15.524 0 0.323184646313
15.535 0 0.323394532739
15.546 0 0.326635616156
15.553 0 0.326682479183
15.567 0 0.330006335498
15.576 0 0.330607562344
15.583 0 0.332041503424
15.599 0 0.331763665485
15.6 0 0.331763665485
15.612 0 0.333961829661
15.627 0 0.33972991908
15.633 0 0.341608516484
15.645 0 0.344795622048
15.656 0 0.344332736302
15.665 0 0.34763288879
15.673 0 0.348324520304
15.69 0 0.349259861218
15.699 0 0.351041774188
15.706 0 0.353782291602
15.714 0 0.356242371538
15.726 0 0.354142643924
15.737 0 0.355046684893
15.748 0 0.357257530366
15.753 0 0.358274459904
15.767 0 0.358569726781
15.773 0 0.359747775382
15.784 0 0.362657393634
15.797 0 0.360422638513
15.805 0 0.354930341385
15.813 0 0.355966878659
15.824 0 0.355350155446
15.836 0 0.355916320788
15.845 0 0.355699845616
15.855 0 0.350732320061
15.867 0 0.350772729116
15.883 0 0.347139630781
15.9 0 0.348760399491
15.909 0 0.349664482283
15.914 0 0.350031834312
15.929 0 0.35292985935
15.935 0 0.352810349174
15.94 0 0.352818129989
15.947 0 0.353067280612
15.951 0 0.353067280612
15.961 0 0.353067280612
15.976 0 0.350988433764
15.985 0 0.350007795714
15.999 0 0.349326941805
16.011 0 0.348812472
16.016 0 0.349092041253
16.027 0 0.349062804589
16.035 0 0.348866124462
16.052 0 0.348173290978
16.059 0 0.34721662725
16.066 0 0.34721662725
16.073 0 0.347349527388
16.094 0 0.347530196128
16.097 0 0.347563217041
16.104 0 0.347563217041
16.115 0 0.347745368876
16.124 0 0.347369774233
16.136 0 0.345053191831
16.145 0 0.344304373947
16.156 0 0.343488416166
16.164 0 0.342974562996
16.176 0 0.342488117267
16.191 0 0.340891424399
16.201 0 0.341371624545
16.21 0 0.341996771379
16.217 0 0.343386490437
16.229 0 0.343425378756
16.239 0 0.343782304277
16.244 0 0.343242518402
16.253 0 0.342342367894
16.267 0 0.342603067143
16.279 0 0.342739074067
16.286 0 0.342739074067
16.296 0 0.343102735362
16.306 0 0.342188254491
16.317 0 0.343607900232
16.321 0 0.343103351462
16.334 0 0.344127569635
16.343 0 0.344640178885
16.359 0 0.343685247962
16.366 0 0.345889416128
16.376 0 0.349624159885
16.384 0 0.350244057741
16.397 0 0.349606008971
16.405 0 0.352729589154
16.415 0 0.352860637836
16.424 0 0.356078881388
16.438 0 0.355180846596
16.446 0 0.357137293529
16.457 0 0.354750665774
16.467 0 0.354438505497
16.476 0 0.360101491064
16.491 0 0.368714360455
16.502 0 0.370288785753
16.508 0 0.368395559288
16.514 0 0.375260737266
16.534 0 0.380082458431
16.542 0 0.380009508357
16.549 0 0.381472350785
16.557 0 0.384288978215
16.569 0 0.38010513158
16.574 0 0.382628746984
16.586 0 0.378045502015
16.594 0 0.372845441396
16.608 0 0.371071705017
16.616 0 0.376499742179
16.626 0 0.386333490865
16.631 0 0.387909205015
16.644 0 0.387947917661
16.653 0 0.387973248852
16.667 0 0.386602056051
16.68 0 0.386251256787
16.685 0 0.386174279352
16.693 0 0.386174279352
16.705 0 0.386174279352
16.719 0 0.385086804986
16.729 0 0.384947450964
16.738 0 0.384461533698
16.745 0 0.384315371913
16.759 0 0.384302673871
16.771 0 0.383003263045
16.777 0 0.382555121653
16.782 0 0.38131015411
16.793 0 0.380389589951
16.807 0 0.380420160545
16.818 0 0.380609992698
16.831 0 0.380191308229
16.833 0 0.38000199858
16.844 0 0.379116852447
16.857 0 0.37669682844
16.868 0 0.375137771928
16.878 0 0.372904861095
16.885 0 0.372130070553
16.898 0 0.370583997874
16.902 0 0.369255336672
16.915 0 0.367984512453
16.921 0 0.367256962174
16.932 0 0.36690533486
16.941 0 0.366529126294
16.952 0 0.367685215141
16.965 0 0.366079241151
16.974 0 0.36854834933
16.987 0 0.370247747672
16.996 0 0.371767497543
17.005 0 0.372715089191
17.013 0 0.373634783202
17.024 0 0.375367805536
17.033 0 0.376349476329
17.049 0 0.377956337481
17.055 0 0.378252324468
17.067 0 0.378889223492
17.073 0 0.378889223492
17.081 0 0.378889223492
17.095 0 0.381682153759
17.103 0 0.382126921823
17.115 0 0.385269823333
17.124 0 0.385171635006
17.134 0 0.388502411268
17.146 0 0.389219021326
17.155 0 0.392758689869
17.168 0 0.393163969541
17.178 0 0.393658275395
17.184 0 0.397013093645
17.194 0 0.397332981688
17.206 0 0.400398390493
17.217 0 0.401656932802
17.224 0 0.404653329355
17.235 0 0.406014706424
17.248 0 0.408321541293
17.261 0 0.410735784179
17.271 0 0.412066741308
17.275 0 0.412066741308
17.284 0 0.412066741308
17.294 0 0.414962121543
17.306 0 0.415101183829
17.315 0 0.415309502797
17.323 0 0.415309502797
17.337 0 0.421951825169
17.345 0 0.422115337867
17.353 0 0.423637289562
17.361 0 0.424231067594
17.374 0 0.426771532983
17.387 0 0.429259418667
17.395 0 0.429748146163
17.403 0 0.431369488595
17.412 0 0.433704668218
17.425 0 0.434822274551
17.437 0 0.435872588291
17.445 0 0.435863191717
17.453 0 0.435181400479
17.463 0 0.433977147828
17.472 0 0.432575152557
17.485 0 0.432668058923
17.495 0 0.431857687968
17.503 0 0.431428856642
17.514 0 0.430947922982
17.525 0 0.430149914294
17.536 0 0.429547282333
17.545 0 0.428599457112
17.557 0 0.425986491828
17.567 0 0.425867773497
17.582 0 0.426204664622
17.585 0 0.426207979085
17.595 0 0.426009303051
17.61 0 0.426009303051
17.614 0 0.426009303051
17.624 0 0.425777213624
17.637 0 0.424452676269
17.648 0 0.423399560368
17.654 0 0.422384490731
17.661 0 0.420092776189
17.676 0 0.415729385963
17.689 0 0.411008738389
17.694 0 0.409760992278
17.707 0 0.407467972504
17.715 0 0.408018438682
17.723 0 0.407910941362
17.735 0 0.407965999321
17.746 0 0.407656147196
17.755 0 0.40739020898
17.764 0 0.408448719847
17.779 0 0.408258327693
17.787 0 0.408638404817
17.795 0 0.409328602611
17.806 0 0.408895175912
17.811 0 0.408895175912
17.824 0 0.408895175912
17.834 0 0.411627407337
17.845 0 0.412690043273
17.855 0 0.413142302602
17.865 0 0.413898121706
17.874 0 0.414477759671
17.886 0 0.416057809133
17.895 0 0.41849558997
17.905 0 0.418970819581
17.912 0 0.420661187383
17.927 0 0.423801225216
17.943 0 0.424369567578
17.95 0 0.428522346293
17.964 0 0.43047132327
17.969 0 0.428924104251
17.979 0 0.43072547208
17.994 0 0.432697662371
17.996 0 0.435493425674
18.005 0 0.437453889863
18.013 0 0.436951794748
18.025 0 0.439902727236
18.033 0 0.435982077223
18.045 0 0.437495010135
18.055 0 0.439859097781
18.065 0 0.446597919241
18.075 0 0.446247828169
18.097 0 0.447308035703
18.102 0 0.448002766726
18.11 0 0.448681353447
18.114 0 0.447262251266
18.125 0 0.449819746188
18.136 0 0.448322464173
18.144 0 0.448322464173
18.155 0 0.453294875521
18.16 0 0.455584436609
18.178 0 0.457040637175
18.188 0 0.457704931819
18.197 0 0.459326928431
18.203 0 0.460590340506
18.218 0 0.462693254921
18.23 0 0.463442066437
18.23 0 0.463442066437
18.246 0 0.463461229437
18.256 0 0.463091015203
18.261 0 0.462603745933
18.275 0 0.461784439349
18.284 0 0.461880635315
18.295 0 0.461595737309
18.307 0 0.461526708691
18.316 0 0.461358187783
18.323 0 0.461344203489
18.335 0 0.462159893058
18.342 0 0.462159893058
18.359 0 0.460979275834
18.367 0 0.460374712531
18.38 0 0.460185217284
18.389 0 0.460312448453
18.401 0 0.459797645874
18.404 0 0.459596066242
18.417 0 0.459800432157
18.431 0 0.460223229982
18.433 0 0.460379101396
18.445 0 0.460187087666
18.455 0 0.459101781822
18.462 0 0.457809294865
18.477 0 0.455767799254
18.487 0 0.454615971831
18.501 0 0.453718905907
18.508 0 0.453753461788
18.518 0 0.453125570333
18.524 0 0.453181626747
18.535 0 0.453169216437
18.546 0 0.452780929387
18.557 0 0.453148367217
18.564 0 0.453462528427
18.576 0 0.455048285029
18.583 0 0.455876128922
18.595 0 0.457503037821
18.613 0 0.459432298436
18.621 0 0.460101985237
18.626 0 0.460113436733
18.634 0 0.460103422663
18.644 0 0.459433166891
18.654 0 0.459407909777
18.671 0 0.458748780639
18.675 0 0.458748780639
18.684 0 0.458748780639
18.693 0 0.4638344306
18.705 0 0.464503215444
18.717 0 0.465022454851
18.725 0 0.467514190638
18.73 0 0.467010732502
18.742 0 0.469235871285
18.756 0 0.472072618162
18.763 0 0.475886857485
18.774 0 0.478323822533
18.781 0 0.478738672407
18.795 0 0.479562641426
18.803 0 0.483400658205
18.816 0 0.48205963522
18.823 0 0.486447709234
18.836 0 0.487810265484
18.846 0 0.491105040318
18.855 0 0.492486574904
18.863 0 0.492874462741
18.876 0 0.494195536759
18.889 0 0.494064983082
18.894 0 0.494590832397
18.904 0 0.495012891242
18.912 0 0.492897643145
18.928 0 0.493755283192
18.937 0 0.497053395904
18.949 0 0.499030307217
18.96 0 0.501536794934
18.967 0 0.503192609181
18.98 0 0.504907307238
18.985 0 0.505884753572
18.995 0 0.506143902152
19.01 0 0.505850609505
19.016 0 0.504951193867
19.029 0 0.504221887275
19.04 0 0.504195661389
19.044 0 0.503972984892
19.056 0 0.503034753244
19.064 0 0.501685546276
19.076 0 0.500680930669
19.083 0 0.500163050611
19.095 0 0.499456036015
19.109 0 0.498361435155
19.121 0 0.497883398313
19.126 0 0.497883398313
19.132 0 0.495779187209
19.146 0 0.496248554651
19.16 0 0.496739065323
19.162 0 0.496739065323
19.18 0 0.498330704494
19.188 0 0.499608256604
19.201 0 0.500450331378
19.207 0 0.500315799539
19.219 0 0.500001420005
19.225 0 0.500001420005
19.236 0 0.500001420005
19.25 0 0.496532762143
19.262 0 0.496354905918
19.266 0 0.496210369671
19.274 0 0.496210369671
19.282 0 0.496210369671
19.295 0 0.495779184398
19.305 0 0.495137158941
19.316 0 0.49568925579
19.325 0 0.496070216946
19.337 0 0.496129907381
19.343 0 0.496160485521
19.355 0 0.496310560834
19.364 0 0.497354975468
19.374 0 0.497363475637
19.385 0 0.498413703794
19.395 0 0.499288082445
19.403 0 0.500949789806
19.413 0 0.502105148176
19.427 0 0.502700016547
19.431 0 0.503531101016
19.445 0 0.505591882915
19.454 0 0.508154346
19.469 0 0.509126855177
19.476 0 0.50955823586
19.484 0 0.511967396675
19.49 0 0.511475585485
19.504 0 0.516095056325
19.52 0 0.517443510967
19.526 0 0.517997798921
19.53 0 0.521923039333
19.543 0 0.523905436994
19.556 0 0.523714659326
19.564 0 0.522432684244
19.572 0 0.521621925653
19.582 0 0.520273248445
19.597 0 0.522823037262
19.604 0 0.524289327984
19.613 0 0.524289327984
19.622 0 0.524289327984
19.634 0 0.523494703773
19.642 0 0.524996811058
19.655 0 0.52744582833
19.664 0 0.522245628566
19.673 0 0.525860171477
19.686 0 0.528531526401
19.698 0 0.529554945953
19.706 0 0.52518159993
19.716 0 0.532065283679
19.733 0 0.539234543177
19.739 0 0.54006503563
19.746 0 0.542708496771
19.754 0 0.545221145576
19.764 0 0.546513623349
19.774 0 0.547010492208
19.79 0 0.547118592299
19.799 0 0.546440458662
19.803 0 0.545694509889
19.812 0 0.545060759699
19.829 0 0.544507162588
19.835 0 0.544125059667
19.846 0 0.542969449285
19.855 0 0.543419161223
19.865 0 0.54237500124
19.876 0 0.540372345018
19.885 0 0.538730174507
19.895 0 0.536197244033
19.909 0 0.535229738586
19.914 0 0.535291304449
19.923 0 0.535593546827
19.934 0 0.536391949543
19.944 0 0.536983125741
19.955 0 0.538850554248
19.97 0 0.540290770114
19.975 0 0.540535020553
19.985 0 0.540446386899
19.993 0 0.540294130566
20.013 0 0.538749750956
20.021 0 0.538747567984
20.027 0 0.537632324852
20.036 0 0.536560896281
20.043 0 0.53546766095
20.057 0 0.533870450968
20.067 0 0.533365207381
20.075 0 0.533183500851
20.083 0 0.532789783426
20.099 0 0.531621958223
20.107 0 0.531903009225
20.113 0 0.532252637645
20.126 0 0.534305794299
20.138 0 0.535911455857
20.145 0 0.537030695634
20.153 0 0.538187328563
20.165 0 0.539028658394
20.176 0 0.53912788813
20.19 0 0.538570967324
20.197 0 0.539245401088
20.203 0 0.539454434866
20.217 0 0.540839871235
20.23 0 0.542242576214
20.242 0 0.544353638808
20.242 0 0.544353638808
20.255 0 0.544353638808
20.27 0 0.546701545197
20.28 0 0.548714501608
20.285 0 0.548714501608
20.299 0 0.552636017175
20.308 0 0.55416548861
20.315 0 0.55388447022
20.321 0 0.554005857612
20.331 0 0.554530325999
20.347 0 0.552563144086
20.353 0 0.554249701152
20.364 0 0.552265866367
20.375 0 0.552467901989
20.382 0 0.552979847141
20.396 0 0.557368884138
20.403 0 0.557354453799
20.417 0 0.55917813937
20.423 0 0.55917813937
20.435 0 0.565714160307
20.446 0 0.568353674906
20.456 0 0.567261259218
20.467 0 0.563758509341
20.477 0 0.568245036313
20.483 0 0.566648892851
20.498 0 0.57320320135
20.513 0 0.57823488494
20.517 0 0.578679633019
20.525 0 0.580141994908
20.537 0 0.582814089182
20.548 0 0.584286267593
20.553 0 0.585468066636
20.567 0 0.585670406848
20.587 0 0.585121464983
20.594 0 0.584947487128
20.599 0 0.584811215702
20.606 0 0.584291751677
20.614 0 0.583403631722
20.626 0 0.582165493179
20.633 0 0.582683720716
20.642 0 0.582407064712
20.655 0 0.580690817577
20.664 0 0.578242531907
20.679 0 0.57690102201
20.686 0 0.576245552011
20.692 0 0.576080354846
20.705 0 0.575538240753
20.718 0 0.575376330144
20.728 0 0.575538007578
20.735 0 0.575441840614
20.744 0 0.575810667415
20.758 0 0.576288422719
20.775 0 0.574595525573
20.779 0 0.57366518533
20.784 0 0.572461786856
20.796 0 0.567716515432
20.808 0 0.563119163037
20.822 0 0.560080946986
20.828 0 0.557465524664
20.835 0 0.556031912888
20.846 0 0.552621930399
20.853 0 0.552531022277
20.866 0 0.551472271123
20.873 0 0.551298066186
20.884 0 0.551131597397
20.895 0 0.551515016875
20.908 0 0.552282833749
20.915 0 0.5530847558
20.925 0 0.554247081775
20.931 0 0.554578074051
20.943 0 0.555335143458
20.953 0 0.555799102079
20.964 0 0.555775279113
20.973 0 0.556172925057
20.986 0 0.556699699246
20.994 0 0.557571560313
21.006 0 0.557870925795
21.013 0 0.557833825755
21.021 0 0.558980316948
21.032 0 0.558897192307
21.044 0 0.558704494159
21.057 0 0.558704494159
21.064 0 0.560948626966
21.076 0 0.564122372929
21.085 0 0.563267901354
21.094 0 0.564017829452
21.103 0 0.568949042646
21.12 0 0.572700111232
21.128 0 0.576482337103
21.135 0 0.578928100928
21.143 0 0.575383102252
21.152 0 0.574665086017
21.164 0 0.578566149042
21.178 0 0.578679429185
21.185 0 0.578054660069
21.191 0 0.580145378568
21.204 0 0.580859227105
21.215 0 0.578499972795
21.229 0 0.57641394099
21.237 0 0.579551933687
21.249 0 0.58336278162
21.256 0 0.590548826105
21.266 0 0.591916559496
21.278 0 0.590276231359
21.29 0 0.592375346095
21.296 0 0.597028328083
21.303 0 0.599560627006
21.318 0 0.604193371347
21.327 0 0.604603115798
21.334 0 0.604535010029
21.343 0 0.603759205439
21.356 0 0.602753819554
21.368 0 0.602450395959
21.378 0 0.602290988535
21.386 0 0.602216126235
21.396 0 0.603665264759
21.406 0 0.604227682846
21.418 0 0.603078431812
21.428 0 0.604463871755
21.438 0 0.602494244304
21.444 0 0.602779210115
21.452 0 0.602024173752
21.472 0 0.601173745147
21.477 0 0.602296262284
21.484 0 0.603505379325
21.495 0 0.604007488468
21.508 0 0.605149849555
21.519 0 0.605254791016
21.525 0 0.604731074559
21.534 0 0.604731074559
21.546 0 0.602077343581
21.557 0 0.600112142864
21.562 0 0.599342986865
21.574 0 0.598944098171
21.586 0 0.597884133653
21.591 0 0.597486148127
21.604 0 0.596439641999
21.613 0 0.595442580866
21.623 0 0.593578614568
21.632 0 0.59356674566
21.649 0 0.594196335862
21.651 0 0.594316956431
21.666 0 0.594527020519
21.673 0 0.595106030984
21.684 0 0.595418496623
21.7 0 0.597985663278
21.714 0 0.598886306595
21.721 0 0.599114350596
21.725 0 0.599257759287
21.733 0 0.600170078232
21.741 0 0.601252491183
21.753 0 0.602716144172
21.765 0 0.602137432836
21.778 0 0.601347006513
21.789 0 0.601194581691
21.796 0 0.601616061577
21.801 0 0.602398251109
21.812 0 0.603704160235
21.826 0 0.604994076771
21.838 0 0.606154947689
21.844 0 0.606823397482
21.854 0 0.607197515543
21.862 0 0.607993171554
21.873 0 0.610205182144
21.883 0 0.611392165271
21.892 0 0.61149902703
21.905 0 0.613316795352
21.917 0 0.612358164261
21.926 0 0.611348941703
21.933 0 0.611608519843
21.944 0 0.614728421997
21.955 0 0.61144328662
21.965 0 0.612613580551
21.971 0 0.612196174224
21.981 0 0.615268303407
21.992 0 0.613956849807
22.007 0 0.6159370028
22.013 0 0.614526957425
22.026 0 0.617232883634
22.039 0 0.616285621965
22.053 0 0.621681119704
22.058 0 0.621681119704
22.063 0 0.621681119704
22.072 0 0.623607706349
22.087 0 0.632198119642
22.095 0 0.634497999315
22.106 0 0.634756151112
22.113 0 0.634458661065
22.127 0 0.63405724468
22.132 0 0.634164038677
22.146 0 0.632305382187
22.155 0 0.633232231811
22.164 0 0.633248887947
22.184 0 0.62985496167
22.188 0 0.629921858546
22.196 0 0.630587307339
22.207 0 0.628634406084
22.217 0 0.627321596775
22.231 0 0.627226157904
22.236 0 0.627226157904
22.247 0 0.623473765302
22.256 0 0.620625328654
22.262 0 0.620292676246
22.276 0 0.621068478325
22.285 0 0.620923489078
22.292 0 0.621271840532
22.305 0 0.621607875917
22.318 0 0.621285605968
22.324 0 0.621254738304
22.333 0 0.620438644718
22.344 0 0.619759054016
22.356 0 0.618601097613
22.362 0 0.617944538107
22.374 0 0.617900125096
22.382 0 0.617606823451
22.393 0 0.617606823451
22.406 0 0.616187270325
22.415 0 0.616933719668
22.426 0 0.616990148721
22.432 0 0.61655407622
22.445 0 0.61655407622
22.455 0 0.616395363826
22.464 0 0.617470766567
22.476 0 0.618824532329
22.482 0 0.619311063876
22.496 0 0.620689607868
22.507 0 0.621535021518
22.513 0 0.621535021518
22.528 0 0.623589698224
22.547 0 0.625573051475
22.553 0 0.626160312244
22.558 0 0.626559146986
22.565 0 0.626673939667
22.571 0 0.627576374171
22.591 0 0.628678138757
22.595 0 0.63034613304
22.603 0 0.63168854775
22.615 0 0.632594370723
22.628 0 0.633936281814
22.636 0 0.635962113941
22.644 0 0.63869928452
22.655 0 0.641202661298
22.665 0 0.643756586134
22.684 0 0.644045811601
22.689 0 0.643195019311
22.696 0 0.645035612509
22.704 0 0.6453745175
22.718 0 0.646134154372
22.724 0 0.644604205669
22.734 0 0.644365906754
22.744 0 0.642940255705
22.755 0 0.64408249542
22.763 0 0.64675054907
22.774 0 0.649128901397
22.784 0 0.651910275379
22.793 0 0.645568126422
22.808 0 0.651194761003
22.823 0 0.64598606778
22.827 0 0.647327969847
22.836 0 0.651971718467
22.843 0 0.653487379871
22.856 0 0.651784140804
22.866 0 0.653703574942
22.871 0 0.658299641792
22.881 0 0.658183712064
22.895 0 0.664237751144
22.904 0 0.666509020644
22.914 0 0.666654033304
22.923 0 0.665921904806
22.933 0 0.665253002019
22.942 0 0.664719766739
22.956 0 0.665658007922
22.969 0 0.666450242234
22.973 0 0.667001219103
22.982 0 0.667223905129
22.999 0 0.666167839349
23.005 0 0.666196518858
23.018 0 0.666221953397
23.021 0 0.666042672541
23.037 0 0.662989354997
23.046 0 0.660376686362
23.052 0 0.658906289571
23.064 0 0.659682408375
23.074 0 0.659727172588
23.083 0 0.659884372795
23.099 0 0.659508702302
23.105 0 0.659504120889
23.113 0 0.659658671328
23.125 0 0.65937093133
23.139 0 0.658193935535
23.146 0 0.658035138358
23.152 0 0.657647258754
23.166 0 0.656193811747
23.177 0 0.654919128899
23.184 0 0.654555563516
23.195 0 0.652158527069
23.204 0 0.650419708525
23.213 0 0.649753583246
23.223 0 0.649357326459
23.236 0 0.648550165099
23.245 0 0.648654739532
23.258 0 0.647956666271
23.272 0 0.649706926801
23.273 0 0.649945428225
23.284 0 0.651266019134
23.292 0 0.652584405698
23.302 0 0.653809064691
23.314 0 0.655079433144
23.323 0 0.655733306571
23.336 0 0.656545932709
23.349 0 0.657830827644
23.357 0 0.658866571813
23.367 0 0.660137214314
23.378 0 0.661549566218
23.392 0 0.662252547296
23.397 0 0.66318399753
23.404 0 0.66318399753
23.417 0 0.665291827739
23.424 0 0.666059734132
23.436 0 0.668449610581
23.447 0 0.668882814042
23.454 0 0.668889934725
23.466 0 0.673827273357
23.475 0 0.674868552683
23.484 0 0.675553495277
23.498 0 0.675774935113
23.504 0 0.672409761391
23.514 0 0.674175101744
23.522 0 0.674970340488
23.534 0 0.679625751143
23.544 0 0.679625751143
23.552 0 0.679625751143
23.563 0 0.682475730153
23.574 0 0.679454068642
23.588 0 0.679968563201
23.593 0 0.683842677452
23.606 0 0.680747083969
23.616 0 0.680160455156
23.629 0 0.68416386572
23.633 0 0.682490950894
23.646 0 0.683886795706
23.652 0 0.683886795706
23.663 0 0.690385966732
23.674 0 0.694274285316
23.687 0 0.697748305222
23.694 0 0.699743411357
23.704 0 0.700401584415
23.715 0 0.700549376155
23.722 0 0.700031478034
23.734 0 0.699024396921
23.743 0 0.698140622798
23.755 0 0.697351048495
23.765 0 0.698412169216
23.778 0 0.699001434139
23.782 0 0.698240898931
23.796 0 0.697863642065
23.809 0 0.696697061005
23.821 0 0.697220291415
23.828 0 0.697733283866
23.832 0 0.697806152385
23.845 0 0.697163457137
23.855 0 0.695372288876
23.864 0 0.694300651688
23.876 0 0.69549526608
23.883 0 0.695282705145
23.896 0 0.694315539012
23.906 0 0.692483381892
23.918 0 0.691230189831
23.925 0 0.688262318471
23.936 0 0.68548855461
23.947 0 0.683907781094
23.966 0 0.682645554302
23.975 0 0.681556994663
23.982 0 0.681079815969
23.99 0 0.680779310321
23.994 0 0.679830553997
24.005 0 0.679668846296
24.018 0 0.67965858913
24.03 0 0.680865534868
24.039 0 0.681661526519
24.048 0 0.681438862091
24.058 0 0.681074989612
24.067 0 0.680295504372
24.076 0 0.679442351411
24.087 0 0.678043789682
24.099 0 0.677666261477
24.109 0 0.679567481993
24.117 0 0.679801111024
24.123 0 0.680083717331
24.136 0 0.679310719563
24.145 0 0.679708337017
24.155 0 0.68016578204
24.166 0 0.680609393505
24.179 0 0.679646433279
24.184 0 0.679860241236
24.193 0 0.679791723988
24.207 0 0.682357366855
24.219 0 0.686205555206
24.224 0 0.687442557781
24.233 0 0.691893424574
24.242 0 0.692540821525
24.254 0 0.693070911652
24.265 0 0.694845929938
24.276 0 0.696047906136
24.284 0 0.696380583919
24.303 0 0.696626676149
24.311 0 0.696511124927
24.319 0 0.696511124927
24.325 0 0.696511124927
24.336 0 0.697265528729
24.348 0 0.700009313665
24.357 0 0.697998359702
24.364 0 0.698585459591
24.373 0 0.693366327231
24.384 0 0.698616898055
24.397 0 0.701330402029
24.403 0 0.698010083273
24.419 0 0.707324381782
24.426 0 0.710169623224
24.435 0 0.709795613798
24.442 0 0.713867473742
24.458 0 0.717068166486
24.46 0 0.717165836029
24.478 0 0.717413397124
24.486 0 0.718563309482
24.493 0 0.718219904827
24.505 0 0.717679416058
24.512 0 0.716723093454
24.525 0 0.716202558309
24.535 0 0.715082214878
24.544 0 0.713711158719
24.553 0 0.712217895309
24.563 0 0.712112780484
24.573 0 0.71277985355
24.586 0 0.710960865769
24.593 0 0.708449972434
24.606 0 0.70475026768
24.615 0 0.701485529652
24.623 0 0.699013180299
24.635 0 0.698249051542
24.646 0 0.698128586631
24.656 0 0.698674367575
24.666 0 0.699165886881
24.673 0 0.699413012073
24.688 0 0.699267825839
24.692 0 0.699032256444
24.706 0 0.697937464659
24.713 0 0.696544707253
24.727 0 0.695261497205
24.739 0 0.694575906062
24.743 0 0.694559905491
24.757 0 0.693765829935
24.766 0 0.692472062944
24.782 0 0.689963194628
24.787 0 0.689313899107
24.799 0 0.687556296515
24.805 0 0.68712290443
24.823 0 0.685776729203
24.829 0 0.685627211934
24.834 0 0.685537540547
24.842 0 0.68512405279
24.851 0 0.685260388457
24.866 0 0.684771728362
24.873 0 0.684047497381
24.883 0 0.683146705221
24.891 0 0.682601326651
24.902 0 0.684151826921
24.911 0 0.684759264084
24.924 0 0.686605016183
24.935 0 0.687076397333
24.94 0 0.687418883682
24.953 0 0.687449045598
24.964 0 0.68678020433
24.973 0 0.686858140866
24.986 0 0.688373527995
25.0 0 0.689331490111
25.005 0 0.69265584187
25.014 0 0.695404861467
25.023 0 0.697515724991
25.035 0 0.699215025695
25.041 0 0.699371373675
25.055 0 0.699417929518
25.062 0 0.700619234947
25.075 0 0.697002295415
25.091 0 0.696410303676
25.101 0 0.704709688173
25.107 0 0.704825131689
25.113 0 0.708165033156
25.128 0 0.710687529056
25.135 0 0.710687529056
25.143 0 0.710687529056
25.155 0 0.712559711578
25.166 0 0.709319350395
25.177 0 0.71533246313
25.185 0 0.71842877048
25.192 0 0.718997380843
25.208 0 0.721401242896
25.218 0 0.723658529382
25.225 0 0.724806861094
25.235 0 0.725455876007
25.242 0 0.726835742949
25.254 0 0.728723891573
25.262 0 0.730371533937
25.275 0 0.731150693966
25.284 0 0.730628829043
25.293 0 0.729980253681
25.305 0 0.729669457568
25.315 0 0.728150346542
25.324 0 0.72789427125
25.332 0 0.72545231086
25.347 0 0.725343946516
25.353 0 0.726453106121
25.363 0 0.727037381832
25.377 0 0.722772932307
25.384 0 0.72122211276
25.394 0 0.717648749452
25.402 0 0.715463252984
25.414 0 0.713162356365
25.43 0 0.71158542867
25.436 0 0.712870353216
25.443 0 0.714065246028
25.455 0 0.715268109859
25.461 0 0.715190525259
25.471 0 0.714951591614
25.483 0 0.71354415349
25.493 0 0.712863351933
25.508 0 0.710573246666
25.517 0 0.708462454416
25.525 0 0.706166768048
25.537 0 0.703952092714
25.543 0 0.702982340716
25.556 0 0.702657330369
25.565 0 0.703318972299
25.573 0 0.704012737363
25.587 0 0.704057889234
25.602 0 0.702292744101
25.615 0 0.702799000549
25.62 0 0.703142711581
25.626 0 0.703575854044
25.636 0 0.702489550196
25.651 0 0.700645757802
25.656 0 0.700366748786
25.663 0 0.699209536399
25.671 0 0.699209536399
25.689 0 0.697330169527
25.695 0 0.697093173108
25.703 0 0.699242998891
25.71 0 0.699644807801
25.723 0 0.70079329966
25.734 0 0.7021551896
25.744 0 0.702821783776
25.754 0 0.70252739706
25.763 0 0.701851653044
25.772 0 0.703828167406
25.787 0 0.707206520601
25.795 0 0.707552460967
25.804 0 0.712287313675
25.815 0 0.71701482819
25.831 0 0.718001793723
25.835 0 0.718908841823
25.847 0 0.71823454031
25.853 0 0.720138347549
25.87 0 0.719515503093
25.882 0 0.715936252339
25.89 0 0.714809207288
25.892 0 0.714809207288
25.902 0 0.714809207288
25.922 0 0.721574224131
25.93 0 0.719616066012
25.934 0 0.720581045709
25.944 0 0.725414614009
25.954 0 0.719675575319
25.963 0 0.719268162484
25.975 0 0.720015314154
25.984 0 0.722166925211
25.992 0 0.72822411452
26.004 0 0.731719319274
26.018 0 0.734296231382
26.022 0 0.735999177638
26.035 0 0.73887858746
26.045 0 0.742250640494
26.056 0 0.743333344815
26.064 0 0.74343645285
26.075 0 0.743126389565
26.084 0 0.742093848073
26.09 0 0.741690813325
26.103 0 0.740367650462
26.117 0 0.738964714044
26.125 0 0.738543344408
26.133 0 0.739210641352
26.141 0 0.739369747055
26.155 0 0.740059088669
26.165 0 0.740858809035
26.174 0 0.741295279517
26.185 0 0.74092791663
26.201 0 0.739035881613
26.205 0 0.738840143265
26.216 0 0.738839556324
26.224 0 0.73888059564
26.235 0 0.738548332821
26.244 0 0.737956171205
26.255 0 0.73819210512
26.263 0 0.737751712261
26.277 0 0.734961282616
26.285 0 0.73336676556
26.299 0 0.730631016527
26.307 0 0.728915320231
26.314 0 0.726482021005
26.322 0 0.724975067689
26.334 0 0.721416295197
26.346 0 0.719857266026
26.353 0 0.718447767582
26.364 0 0.714948435443
26.378 0 0.714568104596
26.385 0 0.714521676033
26.395 0 0.715586111128
26.404 0 0.716504027705
26.415 0 0.718111411275
26.424 0 0.718904022625
26.435 0 0.718748737218
26.444 0 0.718748737218
26.457 0 0.717720210598
26.465 0 0.717296874005
26.476 0 0.718941099058
26.485 0 0.720241951983
26.495 0 0.72238343012
26.506 0 0.722818854404
26.516 0 0.723203969777
26.521 0 0.723644695966
26.531 0 0.724866992244
26.544 0 0.724641144568
26.552 0 0.724641144568
26.563 0 0.726971531916
26.574 0 0.726800910982
26.591 0 0.73014485412
26.599 0 0.731633139956
26.602 0 0.735302130442
26.616 0 0.735594195406
26.624 0 0.738096086542
26.64 0 0.741605218702
26.645 0 0.73784069359
26.653 0 0.739086257222
26.664 0 0.738640104659
26.672 0 0.739385235889
26.685 0 0.741678920294
26.693 0 0.742895628947
26.7 0 0.744989561608
26.714 0 0.740709333966
26.725 0 0.746109226569
26.73 0 0.748979989931
26.746 0 0.7509015483
26.755 0 0.753018664086
26.763 0 0.755032300206
26.772 0 0.756184322858
26.786 0 0.759260301354
26.794 0 0.760058500708
26.806 0 0.762178660248
26.816 0 0.763329792488
26.824 0 0.764526095778
26.833 0 0.766046532399
26.844 0 0.765928195261
26.853 0 0.765740957283
26.863 0 0.76485689221
26.875 0 0.763795853973
26.883 0 0.761966018174
26.893 0 0.760918881577
26.904 0 0.760145203219
26.922 0 0.760819963189
26.929 0 0.759965414496
26.934 0 0.759737697941
26.946 0 0.760122887977
26.961 0 0.759562309283
26.965 0 0.758840992581
26.975 0 0.75657505527
26.984 0 0.754803523879
26.995 0 0.753786719285
27.005 0 0.753232122776
27.016 0 0.75322673691
27.024 0 0.752511423247
27.036 0 0.751514146334
27.042 0 0.751083189022
27.052 0 0.749931056338
27.064 0 0.749002180177
27.074 0 0.7474076265
27.084 0 0.746054581546
27.097 0 0.743726123847
27.11 0 0.740405054579
27.117 0 0.73805703282
27.127 0 0.736659843711
27.132 0 0.735906344201
27.146 0 0.73367589721
27.155 0 0.733855285686
27.169 0 0.734387620751
27.175 0 0.73484785402
27.183 0 0.735051955816
27.194 0 0.734585891489
27.207 0 0.734389046685
27.22 0 0.733881725255
27.226 0 0.733688760386
27.236 0 0.733688760386
27.245 0 0.733688760386
27.252 0 0.735376127375
27.263 0 0.736592327268
27.272 0 0.738002269266
27.286 0 0.739346749197
27.294 0 0.739725230946
27.304 0 0.739819037971
27.314 0 0.739819037971
27.327 0 0.737591627544
27.333 0 0.737606978693
27.342 0 0.737441047664
27.353 0 0.74044132238
27.365 0 0.740886361015
27.374 0 0.745742668863
27.383 0 0.74872944895
27.393 0 0.74957995188
27.405 0 0.751113986392
27.416 0 0.75150745093
27.431 0 0.749008621429
27.436 0 0.748270676579
27.442 0 0.750296223806
27.453 0 0.745979580737
27.465 0 0.740534208217
27.475 0 0.745992595748
27.485 0 0.751008403166
27.494 0 0.751809283222
27.504 0 0.752457827899
27.515 0 0.755409878415
27.523 0 0.754907039828
27.533 0 0.752981992925
27.543 0 0.752953819195
27.555 0 0.752572548419
27.564 0 0.752803876836
27.575 0 0.753501045258
27.583 0 0.756242687636
27.597 0 0.758659968183
27.609 0 0.761019645552
27.616 0 0.762349836166
27.625 0 0.765532908223
27.635 0 0.765666280627
27.645 0 0.7655969942
27.656 0 0.76558488899
27.666 0 0.764976016795
27.673 0 0.765031078569
27.687 0 0.763522421775
27.695 0 0.764883945294
27.701 0 0.76485249695
27.716 0 0.765623395505
27.722 0 0.76608488513
27.736 0 0.768960700221
27.748 0 0.769539250283
27.755 0 0.768554656609
27.764 0 0.76818795858
27.776 0 0.767779744265
27.782 0 0.767771088852
27.791 0 0.767795072316
27.806 0 0.767203404564
27.814 0 0.765606743923
27.827 0 0.764625444675
27.837 0 0.763755696961
27.847 0 0.762043426451
27.852 0 0.761223314541
27.866 0 0.758755243786
27.88 0 0.756721396262
27.882 0 0.756362477496
27.894 0 0.753998807238
27.905 0 0.751261929016
27.92 0 0.74652370385
27.925 0 0.745381376714
27.936 0 0.744154153644
27.946 0 0.743733709803
27.954 0 0.744351597959
27.964 0 0.745415552274
27.976 0 0.747112348686
27.987 0 0.74818169734
27.994 0 0.748793291434
28.006 0 0.749996116186
28.019 0 0.750983277083
28.026 0 0.751188592212
28.033 0 0.751564979358
28.044 0 0.751666023383
28.05 0 0.751736708625
28.065 0 0.752583144975
28.071 0 0.752603162671
28.083 0 0.752439498873
28.095 0 0.752019395607
28.104 0 0.752770125947
28.112 0 0.753628818121
28.125 0 0.755972540422
28.134 0 0.755976312492
28.143 0 0.760251201005
28.156 0 0.765818850418
28.169 0 0.766565022549
28.175 0 0.767224411216
28.184 0 0.768250514446
28.196 0 0.771538200376
28.204 0 0.769973748094
28.215 0 0.76869512128
28.223 0 0.7677168602
28.237 0 0.763770989757
28.244 0 0.759975562418
28.254 0 0.76357885436
28.265 0 0.764755854924
28.274 0 0.764583485378
28.285 0 0.768023100237
28.294 0 0.763483227508
28.306 0 0.761607465603
28.312 0 0.763452010614
28.327 0 0.76473203474
28.332 0 0.766542645376
28.341 0 0.767555533174
28.355 0 0.76921709227
28.365 0 0.770196526018
28.375 0 0.768747718621
28.392 0 0.775802220867
28.397 0 0.77740899832
28.406 0 0.77752404852
28.416 0 0.776446438351
28.426 0 0.776120311366
28.434 0 0.775809822184
28.445 0 0.774834376149
28.455 0 0.773563648303
28.465 0 0.775373547165
28.475 0 0.776471086534
28.486 0 0.77610599194
28.495 0 0.774409810556
28.505 0 0.773817763167
28.513 0 0.774946763236
28.521 0 0.774503252862
28.533 0 0.773986332445
28.542 0 0.775922397034
28.556 0 0.777141606904
28.566 0 0.777232662129
28.575 0 0.777947136628
28.589 0 0.780283037717
28.595 0 0.781086985862
28.603 0 0.781558516539
28.616 0 0.780160303376
28.624 0 0.778059887736
28.636 0 0.774482362747
28.644 0 0.772735457222
28.657 0 0.770180895922
28.664 0 0.768620802655
28.678 0 0.766147068234
28.688 0 0.763863296486
28.695 0 0.762319586299
28.705 0 0.760365872752
28.716 0 0.759720165184
28.723 0 0.759365767254
28.735 0 0.76024871524
28.744 0 0.760719281645
28.755 0 0.76181163918
28.768 0 0.762153042493
28.775 0 0.763498561285
28.785 0 0.763424399626
28.794 0 0.763029881934
28.804 0 0.762409893421
28.813 0 0.762169400827
28.823 0 0.762169400827
28.832 0 0.763385665068
28.845 0 0.763810242948
28.858 0 0.765958227183
28.865 0 0.766198251236
28.876 0 0.765512833923
28.883 0 0.764290648365
28.891 0 0.763725805755
28.907 0 0.764664059153
28.918 0 0.765378694205
28.923 0 0.765818674823
28.934 0 0.769516612851
28.947 0 0.771994453574
28.952 0 0.772603612734
28.961 0 0.77377721129
28.974 0 0.776414850292
28.989 0 0.775031014156
28.991 0 0.773930557182
29.007 0 0.771329284818
29.015 0 0.771786570899
29.025 0 0.766623336015
29.035 0 0.765661733187
29.046 0 0.767948021541
29.055 0 0.770491540369
29.068 0 0.772834820744
29.076 0 0.780070587604
29.082 0 0.776914658735
29.092 0 0.779162155766
29.103 0 0.776379408126
29.118 0 0.784716665531
29.123 0 0.785607578381
29.133 0 0.788816337071
29.144 0 0.789905127234
29.158 0 0.792402485594
29.17 0 0.794652133938
29.176 0 0.795216808196
29.183 0 0.796269325265
29.192 0 0.796269325265
29.201 0 0.796269325265
29.215 0 0.796280331735
29.224 0 0.796215233703
29.232 0 0.795076832689
29.249 0 0.793388927789
29.257 0 0.792073146228
29.263 0 0.79202439754
29.28 0 0.794007090471
29.289 0 0.795182171969
29.301 0 0.795536948239
29.305 0 0.795660579647
29.314 0 0.795149224933
29.325 0 0.793268071666
29.334 0 0.792511767427
29.345 0 0.789376299762
29.355 0 0.787640205344
29.362 0 0.78728372641
29.373 0 0.787760853369
29.384 0 0.787502933998
29.393 0 0.787502933998
29.406 0 0.788611035737
29.412 0 0.78857800325
29.427 0 0.787577877852
29.434 0 0.786873400728
29.444 0 0.785247259692
29.454 0 0.783222015006
29.467 0 0.780427918524
29.473 0 0.779331745903
29.481 0 0.778278031768
29.493 0 0.777129653679
29.508 0 0.775777870021
29.522 0 0.775586947652
29.527 0 0.775527112004
29.534 0 0.775531598659
29.545 0 0.775982284422
29.553 0 0.775638121611
29.566 0 0.775020026152
29.575 0 0.774199900009
29.585 0 0.773024429469
29.595 0 0.77242473514
29.603 0 0.773015887691
29.612 0 0.773353209271
29.624 0 0.774294040971
29.638 0 0.774617618744
29.645 0 0.774809231431
29.655 0 0.773930455571
29.663 0 0.774953130069
29.676 0 0.775218040101
29.688 0 0.777851209838
29.695 0 0.777747052793
29.705 0 0.780458502968
29.714 0 0.780458502968
29.723 0 0.780458502968
29.733 0 0.788188169466
29.744 0 0.788969910701
29.755 0 0.789578521245
29.766 0 0.790067420126
29.777 0 0.788845395241
29.784 0 0.78790139605
29.795 0 0.787354724997
29.807 0 0.786373132408
29.816 0 0.787217364137
29.825 0 0.790038486297
29.835 0 0.78765073587
29.841 0 0.791758972288
29.854 0 0.788651086755
29.865 0 0.793645640878
29.875 0 0.789128470565
29.886 0 0.792646982758
29.901 0 0.790965234277
29.905 0 0.789817186348
29.915 0 0.791578480446
29.924 0 0.795720665769
29.934 0 0.800440761151
29.943 0 0.80070349758
29.956 0 0.805361792328
29.963 0 0.808064354622
29.978 0 0.809474718336
29.991 0 0.808780200956
29.998 0 0.807796530478
30.004 0 0.807088729287
30.017 0 0.805695928757
30.026 0 0.805212440613
30.033 0 0.805212440613
30.044 0 0.806008653066
30.056 0 0.806101036508
30.064 0 0.80496151949
30.073 0 0.80637520974
30.085 0 0.80713333464
30.094 0 0.80620048007
30.104 0 0.803887680681
30.116 0 0.800941381443
30.124 0 0.799685290039
30.136 0 0.798650815211
30.142 0 0.798770965063
30.155 0 0.799111332371
30.162 0 0.799198332662
30.171 0 0.798571958931
30.184 0 0.797804863638
30.2 0 0.796837950802
30.203 0 0.796378627866
30.216 0 0.794550790367
30.222 0 0.792115188228
30.239 0 0.788381003146
30.246 0 0.786093608063
30.256 0 0.784103952756
30.261 0 0.783045106632
30.278 0 0.782001504952
30.285 0 0.782001504952
30.296 0 0.778323577564
30.304 0 0.777406161181
30.314 0 0.776395211265
30.324 0 0.776157883674
30.334 0 0.775657784975
30.343 0 0.776552255166
30.358 0 0.777912781655
30.363 0 0.77822100944
30.374 0 0.778769271427
30.386 0 0.779661359837
30.395 0 0.780720423953
30.405 0 0.7813974947
30.415 0 0.782663537948
30.423 0 0.783683028214
30.434 0 0.783635450753
30.448 0 0.782320485531
30.452 0 0.781590720115
30.467 0 0.782545901698
30.478 0 0.785062170009
30.487 0 0.78849005942
30.499 0 0.790639227091
30.5 0 0.790639227091
30.514 0 0.797691722887
30.525 0 0.79911736491
30.536 0 0.799612998196
30.552 0 0.801779915496
30.559 0 0.801197941162
30.567 0 0.799639165143
30.58 0 0.796135627124
30.59 0 0.794102201788
30.599 0 0.797241138236
30.606 0 0.791200627886
30.614 0 0.790242775332
30.621 0 0.795953639152
30.636 0 0.799222827764
30.642 0 0.800108848813
30.651 0 0.800108848813
30.663 0 0.803373025575
30.677 0 0.793236495204
30.684 0 0.801347392757
30.693 0 0.803185921927
30.705 0 0.805079196152
30.72 0 0.803079324888
30.735 0 0.809037693496
30.737 0 0.81247453454
30.749 0 0.819273443656
30.766 0 0.818458470385
30.77 0 0.818161879802
30.781 0 0.817455529752
30.786 0 0.817128804773
30.797 0 0.816349283541
30.809 0 0.814360224435
30.815 0 0.815028031475
30.827 0 0.815760054712
30.836 0 0.815312276553
30.842 0 0.816434548243
30.854 0 0.81468000307
30.867 0 0.814587320445
30.872 0 0.814587320445
30.884 0 0.814587320445
30.893 0 0.812310186642
30.902 0 0.812405202943
30.915 0 0.813959099999
30.925 0 0.815579890516
30.935 0 0.815797043824
30.943 0 0.815566983651
30.954 0 0.815620724853
30.964 0 0.813988249047
30.974 0 0.813049076748
30.982 0 0.81112084407
30.996 0 0.806448659895
31.005 0 0.803528262588
31.017 0 0.799370114845
31.023 0 0.797481141673
31.035 0 0.795723701122
31.044 0 0.794422652364
31.056 0 0.791522445266
31.065 0 0.790889014791
31.074 0 0.789967817986
31.085 0 0.790067962285
31.097 0 0.791587873431
31.104 0 0.792014229507
31.115 0 0.791712501404
31.123 0 0.791918586719
31.135 0 0.79226622845
31.148 0 0.793160343951
31.153 0 0.79348928311
31.165 0 0.793454640598
31.176 0 0.793454640598
31.181 0 0.793463032607
31.196 0 0.795133911404
31.204 0 0.79618914377
31.212 0 0.795800680122
31.221 0 0.79519161684
31.233 0 0.795791383748
31.246 0 0.796088166023
31.252 0 0.795541086432
31.262 0 0.796606002855
31.276 0 0.799802207777
31.291 0 0.801512943574
31.299 0 0.802645067424
31.304 0 0.803556530199
31.313 0 0.807432516501
31.325 0 0.807128436377
31.335 0 0.809485397372
31.343 0 0.809696747064
31.354 0 0.809912934736
31.369 0 0.808160053032
31.376 0 0.809045069221
31.387 0 0.809551922936
31.393 0 0.814726922838
31.406 0 0.812269960983
31.418 0 0.813072470761
31.426 0 0.817496695494
31.435 0 0.823132401474
31.444 0 0.822484828836
31.455 0 0.82433221374
31.468 0 0.823932589202
31.476 0 0.822534779031
31.484 0 0.823956039207
31.493 0 0.828204345713
31.503 0 0.830203308826
31.515 0 0.832459003393
31.523 0 0.833270257283
31.533 0 0.83432990837
31.541 0 0.835854566061
31.553 0 0.837568563474
31.563 0 0.837568563474
31.572 0 0.838111157195
31.586 0 0.835963792306
31.591 0 0.835295999329
31.603 0 0.833648531979
31.615 0 0.831940465349
31.627 0 0.83174134072
31.637 0 0.830931337233
31.645 0 0.830647655299
31.656 0 0.830230089998
31.664 0 0.828683311172
31.676 0 0.827448577236
31.687 0 0.82691248893
31.694 0 0.826938566273
31.705 0 0.826052529673
31.719 0 0.825373210048
31.729 0 0.825258810049
31.734 0 0.825078799283
31.749 0 0.823988845044
31.751 0 0.823736493903
31.763 0 0.822321557932
31.777 0 0.81984494214
31.785 0 0.818009379437
31.795 0 0.815979549788
31.805 0 0.813915810656
31.811 0 0.812674597473
31.822 0 0.812674597473
31.835 0 0.806103649537
31.85 0 0.804466531528
31.856 0 0.803973517245
31.863 0 0.803313027469
31.873 0 0.803541401546
31.885 0 0.804778406348
31.893 0 0.806013276687
31.906 0 0.806738925735
31.915 0 0.807966929078
31.932 0 0.809338478934
31.935 0 0.809338478934
31.946 0 0.809338478934
31.955 0 0.81183842971
31.965 0 0.8124864696
31.975 0 0.813650081368
31.986 0 0.814921957934
31.994 0 0.815822526021
32.006 0 0.81527753824
32.014 0 0.814867993764
32.026 0 0.814601521258
32.034 0 0.815014142255
32.045 0 0.816973674403
32.056 0 0.820174904309
32.063 0 0.821356078826
32.076 0 0.825147064165
32.093 0 0.826334494031
32.097 0 0.826627943462
32.105 0 0.828236273242
32.12 0 0.829857110958
32.132 0 0.829174823676
32.14 0 0.830551920438
32.146 0 0.830551920438
32.153 0 0.830551920438
32.17 0 0.824141997602
32.176 0 0.828590158046
32.187 0 0.828590158046
32.193 0 0.828590158046
32.211 0 0.827437452371
32.217 0 0.827437452371
32.222 0 0.827437452371
32.236 0 0.837149778274
32.25 0 0.837947167092
32.256 0 0.834510898182
32.265 0 0.840628051711
32.276 0 0.845354170101
32.284 0 0.845947816006
32.297 0 0.847849709317
32.304 0 0.849648900904
32.317 0 0.852792946468
32.326 0 0.855529400534
32.342 0 0.855526543171
32.346 0 0.855481995912
32.354 0 0.855317387915
32.364 0 0.853848208844
32.379 0 0.853004771008
32.391 0 0.852113241648
32.395 0 0.851551214831
32.403 0 0.851551214831
32.41 0 0.851551214831
32.427 0 0.852844177594
32.434 0 0.85382305274
32.442 0 0.853376512306
32.453 0 0.853148448239
32.464 0 0.851373393016
32.478 0 0.850211064275
32.483 0 0.849300541867
32.496 0 0.848102084658
32.506 0 0.847241585153
32.521 0 0.846214809371
32.526 0 0.84623117103
32.533 0 0.845859003506
32.546 0 0.843524303164
32.555 0 0.841121263251
32.569 0 0.837342870295
32.574 0 0.835021362605
32.585 0 0.831079076051
32.597 0 0.828734542692
32.608 0 0.827216638261
32.616 0 0.825779268975
32.624 0 0.825155377258
32.635 0 0.824582215768
32.642 0 0.822869655673
32.656 0 0.820732523146
32.668 0 0.821729483817
32.674 0 0.822096620592
32.683 0 0.823666589051
32.696 0 0.82356445569
32.706 0 0.824020539837
32.713 0 0.825130500916
32.725 0 0.824510111391
32.733 0 0.824584460628
32.747 0 0.826764432178
32.755 0 0.827553935544
32.766 0 0.828585940241
32.776 0 0.828998217531
32.783 0 0.828871253079
32.796 0 0.828510123716
32.805 0 0.829070847474
32.815 0 0.829175874206
32.824 0 0.829916308935
32.833 0 0.83233154028
32.843 0 0.834356653113
32.854 0 0.838780884202
32.864 0 0.840688344781
32.876 0 0.840990834135
32.891 0 0.842207853451
32.898 0 0.843432148892
32.902 0 0.84360341471
32.915 0 0.841436277506
32.922 0 0.84049028834
32.932 0 0.837892129353
32.943 0 0.836646426692
32.953 0 0.838190043113
32.966 0 0.841843963529
32.975 0 0.84168435897
32.989 0 0.841731825221
32.995 0 0.841731825221
33.004 0 0.841731825221
33.013 0 0.844279702935
33.023 0 0.847345420667
33.033 0 0.848065518922
33.046 0 0.85036819139
33.054 0 0.853044885254
33.067 0 0.855312867345
33.075 0 0.855467913991
33.085 0 0.857075053076
33.094 0 0.857541867138
33.105 0 0.856924503423
33.113 0 0.856805261056
33.124 0 0.858250045662
33.136 0 0.859198804636
33.146 0 0.859324007231
33.154 0 0.859263282633
33.166 0 0.857717776584
33.174 0 0.85686903578
33.186 0 0.856480889917
33.194 0 0.858068206492
33.206 0 0.858068206492
33.215 0 0.858380553774
33.228 0 0.859314955608
33.234 0 0.858662684074
33.245 0 0.857487870039
33.256 0 0.857938177744
33.268 0 0.857449966914
33.28 0 0.857449966914
33.283 0 0.857449966914
33.295 0 0.856993035746
33.303 0 0.855746680298
33.319 0 0.855746680298
33.326 0 0.855746680298
33.332 0 0.852722114172
33.348 0 0.85096529954
33.359 0 0.850232022549
33.366 0 0.850232022549
33.372 0 0.847009759257
33.383 0 0.844527873872
33.396 0 0.84140884724
33.411 0 0.837838182294
33.422 0 0.83596557731
33.428 0 0.835123681921
33.435 0 0.83437695069
33.444 0 0.83437695069
33.458 0 0.836994945533
33.465 0 0.837148102416
33.475 0 0.838573694732
33.481 0 0.838327796402
33.499 0 0.837173691382
33.503 0 0.837173691382
33.514 0 0.837173691382
33.523 0 0.837778120289
33.539 0 0.838997553611
33.545 0 0.838997553611
33.553 0 0.838997553611
33.566 0 0.839802200822
33.572 0 0.839172601926
33.586 0 0.837775626316
33.592 0 0.837775626316
33.601 0 0.837775626316
33.615 0 0.841678336595
33.63 0 0.844840710318
33.634 0 0.845170107313
33.644 0 0.845170107313
33.655 0 0.848082349255
33.667 0 0.849050719888
33.681 0 0.850051145564
33.692 0 0.84907443299
33.696 0 0.84907443299
33.706 0 0.84907443299
33.717 0 0.845900235274
33.73 0 0.846544271595
33.737 0 0.845518703082
33.743 0 0.844549830229
33.753 0 0.843524445811
33.765 0 0.852898508582
33.776 0 0.859249018427
33.784 0 0.856242343141
33.794 0 0.854952290463
33.81 0 0.852060663301
33.818 0 0.856063763528
33.824 0 0.856557640533
33.833 0 0.860542154913
33.848 0 0.862673859695
33.855 0 0.863655596233
33.863 0 0.864510269796
33.873 0 0.864984273397
33.885 0 0.865658673677
33.9 0 0.867296131163
33.903 0 0.868295597011
33.914 0 0.86889299607
33.924 0 0.86799858883
33.936 0 0.867514852856
33.943 0 0.866181676441
33.955 0 0.864929957242
33.966 0 0.863270527267
33.974 0 0.863391285999
33.986 0 0.863392794259
33.996 0 0.864033788357
34.004 0 0.863378162894
34.02 0 0.861474216886
34.025 0 0.862236231553
34.037 0 0.861650852941
34.044 0 0.860130462155
34.057 0 0.857035800028
34.065 0 0.85703216784
34.076 0 0.856786110695
34.085 0 0.856284713243
34.097 0 0.855988050923
34.105 0 0.854673133137
34.117 0 0.852553811713
34.126 0 0.850783018865
34.133 0 0.849014197839
34.141 0 0.847660379451
34.153 0 0.845462454146
34.167 0 0.843873344183
34.172 0 0.843564135583
34.182 0 0.842770679975
34.194 0 0.841497342106
34.207 0 0.839524377602
34.217 0 0.839733504438
34.225 0 0.840987069054
34.234 0 0.842379102708
34.249 0 0.843604916647
34.26 0 0.843744231486
34.266 0 0.843744231486
34.271 0 0.843744231486
34.284 0 0.846478433647
34.294 0 0.846478433647
34.303 0 0.846738709935
34.315 0 0.847712204558
34.325 0 0.8496831292
34.332 0 0.850050817515
34.344 0 0.849948302946
34.354 0 0.848765183848
34.364 0 0.846716645651
34.374 0 0.845280153153
34.386 0 0.84641469934
34.394 0 0.849296229101
34.404 0 0.85091365784
34.419 0 0.853316136361
34.421 0 0.853688374207
34.435 0 0.85693652583
34.444 0 0.857921587363
34.46 0 0.858215996715
34.465 0 0.858396479077
34.472 0 0.857670424911
34.483 0 0.855786219902
34.491 0 0.852039879586
34.508 0 0.851772776868
34.513 0 0.85245736459
34.521 0 0.851168113689
34.537 0 0.854602630096
34.549 0 0.853121792296
34.557 0 0.85711130945
34.562 0 0.857680135799
34.572 0 0.858141345777
34.583 0 0.861227701979
34.592 0 0.866228501738
34.608 0 0.866588624873
34.612 0 0.868229461228
34.625 0 0.868554172142
34.632 0 0.868370551034
34.645 0 0.865573881015
34.655 0 0.867018568295
34.663 0 0.869884248016
34.673 0 0.874534740768
34.687 0 0.875510418046
34.694 0 0.875598555603
34.702 0 0.875099739799
34.716 0 0.873515646662
34.725 0 0.873122864763
34.735 0 0.87228272279
34.744 0 0.872325049574
34.754 0 0.873078024183
34.764 0 0.873063589548
34.773 0 0.873431562678
34.785 0 0.872780863565
34.794 0 0.870190897793
34.806 0 0.87012334637
34.813 0 0.87012334637
34.827 0 0.863202530515
34.836 0 0.863186322846
34.842 0 0.863257110212
34.855 0 0.863299132714
34.862 0 0.863641210753
34.872 0 0.863660427503
34.884 0 0.862216824292
34.9 0 0.86082265708
34.903 0 0.860574359592
34.914 0 0.858942368331
34.925 0 0.858427016927
34.934 0 0.857948520067
34.945 0 0.857592134534
34.953 0 0.857711392103
34.964 0 0.858279568821
34.974 0 0.857741245602
34.985 0 0.856281521308
34.993 0 0.855090267077
35.005 0 0.853460885395
35.013 0 0.852268071451
35.028 0 0.849994499423
35.034 0 0.84893421892
35.044 0 0.84763838003
35.054 0 0.846411018847
35.07 0 0.845667845158
35.074 0 0.845503000063
35.085 0 0.84487922602
35.095 0 0.844972145511
35.108 0 0.843998206387
35.115 0 0.843417217734
35.121 0 0.842818645944
35.135 0 0.842063102604
35.146 0 0.841025508412
35.156 0 0.840515824943
35.165 0 0.840249468948
35.176 0 0.842053048155
35.182 0 0.843541832872
35.201 0 0.847892260492
35.209 0 0.850984184957
35.214 0 0.852168724461
35.226 0 0.855351306291
35.238 0 0.873057166989
35.248 0 0.872314625414
35.258 0 0.871582446062
35.267 0 0.870256836107
35.275 0 0.870838424302
35.29 0 0.872287534774
35.297 0 0.873961887712
35.302 0 0.874248772037
35.312 0 0.874977603185
35.322 0 0.876290321195
35.334 0 0.875327427866
35.346 0 0.874850931381
35.354 0 0.868351389211
35.363 0 0.867556419202
35.376 0 0.865846710476
35.386 0 0.863405984762
35.394 0 0.867431293314
35.404 0 0.868856446003
35.414 0 0.8709527298
35.422 0 0.871714132965
35.432 0 0.872012874169
35.444 0 0.877504477915
35.455 0 0.882063195838
35.465 0 0.88532372289
35.475 0 0.886796822242
35.483 0 0.88453146963
35.495 0 0.886363172444
35.507 0 0.885013257076
35.513 0 0.881725498237
35.525 0 0.879005742166
35.535 0 0.878553168195
35.548 0 0.875745932579
35.553 0 0.87422980909
35.568 0 0.873242307506
35.577 0 0.871360866918
35.589 0 0.871118882917
35.594 0 0.870558797613
35.605 0 0.867991638665
35.614 0 0.86794610679
35.626 0 0.868798914083
35.632 0 0.869158993752
35.641 0 0.869727389656
35.655 0 0.86982473955
35.664 0 0.869807740056
35.671 0 0.869758868905
35.685 0 0.869758868905
35.695 0 0.86830191876
35.703 0 0.866795194961
35.716 0 0.864268700462
35.723 0 0.86302135783
35.735 0 0.861232629373
35.746 0 0.859584282851
35.758 0 0.857119382738
35.764 0 0.856596200813
35.776 0 0.855152615195
35.786 0 0.854235943367
35.793 0 0.85425955689
35.804 0 0.854494214302
35.814 0 0.853487991592
35.823 0 0.853893293327
35.835 0 0.8551087231
35.843 0 0.856662391282
35.854 0 0.856910224418
35.866 0 0.857831882929
35.877 0 0.858701274098
35.885 0 0.858701274098
35.893 0 0.858701274098
35.91 0 0.860532437836
35.917 0 0.860744565765
35.927 0 0.860946603914
35.939 0 0.861308092402
35.942 0 0.861731758665
35.96 0 0.861635412154
35.963 0 0.861182594391
35.973 0 0.86310148769
35.989 0 0.866058694898
36.005 0 0.867290371707
36.007 0 0.867808007826
36.015 0 0.870523417679
36.027 0 0.872077457606
36.031 0 0.872273464169
36.047 0 0.87043191123
36.061 0 0.86883614836
36.067 0 0.868895911746
36.074 0 0.868895911746
36.086 0 0.86865912375
36.102 0 0.875041978431
36.105 0 0.875599241776
36.114 0 0.876769536806
36.126 0 0.8801277955
36.132 0 0.884834217448
36.144 0 0.884408648599
36.154 0 0.881874344047
36.167 0 0.882766618144
36.176 0 0.882634500926
36.187 0 0.887260934226
36.193 0 0.890383945805
36.203 0 0.890081874238
36.211 0 0.89024277961
36.223 0 0.89469522909
36.239 0 0.895349057115
36.243 0 0.89833372091
36.252 0 0.899835828467
36.269 0 0.904181155198
36.273 0 0.904457421951
36.284 0 0.904599542699
36.293 0 0.904317559531
36.309 0 0.90269477616
36.313 0 0.901818950779
36.328 0 0.901142391863
36.335 0 0.901257450054
36.344 0 0.901929561691
36.356 0 0.901298125445
36.363 0 0.901810739371
36.379 0 0.901535059482
36.384 0 0.901599996792
36.392 0 0.900873416801
36.405 0 0.898908386604
36.42 0 0.894911218063
36.43 0 0.891133083912
36.438 0 0.889119310493
36.442 0 0.887676829554
36.455 0 0.884939513948
36.462 0 0.882459773143
36.474 0 0.879287650356
36.487 0 0.875958099947
36.494 0 0.874370355698
36.504 0 0.871585028816
36.519 0 0.867799739062
36.525 0 0.867036025248
36.533 0 0.864471622733
36.543 0 0.862755046766
36.554 0 0.86238415342
36.563 0 0.861710462536
36.575 0 0.86091037923
36.584 0 0.860087290035
36.597 0 0.857446418787
36.609 0 0.856561593417
36.613 0 0.85637683637
36.626 0 0.85511789304
36.637 0 0.853763608316
36.644 0 0.853763608316
36.657 0 0.851710183088
36.67 0 0.853189347757
36.679 0 0.854643964322
36.692 0 0.855156939408
36.697 0 0.855447210122
36.701 0 0.855748908861
36.715 0 0.854725316506
36.729 0 0.855060726496
36.732 0 0.855319375548
36.746 0 0.857097033972
36.753 0 0.857233061326
36.765 0 0.858918971701
36.775 0 0.862072660093
36.786 0 0.864595238487
36.796 0 0.864246043784
36.805 0 0.867145571821
36.818 0 0.867020484688
36.827 0 0.871142765284
36.833 0 0.871247093804
36.843 0 0.868520358338
36.858 0 0.870047133207
36.862 0 0.872604970926
36.872 0 0.876118727731
36.884 0 0.876693080564
36.895 0 0.882199709526
36.906 0 0.885278224829
36.914 0 0.886744435229
36.923 0 0.889622807652
36.938 0 0.886998809534
36.944 0 0.886998809534
36.955 0 0.888981466663
36.964 0 0.885960523548
36.976 0 0.887904114364
36.986 0 0.892740906437
36.997 0 0.89423929766
37.001 0 0.8967181007
37.018 0 0.89807043916
37.027 0 0.898791384055
37.033 0 0.899831553952
37.043 0 0.903375119153
37.053 0 0.904230027897
37.065 0 0.903288288993
37.078 0 0.902623280063
37.084 0 0.901779827964
37.092 0 0.901596043731
37.107 0 0.900208303198
37.117 0 0.900356316748
37.124 0 0.901444360151
37.132 0 0.901192502711
37.146 0 0.901465828801
37.152 0 0.899862744379
37.167 0 0.899296287864
37.172 0 0.89913186994
37.185 0 0.898748060233
37.194 0 0.898208656867
37.203 0 0.895621015521
37.215 0 0.894167607224
37.224 0 0.892732273321
37.232 0 0.891809709195
37.242 0 0.889297990325
37.255 0 0.88764096284
37.266 0 0.885468939346
37.272 0 0.883103405054
37.283 0 0.881102344779
37.294 0 0.877989169753
37.303 0 0.875198377748
37.314 0 0.87096507585
37.323 0 0.868698149567
37.334 0 0.864583130812
37.341 0 0.86300168831
37.352 0 0.858986463731
37.363 0 0.858986463731
37.373 0 0.859103176439
37.385 0 0.86037553038
37.394 0 0.860369367621
37.402 0 0.860562806562
37.416 0 0.860957315088
37.424 0 0.861779114912
37.432 0 0.862195192411
37.444 0 0.863045150399
37.453 0 0.864582069399
37.463 0 0.865406790876
37.475 0 0.865451038036
37.48 0 0.865674476722
37.493 0 0.867110997488
37.504 0 0.867384077679
37.513 0 0.867111236829
37.524 0 0.866678851035
37.532 0 0.867355400033
37.545 0 0.871251483883
37.554 0 0.873640310355
37.563 0 0.876507453626
37.575 0 0.88377831731
37.584 0 0.884715729299
37.593 0 0.885091270534
37.602 0 0.885381777072
37.612 0 0.885323321099
37.622 0 0.884930718251
37.633 0 0.881094800653
37.643 0 0.879281855837
37.652 0 0.875881587101
37.662 0 0.87419980109
37.675 0 0.878840046061
37.683 0 0.880665992455
37.694 0 0.879562913232
37.703 0 0.877396965032
37.716 0 0.883442150011
37.723 0 0.885204502389
37.733 0 0.886233644633
37.743 0 0.887449378314
37.754 0 0.893403927626
37.765 0 0.896184580649
37.775 0 0.896761536269
37.784 0 0.897277730898
37.794 0 0.898467666702
37.803 0 0.898691610697
37.816 0 0.899165857831
37.824 0 0.900172015725
37.832 0 0.900659813969
37.844 0 0.900297095943
37.853 0 0.899067310664
37.864 0 0.897608242175
37.875 0 0.896618048643
37.883 0 0.895037544632
37.893 0 0.894117047607
37.905 0 0.8942189537
37.912 0 0.895423093731
37.924 0 0.894882562667
37.933 0 0.893158333763
37.943 0 0.890448270929
37.954 0 0.889187449144
37.965 0 0.887923892575
37.973 0 0.887229676988
37.985 0 0.88595499616
37.997 0 0.885031100962
38.005 0 0.88597012133
38.013 0 0.887602174596
38.023 0 0.887693570403
38.034 0 0.887052437175
38.043 0 0.885132875109
38.054 0 0.883713712502
38.065 0 0.881109420357
38.07 0 0.879898513941
38.082 0 0.876045836574
38.095 0 0.870626846232
38.104 0 0.867539881845
38.115 0 0.864469844844
38.124 0 0.862183916015
38.134 0 0.86003256764
38.144 0 0.857106966416
38.155 0 0.855759239634
38.166 0 0.856791519342
38.178 0 0.857591483649
38.188 0 0.857919855113
38.196 0 0.857960118046
38.203 0 0.857960118046
38.216 0 0.85542447168
38.225 0 0.854182755041
38.234 0 0.853562324051
38.246 0 0.853939733629
38.256 0 0.856425894472
38.265 0 0.858312286893
38.274 0 0.859759565124
38.282 0 0.860038751959
38.294 0 0.860899537095
38.305 0 0.862233735211
38.314 0 0.862101437557
38.326 0 0.862407377567
38.333 0 0.861498170566
38.343 0 0.861463520368
38.357 0 0.862948974712
38.362 0 0.865557797408
38.373 0 0.86681723585
38.382 0 0.870843942265
38.394 0 0.870611912436
38.403 0 0.874362960366
38.417 0 0.875978157984
38.426 0 0.874006507818
38.432 0 0.870075243279
38.445 0 0.872145222703
38.452 0 0.872828997738
38.467 0 0.879516583092
38.483 0 0.886177565179
38.488 0 0.88634315938
38.494 0 0.888470250542
38.505 0 0.888449921883
38.513 0 0.889201249384
38.525 0 0.889415100087
38.534 0 0.889782068047
38.543 0 0.890018899881
38.554 0 0.890973768775
38.562 0 0.892282200322
38.576 0 0.893518752654
38.586 0 0.893803448111
38.595 0 0.892811063019
38.605 0 0.88759283873
38.615 0 0.888002729723
38.624 0 0.89730232227
38.634 0 0.897952149538
38.642 0 0.897969641296
38.651 0 0.898067223065
38.663 0 0.897600803658
38.673 0 0.89687431508
38.683 0 0.896746820028
38.697 0 0.896451729948
38.704 0 0.896188107792
38.711 0 0.89625433657
38.725 0 0.897147354039
38.733 0 0.897533282348
38.743 0 0.897564171629
38.753 0 0.897028500365
38.763 0 0.894289600841
38.775 0 0.891742853899
38.782 0 0.89016194331
38.794 0 0.885325919737
38.804 0 0.88400832048
38.812 0 0.883329023341
38.827 0 0.882029908282
38.838 0 0.879531449166
38.845 0 0.879260535562
38.854 0 0.877092209081
38.861 0 0.876079351309
38.875 0 0.87418863681
38.887 0 0.872781929823
38.894 0 0.87237602603
38.904 0 0.871946676078
38.911 0 0.871014572083
38.924 0 0.870682618703
38.936 0 0.870163306639
38.942 0 0.869679129107
38.952 0 0.870169699162
38.964 0 0.869877605264
38.974 0 0.869406457365
38.983 0 0.868782500798
38.994 0 0.867989230225
39.005 0 0.86654968645
