time index height
0.0 0 0.0
0.059 0 0.0269143627958
0.068 0 0.0289324485245
0.078 0 0.031832974173
0.087 0 0.0363267746152
0.098 0 0.040499740939
0.107 0 0.046459993822
0.117 0 0.0508616335171
0.127 0 0.0578059328949
0.138 0 0.0629300246516
0.148 0 0.0689435630141
0.157 0 0.0713113011758
0.168 0 0.0757922624809
0.176 0 0.0792543457563
0.188 0 0.0827305780934
0.196 0 0.0852159971153
0.207 0 0.0871064390294
0.219 0 0.0892561214089
0.234 0 0.08986968837
0.24 0 0.0903597006062
0.247 0 0.0904799979476
0.256 0 0.0907504349783
0.269 0 0.0903718074292
0.279 0 0.0897147045263
0.286 0 0.0890531067354
0.297 0 0.0878753074727
0.306 0 0.087080041597
0.316 0 0.086549199775
0.327 0 0.0860798725087
0.337 0 0.0856491884241
0.349 0 0.0850563801305
0.361 0 0.084693608837
0.367 0 0.0845321628992
0.378 0 0.0839833687025
0.386 0 0.0835839523869
0.399 0 0.0815863803713
0.41 0 0.0788401850767
0.418 0 0.0768216641088
0.427 0 0.0725249796562
0.438 0 0.0674800757449
0.45 0 0.0603274915741
0.462 0 0.0567709188078
0.467 0 0.0533814064376
0.477 0 0.0469340655598
0.484 0 0.0442175665254
0.497 0 0.0381600491054
0.507 0 0.0338501114131
0.517 0 0.0305891274582
0.527 0 0.0301975771698
0.538 0 0.0314595659734
0.547 0 0.0321064886675
0.557 0 0.0330245680479
0.567 0 0.0339362344893
0.577 0 0.0355868916188
0.592 0 0.036385323879
0.598 0 0.0370742619097
0.608 0 0.0380967405392
0.618 0 0.0388967013776
0.627 0 0.0395160138334
0.638 0 0.0400312075357
0.647 0 0.0401763684402
0.657 0 0.0404185653953
0.668 0 0.0405759270924
0.676 0 0.0407433474736
0.688 0 0.0408924248798
0.697 0 0.0408936582668
0.707 0 0.0409573018138
0.717 0 0.0409954162779
0.733 0 0.0408969338838
0.738 0 0.0409025218256
0.747 0 0.0411197101848
0.759 0 0.0410067455899
0.767 0 0.0409535881398
0.78 0 0.0407873355126
0.79 0 0.0404943338928
0.797 0 0.0402801246241
0.808 0 0.0400382951312
0.819 0 0.0397903875329
0.83 0 0.0395650540326
0.835 0 0.0393653652516
0.846 0 0.0390312566894
0.856 0 0.0386101883743
0.869 0 0.0380536750389
0.883 0 0.0377393424082
0.893 0 0.037924483184
0.899 0 0.0381392202887
0.908 0 0.0385484007401
0.918 0 0.0396531919057
0.928 0 0.0407476696118
0.936 0 0.0433336297487
0.947 0 0.0450777155334
0.957 0 0.0464877906576
0.969 0 0.0504266935485
0.984 0 0.0513325626152
0.991 0 0.052589892016
1.0 0 0.0533077243478
1.008 0 0.0540535663208
1.023 0 0.0545299425223
1.032 0 0.054936480725
1.039 0 0.0552285986487
1.048 0 0.0551087278553
1.058 0 0.0551531561111
1.075 0 0.055249674864
1.086 0 0.0553959210239
1.091 0 0.0555852670708
1.098 0 0.0558507925734
1.116 0 0.0559433859354
1.123 0 0.0560538877706
1.131 0 0.0563022577198
1.14 0 0.0564556440675
1.15 0 0.0568006432761
1.162 0 0.0569624227903
1.17 0 0.0569457091449
1.179 0 0.0568520780981
1.188 0 0.056743477766
1.198 0 0.056907566591
1.207 0 0.0568001788129
1.218 0 0.056108519566
1.227 0 0.0551726816134
1.236 0 0.0543505306311
1.251 0 0.0523644570071
1.261 0 0.0515107276961
1.269 0 0.051152742604
1.276 0 0.0509675670405
1.286 0 0.0505675302475
1.3 0 0.0497783948404
1.312 0 0.0491084375539
1.319 0 0.0487870162128
1.327 0 0.0479527652936
1.334 0 0.0477232036691
1.348 0 0.0465725679948
1.357 0 0.0462760300973
1.368 0 0.0455523790228
1.379 0 0.0448047614152
1.388 0 0.044946632938
1.401 0 0.0453790551619
1.41 0 0.0456393045862
1.417 0 0.0464467285299
1.427 0 0.0474787121569
1.439 0 0.0485052430881
1.447 0 0.0491935128586
1.459 0 0.0503886086109
1.468 0 0.051033256941
1.482 0 0.0518706141305
1.493 0 0.0522802408536
1.503 0 0.0525492442585
1.51 0 0.0527813820291
1.52 0 0.0526624211947
1.526 0 0.0534143095833
1.542 0 0.0534395544814
1.551 0 0.0536874957033
1.559 0 0.0539763574007
1.568 0 0.0545933816516
1.584 0 0.0556153032758
1.591 0 0.0555537433625
1.599 0 0.0555113064657
1.607 0 0.0554009310505
1.617 0 0.0555152520016
1.627 0 0.0555020624712
1.641 0 0.0551995092891
1.648 0 0.0553371554247
1.657 0 0.055185589248
1.669 0 0.0543974749421
1.681 0 0.0538165247572
1.69 0 0.0536096564991
1.697 0 0.0526230213348
1.707 0 0.0525019209129
1.715 0 0.051665107909
1.733 0 0.0523520637862
1.742 0 0.052806503646
1.751 0 0.0544724913215
1.762 0 0.0560558455734
1.782 0 0.0588610260442
1.791 0 0.0605853427617
1.8 0 0.0619953637937
1.811 0 0.0659592881963
1.826 0 0.0685030728339
1.837 0 0.0705489744887
1.847 0 0.0716938481635
1.856 0 0.0723672665131
1.867 0 0.0727991954651
1.884 0 0.0730240486613
1.897 0 0.0730810094307
1.907 0 0.0732380750241
1.927 0 0.0732665169353
1.936 0 0.0732665169353
1.946 0 0.0743863790694
1.956 0 0.0739555209921
1.984 0 0.0735763463876
1.991 0 0.0735285392842
2.011 0 0.0741239634357
2.033 0 0.0741218991034
2.044 0 0.0739473496461
2.053 0 0.0734227100597
2.07 0 0.0721646644512
2.079 0 0.0710464525298
2.089 0 0.0699106575958
2.104 0 0.0691308930033
2.117 0 0.0691308930033
2.121 0 0.0691308930033
2.131 0 0.0673293391226
2.145 0 0.066991414771
2.152 0 0.066991414771
2.16 0 0.066991414771
2.172 0 0.0661044408588
2.178 0 0.065876545508
2.195 0 0.0651879357272
2.204 0 0.0647009800564
2.212 0 0.0637612296043
2.226 0 0.0629261830029
2.236 0 0.062360371175
2.243 0 0.062541852535
2.255 0 0.0635573471678
2.273 0 0.064284030605
2.279 0 0.064342837686
2.279 0 0.0645897790033
2.289 0 0.0651600445008
2.298 0 0.0654990188333
2.313 0 0.0662606146239
2.322 0 0.0666211409119
2.333 0 0.0679018564169
2.346 0 0.0685615370164
2.361 0 0.0685615370164
2.368 0 0.0693610054754
2.379 0 0.0697291813437
2.383 0 0.0697291813437
2.397 0 0.0714941254327
2.417 0 0.0730072515309
2.427 0 0.0729689083797
2.436 0 0.0729689083797
2.449 0 0.0759479796731
2.464 0 0.0797110722193
2.472 0 0.0811469222292
2.478 0 0.0832173912268
2.493 0 0.0850158323728
2.506 0 0.0862086820398
2.517 0 0.0886499361015
2.533 0 0.0885209439289
2.541 0 0.0885209439289
2.544 0 0.0885209439289
2.554 0 0.0885209439289
2.564 0 0.0916574069917
2.582 0 0.0917792935134
2.59 0 0.0917792935134
2.594 0 0.0925272366051
2.609 0 0.0932922602793
2.63 0 0.0932537428088
2.635 0 0.0939121925175
2.648 0 0.0954386915965
2.654 0 0.097181878843
2.666 0 0.0982075331979
2.684 0 0.0984855123515
2.692 0 0.0984589130684
2.7 0 0.0984804172744
2.709 0 0.0994828684117
2.731 0 0.0989796945563
2.743 0 0.0989799262712
2.758 0 0.0983532280559
2.772 0 0.0980210483161
2.785 0 0.0980038022637
2.795 0 0.0975536210522
2.813 0 0.097543125613
2.83 0 0.0977529915928
2.84 0 0.0976963181876
2.851 0 0.0973882720673
2.855 0 0.095818200689
2.874 0 0.0954372199252
2.884 0 0.0948539392468
2.894 0 0.0940528580192
2.911 0 0.0934085941839
2.918 0 0.0923921408655
2.926 0 0.0917451613355
2.933 0 0.0910226430433
2.947 0 0.0897811939175
2.954 0 0.0883225788802
2.964 0 0.0874460959428
2.974 0 0.0847293600775
2.993 0 0.0829965325267
3.005 0 0.0817888875065
3.015 0 0.0816615708648
3.033 0 0.082258895186
3.045 0 0.0824886377464
3.057 0 0.0840829763753
3.074 0 0.0850210059478
3.079 0 0.0850210059478
3.087 0 0.0850210059478
3.103 0 0.0945736782201
3.12 0 0.096020441452
3.132 0 0.101863796391
3.137 0 0.104633447322
3.153 0 0.106765694549
3.164 0 0.109203680011
3.175 0 0.109203680011
3.182 0 0.109203680011
3.183 0 0.109203680011
3.199 0 0.118110824859
3.212 0 0.120791790711
3.219 0 0.120791790711
3.226 0 0.120791790711
3.233 0 0.120791790711
3.243 0 0.12733392414
3.252 0 0.128404118714
3.261 0 0.128404118714
3.269 0 0.13162046769
3.279 0 0.132477320909
3.285 0 0.133162343928
3.296 0 0.133398414318
3.304 0 0.133858662725
3.315 0 0.134143409325
3.326 0 0.134472215368
3.341 0 0.135095420245
3.349 0 0.135154312744
3.355 0 0.134700343026
3.373 0 0.13435407946
3.389 0 0.133757929624
3.401 0 0.133410500001
3.407 0 0.132884709228
3.41 0 0.132837018278
3.429 0 0.130522958571
3.446 0 0.129401391315
3.453 0 0.129144929004
3.469 0 0.128844552319
3.482 0 0.128561636118
3.489 0 0.128481388174
3.498 0 0.128820333125
3.508 0 0.128719754241
3.523 0 0.129185250617
3.538 0 0.130543951194
3.544 0 0.131058804974
3.555 0 0.13171252267
3.563 0 0.132105794432
3.582 0 0.132956199457
3.592 0 0.132956199457
3.599 0 0.132956199457
3.602 0 0.133893096645
3.621 0 0.134640524523
3.635 0 0.135049676248
3.644 0 0.135259187134
3.652 0 0.136282528064
3.67 0 0.136282528064
3.68 0 0.137231524419
3.695 0 0.136951504874
3.716 0 0.136917922491
3.723 0 0.136917922491
3.734 0 0.138021847145
3.759 0 0.137600491007
3.767 0 0.137514267354
3.773 0 0.136940492075
3.79 0 0.136940492075
3.806 0 0.137307604311
3.812 0 0.137667624455
3.818 0 0.137610138039
3.827 0 0.137530914997
3.846 0 0.136952114949
3.854 0 0.136423354765
3.865 0 0.13731419051
3.884 0 0.13800445474
3.896 0 0.13800445474
3.909 0 0.142170843787
3.919 0 0.144121931734
3.942 0 0.146796888029
3.948 0 0.147038132562
3.954 0 0.147038132562
3.961 0 0.147038132562
3.976 0 0.151959206642
3.99 0 0.151959206642
3.997 0 0.155501316099
4.012 0 0.156638404823
4.021 0 0.157570810499
4.04 0 0.157570810499
4.05 0 0.157570810499
4.065 0 0.161498462165
4.082 0 0.162969705387
4.092 0 0.162684256886
4.103 0 0.163639244286
4.112 0 0.164012632561
4.121 0 0.164012632561
4.131 0 0.164342236543
4.141 0 0.165047744052
4.149 0 0.165667865902
4.166 0 0.166052295832
4.176 0 0.166938971082
4.185 0 0.167389842724
4.195 0 0.168080167213
4.21 0 0.168347103376
4.22 0 0.168451000526
4.234 0 0.168367575213
4.244 0 0.167486722013
4.254 0 0.167486722013
4.268 0 0.169002566602
4.279 0 0.169711981997
4.297 0 0.171476280242
4.308 0 0.174630183782
4.318 0 0.175914244652
4.33 0 0.175914244652
4.335 0 0.175914244652
4.345 0 0.179330070214
4.362 0 0.182583266092
4.373 0 0.183489348076
4.394 0 0.184906193159
4.413 0 0.186535813297
4.427 0 0.186687071526
4.44 0 0.186860248109
4.448 0 0.186860248109
4.458 0 0.187258146167
4.468 0 0.18708831705
4.481 0 0.186327364862
4.498 0 0.185275630858
4.51 0 0.185040239238
4.52 0 0.184973589159
4.535 0 0.183984512537
4.538 0 0.182919952842
4.548 0 0.18038693301
4.559 0 0.178076412916
4.576 0 0.175639058971
4.587 0 0.175639058971
4.597 0 0.170911185555
4.608 0 0.167446436558
4.617 0 0.165537449475
4.632 0 0.165144020435
4.639 0 0.165144020435
4.645 0 0.162026946018
4.657 0 0.159573431689
4.67 0 0.15836519232
4.677 0 0.156451229176
4.683 0 0.155439920311
4.694 0 0.155439920311
4.699 0 0.155439920311
4.704 0 0.152044955355
4.718 0 0.150030775072
4.723 0 0.149970255456
4.732 0 0.151146230151
4.747 0 0.151663016166
4.76 0 0.151663016166
4.766 0 0.151663016166
4.777 0 0.15498777322
4.782 0 0.155173439885
4.792 0 0.154543861552
4.795 0 0.154675903056
4.81 0 0.15621892584
4.82 0 0.156595274545
4.826 0 0.156373322412
4.84 0 0.155567786294
4.856 0 0.154304500423
4.873 0 0.15252524076
4.882 0 0.151556413296
4.896 0 0.147733713633
4.912 0 0.143834356986
4.92 0 0.141028170985
4.943 0 0.136461031437
4.951 0 0.130404037609
4.967 0 0.119760661718
4.979 0 0.115759405389
4.987 0 0.112149377972
5.002 0 0.108310471812
5.005 0 0.108310471812
5.011 0 0.108310471812
5.019 0 0.108310471812
5.03 0 0.0922049134509
5.049 0 0.0899399762929
5.058 0 0.0906390252235
5.072 0 0.093110553696
5.084 0 0.0953502642728
5.094 0 0.0953502642728
5.106 0 0.110212048715
5.123 0 0.117127113897
5.136 0 0.120742942113
5.147 0 0.126030533437
5.175 0 0.130859082197
5.188 0 0.135369142466
5.197 0 0.13962657404
5.214 0 0.144326082438
5.23 0 0.148043746805
5.247 0 0.15605144279
5.267 0 0.15870008239
5.277 0 0.162949907742
5.287 0 0.164953398385
5.297 0 0.166771945712
5.313 0 0.16707370922
5.326 0 0.16739848229
5.337 0 0.168007729234
5.357 0 0.168715456048
5.369 0 0.170273178007
5.386 0 0.171670411394
5.394 0 0.171346032285
5.402 0 0.171346032285
5.419 0 0.177600388498
5.431 0 0.179320284001
5.441 0 0.181794282441
5.449 0 0.182660365762
5.457 0 0.18831956582
5.474 0 0.191288870518
5.487 0 0.193489792353
5.495 0 0.194484559448
5.51 0 0.198630049648
5.517 0 0.198630049648
5.524 0 0.198630049648
5.536 0 0.205642857791
5.559 0 0.207110027232
5.572 0 0.208621665818
5.582 0 0.211917046393
5.598 0 0.212767697244
5.611 0 0.21356065657
5.62 0 0.21467896438
5.635 0 0.213691755581
5.651 0 0.212881741962
5.667 0 0.212319057785
5.675 0 0.213718713167
5.683 0 0.214583356592
5.699 0 0.214299745951
5.711 0 0.212894831027
5.724 0 0.210782943004
5.725 0 0.209067132391
5.742 0 0.204078056681
5.75 0 0.203414133931
5.75 0 0.203414133931
5.763 0 0.198658423354
5.779 0 0.197873872072
5.787 0 0.196664482668
5.799 0 0.194704172383
5.808 0 0.193284129164
5.82 0 0.19341437766
5.841 0 0.195283785671
5.847 0 0.197652030532
5.864 0 0.19940386834
5.87 0 0.19940386834
5.875 0 0.200051943333
5.887 0 0.204476581826
5.897 0 0.207652295208
5.913 0 0.207652295208
5.921 0 0.215327061431
5.937 0 0.216638010437
5.949 0 0.217383792976
5.962 0 0.218572691625
5.969 0 0.218446638535
5.98 0 0.217930700006
5.989 0 0.217159881872
5.999 0 0.21669981559
6.014 0 0.214385868762
6.015 0 0.213289346096
6.027 0 0.21069475195
6.038 0 0.207204867086
6.051 0 0.203258669444
6.068 0 0.203258669444
6.077 0 0.194869080248
6.087 0 0.192814731272
6.105 0 0.186185880652
6.123 0 0.181462813365
6.136 0 0.180150410395
6.146 0 0.177182944192
6.163 0 0.174133724191
6.171 0 0.17199773526
6.178 0 0.174018183375
6.188 0 0.173680713631
6.194 0 0.177366145335
6.202 0 0.179526434596
6.21 0 0.179357405505
6.22 0 0.176644787917
6.226 0 0.179448490135
6.242 0 0.179200302139
6.249 0 0.181821285869
6.26 0 0.182264923599
6.27 0 0.181678828591
6.281 0 0.17782074025
6.296 0 0.178792830808
6.305 0 0.178395457291
6.311 0 0.177068630953
6.318 0 0.175782087745
6.329 0 0.173298677371
6.341 0 0.175151110287
6.349 0 0.174704875346
6.359 0 0.173470600992
6.369 0 0.170791896726
6.384 0 0.170444888616
6.392 0 0.170552198159
6.4 0 0.170752024227
6.411 0 0.173219768445
6.422 0 0.174295622218
6.436 0 0.174764228718
6.443 0 0.173510511915
6.449 0 0.174816001214
6.46 0 0.175141397156
6.47 0 0.174751271132
6.484 0 0.176702448006
6.492 0 0.176016337684
6.498 0 0.176962304443
6.511 0 0.176862969081
6.521 0 0.176678055938
6.533 0 0.175785641652
6.539 0 0.176389519037
6.551 0 0.176498498302
6.559 0 0.176490488463
6.57 0 0.175958007142
6.585 0 0.175892199493
6.592 0 0.175310723889
6.6 0 0.17475902963
6.608 0 0.173542418806
6.62 0 0.171676463371
6.637 0 0.169961921422
6.643 0 0.168860498969
6.653 0 0.168105557095
6.659 0 0.167574797439
6.668 0 0.167282854466
6.679 0 0.166721854534
6.689 0 0.166091456496
6.699 0 0.166147625221
6.71 0 0.16489594325
6.728 0 0.165076490734
6.737 0 0.165240333031
6.743 0 0.166080747679
6.749 0 0.166387076495
6.76 0 0.167202859578
6.769 0 0.167310047963
6.782 0 0.167441578886
6.792 0 0.167317981606
6.8 0 0.167051311051
6.809 0 0.166186453585
6.82 0 0.166281101888
6.828 0 0.166600258881
6.84 0 0.167004025443
6.85 0 0.166970361121
6.862 0 0.166130311059
6.87 0 0.165157176516
6.878 0 0.164670682884
6.889 0 0.16411403367
6.903 0 0.162363574044
6.916 0 0.163803085925
6.921 0 0.164685812568
6.931 0 0.165950440942
6.937 0 0.166524813263
6.951 0 0.170822131092
6.961 0 0.171674748082
6.967 0 0.171674748082
6.979 0 0.175409927697
6.991 0 0.177075641421
7.009 0 0.175562065377
7.015 0 0.175066352931
7.024 0 0.175176897552
7.03 0 0.176878270777
7.04 0 0.173287191718
7.052 0 0.173303287709
7.059 0 0.172987700955
7.069 0 0.170811648852
7.081 0 0.172085717652
7.088 0 0.168814299631
7.099 0 0.16717600372
7.107 0 0.168847437836
7.12 0 0.165286540377
7.128 0 0.164762827947
7.14 0 0.166650005368
7.152 0 0.167000752544
7.16 0 0.167087704246
7.169 0 0.164173091872
7.179 0 0.166630943997
7.194 0 0.165693117472
7.209 0 0.164696816401
7.22 0 0.165997633382
7.227 0 0.163247034649
7.232 0 0.165097237702
7.243 0 0.164601783464
7.257 0 0.162055674744
7.265 0 0.161392289038
7.271 0 0.16073072696
7.282 0 0.160739406655
7.298 0 0.16009169442
7.311 0 0.15951827511
7.317 0 0.159532766099
7.323 0 0.157829593442
7.332 0 0.15361446408
7.349 0 0.152407836983
7.356 0 0.152475472612
7.364 0 0.151203978437
7.371 0 0.150486755207
7.383 0 0.151017853656
7.396 0 0.150392426672
7.404 0 0.150149641052
7.411 0 0.150342810024
7.421 0 0.150908635073
7.431 0 0.150444006077
7.442 0 0.150697993218
7.45 0 0.15083462831
7.459 0 0.150794805765
7.471 0 0.15119345222
7.482 0 0.151236188438
7.501 0 0.149528918727
7.51 0 0.148299084342
7.517 0 0.148150532709
7.524 0 0.148337803969
7.543 0 0.147951645782
7.55 0 0.147951645782
7.553 0 0.147951645782
7.564 0 0.149623496308
7.575 0 0.150387636107
7.584 0 0.149829544925
7.594 0 0.149564544301
7.6 0 0.149255750705
7.609 0 0.148300868178
7.618 0 0.147376315966
7.631 0 0.146466669611
7.638 0 0.146466669611
7.646 0 0.146466669611
7.661 0 0.143677255616
7.671 0 0.142626142111
7.68 0 0.142657655291
7.688 0 0.142996647186
7.701 0 0.143766179777
7.711 0 0.144681552792
7.727 0 0.145158981265
7.732 0 0.145992826783
7.741 0 0.146593855625
7.75 0 0.149022543874
7.76 0 0.152221808249
7.771 0 0.153448218211
7.78 0 0.15570339233
7.79 0 0.157057873508
7.798 0 0.157651530083
7.808 0 0.160807198601
7.82 0 0.161387876101
7.83 0 0.163678659583
7.84 0 0.164560963246
7.849 0 0.165898493169
7.861 0 0.168284279007
7.87 0 0.166661737056
7.878 0 0.168524677937
7.886 0 0.167657181903
7.904 0 0.173152174589
7.913 0 0.172863581008
7.92 0 0.174875140629
7.927 0 0.176190638087
7.94 0 0.18268057931
7.956 0 0.184505740064
7.962 0 0.183788004673
7.972 0 0.186903258557
7.979 0 0.186010536633
7.988 0 0.187449253367
8.003 0 0.187596439696
8.009 0 0.187848628703
8.018 0 0.188080986014
8.029 0 0.188383725124
8.041 0 0.184790308502
8.053 0 0.181718390711
8.061 0 0.180952222399
8.069 0 0.178297477489
8.079 0 0.175154358666
8.09 0 0.171254537246
8.099 0 0.16987468696
8.11 0 0.167554262876
8.121 0 0.164629626289
8.132 0 0.16036927982
8.146 0 0.157496909803
8.153 0 0.15404442081
8.162 0 0.149742127953
8.172 0 0.146430359072
8.179 0 0.144889522288
8.19 0 0.143406335635
8.199 0 0.143406335635
8.211 0 0.141127422969
8.22 0 0.142035646786
8.232 0 0.142452340817
8.241 0 0.14224298832
8.25 0 0.142755020501
8.259 0 0.142881576817
8.272 0 0.144303052793
8.284 0 0.145116055461
8.294 0 0.145261135657
8.301 0 0.145103858702
8.309 0 0.145017311052
8.324 0 0.145124337308
8.333 0 0.145369640778
8.341 0 0.145828009667
8.35 0 0.146278560089
8.362 0 0.14951483794
8.376 0 0.150705861791
8.384 0 0.151413738434
8.394 0 0.151765177969
8.4 0 0.15192900337
8.414 0 0.151403738288
8.421 0 0.151266418701
8.429 0 0.151098177327
8.438 0 0.150934985707
8.448 0 0.15094019919
8.468 0 0.150890327501
8.478 0 0.15179154882
8.485 0 0.152134068
8.487 0 0.151897441851
8.499 0 0.154126661871
8.516 0 0.154948757416
8.524 0 0.155273456578
8.531 0 0.155157676122
8.54 0 0.155594350956
8.55 0 0.157441136138
8.561 0 0.158396308553
8.571 0 0.158970929988
8.58 0 0.15859749275
8.589 0 0.159829005821
8.599 0 0.159207690998
8.608 0 0.159694085113
8.619 0 0.160051857021
8.627 0 0.160735079221
8.639 0 0.16409167536
8.652 0 0.165455946439
8.66 0 0.168103430689
8.669 0 0.167865868367
8.681 0 0.170688113462
8.689 0 0.174373382889
8.698 0 0.177070639583
8.709 0 0.180293011579
8.719 0 0.184388295913
8.73 0 0.184818491674
8.741 0 0.187793084652
8.751 0 0.189538916665
8.761 0 0.190953722111
8.771 0 0.194394710893
8.781 0 0.197405805052
8.789 0 0.19645599798
8.799 0 0.19698658641
8.81 0 0.198347510017
8.82 0 0.196837115669
8.829 0 0.197721766852
8.838 0 0.19823278873
8.851 0 0.197960225612
8.86 0 0.196851066188
8.869 0 0.195534412314
8.882 0 0.19140442195
8.893 0 0.187562472185
8.9 0 0.186525809075
8.91 0 0.183456168238
8.919 0 0.180038928075
8.929 0 0.177229150911
8.941 0 0.173667037179
8.95 0 0.170220621157
8.96 0 0.16804550688
8.968 0 0.166323651404
8.984 0 0.167269362839
8.995 0 0.168352153597
9.005 0 0.169725919524
9.011 0 0.169901594288
9.02 0 0.169931230822
9.031 0 0.169979618936
9.041 0 0.17005868513
9.051 0 0.170998789097
9.059 0 0.170632925183
9.072 0 0.170419592839
9.081 0 0.170998714638
9.09 0 0.171173602813
9.1 0 0.170654042021
9.11 0 0.169600706828
9.126 0 0.169484401917
9.135 0 0.170330432979
9.143 0 0.170665482692
9.152 0 0.17097798135
9.16 0 0.171562958405
9.172 0 0.171959834727
9.181 0 0.172816742157
9.189 0 0.17336371307
9.199 0 0.173665434739
9.212 0 0.17370889619
9.225 0 0.173683007029
9.234 0 0.173296117061
9.24 0 0.173007273596
9.25 0 0.172528351221
9.261 0 0.174063456003
9.275 0 0.175233571847
9.28 0 0.176236008918
9.292 0 0.177111812942
9.302 0 0.179268712275
9.32 0 0.18114219312
9.328 0 0.181360107021
9.333 0 0.183071556593
9.34 0 0.18241277591
9.348 0 0.183829233079
9.362 0 0.186896564703
9.373 0 0.188065069266
9.38 0 0.188619901927
9.389 0 0.189216129477
9.397 0 0.190162985866
9.409 0 0.191208057759
9.42 0 0.192504907688
9.43 0 0.195342729717
9.441 0 0.196028333916
9.45 0 0.19483696263
9.461 0 0.199910027297
9.471 0 0.201621430147
9.476 0 0.199997343437
9.491 0 0.203765012537
9.508 0 0.203943667833
9.515 0 0.204761685862
9.522 0 0.20490996637
9.53 0 0.204782418066
9.541 0 0.204627621627
9.55 0 0.201327427205
9.56 0 0.20275400093
9.57 0 0.201342212313
9.579 0 0.203568928535
9.589 0 0.207164208856
9.606 0 0.208601285296
9.614 0 0.209151754768
9.619 0 0.208428899783
9.627 0 0.207209225871
9.641 0 0.20600360385
9.649 0 0.205365002713
9.66 0 0.202857881331
9.669 0 0.200499988158
9.681 0 0.198515563068
9.69 0 0.196574225827
9.7 0 0.197117569735
9.71 0 0.195921436938
9.721 0 0.194971580272
9.73 0 0.195200934119
9.74 0 0.194361342631
9.749 0 0.194270928697
9.76 0 0.194748240351
9.769 0 0.195769481523
9.778 0 0.195388490453
9.79 0 0.195650159845
9.799 0 0.195949336532
9.808 0 0.195614830552
9.819 0 0.195443579192
9.833 0 0.196569996216
9.846 0 0.197293199488
9.854 0 0.197913179581
9.861 0 0.199390758636
9.87 0 0.199890519671
9.88 0 0.199806159238
9.893 0 0.1997772331
9.901 0 0.199402419345
9.91 0 0.199086075121
9.925 0 0.198873948686
9.943 0 0.198935690766
9.949 0 0.199391205394
9.959 0 0.199963576576
9.966 0 0.200746620167
9.98 0 0.201733944703
9.99 0 0.202989733215
10.0 0 0.204022227774
10.007 0 0.204472622184
10.015 0 0.204832875614
10.03 0 0.204917882379
10.038 0 0.205140389459
10.044 0 0.20455018269
10.049 0 0.203995756808
10.061 0 0.204309907202
10.077 0 0.206046462151
10.086 0 0.207572198812
10.094 0 0.208440628892
10.105 0 0.210601082292
10.118 0 0.211324156935
10.127 0 0.211305300881
10.135 0 0.211879775217
10.143 0 0.212569543791
10.151 0 0.215529422962
10.16 0 0.216312941103
10.17 0 0.21478564563
10.181 0 0.217054164862
10.189 0 0.217710450847
10.2 0 0.216953166285
10.216 0 0.218418329214
10.222 0 0.220777594096
10.23 0 0.222585611374
10.242 0 0.224057414624
10.253 0 0.225341607623
10.267 0 0.227865375278
10.275 0 0.2228513842
10.282 0 0.223171520402
10.292 0 0.223134891741
10.301 0 0.222368288643
10.312 0 0.227722054226
10.323 0 0.224966054224
10.33 0 0.225933709322
10.34 0 0.229672011872
10.35 0 0.233913427277
10.364 0 0.232960977649
10.371 0 0.232939737931
10.38 0 0.231846253995
10.389 0 0.231559245288
10.4 0 0.229084486002
10.41 0 0.228859674901
10.42 0 0.227058601488
10.428 0 0.22626081878
10.439 0 0.224769557954
10.455 0 0.220299576203
10.462 0 0.217849486802
10.471 0 0.215928429446
10.482 0 0.214385333074
10.49 0 0.213381732196
10.5 0 0.21187928268
10.51 0 0.211838935199
10.519 0 0.211757893722
10.529 0 0.210774735765
10.543 0 0.207587470483
10.552 0 0.204486887128
10.558 0 0.203338061524
10.569 0 0.20309640343
10.579 0 0.202922662893
10.593 0 0.203114573548
10.6 0 0.202921080096
10.611 0 0.202064762067
10.62 0 0.201188074916
10.634 0 0.200428543079
10.639 0 0.200454652503
10.651 0 0.200717774688
10.662 0 0.200912664529
10.668 0 0.201170727348
10.679 0 0.201363797202
10.694 0 0.202192871619
10.703 0 0.203681187731
10.711 0 0.204815761092
10.719 0 0.206976066667
10.728 0 0.208511881802
10.739 0 0.210094877156
10.751 0 0.212281218133
10.76 0 0.213880033008
10.769 0 0.215180879394
10.782 0 0.216999877111
10.79 0 0.217585147116
10.799 0 0.218614880921
10.809 0 0.219566814445
10.82 0 0.222387183115
10.83 0 0.222493338718
10.841 0 0.222493338718
10.849 0 0.222493338718
10.859 0 0.226188570198
10.871 0 0.22745168056
10.882 0 0.228487698119
10.887 0 0.228487698119
10.898 0 0.2297799549
10.91 0 0.236511289432
10.923 0 0.238748903616
10.931 0 0.238748903616
10.941 0 0.238748903616
10.952 0 0.24474189728
10.96 0 0.247336145683
10.972 0 0.248770651793
10.98 0 0.249883016464
10.99 0 0.252417020554
10.998 0 0.250574404754
11.008 0 0.252421041945
11.02 0 0.252280136462
11.03 0 0.251451299532
11.039 0 0.253748231357
11.056 0 0.249340897787
11.067 0 0.251719674965
11.073 0 0.252332437085
11.079 0 0.258710082367
11.088 0 0.250512333759
11.108 0 0.262147931763
11.118 0 0.263748880986
11.124 0 0.262692462946
11.131 0 0.263896914374
11.141 0 0.26212945636
11.156 0 0.259374747483
11.164 0 0.255243422402
11.173 0 0.257130731098
11.179 0 0.253835625468
11.189 0 0.259446840924
11.203 0 0.263233686699
11.211 0 0.26414628282
11.219 0 0.264200933124
11.228 0 0.263661823826
11.24 0 0.261608490578
11.251 0 0.260410030117
11.26 0 0.259342683453
11.27 0 0.258644416611
11.28 0 0.258670157786
11.296 0 0.258636647999
11.302 0 0.25874915322
11.309 0 0.258751131102
11.321 0 0.259008753755
11.329 0 0.259128003972
11.337 0 0.258965134582
11.35 0 0.257616169659
11.359 0 0.256709935223
11.371 0 0.255106465032
11.382 0 0.253769491472
11.394 0 0.252614990579
11.402 0 0.252165851394
11.41 0 0.251726960705
11.419 0 0.250670725378
11.432 0 0.250148556622
11.44 0 0.249946623405
11.45 0 0.249591110768
11.46 0 0.248358573412
11.473 0 0.246831553866
11.482 0 0.245982630961
11.49 0 0.246391251192
11.499 0 0.246795738499
11.514 0 0.247254798105
11.524 0 0.247689031295
11.534 0 0.247729497384
11.54 0 0.248012578966
11.548 0 0.245998802778
11.559 0 0.246789291555
11.572 0 0.248802079697
11.581 0 0.25008186356
11.59 0 0.249692274114
11.598 0 0.251464644651
11.609 0 0.252614565029
11.624 0 0.256355137331
11.629 0 0.25833047532
11.64 0 0.260506381645
11.65 0 0.266380453895
11.66 0 0.270101958107
11.678 0 0.274502164231
11.686 0 0.276263049044
11.693 0 0.280281474996
11.702 0 0.279421355455
11.709 0 0.28007051586
11.721 0 0.284132840524
11.729 0 0.28333001593
11.739 0 0.28527868964
11.749 0 0.285835264025
11.761 0 0.284490515286
11.768 0 0.285699733737
11.779 0 0.292374538543
11.79 0 0.290940334199
11.801 0 0.292270635493
11.813 0 0.295636006062
11.82 0 0.299312681875
11.829 0 0.300164859221
11.84 0 0.300164859221
11.855 0 0.306625066697
11.865 0 0.31082234907
11.874 0 0.310933228324
11.882 0 0.312131785065
11.898 0 0.312762027758
11.908 0 0.313536072013
11.914 0 0.313692367013
11.925 0 0.313803828325
11.94 0 0.313127527695
11.95 0 0.312070624987
11.96 0 0.311480925211
11.96 0 0.31078832624
11.976 0 0.3094699153
11.988 0 0.305317329486
11.997 0 0.304247033075
12.006 0 0.30343389564
12.012 0 0.300791504543
12.021 0 0.299257143379
12.029 0 0.295098367885
12.047 0 0.29042816415
12.056 0 0.288542519045
12.061 0 0.287435378444
12.069 0 0.283746536935
12.082 0 0.280281537209
12.091 0 0.27856878736
12.1 0 0.277230302185
12.11 0 0.276377906029
12.12 0 0.274634761083
12.131 0 0.27253424297
12.141 0 0.27128972087
12.15 0 0.271169479665
12.161 0 0.271044871896
12.168 0 0.270060967963
12.179 0 0.269792184679
12.19 0 0.270361454281
12.199 0 0.270205805155
12.21 0 0.270240428375
12.227 0 0.269609969804
12.233 0 0.269376532021
12.242 0 0.26933500645
12.25 0 0.268981835626
12.259 0 0.268585020452
12.275 0 0.26822134495
12.283 0 0.268472166287
12.291 0 0.268894439249
12.298 0 0.270096574726
12.311 0 0.271165702631
12.319 0 0.271420848087
12.336 0 0.272034094412
12.342 0 0.273371425474
12.349 0 0.273470800482
12.36 0 0.2740283583
12.37 0 0.274282451708
12.381 0 0.275605995858
12.389 0 0.275239014271
12.4 0 0.277357175084
12.415 0 0.279237973737
12.421 0 0.279237973737
12.428 0 0.279237973737
12.439 0 0.280791776424
12.449 0 0.286701505665
12.46 0 0.287336573424
12.47 0 0.292769518042
12.478 0 0.292117736728
12.489 0 0.293341962685
12.5 0 0.292992076636
12.51 0 0.293578010229
12.522 0 0.294349565528
12.53 0 0.298740920094
12.538 0 0.295835266118
12.551 0 0.301623757237
12.562 0 0.299590424664
12.569 0 0.300554526841
12.577 0 0.30248375966
12.589 0 0.305149182445
12.602 0 0.31068129814
12.617 0 0.312229913697
12.623 0 0.309263974107
12.633 0 0.318745782097
12.639 0 0.319228232943
12.649 0 0.32114791688
12.664 0 0.323039391612
12.671 0 0.32386871547
12.679 0 0.324087672282
12.689 0 0.323931480081
12.7 0 0.322264251697
12.71 0 0.322810548515
12.721 0 0.32022984745
12.73 0 0.319353442049
12.739 0 0.318365312184
12.748 0 0.31764854015
12.76 0 0.315321158895
12.769 0 0.312214020417
12.78 0 0.308578285642
12.79 0 0.305348530597
12.799 0 0.303761728875
12.81 0 0.301451087972
12.821 0 0.298644217343
12.831 0 0.296520414849
12.846 0 0.295294632871
12.855 0 0.293143888648
12.864 0 0.292304745728
12.871 0 0.292267059847
12.882 0 0.292139428
12.891 0 0.290785670714
12.901 0 0.29007823615
12.91 0 0.289328542735
12.919 0 0.288908335738
12.929 0 0.289000109523
12.942 0 0.289915213785
12.949 0 0.290261985852
12.959 0 0.290159134368
12.968 0 0.289764162447
12.981 0 0.291091491944
12.991 0 0.291737568568
13.0 0 0.291152867262
13.007 0 0.291792337281
13.019 0 0.292636536644
13.028 0 0.293025336311
13.04 0 0.293558841107
13.05 0 0.294288272146
13.059 0 0.294586188895
13.073 0 0.294887886637
13.08 0 0.294256717476
13.086 0 0.293463061011
13.099 0 0.291906066123
13.114 0 0.288580506665
13.122 0 0.288434964987
13.134 0 0.288635615255
13.14 0 0.289471130912
13.15 0 0.291080343934
13.156 0 0.291835236337
13.17 0 0.292425761594
13.179 0 0.292914290852
13.188 0 0.29546465687
13.2 0 0.296191476218
13.211 0 0.297868190682
13.22 0 0.298799967063
13.231 0 0.300728890664
13.24 0 0.302493284809
13.25 0 0.309258311388
13.262 0 0.310572236001
13.27 0 0.313318843962
13.278 0 0.315736476409
13.289 0 0.319053046134
13.3 0 0.32116574404
13.311 0 0.324184090703
13.32 0 0.325511982678
13.329 0 0.327039637653
13.341 0 0.331137462156
13.355 0 0.327305170333
13.36 0 0.328991933482
13.371 0 0.334244196683
13.379 0 0.334751740554
13.39 0 0.334169541558
13.4 0 0.334071740452
13.411 0 0.336399311977
13.42 0 0.337045231031
13.431 0 0.339640133361
13.441 0 0.341266438813
13.455 0 0.340600587791
13.462 0 0.341271847591
13.47 0 0.341988118489
13.479 0 0.344314261454
13.496 0 0.344342984173
13.502 0 0.344432241393
13.516 0 0.342213985914
13.526 0 0.338780445404
13.546 0 0.336682907597
13.549 0 0.335322466666
13.559 0 0.334682225534
13.566 0 0.3328664928
13.572 0 0.332783064758
13.582 0 0.331854578964
13.593 0 0.3304846129
13.603 0 0.327810804255
13.61 0 0.326086932738
13.62 0 0.324223536439
13.632 0 0.322770983708
13.641 0 0.321741779064
13.65 0 0.319998000625
13.66 0 0.316323953653
13.67 0 0.31229183258
13.681 0 0.307858513252
13.695 0 0.306013629689
13.707 0 0.303822972831
13.714 0 0.302469709894
13.719 0 0.302019562199
13.729 0 0.301916995072
13.738 0 0.301786696184
13.752 0 0.301778103021
13.759 0 0.301929861482
13.77 0 0.301645075257
13.78 0 0.301762361674
13.792 0 0.300896191627
13.801 0 0.300367104933
13.81 0 0.300893577925
13.819 0 0.302376662982
13.832 0 0.302650020212
13.844 0 0.302507389301
13.848 0 0.302507389301
13.861 0 0.303791845404
13.869 0 0.303982674067
13.878 0 0.303669423174
13.889 0 0.304088063124
13.902 0 0.304241396535
13.91 0 0.304436294889
13.92 0 0.304589513583
13.931 0 0.30438993565
13.943 0 0.30438993565
13.95 0 0.305874843448
13.964 0 0.307765420648
13.972 0 0.307246506743
13.983 0 0.309489963964
13.99 0 0.30958102729
14.001 0 0.308918042284
14.008 0 0.310613935997
14.021 0 0.314041525531
14.036 0 0.315185626726
14.047 0 0.318462718928
14.054 0 0.319449512236
14.061 0 0.319492622597
14.07 0 0.321705203442
14.086 0 0.324228049496
14.092 0 0.324228049496
14.099 0 0.324228049496
14.112 0 0.333975643706
14.124 0 0.337457999882
14.133 0 0.339724393642
14.142 0 0.339321274883
14.15 0 0.340121458235
14.159 0 0.341502120263
14.175 0 0.342148520119
14.181 0 0.344332259881
14.189 0 0.34577411345
14.2 0 0.347171219408
14.213 0 0.349363408709
14.221 0 0.349522006067
14.231 0 0.348243605122
14.239 0 0.348556408322
14.252 0 0.35127304053
14.265 0 0.353562093504
14.273 0 0.354622142326
14.28 0 0.355222049538
14.29 0 0.355332610872
14.301 0 0.355363779112
14.313 0 0.355542875853
14.321 0 0.355199054584
14.331 0 0.354808350136
14.339 0 0.352940192895
14.352 0 0.351858493245
14.36 0 0.350974359896
14.37 0 0.350478465787
14.379 0 0.349372019289
14.388 0 0.348156342524
14.399 0 0.347940989829
14.41 0 0.346620133699
14.421 0 0.346616503013
14.431 0 0.346194557656
14.442 0 0.345086772062
14.449 0 0.344032794015
14.459 0 0.34120624643
14.467 0 0.339995822633
14.481 0 0.339033519157
14.493 0 0.337219523748
14.502 0 0.335711373796
14.508 0 0.333548709778
14.521 0 0.331619827886
14.531 0 0.329407139091
14.54 0 0.325964566252
14.549 0 0.32297884211
14.559 0 0.321000891559
14.57 0 0.32060589243
14.579 0 0.320018695364
14.59 0 0.31918725115
14.599 0 0.31936295668
14.606 0 0.319944685859
14.618 0 0.322017438564
14.63 0 0.32349004728
14.647 0 0.323482305154
14.653 0 0.323241392598
14.661 0 0.323444293186
14.671 0 0.322990835722
14.682 0 0.323614564585
14.688 0 0.323831486134
14.705 0 0.323631995266
14.711 0 0.323871925625
14.72 0 0.324037637419
14.729 0 0.325444161539
14.741 0 0.325898970034
14.749 0 0.325949825113
14.76 0 0.326831298138
14.768 0 0.328515301802
14.78 0 0.330518754523
14.794 0 0.331190802188
14.799 0 0.331190802188
14.811 0 0.335467913245
14.82 0 0.335467913245
14.829 0 0.337551055877
14.841 0 0.342244004095
14.852 0 0.341341386629
14.859 0 0.341640543874
14.868 0 0.34633169216
14.885 0 0.346861447904
14.892 0 0.352017715775
14.899 0 0.352893274463
14.912 0 0.353949063935
14.922 0 0.357541853705
14.935 0 0.358521834055
14.944 0 0.361684538605
14.952 0 0.360640979701
14.96 0 0.359410753149
14.968 0 0.362623406895
14.981 0 0.363422447526
14.988 0 0.364526141575
14.999 0 0.362532595739
15.01 0 0.365215622719
15.022 0 0.366565391525
15.029 0 0.366565391525
15.039 0 0.366565391525
15.05 0 0.373365452825
15.061 0 0.373575477717
15.071 0 0.372738510516
15.079 0 0.372013825921
15.091 0 0.37000015177
15.097 0 0.369266274929
15.115 0 0.366798396543
15.125 0 0.366660494526
15.129 0 0.366660494526
15.143 0 0.364530427551
15.152 0 0.361783240325
15.169 0 0.36006370418
15.178 0 0.358222764082
15.185 0 0.357033287954
15.201 0 0.354830835502
15.213 0 0.353919619192
15.219 0 0.353340100533
15.227 0 0.352275193178
15.237 0 0.351708840941
15.251 0 0.351546594568
15.262 0 0.351499858291
15.267 0 0.351499858291
15.269 0 0.351499858291
15.279 0 0.350864031889
15.29 0 0.35125619347
15.307 0 0.351107727379
15.314 0 0.351253998301
15.323 0 0.351862577996
15.332 0 0.351911556264
15.343 0 0.350503111435
15.354 0 0.35047832158
15.36 0 0.350853471586
15.37 0 0.3521125765
15.379 0 0.353672749647
15.393 0 0.354815549611
15.407 0 0.355351524883
15.413 0 0.355347185117
15.422 0 0.354998022101
15.436 0 0.354501368449
15.446 0 0.354774169602
15.455 0 0.355241559414
15.461 0 0.355083610389
15.472 0 0.355364606217
15.482 0 0.355787580166
15.491 0 0.356532156308
15.5 0 0.356562979806
15.511 0 0.358963522634
15.522 0 0.35952893801
15.532 0 0.360325287051
15.539 0 0.364044757294
15.554 0 0.366183867886
15.561 0 0.367763118486
15.573 0 0.369116443238
15.579 0 0.37038936841
15.591 0 0.371910122541
15.6 0 0.373623842564
15.61 0 0.377603901905
15.625 0 0.378456474139
15.628 0 0.380079664351
15.639 0 0.377563706893
15.651 0 0.373844131579
15.662 0 0.380998201243
15.674 0 0.381821665824
15.68 0 0.381821665824
15.69 0 0.386170824861
15.7 0 0.385597266769
15.713 0 0.386772627515
15.72 0 0.386772627515
15.73 0 0.389161788221
15.74 0 0.38831996807
15.751 0 0.387566113068
15.765 0 0.391709277068
15.775 0 0.393112051663
15.781 0 0.395111145203
15.791 0 0.396100696778
15.804 0 0.397695017588
15.818 0 0.398345203459
15.826 0 0.399640195117
15.832 0 0.400888731533
15.838 0 0.403999986001
15.853 0 0.404826975794
15.862 0 0.407180433814
15.867 0 0.407772861094
15.881 0 0.407821894033
15.894 0 0.406930685318
15.902 0 0.406047314333
15.911 0 0.405308079277
15.922 0 0.404792114928
15.929 0 0.40404688954
15.951 0 0.402601545268
15.959 0 0.401943703004
15.962 0 0.401568991602
15.972 0 0.402004770171
15.98 0 0.4009183861
15.993 0 0.397798214522
16.001 0 0.395972098206
16.01 0 0.393412492248
16.019 0 0.390835557009
16.035 0 0.387119219618
16.04 0 0.387119219618
16.047 0 0.386084485612
16.058 0 0.383247734931
16.07 0 0.382520384291
16.081 0 0.380964796759
16.089 0 0.380407819985
16.098 0 0.380003912944
16.108 0 0.377911178498
16.12 0 0.375789363595
16.132 0 0.376504052297
16.145 0 0.376724206835
16.151 0 0.376954006551
16.159 0 0.378363383654
16.169 0 0.378958501268
16.179 0 0.379546334929
16.192 0 0.380907109542
16.197 0 0.381499362285
16.21 0 0.383531896899
16.22 0 0.384555226773
16.23 0 0.386349817335
16.243 0 0.387603518383
16.248 0 0.388424471103
16.26 0 0.389602786468
16.267 0 0.390695724726
16.284 0 0.392512731957
16.296 0 0.393676412894
16.304 0 0.394835676725
16.309 0 0.394997436409
16.321 0 0.397259189364
16.331 0 0.400086010477
16.346 0 0.400985947713
16.353 0 0.401752027616
16.358 0 0.4026117303
16.368 0 0.404187042539
16.381 0 0.408807313305
16.388 0 0.409949708232
16.398 0 0.412258935131
16.408 0 0.416084624475
16.42 0 0.416788545731
16.44 0 0.414498649966
16.45 0 0.416245247885
16.455 0 0.413378855617
16.464 0 0.420774218216
16.473 0 0.421501124974
16.486 0 0.417560379629
16.497 0 0.423026824192
16.506 0 0.427669259856
16.518 0 0.433222627108
16.533 0 0.433489656292
16.541 0 0.433897402223
16.549 0 0.433832766776
16.559 0 0.435595808612
16.576 0 0.434745076872
16.582 0 0.434489204223
16.586 0 0.434489204223
16.586 0 0.434489204223
16.598 0 0.434486073165
16.613 0 0.432958540001
16.621 0 0.432264528434
16.629 0 0.433212462906
16.639 0 0.433400296737
16.652 0 0.433170978442
16.659 0 0.432504484615
16.669 0 0.431350142394
16.679 0 0.429900506136
16.692 0 0.430028482882
16.702 0 0.42931577015
16.711 0 0.42863176054
16.717 0 0.429355131194
16.73 0 0.426361111915
16.741 0 0.423943805229
16.756 0 0.420983073835
16.762 0 0.420010414805
16.769 0 0.418872718926
16.78 0 0.41708361314
16.791 0 0.416975036768
16.805 0 0.417060764986
16.81 0 0.417060764986
16.819 0 0.417266057664
16.83 0 0.415696847998
16.847 0 0.413205560705
16.852 0 0.411587924293
16.859 0 0.410894852231
16.869 0 0.406747436015
16.882 0 0.402025233533
16.89 0 0.397950376588
16.9 0 0.395021207418
16.909 0 0.39347133711
16.921 0 0.391817507772
16.94 0 0.392176068697
16.948 0 0.392176068697
16.952 0 0.392176068697
16.96 0 0.392176068697
16.97 0 0.394417096546
16.98 0 0.395755623956
16.989 0 0.397505531755
16.997 0 0.397771010338
17.009 0 0.399056283175
17.02 0 0.400759314706
17.033 0 0.40161128423
17.04 0 0.401023559006
17.051 0 0.401334102289
17.061 0 0.402466729492
17.074 0 0.40488150528
17.089 0 0.405969025414
17.094 0 0.406572959707
17.102 0 0.407653477273
17.109 0 0.409763380033
17.119 0 0.410170420625
17.135 0 0.412178654089
17.142 0 0.414373188399
17.152 0 0.415682818126
17.161 0 0.415976085519
17.175 0 0.421083213406
17.187 0 0.421320058324
17.195 0 0.42397499816
17.203 0 0.427300845066
17.21 0 0.429267246584
17.219 0 0.431239708651
17.229 0 0.429700630498
17.239 0 0.430617528502
17.248 0 0.432358247064
17.263 0 0.436097239907
17.274 0 0.438051260373
17.283 0 0.437546059775
17.291 0 0.434083633294
17.3 0 0.439598765193
17.309 0 0.441499417128
17.321 0 0.446890648844
17.34 0 0.447969422256
17.346 0 0.448524018125
17.353 0 0.448337483387
17.36 0 0.449384263952
17.373 0 0.449902080011
17.379 0 0.449902080011
17.39 0 0.450013269298
17.402 0 0.450470230481
17.414 0 0.451781728489
17.427 0 0.451976472189
17.435 0 0.451447612877
17.44 0 0.451396920141
17.45 0 0.450839768057
17.459 0 0.450608038079
17.473 0 0.448368057213
17.481 0 0.447974160249
17.489 0 0.447718162148
17.498 0 0.447167932576
17.513 0 0.445784240588
17.524 0 0.445131991908
17.53 0 0.443317975619
17.54 0 0.441879850592
17.551 0 0.441945311953
17.568 0 0.441185282608
17.574 0 0.440248391744
17.58 0 0.438310250224
17.587 0 0.437103531826
17.602 0 0.435523499248
17.617 0 0.434496259862
17.627 0 0.433796378182
17.635 0 0.433070793732
17.644 0 0.432710589811
17.652 0 0.432337653396
17.659 0 0.431928975788
17.673 0 0.431649944376
17.68 0 0.431742416605
17.689 0 0.430963726642
17.7 0 0.429189023924
17.714 0 0.427892291359
17.72 0 0.427695282151
17.729 0 0.428040084277
17.737 0 0.427900178303
17.749 0 0.429554505342
17.767 0 0.430133948297
17.773 0 0.430557613094
17.782 0 0.431112238328
17.791 0 0.432987534635
17.799 0 0.433591817665
17.81 0 0.434651066719
17.823 0 0.435438742582
17.83 0 0.436342871382
17.841 0 0.436002691463
17.851 0 0.435792737124
17.866 0 0.434179041819
17.875 0 0.433991945096
17.882 0 0.434493120266
17.89 0 0.436430505317
17.906 0 0.440058041603
17.919 0 0.441674833497
17.925 0 0.44323381854
17.931 0 0.444510499651
17.943 0 0.44652154429
17.95 0 0.447538184505
17.961 0 0.450019408841
17.97 0 0.45239499822
17.981 0 0.456227696964
17.988 0 0.457910801281
18.0 0 0.462124930694
18.013 0 0.462456985817
18.02 0 0.464846735855
18.029 0 0.468149391095
18.038 0 0.468237370338
18.05 0 0.468390617177
18.061 0 0.471427787158
18.071 0 0.475532020134
18.08 0 0.479977220959
18.093 0 0.482448673682
18.099 0 0.482448673682
18.109 0 0.482735511415
18.12 0 0.482021415124
18.129 0 0.482818172139
18.14 0 0.48343897018
18.148 0 0.484272735212
18.161 0 0.484383624774
18.17 0 0.487007615137
18.179 0 0.48842666932
18.19 0 0.489646101102
18.2 0 0.49028393563
18.21 0 0.48981580979
18.22 0 0.489280657788
18.23 0 0.488185299643
18.24 0 0.486458764129
18.251 0 0.485529770388
18.258 0 0.485475475974
18.272 0 0.484482364337
18.279 0 0.48456418629
18.291 0 0.484878677718
18.299 0 0.484084300268
18.31 0 0.484323882551
18.319 0 0.484127728196
18.331 0 0.482850044035
18.34 0 0.481896338384
18.356 0 0.480232030213
18.364 0 0.479636410698
18.373 0 0.477830231466
18.383 0 0.476795087678
18.393 0 0.476587989067
18.4 0 0.476500802708
18.408 0 0.475794969636
18.42 0 0.474718659967
18.435 0 0.472937234984
18.443 0 0.472115594485
18.449 0 0.471534104904
18.461 0 0.470014972633
18.474 0 0.468276750972
18.483 0 0.467724971371
18.489 0 0.467065247249
18.5 0 0.465807054685
18.51 0 0.465259776256
18.52 0 0.465665840042
18.53 0 0.4659576853
18.539 0 0.466249579708
18.55 0 0.467192651975
18.559 0 0.467334887982
18.571 0 0.466849268204
18.582 0 0.467304451787
18.586 0 0.467556269628
18.598 0 0.468071874356
18.609 0 0.46770850052
18.624 0 0.468066499217
18.633 0 0.468158312715
18.642 0 0.468006012231
18.649 0 0.467932966575
18.662 0 0.468103926905
18.674 0 0.468974781718
18.686 0 0.470010256236
18.694 0 0.470198962685
18.701 0 0.472755512658
18.708 0 0.475769872156
18.724 0 0.478240331753
18.731 0 0.479110616816
18.739 0 0.479782629141
18.75 0 0.47975135855
18.761 0 0.483984750938
18.771 0 0.485066335133
18.779 0 0.483767511091
18.789 0 0.487386931447
18.8 0 0.485468454277
18.81 0 0.489195081752
18.823 0 0.487650871758
18.83 0 0.490022852021
18.84 0 0.496150080664
18.852 0 0.501311792278
18.864 0 0.502855430694
18.872 0 0.503879832142
18.877 0 0.505519393292
18.889 0 0.506453578577
18.901 0 0.505905871094
18.909 0 0.503564812019
18.92 0 0.503408093442
18.93 0 0.504817322384
18.939 0 0.505699808995
18.954 0 0.507018872357
18.962 0 0.507018872357
18.971 0 0.508005674498
18.98 0 0.506900157981
18.991 0 0.507336094132
19.002 0 0.507667357989
19.012 0 0.508748943382
19.02 0 0.508670592275
19.029 0 0.508779364664
19.043 0 0.507299852962
19.055 0 0.506727110708
19.064 0 0.505921110003
19.071 0 0.50318627942
19.082 0 0.504878087904
19.097 0 0.504275478018
19.106 0 0.504175004041
19.112 0 0.503198363095
19.121 0 0.502868518667
19.132 0 0.501772466882
19.149 0 0.500398509005
19.158 0 0.500673948506
19.165 0 0.501253409119
19.176 0 0.501365538612
19.184 0 0.502399128222
19.198 0 0.503353491952
19.206 0 0.503426595224
19.215 0 0.503752626804
19.223 0 0.503174696694
19.239 0 0.501732524276
19.247 0 0.501518826308
19.259 0 0.500477885118
19.267 0 0.499725309859
19.279 0 0.499981179968
19.29 0 0.500484931343
19.297 0 0.501633379591
19.305 0 0.50196869094
19.312 0 0.502536666241
19.319 0 0.502827711588
19.331 0 0.50344201723
19.34 0 0.503609448484
19.348 0 0.504346857121
19.36 0 0.505412136612
19.374 0 0.507935902155
19.384 0 0.508392328793
19.391 0 0.509446346533
19.399 0 0.509726184608
19.409 0 0.510778635218
19.427 0 0.511187491971
19.436 0 0.511611016261
19.44 0 0.51181585561
19.451 0 0.511708149652
19.458 0 0.513251184024
19.475 0 0.514689797206
19.482 0 0.514147638331
19.491 0 0.517290543721
19.502 0 0.518991215034
19.52 0 0.521511339766
19.529 0 0.522860100178
19.537 0 0.523824455785
19.545 0 0.524630367618
19.552 0 0.5240196754
19.565 0 0.521479376089
19.578 0 0.523635870308
19.583 0 0.52498731078
19.591 0 0.524051710865
19.601 0 0.529442864941
19.622 0 0.531097046667
19.631 0 0.529866164236
19.639 0 0.531709976113
19.646 0 0.528272336975
19.663 0 0.532173623246
19.665 0 0.532173623246
19.672 0 0.532173623246
19.681 0 0.531468700709
19.691 0 0.533035942365
19.701 0 0.538689607348
19.709 0 0.540021171152
19.719 0 0.542764205769
19.73 0 0.542764205769
19.739 0 0.542764205769
19.749 0 0.55094087204
19.761 0 0.554746226214
19.769 0 0.555639721886
19.782 0 0.555700266737
19.792 0 0.554759560237
19.805 0 0.553773270776
19.812 0 0.553618943061
19.82 0 0.552869056305
19.829 0 0.552701191877
19.842 0 0.551396872299
19.85 0 0.551213584357
19.859 0 0.550745706717
19.87 0 0.549866101318
19.879 0 0.547436074344
19.89 0 0.54418981728
19.898 0 0.543340871801
19.908 0 0.541646191439
19.919 0 0.541422918502
19.934 0 0.541166096068
19.946 0 0.540089929604
19.949 0 0.540089929604
19.961 0 0.536363492035
19.971 0 0.53527887715
19.981 0 0.533138380811
19.992 0 0.531369244244
20.001 0 0.530798024017
20.012 0 0.529726184677
20.021 0 0.526738857079
20.029 0 0.523587759121
20.045 0 0.520598741527
20.052 0 0.519556973922
20.06 0 0.518524789313
20.069 0 0.517959039925
20.082 0 0.519028903284
20.094 0 0.519112306201
20.101 0 0.519688939362
20.109 0 0.520170945996
20.119 0 0.519959946671
20.133 0 0.51981323536
20.143 0 0.520307440523
20.15 0 0.520857696906
20.159 0 0.521630119537
20.169 0 0.523162382699
20.179 0 0.52534889193
20.193 0 0.525511209825
20.201 0 0.525851441736
20.211 0 0.527166421181
20.224 0 0.529255679071
20.23 0 0.529287220164
20.24 0 0.530590150298
20.255 0 0.531716948928
20.267 0 0.53467043968
20.275 0 0.536874201165
20.287 0 0.540195622905
20.295 0 0.541098517611
20.302 0 0.542974213786
20.31 0 0.546087593801
20.32 0 0.546352629515
20.328 0 0.550468299994
20.339 0 0.549462300485
20.349 0 0.554937575714
20.361 0 0.554693947604
20.376 0 0.557035559519
20.385 0 0.559614958947
20.389 0 0.560329028573
20.398 0 0.563473775808
20.411 0 0.563711174059
20.42 0 0.566140539953
20.428 0 0.566901789764
20.441 0 0.572727136492
20.458 0 0.572980324767
20.467 0 0.57379823238
20.479 0 0.573337816049
20.486 0 0.571878937931
20.497 0 0.57406836507
20.506 0 0.576276399236
20.514 0 0.578412425978
20.52 0 0.579704058703
20.529 0 0.582471627371
20.538 0 0.581786382826
20.55 0 0.581898108998
20.561 0 0.581932057983
20.569 0 0.580841255459
20.579 0 0.580859980842
20.589 0 0.580728913299
20.6 0 0.580289535668
20.61 0 0.578955869157
20.62 0 0.57903443478
20.629 0 0.579097407129
20.643 0 0.57535291071
20.655 0 0.57552542699
20.658 0 0.57552542699
20.67 0 0.571903742414
20.681 0 0.569408931052
20.686 0 0.569167092965
20.701 0 0.565122687152
20.709 0 0.5652663054
20.718 0 0.565258192119
20.731 0 0.565875774358
20.74 0 0.566462263316
20.748 0 0.565624905639
20.76 0 0.563860624081
20.77 0 0.56127636576
20.78 0 0.559196633435
20.791 0 0.555365410795
20.798 0 0.553955531209
20.81 0 0.552070030803
20.82 0 0.550556999599
20.832 0 0.549008114383
20.842 0 0.549015667849
20.849 0 0.548604550933
20.859 0 0.54839691481
20.871 0 0.547818773603
20.885 0 0.547835460291
20.897 0 0.54872138348
20.904 0 0.549038285851
20.913 0 0.549822049041
20.922 0 0.550458824132
20.935 0 0.551752319637
20.949 0 0.551776905324
20.953 0 0.551776905324
20.959 0 0.551430966701
20.973 0 0.551854568044
20.982 0 0.55347131962
20.993 0 0.555385692584
20.999 0 0.55592001837
21.011 0 0.557161376931
21.023 0 0.55820930264
21.03 0 0.559773881995
21.039 0 0.560358948373
21.048 0 0.561836161933
21.06 0 0.562613194558
21.072 0 0.56220270478
21.08 0 0.565397368621
21.091 0 0.568333279268
21.1 0 0.566444601643
21.11 0 0.569670418975
21.126 0 0.570557840251
21.133 0 0.569438087761
21.14 0 0.569054345704
21.146 0 0.569495186795
21.161 0 0.575733397829
21.172 0 0.576268742165
21.179 0 0.582739016778
21.191 0 0.584039009417
21.203 0 0.582640710131
21.215 0 0.586262310662
21.224 0 0.584179555229
21.232 0 0.584721442235
21.239 0 0.589034651042
21.25 0 0.586583113931
21.262 0 0.592934063554
21.271 0 0.596540469485
21.28 0 0.599080901701
21.286 0 0.599587900128
21.3 0 0.601655508294
21.309 0 0.603044893153
21.321 0 0.603327017271
21.332 0 0.604531529658
21.341 0 0.605276874401
21.355 0 0.605152110401
21.363 0 0.605152110401
21.368 0 0.605152110401
21.38 0 0.602352744408
21.388 0 0.602214514235
21.398 0 0.600098259886
21.414 0 0.600169729561
21.428 0 0.599671505415
21.43 0 0.599579257781
21.437 0 0.59981091446
21.451 0 0.598419753496
21.461 0 0.596730782987
21.471 0 0.595505838977
21.482 0 0.594069483343
21.499 0 0.59224469411
21.508 0 0.591957843547
21.514 0 0.592256249965
21.523 0 0.59256209956
21.535 0 0.591243519861
21.544 0 0.589330637288
21.554 0 0.586988132062
21.559 0 0.586988132062
21.57 0 0.583485515596
21.581 0 0.580626154705
21.6 0 0.579802236138
21.607 0 0.577063225971
21.614 0 0.577021580643
21.62 0 0.577162277273
21.633 0 0.577108887411
21.642 0 0.577108887411
21.647 0 0.577108887411
21.662 0 0.578130487033
21.671 0 0.580698714098
21.692 0 0.581922646786
21.7 0 0.582527112965
21.706 0 0.584131912299
21.713 0 0.585721726762
21.728 0 0.586800309737
21.737 0 0.586943473939
21.746 0 0.587011894433
21.754 0 0.587242687818
21.764 0 0.588190012088
21.772 0 0.590150139075
21.78 0 0.592457079602
21.791 0 0.593088116124
21.799 0 0.593703379569
21.809 0 0.594639268455
21.819 0 0.596089209009
21.834 0 0.597976902363
21.84 0 0.597181921248
21.85 0 0.5991473695
21.857 0 0.602242345538
21.872 0 0.605714165906
21.879 0 0.607241722093
21.886 0 0.60799845347
21.898 0 0.608510556698
21.916 0 0.607516822005
21.922 0 0.605965271108
21.931 0 0.608150290625
21.94 0 0.607544791111
21.947 0 0.603224043826
21.961 0 0.601360769805
21.976 0 0.611839599065
21.984 0 0.61387414003
21.99 0 0.617132776084
22.0 0 0.616852024808
22.015 0 0.616323982281
22.022 0 0.617888492739
22.031 0 0.616256893164
22.039 0 0.617312249757
22.05 0 0.613952394058
22.061 0 0.615153736897
22.069 0 0.61700431445
22.079 0 0.622142273378
22.089 0 0.625422726342
22.103 0 0.628566301983
22.111 0 0.630961695491
22.122 0 0.632689113539
22.13 0 0.632619680037
22.144 0 0.632009127662
22.156 0 0.631761201325
22.163 0 0.631391369652
22.172 0 0.630728622463
22.18 0 0.630178165489
22.191 0 0.629878401255
22.204 0 0.62856411369
22.211 0 0.629050735069
22.222 0 0.628087507861
22.232 0 0.627103150855
22.24 0 0.622531171788
22.258 0 0.619752269718
22.265 0 0.619220507457
22.271 0 0.618804607543
22.282 0 0.619746996243
22.297 0 0.62000781087
22.305 0 0.619484072196
22.312 0 0.618864617233
22.321 0 0.617272897024
22.335 0 0.614349987184
22.346 0 0.612757450729
22.352 0 0.611303418817
22.361 0 0.608507343442
22.375 0 0.604377039213
22.383 0 0.602958127334
22.393 0 0.602883692178
22.401 0 0.602395458125
22.409 0 0.602525898822
22.419 0 0.6016837332
22.435 0 0.603159427042
22.442 0 0.603404670318
22.448 0 0.604254931067
22.459 0 0.604507835883
22.471 0 0.606632792402
22.487 0 0.608423412563
22.495 0 0.608692806281
22.506 0 0.61125164719
22.514 0 0.612894720116
22.53 0 0.613799611273
22.536 0 0.614663974577
22.543 0 0.615211359467
22.549 0 0.615712989255
22.566 0 0.617287952726
22.576 0 0.617768315676
22.586 0 0.619205686875
22.597 0 0.619738750208
22.607 0 0.620592676489
22.617 0 0.623937224045
22.632 0 0.626209582689
22.639 0 0.628979067703
22.647 0 0.629196044721
22.653 0 0.633081730795
22.662 0 0.63327337018
22.68 0 0.634239812976
22.685 0 0.634239812976
22.69 0 0.634239812976
22.699 0 0.634559655727
22.714 0 0.633216827874
22.724 0 0.633150351694
22.731 0 0.630916829262
22.74 0 0.630303624073
22.748 0 0.632393232445
22.759 0 0.635521798886
22.771 0 0.63568581794
22.777 0 0.637448261596
22.79 0 0.635478634168
22.798 0 0.63707168329
22.812 0 0.637518435141
22.822 0 0.639098551453
22.827 0 0.635178171606
22.839 0 0.636798947474
22.849 0 0.64133185975
22.864 0 0.648169266001
22.871 0 0.648979707028
22.881 0 0.6533885066
22.891 0 0.657001156808
22.903 0 0.65747956605
22.91 0 0.657401130188
22.918 0 0.657033800656
22.931 0 0.656536764367
22.944 0 0.656011531108
22.955 0 0.655899332985
22.962 0 0.655078740419
22.97 0 0.655962603217
22.981 0 0.65684396653
22.989 0 0.654959931237
23.003 0 0.654226538403
23.012 0 0.652519124447
23.021 0 0.651336906595
23.03 0 0.651216421937
23.044 0 0.648693461372
23.058 0 0.648193552693
23.066 0 0.647909820215
23.072 0 0.647286388449
23.083 0 0.646451314699
23.091 0 0.645998842144
23.101 0 0.644947410268
23.111 0 0.643767683298
23.119 0 0.641731358837
23.133 0 0.639782017923
23.139 0 0.638975135859
23.15 0 0.637053607855
23.161 0 0.633541924166
23.17 0 0.631646819909
23.182 0 0.628835884078
23.193 0 0.627824253851
23.198 0 0.627824253851
23.209 0 0.624309391344
23.221 0 0.625463535196
23.23 0 0.627645962147
23.252 0 0.629098456058
23.26 0 0.630118947173
23.266 0 0.629903414966
23.275 0 0.630694469275
23.291 0 0.631257451765
23.297 0 0.631257451765
23.302 0 0.632266661039
23.308 0 0.632428566322
23.321 0 0.633615337986
23.335 0 0.634659861426
23.34 0 0.634753454142
23.349 0 0.635901698858
23.357 0 0.636396777251
23.373 0 0.637025679571
23.38 0 0.637025679571
23.39 0 0.638941142742
23.401 0 0.638469813482
23.409 0 0.638024839649
23.422 0 0.638024839649
23.428 0 0.638024839649
23.439 0 0.643988035473
23.448 0 0.643880221115
23.46 0 0.646592750738
23.469 0 0.650855963592
23.479 0 0.652800015111
23.489 0 0.654802666721
23.502 0 0.652671391661
23.51 0 0.653169917226
23.517 0 0.654754274381
23.529 0 0.657046582205
23.54 0 0.659411649763
23.552 0 0.661687748154
23.561 0 0.662361797897
23.568 0 0.664680540483
23.581 0 0.662249998386
23.591 0 0.668595415047
23.606 0 0.668432605679
23.611 0 0.668432605679
23.619 0 0.668432605679
23.63 0 0.672972949462
23.64 0 0.674232152911
23.651 0 0.674529775892
23.66 0 0.676712384969
23.67 0 0.676311585274
23.68 0 0.675570667467
23.693 0 0.677064517727
23.699 0 0.677583804218
23.709 0 0.677216673005
23.72 0 0.676554298343
23.729 0 0.676227186571
23.738 0 0.675488118634
23.75 0 0.675052195537
23.76 0 0.673994542755
23.771 0 0.675366819302
23.783 0 0.675540144247
23.79 0 0.674787130481
23.8 0 0.674401033626
23.814 0 0.67359958098
23.83 0 0.671586507624
23.837 0 0.670875078816
23.843 0 0.669337819267
23.854 0 0.668354541666
23.861 0 0.668286999511
23.872 0 0.67026312144
23.88 0 0.671051315754
23.892 0 0.670369428942
23.902 0 0.669318905492
23.909 0 0.668826206617
23.926 0 0.668158695657
23.932 0 0.667183794768
23.94 0 0.666664905398
23.95 0 0.66475767553
23.962 0 0.662979378567
23.97 0 0.661092006917
23.98 0 0.65937875677
23.988 0 0.658945765963
24.0 0 0.65855443686
24.008 0 0.658732308013
24.02 0 0.659498736441
24.03 0 0.66029633872
24.042 0 0.661934727732
24.056 0 0.662613227502
24.063 0 0.663966570848
24.068 0 0.664160731855
24.08 0 0.664717549516
24.091 0 0.666118057919
24.106 0 0.667021838642
24.116 0 0.668162271895
24.124 0 0.66872611814
24.13 0 0.669209661076
24.146 0 0.670790643457
24.164 0 0.671610724628
24.171 0 0.672277714235
24.177 0 0.673318020377
24.195 0 0.676510976559
24.21 0 0.677846167646
24.218 0 0.681067535675
24.225 0 0.682360056684
24.236 0 0.684109949457
24.254 0 0.687307202062
24.26 0 0.687479161854
24.271 0 0.688484384206
24.284 0 0.688720046317
24.299 0 0.689105910179
24.308 0 0.688561815473
24.316 0 0.69296024509
24.326 0 0.69559097889
24.333 0 0.696724220249
24.351 0 0.696338377639
24.361 0 0.696740560285
24.368 0 0.69591492056
24.385 0 0.698736257547
24.394 0 0.695380238503
24.402 0 0.696571201998
24.415 0 0.698808656566
24.428 0 0.700526088684
24.437 0 0.707186055698
24.446 0 0.707600895422
24.454 0 0.708913937577
24.459 0 0.709213959
24.467 0 0.710550172096
24.482 0 0.711916009255
24.49 0 0.711922036784
24.499 0 0.711533840254
24.509 0 0.711667078553
24.517 0 0.710566075961
24.53 0 0.710300771461
24.538 0 0.710300771461
24.542 0 0.710300771461
24.553 0 0.711185275752
24.565 0 0.71147673584
24.571 0 0.71147673584
24.58 0 0.711400845754
24.593 0 0.710619661044
24.6 0 0.709802968187
24.616 0 0.708093383887
24.623 0 0.706784695677
24.635 0 0.705968015798
24.647 0 0.706703297864
24.656 0 0.706708861154
24.663 0 0.70630086692
24.67 0 0.705368786945
24.679 0 0.703067917351
24.7 0 0.700533389997
24.705 0 0.700184025924
24.715 0 0.697546654224
24.721 0 0.696646840515
24.733 0 0.6935000004
24.747 0 0.69306404657
24.752 0 0.69306404657
24.76 0 0.69306404657
24.773 0 0.688089603287
24.781 0 0.686933086784
24.789 0 0.687516116306
24.804 0 0.687516116306
24.81 0 0.687516116306
24.822 0 0.689685105246
24.836 0 0.691255254479
24.847 0 0.691576234742
24.855 0 0.692205515166
24.863 0 0.692205515166
24.873 0 0.693509929382
24.885 0 0.695140266298
24.891 0 0.695774242729
24.901 0 0.697177202074
24.911 0 0.698187572269
24.921 0 0.700324813321
24.933 0 0.700324813321
24.941 0 0.700324813321
24.951 0 0.699840082111
24.961 0 0.699776368125
24.972 0 0.70039901617
24.986 0 0.70175088945
24.993 0 0.70175088945
25.0 0 0.70175088945
25.012 0 0.709907241394
25.028 0 0.711889421793
25.037 0 0.71274869627
25.041 0 0.713202648356
25.054 0 0.714046921775
25.064 0 0.712912323021
25.078 0 0.711073795722
25.088 0 0.705780867949
25.094 0 0.708359933512
25.104 0 0.711458489425
25.115 0 0.711458489425
25.119 0 0.711458489425
25.13 0 0.712053618978
25.143 0 0.716145059107
25.156 0 0.72203471032
25.17 0 0.723617521077
25.178 0 0.722333200313
25.185 0 0.723574684477
25.19 0 0.725103780778
25.203 0 0.72712223751
25.214 0 0.729961356743
25.22 0 0.731103265875
25.231 0 0.732988579495
25.245 0 0.734499333367
25.254 0 0.735435011636
25.264 0 0.735837678542
25.273 0 0.737387875083
25.281 0 0.737627962894
25.294 0 0.737488794241
25.302 0 0.736892973894
25.313 0 0.736693152104
25.324 0 0.735523296733
25.335 0 0.736403447977
25.356 0 0.737470984069
25.363 0 0.736587439728
25.373 0 0.736271149979
25.378 0 0.734793580518
25.385 0 0.733367215125
25.389 0 0.731122228518
25.4 0 0.731424195307
25.418 0 0.730811319971
25.427 0 0.730276898736
25.442 0 0.730182394378
25.451 0 0.729893388467
25.462 0 0.728891518311
25.471 0 0.727287502086
25.487 0 0.726510398901
25.495 0 0.725835861884
25.506 0 0.724770233179
25.514 0 0.723745648935
25.53 0 0.720117203352
25.542 0 0.718699860234
25.552 0 0.717312627573
25.568 0 0.716702762964
25.571 0 0.716608370355
25.58 0 0.717066849112
25.592 0 0.717005095586
25.61 0 0.715163687608
25.622 0 0.715353324086
25.63 0 0.71594222657
25.639 0 0.718355815475
25.654 0 0.718355815475
25.658 0 0.718355815475
25.668 0 0.718355815475
25.678 0 0.720238440619
25.695 0 0.720604914077
25.705 0 0.721354058
25.712 0 0.723077003934
25.722 0 0.723536250454
25.737 0 0.723464646739
25.751 0 0.723193215781
25.764 0 0.724002739077
25.774 0 0.726532063044
25.788 0 0.731363644418
25.805 0 0.732018776284
25.813 0 0.733174089241
25.819 0 0.737510086832
25.834 0 0.73971534946
25.842 0 0.738661837777
25.851 0 0.738474965766
25.862 0 0.735823271376
25.87 0 0.735901183468
25.888 0 0.73305085517
25.893 0 0.734436955152
25.904 0 0.734179170496
25.911 0 0.734740654452
25.923 0 0.739012067506
25.933 0 0.739012067506
25.939 0 0.739012067506
25.951 0 0.740707683705
25.961 0 0.73444538017
25.973 0 0.736903605707
25.983 0 0.743167223494
25.993 0 0.745230074184
26.003 0 0.74760747604
26.017 0 0.751834494636
26.027 0 0.7528798423
26.033 0 0.753171786593
26.043 0 0.751999544302
26.054 0 0.751435890316
26.069 0 0.750867756234
26.08 0 0.750867756234
26.085 0 0.750867756234
26.092 0 0.749107677853
26.105 0 0.74879920665
26.12 0 0.74725353821
26.128 0 0.745898127285
26.137 0 0.746410656382
26.145 0 0.746237869688
26.153 0 0.744689442483
26.167 0 0.743246242466
26.178 0 0.74314385351
26.184 0 0.743453048972
26.193 0 0.742703302183
26.213 0 0.743595962323
26.228 0 0.74386022743
26.234 0 0.744098726912
26.245 0 0.744296901115
26.261 0 0.743524723212
26.265 0 0.743524723212
26.274 0 0.740602148771
26.282 0 0.73870073347
26.29 0 0.736376040636
26.307 0 0.734641857689
26.311 0 0.734641857689
26.32 0 0.730547408039
26.327 0 0.729326661852
26.336 0 0.728860506697
26.355 0 0.726760891295
26.364 0 0.727182366767
26.375 0 0.728046645246
26.397 0 0.729822249445
26.409 0 0.731012474594
26.417 0 0.731012474594
26.427 0 0.73343032737
26.442 0 0.734469864514
26.448 0 0.734469864514
26.46 0 0.73608683366
26.47 0 0.736822405627
26.486 0 0.739307547922
26.496 0 0.741496976319
26.507 0 0.741927751653
26.516 0 0.741791996019
26.522 0 0.741624279443
26.536 0 0.741025406002
26.543 0 0.741135047365
26.543 0 0.740558705643
26.557 0 0.74375904461
26.571 0 0.746460034167
26.586 0 0.747819099504
26.593 0 0.753518772383
26.6 0 0.753590834254
26.615 0 0.753602941944
26.624 0 0.753878776179
26.629 0 0.753724732005
26.636 0 0.756269287365
26.647 0 0.753995233319
26.661 0 0.752964392621
26.672 0 0.753830528408
26.682 0 0.751259907222
26.695 0 0.755516382196
26.709 0 0.757782528644
26.718 0 0.764826480742
26.725 0 0.760263632071
26.729 0 0.762980777197
26.737 0 0.763778898107
26.756 0 0.760792808618
26.767 0 0.760792808618
26.772 0 0.760792808618
26.778 0 0.767652507767
26.787 0 0.771399130895
26.802 0 0.772337702371
26.814 0 0.772092841538
26.822 0 0.772228953953
26.834 0 0.774904383195
26.845 0 0.774387798131
26.854 0 0.773994581953
26.854 0 0.773454512103
26.868 0 0.772238596813
26.877 0 0.771567218511
26.89 0 0.769302112124
26.896 0 0.768687508173
26.908 0 0.769300961251
26.917 0 0.769060237504
26.929 0 0.768690709727
26.94 0 0.768928973526
26.951 0 0.768550351588
26.956 0 0.767941676784
26.968 0 0.767819962411
26.978 0 0.766627142884
26.988 0 0.766298601219
27.001 0 0.767454099615
27.007 0 0.766890064419
27.016 0 0.766372905008
27.027 0 0.766003107344
27.036 0 0.764691168388
27.048 0 0.763185951984
27.058 0 0.762063924025
27.066 0 0.761148233903
27.08 0 0.758621956118
27.087 0 0.758360099284
27.097 0 0.757895872526
27.107 0 0.757636112097
27.124 0 0.755005917668
27.138 0 0.753340819217
27.148 0 0.751842517059
27.162 0 0.752237884325
27.182 0 0.753244439305
27.194 0 0.753733441815
27.205 0 0.753737765326
27.216 0 0.753325251794
27.232 0 0.753330386357
27.244 0 0.753837881986
27.255 0 0.754745556313
27.265 0 0.75584512706
27.283 0 0.756387979275
27.288 0 0.756387979275
27.301 0 0.758775161992
27.315 0 0.758243937987
27.327 0 0.758243937987
27.334 0 0.758243937987
27.347 0 0.762336400729
27.358 0 0.761506197171
27.366 0 0.764227799023
27.384 0 0.766940519248
27.394 0 0.769137186851
27.409 0 0.768827899333
27.421 0 0.769075012159
27.431 0 0.76578157334
27.438 0 0.764618294763
27.445 0 0.765834216995
27.456 0 0.767527494966
27.473 0 0.769776554703
27.483 0 0.7715900089
27.494 0 0.768105610504
27.508 0 0.772332664093
27.516 0 0.771956226519
27.525 0 0.768945915555
27.531 0 0.76985459435
27.538 0 0.766640611454
27.546 0 0.769175051075
27.559 0 0.773681349087
27.572 0 0.775109086307
27.58 0 0.778659056375
27.589 0 0.780883191452
27.596 0 0.782507623623
27.609 0 0.785270245356
27.619 0 0.787322161491
27.627 0 0.787266877248
27.633 0 0.786854346177
27.649 0 0.786139151278
27.66 0 0.785437559584
27.67 0 0.783749163536
27.684 0 0.784427870034
27.696 0 0.784427870034
27.701 0 0.784427870034
27.709 0 0.782901064665
27.719 0 0.782092588863
27.732 0 0.782092588863
27.739 0 0.782092588863
27.746 0 0.782092588863
27.754 0 0.785365719388
27.762 0 0.784106949093
27.778 0 0.783796186627
27.785 0 0.783796186627
27.79 0 0.782439806856
27.799 0 0.782994590189
27.809 0 0.783401594768
27.82 0 0.783995112551
27.832 0 0.782912740623
27.839 0 0.780356367825
27.849 0 0.778937868528
27.858 0 0.778937868528
27.863 0 0.778937868528
27.875 0 0.773319062549
27.887 0 0.772647278399
27.901 0 0.771851239404
27.916 0 0.770915164231
27.924 0 0.770185069587
27.933 0 0.770164478583
27.948 0 0.77128375449
27.957 0 0.77128375449
27.964 0 0.772764739582
27.974 0 0.77287070625
27.984 0 0.773721508803
27.997 0 0.774128627418
28.013 0 0.77418407657
28.017 0 0.77418407657
28.028 0 0.775563760788
28.05 0 0.77689813608
28.065 0 0.778495197249
28.076 0 0.779818430137
28.091 0 0.779818430137
28.101 0 0.778751895108
28.111 0 0.780197820687
28.131 0 0.783506096568
28.15 0 0.786110013243
28.159 0 0.788528954087
28.168 0 0.790514012761
28.184 0 0.794566474565
28.194 0 0.79464330614
28.206 0 0.792503220958
28.206 0 0.792503220958
28.22 0 0.788691445902
28.233 0 0.787828425237
28.238 0 0.787828425237
28.247 0 0.782534213777
28.261 0 0.782897914455
28.28 0 0.785704491823
28.291 0 0.792397961541
28.298 0 0.79550862586
28.312 0 0.795744649066
28.323 0 0.793101322752
28.329 0 0.79746774635
28.336 0 0.800533311171
28.352 0 0.803263999918
28.367 0 0.803247656087
28.371 0 0.803247656087
28.38 0 0.805427861122
28.387 0 0.805887815374
28.394 0 0.806131378083
28.404 0 0.807183217414
28.42 0 0.807183217414
28.426 0 0.807183217414
28.433 0 0.806933033016
28.439 0 0.805630158066
28.446 0 0.80521250536
28.462 0 0.805215784204
28.472 0 0.804495405456
28.478 0 0.804495405456
28.485 0 0.805897589228
28.502 0 0.808374835048
28.516 0 0.808649251884
28.527 0 0.808649251884
28.532 0 0.808649251884
28.54 0 0.806409048959
28.551 0 0.805981179859
28.56 0 0.805456962032
28.575 0 0.80451980737
28.585 0 0.802562319628
28.593 0 0.800288356461
28.603 0 0.79892010698
28.613 0 0.79892010698
28.621 0 0.79892010698
28.631 0 0.793442497
28.641 0 0.79020746869
28.656 0 0.788598074251
28.667 0 0.786994022601
28.675 0 0.784856082532
28.683 0 0.78227842112
28.702 0 0.775400896032
28.711 0 0.774005658738
28.721 0 0.771164441645
28.731 0 0.772269190701
28.74 0 0.773577588619
28.751 0 0.773895887071
28.764 0 0.774128874686
28.777 0 0.774327255868
28.785 0 0.773430728132
28.799 0 0.771300046324
28.812 0 0.772568619687
28.821 0 0.774264550446
28.83 0 0.775046402914
28.841 0 0.777592905072
28.854 0 0.778245669855
28.861 0 0.778245669855
28.87 0 0.777616746542
28.884 0 0.776374574104
28.895 0 0.774696109712
28.911 0 0.776748301961
28.922 0 0.780525929801
28.926 0 0.781796955015
28.935 0 0.785936002185
28.954 0 0.788525616512
28.964 0 0.792474815419
28.971 0 0.792670566047
28.979 0 0.792525417194
28.995 0 0.791243058279
29.004 0 0.787086094597
29.016 0 0.789209289016
29.027 0 0.790087860518
29.037 0 0.790087860518
29.044 0 0.790087860518
29.05 0 0.789491111992
29.05 0 0.788391715633
29.064 0 0.788025107135
29.076 0 0.790618739266
29.088 0 0.785567579616
29.098 0 0.78493764113
29.105 0 0.788204667615
29.114 0 0.788204667615
29.128 0 0.789638580821
29.138 0 0.793522150558
29.145 0 0.796164045252
29.154 0 0.798264129619
29.162 0 0.800099591363
29.177 0 0.800864506727
29.181 0 0.800864506727
29.192 0 0.805372381387
29.202 0 0.805259610994
29.216 0 0.80446660656
29.226 0 0.803690448072
29.236 0 0.802147112931
29.244 0 0.801954880615
29.259 0 0.802686927155
29.263 0 0.802686927155
29.271 0 0.802686927155
29.281 0 0.80100125566
29.291 0 0.800339541058
29.304 0 0.798404822166
29.318 0 0.797601376199
29.324 0 0.798317501861
29.333 0 0.798726296964
29.349 0 0.79676301957
29.363 0 0.79676301957
29.373 0 0.795648178627
29.382 0 0.795576961556
29.391 0 0.795289221364
29.401 0 0.794044684446
29.421 0 0.793984180865
29.432 0 0.793764960707
29.439 0 0.79299469975
29.455 0 0.792363790183
29.464 0 0.792363790183
29.471 0 0.788878598069
29.483 0 0.783485328731
29.507 0 0.781167156173
29.515 0 0.78017617251
29.525 0 0.780410633468
29.534 0 0.781113547109
29.542 0 0.78185650794
29.56 0 0.782158947611
29.569 0 0.782236526018
29.575 0 0.782233135748
29.577 0 0.782464685708
29.586 0 0.783228861205
29.599 0 0.78356755551
29.604 0 0.784538284692
29.614 0 0.785945321279
29.626 0 0.787729439474
29.639 0 0.790253355542
29.649 0 0.791005110248
29.659 0 0.791050231403
29.666 0 0.790989557698
29.685 0 0.791524490259
29.701 0 0.791851234307
29.709 0 0.796082918326
29.716 0 0.794781242995
29.724 0 0.808141955887
29.737 0 0.80949789148
29.745 0 0.809651631071
29.755 0 0.809582874597
29.76 0 0.809582874597
29.76 0 0.809582874597
29.772 0 0.809582874597
29.784 0 0.80770688831
29.794 0 0.804503813881
29.805 0 0.80133702505
29.815 0 0.800228942302
29.832 0 0.80035420705
29.84 0 0.804681860263
29.853 0 0.804203683373
29.861 0 0.81372111271
29.882 0 0.812052159059
29.89 0 0.812052159059
29.897 0 0.812052159059
29.903 0 0.812052159059
29.907 0 0.811741389129
29.926 0 0.81705785576
29.936 0 0.818507857556
29.946 0 0.819622420567
29.958 0 0.82082335115
29.974 0 0.821248412217
29.979 0 0.821248412217
29.986 0 0.82176654008
29.997 0 0.821488068637
30.009 0 0.819278766115
30.024 0 0.818085394365
30.035 0 0.81674956206
30.046 0 0.816625077714
30.059 0 0.816964670042
30.062 0 0.81742713683
30.075 0 0.816961265826
30.084 0 0.816616698027
30.101 0 0.81596625418
30.113 0 0.814972953144
30.118 0 0.812356171541
30.13 0 0.810888212111
30.138 0 0.809693038561
30.152 0 0.808255418387
30.16 0 0.808255418387
30.166 0 0.808255418387
30.173 0 0.807567578556
30.185 0 0.806452847333
30.201 0 0.805352265624
30.207 0 0.803794481172
30.214 0 0.803113108861
30.229 0 0.798016735127
30.245 0 0.796495688011
30.255 0 0.794626839521
30.266 0 0.793728805542
30.272 0 0.793014114425
30.284 0 0.790665012827
30.294 0 0.791719983134
30.305 0 0.792545758557
30.311 0 0.794331067732
30.319 0 0.795013163412
30.335 0 0.796218960169
30.343 0 0.79587266038
30.349 0 0.795722521179
30.358 0 0.795603992266
30.368 0 0.795945883322
30.389 0 0.798459498027
30.403 0 0.800285938835
30.411 0 0.801611863925
30.416 0 0.801611863925
30.417 0 0.801611863925
30.424 0 0.801611863925
30.442 0 0.805916277567
30.444 0 0.806500542105
30.459 0 0.805991475588
30.471 0 0.804076377838
30.485 0 0.805995657497
30.494 0 0.805799765492
30.503 0 0.808481846084
30.513 0 0.810398262997
30.525 0 0.81476372023
30.534 0 0.816918821092
30.545 0 0.816452068793
30.562 0 0.81624164471
30.573 0 0.813938262986
30.579 0 0.813509302303
30.583 0 0.813509302303
30.591 0 0.820130046859
30.61 0 0.820248246816
30.619 0 0.819459373125
30.627 0 0.819459373125
30.64 0 0.824691097324
30.65 0 0.824997094412
30.652 0 0.824768657769
30.661 0 0.832468540318
30.677 0 0.831009785128
30.689 0 0.831009785128
30.694 0 0.829997010918
30.705 0 0.831386564286
30.716 0 0.831519729322
30.734 0 0.831758851579
30.737 0 0.833387080781
30.751 0 0.836152739705
30.778 0 0.837522188246
30.788 0 0.837028972091
30.797 0 0.836439657961
30.806 0 0.835440262209
30.825 0 0.833685594959
30.825 0 0.833685594959
30.84 0 0.833685594959
30.844 0 0.833656093454
30.856 0 0.834557316144
30.876 0 0.834950136889
30.887 0 0.834577948989
30.896 0 0.83280269232
30.907 0 0.833787336471
30.918 0 0.833765301408
30.927 0 0.832798443541
30.934 0 0.829730091406
30.953 0 0.828116708731
30.964 0 0.827388645207
30.976 0 0.827238438533
30.986 0 0.824344896927
30.996 0 0.823435746125
31.008 0 0.820829376797
31.02 0 0.818701679557
31.029 0 0.814729635663
31.048 0 0.812193240758
31.054 0 0.810386182371
31.068 0 0.809771969665
31.073 0 0.809771969665
31.079 0 0.809771969665
31.092 0 0.80311103647
31.101 0 0.80299572394
31.116 0 0.802599006347
31.123 0 0.802057796211
31.13 0 0.801499048598
31.141 0 0.797381626355
31.15 0 0.794196421892
31.161 0 0.79282281455
31.171 0 0.790585593754
31.178 0 0.78816587674
31.191 0 0.788413021465
31.201 0 0.788646279183
31.216 0 0.788018754497
31.227 0 0.78966254736
31.236 0 0.791541314712
31.244 0 0.790724252831
31.259 0 0.78957278746
31.269 0 0.790314984493
31.278 0 0.792150603709
31.294 0 0.797062271519
31.318 0 0.798179558378
31.329 0 0.798179558378
31.33 0 0.798179558378
31.342 0 0.798179558378
31.356 0 0.799564371311
31.376 0 0.794747660893
31.383 0 0.798145364801
31.392 0 0.798145364801
31.4 0 0.804324731498
31.42 0 0.806467740096
31.428 0 0.806059540649
31.44 0 0.813279646281
31.448 0 0.816017676293
31.463 0 0.816581168883
31.478 0 0.816642355239
31.489 0 0.816428992522
31.505 0 0.816552258893
31.516 0 0.816064133151
31.527 0 0.816107324976
31.535 0 0.816827666333
31.552 0 0.819180934393
31.557 0 0.819180934393
31.564 0 0.819180934393
31.569 0 0.820079731911
31.579 0 0.817760857529
31.596 0 0.818401234624
31.602 0 0.818367581105
31.61 0 0.817314324183
31.621 0 0.816558386253
31.635 0 0.81660308488
31.645 0 0.816255160476
31.656 0 0.816753493265
31.667 0 0.815538314297
31.682 0 0.814772363047
31.694 0 0.815300539239
31.706 0 0.815057880438
31.714 0 0.815057880438
31.723 0 0.812847466966
31.742 0 0.812437425095
31.75 0 0.811771557783
31.76 0 0.810238446062
31.771 0 0.80748110995
31.787 0 0.804295658967
31.794 0 0.804295658967
31.803 0 0.804295658967
31.815 0 0.795706209424
31.828 0 0.79411003203
31.84 0 0.79411003203
31.847 0 0.79411003203
31.858 0 0.789109319143
31.879 0 0.789325141054
31.891 0 0.790737688394
31.903 0 0.791702113284
31.911 0 0.794292958746
31.926 0 0.796269797354
31.935 0 0.797363756652
31.941 0 0.797723135195
31.954 0 0.799466683011
31.971 0 0.800292848836
31.981 0 0.801622468575
31.989 0 0.802732843298
32.001 0 0.801838603892
32.012 0 0.801033438066
32.023 0 0.801047964521
32.03 0 0.801075411974
32.041 0 0.801991207828
32.05 0 0.80516482115
32.063 0 0.806175288024
32.073 0 0.808302671302
32.077 0 0.808302671302
32.086 0 0.808302671302
32.091 0 0.808002458859
32.11 0 0.815675536822
32.122 0 0.814917410464
32.131 0 0.814278204153
32.153 0 0.811294959293
32.167 0 0.810116852799
32.175 0 0.811549290415
32.183 0 0.809691721289
32.2 0 0.823974915462
32.213 0 0.822829535855
32.223 0 0.82290146661
32.231 0 0.821954411269
32.248 0 0.82218768204
32.254 0 0.821982802802
32.272 0 0.819827922218
32.291 0 0.828636528414
32.309 0 0.829463137361
32.323 0 0.829894524473
32.33 0 0.832494452368
32.347 0 0.833999999601
32.358 0 0.834078897331
32.369 0 0.832592252287
32.375 0 0.832475862947
32.387 0 0.832449371081
32.399 0 0.832449371081
32.409 0 0.833639824511
32.417 0 0.834122423039
32.426 0 0.834622976569
32.446 0 0.832471860128
32.457 0 0.829538827004
32.464 0 0.827968120087
32.472 0 0.827635237433
32.495 0 0.826338137957
32.501 0 0.826338137957
32.508 0 0.826338137957
32.52 0 0.824233396579
32.536 0 0.823154092979
32.549 0 0.821323322659
32.549 0 0.820750973686
32.566 0 0.816271879159
32.582 0 0.811910748468
32.595 0 0.81138438551
32.602 0 0.810586141682
32.612 0 0.809285634205
32.629 0 0.807998502108
32.643 0 0.805694395663
32.656 0 0.807265659465
32.678 0 0.810166568156
32.689 0 0.811788281195
32.703 0 0.812113730452
32.715 0 0.811267164124
32.735 0 0.81002164596
32.744 0 0.810931573644
32.76 0 0.8143059208
32.776 0 0.815398264394
32.788 0 0.816646765509
32.794 0 0.816937262439
32.803 0 0.816981599903
32.815 0 0.815625430119
32.825 0 0.81477435403
32.835 0 0.813310386608
32.849 0 0.816930383165
32.86 0 0.819925298274
32.867 0 0.820536103031
32.88 0 0.822099083163
32.896 0 0.825121155436
32.904 0 0.825121155436
32.913 0 0.824092190776
32.922 0 0.825903367434
32.942 0 0.824000497586
32.947 0 0.826056887708
32.958 0 0.827469494667
32.977 0 0.828806120281
32.992 0 0.832313344421
33.0 0 0.833214906094
33.01 0 0.831447153986
33.03 0 0.831920660142
33.04 0 0.830066901269
33.049 0 0.833786862046
33.057 0 0.83804672544
33.062 0 0.836898155872
33.072 0 0.839986585878
33.085 0 0.841737836809
33.091 0 0.842954963223
33.104 0 0.844927719782
33.125 0 0.849125753214
33.135 0 0.849195538534
33.143 0 0.848497955971
33.153 0 0.847752028
33.165 0 0.847752028
33.174 0 0.847752028
33.182 0 0.845757626413
33.193 0 0.845179017938
33.204 0 0.844552719255
33.22 0 0.844552719255
33.235 0 0.846902509456
33.247 0 0.846613999258
33.257 0 0.844262897907
33.27 0 0.843111111035
33.278 0 0.842602976768
33.291 0 0.841693982101
33.291 0 0.841267940584
33.306 0 0.840753391214
33.315 0 0.840408602514
33.318 0 0.840113772245
33.333 0 0.839341315608
33.346 0 0.836442199557
33.355 0 0.834288032125
33.368 0 0.832237677304
33.376 0 0.831617292652
33.39 0 0.83127342
33.397 0 0.831190073598
33.398 0 0.830985685487
33.412 0 0.830718658204
33.422 0 0.829027449992
33.447 0 0.828850930038
33.457 0 0.828809500378
33.467 0 0.830053769816
33.482 0 0.829902475096
33.493 0 0.829181478926
33.503 0 0.828240774895
33.512 0 0.826925061802
33.525 0 0.827148494333
33.539 0 0.827302339316
33.547 0 0.827670486978
33.555 0 0.82745950023
33.568 0 0.82745950023
33.576 0 0.829144676894
33.585 0 0.829912878317
33.595 0 0.829697712507
33.605 0 0.82819149717
33.627 0 0.829320406371
33.635 0 0.830662081822
33.643 0 0.834295398625
33.659 0 0.840196235086
33.666 0 0.840196235086
33.675 0 0.843140935578
33.684 0 0.843851300467
33.7 0 0.84364953289
33.709 0 0.84364953289
33.72 0 0.837109048252
33.73 0 0.832483457921
33.746 0 0.834866001046
33.76 0 0.833321172199
33.771 0 0.833391053847
33.779 0 0.837334161431
33.803 0 0.8356190728
33.81 0 0.832056498838
33.82 0 0.836747161705
33.829 0 0.834229082743
33.84 0 0.83920374608
33.853 0 0.842844786138
33.86 0 0.844091030529
33.872 0 0.843699009765
33.883 0 0.843189580962
33.892 0 0.84448981738
33.901 0 0.846530812752
33.912 0 0.844220800983
33.921 0 0.846577845524
33.932 0 0.84642941288
33.938 0 0.846524577497
33.955 0 0.84598096023
33.965 0 0.843707810156
33.974 0 0.844982873506
33.985 0 0.842718027561
33.999 0 0.837473786888
34.011 0 0.83348337605
34.025 0 0.830626179372
34.049 0 0.828800553864
34.055 0 0.82887140551
34.069 0 0.829348515725
34.079 0 0.829816022604
34.086 0 0.829890193485
34.093 0 0.829890193485
34.1 0 0.829890193485
34.109 0 0.830902357112
34.123 0 0.830809827994
34.128 0 0.830809827994
34.137 0 0.830809827994
34.155 0 0.824668728593
34.173 0 0.824016617643
34.185 0 0.823519084494
34.199 0 0.822779199612
34.207 0 0.822779199612
34.225 0 0.821054395672
34.236 0 0.821603164472
34.245 0 0.82179339294
34.254 0 0.821133305
34.263 0 0.822177873915
34.273 0 0.822110814485
34.283 0 0.822112865231
34.301 0 0.824037369699
34.318 0 0.824563762169
34.324 0 0.824563762169
34.332 0 0.827462488938
34.347 0 0.828355024505
34.364 0 0.829053681006
34.374 0 0.829586863284
34.384 0 0.829498522243
34.396 0 0.82864180216
34.404 0 0.830420991702
34.416 0 0.829483075517
34.426 0 0.83340482305
34.441 0 0.83455547268
34.452 0 0.838170088214
34.464 0 0.83966574559
34.486 0 0.837021020099
34.49 0 0.837021020099
34.501 0 0.835827996891
34.515 0 0.837981886344
34.527 0 0.839162226396
34.537 0 0.838751441095
34.548 0 0.839469038
34.568 0 0.84971373098
34.582 0 0.848967646139
34.592 0 0.849402498832
34.603 0 0.851083945958
34.621 0 0.853397147791
34.632 0 0.856755948037
34.643 0 0.857053075119
34.654 0 0.858207150712
34.668 0 0.859294572665
34.682 0 0.863320705174
34.69 0 0.864704103142
34.7 0 0.868116684309
34.714 0 0.867875984855
34.722 0 0.86797073986
34.733 0 0.867503892593
34.751 0 0.865076900669
34.762 0 0.864394548215
34.769 0 0.864411757077
34.786 0 0.863017164339
34.804 0 0.86035760317
34.814 0 0.859233917241
34.822 0 0.858141972872
34.831 0 0.856638221713
34.849 0 0.855012828823
34.86 0 0.854432414282
34.868 0 0.854888813423
34.878 0 0.85486963394
34.895 0 0.853386525107
34.902 0 0.851766498441
34.911 0 0.849867543703
34.919 0 0.847384071307
34.938 0 0.844041270243
34.945 0 0.84221965391
34.956 0 0.841364252604
34.966 0 0.839431848438
34.984 0 0.836913513353
35.006 0 0.837727567916
35.016 0 0.838857361121
35.026 0 0.840365703093
35.041 0 0.84167936312
35.051 0 0.842246837885
35.061 0 0.842781514579
35.081 0 0.843360350235
35.087 0 0.844232082688
35.101 0 0.845875116483
35.116 0 0.847435006343
35.13 0 0.849637381417
35.144 0 0.850220859717
35.155 0 0.850694080709
35.168 0 0.851409988995
35.18 0 0.851409988995
35.185 0 0.851409988995
35.197 0 0.853100979469
35.212 0 0.853100979469
35.224 0 0.853100979469
35.235 0 0.860529768127
35.244 0 0.864733054135
35.255 0 0.866210314407
35.27 0 0.867344832023
35.277 0 0.870151728545
35.282 0 0.872001422026
35.289 0 0.866183528676
35.298 0 0.862782839517
35.311 0 0.865483280432
35.321 0 0.863020200181
35.332 0 0.862863755456
35.342 0 0.865415288019
35.356 0 0.872857628252
35.365 0 0.874885053922
35.374 0 0.872736473323
35.386 0 0.879794855146
35.401 0 0.879794855146
35.407 0 0.879794855146
35.418 0 0.883477183205
35.423 0 0.884825235225
35.439 0 0.885367890537
35.446 0 0.885367890537
35.452 0 0.885367890537
35.462 0 0.894513506762
35.472 0 0.8951762035
35.48 0 0.894854217812
35.491 0 0.893016303226
35.503 0 0.892303857537
35.511 0 0.891307799505
35.52 0 0.89044827089
35.527 0 0.889529379156
35.533 0 0.889529379156
35.542 0 0.889529379156
35.552 0 0.884170140901
35.562 0 0.884492706567
35.573 0 0.884060062225
35.588 0 0.883191610231
35.597 0 0.882190736764
35.606 0 0.880371078957
35.615 0 0.879385336099
35.626 0 0.876716317575
35.641 0 0.876716317575
35.647 0 0.876716317575
35.654 0 0.872901807723
35.672 0 0.871780930396
35.682 0 0.870512227422
35.693 0 0.868629696532
35.701 0 0.866060371976
35.71 0 0.862098204148
35.726 0 0.860486202584
35.739 0 0.859227382324
35.748 0 0.85719545426
35.757 0 0.854712885236
35.775 0 0.854712885236
35.785 0 0.851420555406
35.799 0 0.851398529832
35.82 0 0.853302973086
35.832 0 0.853965683238
35.844 0 0.853902059496
35.863 0 0.853196925917
35.873 0 0.854073162018
35.883 0 0.854751560905
35.892 0 0.856106763066
35.909 0 0.856106763066
35.919 0 0.855294989742
35.929 0 0.854847567154
35.94 0 0.854012517521
35.952 0 0.85338805919
35.961 0 0.85338805919
35.965 0 0.85338805919
35.976 0 0.85509777233
35.987 0 0.857880969853
36.002 0 0.859237843322
36.011 0 0.861930992005
36.021 0 0.867390133051
36.033 0 0.87048487411
36.046 0 0.875427905391
36.052 0 0.877960976029
36.064 0 0.878496526506
36.08 0 0.878969942582
36.092 0 0.879214957504
36.103 0 0.8785424936
36.111 0 0.877867256345
36.132 0 0.888630627652
36.141 0 0.89133050859
36.15 0 0.891534569113
36.162 0 0.893449588477
36.186 0 0.894146888851
36.192 0 0.894146888851
36.203 0 0.894185723075
36.215 0 0.893041538369
36.224 0 0.89210405746
36.234 0 0.891602471118
36.243 0 0.886276636235
36.253 0 0.88874081677
36.272 0 0.895175479792
36.279 0 0.894879260876
36.292 0 0.894199992108
36.307 0 0.893879877447
36.314 0 0.893879877447
36.322 0 0.892355454046
36.334 0 0.892235290712
36.345 0 0.892005035113
36.359 0 0.891459888261
36.369 0 0.891375611896
36.379 0 0.890352120854
36.393 0 0.888663029171
36.406 0 0.888310868229
36.418 0 0.885354619885
36.426 0 0.882320573426
36.446 0 0.881285595628
36.455 0 0.880665532363
36.463 0 0.879210072697
36.473 0 0.876915498589
36.482 0 0.875596107339
36.493 0 0.873989111945
36.502 0 0.873989111945
36.507 0 0.873989111945
36.516 0 0.871461615645
36.529 0 0.867756532306
36.539 0 0.86618385266
36.547 0 0.863972876181
36.559 0 0.86277556189
36.563 0 0.861822587667
36.577 0 0.860053752866
36.591 0 0.861161974112
36.593 0 0.860310351511
36.603 0 0.861771377364
36.626 0 0.862811272211
36.631 0 0.862687642057
36.647 0 0.863593340586
36.657 0 0.864577167096
36.671 0 0.864577167096
36.678 0 0.867859516041
36.691 0 0.868067725947
36.7 0 0.868159669631
36.716 0 0.868159669631
36.729 0 0.868249648039
36.737 0 0.868297205603
36.748 0 0.868464427884
36.762 0 0.870468090653
36.776 0 0.870589557302
36.785 0 0.872841038694
36.793 0 0.873925907456
36.804 0 0.876380232986
36.819 0 0.878243248301
36.828 0 0.880714076687
36.84 0 0.88471249464
36.855 0 0.885733529453
36.856 0 0.890456716164
36.872 0 0.891304243317
36.881 0 0.89184733739
36.889 0 0.895121451676
36.913 0 0.902589796505
36.919 0 0.903879381936
36.933 0 0.903647472964
36.94 0 0.902462273086
36.955 0 0.902451611392
36.964 0 0.902451611392
36.973 0 0.904513760072
36.984 0 0.909193080591
36.995 0 0.903844596028
37.011 0 0.904118201613
37.021 0 0.908798457773
37.027 0 0.90727220119
37.046 0 0.908861997034
37.058 0 0.913957753684
37.07 0 0.913161311572
37.086 0 0.912974712241
37.099 0 0.912974712241
37.11 0 0.911892755001
37.121 0 0.911892755001
37.126 0 0.911892755001
37.137 0 0.911790503542
37.15 0 0.911156189442
37.161 0 0.910783509198
37.17 0 0.90945867836
37.186 0 0.906153900601
37.194 0 0.9041265028
37.204 0 0.901933355244
37.214 0 0.899867751222
37.225 0 0.897512640126
37.237 0 0.897512640126
37.239 0 0.897512640126
37.25 0 0.893116774372
37.259 0 0.891348212645
37.275 0 0.89031358825
37.282 0 0.89031358825
37.288 0 0.886908964491
37.296 0 0.88492280528
37.307 0 0.884286623884
37.318 0 0.883007390108
37.328 0 0.882185406803
37.338 0 0.881649303824
37.356 0 0.88065259428
37.361 0 0.88065259428
37.368 0 0.88065259428
37.378 0 0.881853383088
37.397 0 0.882583510626
37.407 0 0.882583510626
37.416 0 0.884149379804
37.423 0 0.883797277778
37.432 0 0.883658856484
37.441 0 0.884283673985
37.46 0 0.885809646673
37.469 0 0.887102726267
37.479 0 0.888219727841
37.496 0 0.890791549947
37.51 0 0.890704308097
37.52 0 0.891326378189
37.535 0 0.892646719869
37.554 0 0.893835649146
37.562 0 0.894694513857
37.569 0 0.897576675846
37.577 0 0.899674289057
37.584 0 0.900779714151
37.596 0 0.900199555904
37.603 0 0.900199555904
37.612 0 0.908117850407
37.619 0 0.908208181453
37.628 0 0.90728671837
37.643 0 0.911133508795
37.65 0 0.911133508795
37.654 0 0.914345889168
37.667 0 0.913980033344
37.682 0 0.921806290967
37.699 0 0.925404293219
37.71 0 0.924676093209
37.719 0 0.929411219728
37.731 0 0.928232195208
37.745 0 0.925296607063
37.756 0 0.926881164345
37.764 0 0.92498511399
37.773 0 0.927191061173
37.787 0 0.928464016086
37.803 0 0.928330332693
37.806 0 0.928330332693
37.816 0 0.934833087394
37.825 0 0.937784120817
37.84 0 0.938660157904
37.852 0 0.941337450439
37.864 0 0.94108445209
37.869 0 0.939977785173
37.892 0 0.938029171609
37.901 0 0.937650239686
37.911 0 0.93680682311
37.93 0 0.93680682311
37.943 0 0.933659100083
37.954 0 0.932172355504
37.964 0 0.930416445035
37.975 0 0.927108272737
37.991 0 0.926451405475
38.001 0 0.928165001514
38.01 0 0.928253154495
38.021 0 0.92683028582
38.034 0 0.925413482596
38.042 0 0.925413482596
38.046 0 0.925413482596
38.059 0 0.91840026875
38.071 0 0.91840026875
38.078 0 0.914670013986
38.091 0 0.911857464174
38.108 0 0.910179505531
38.123 0 0.90956276441
38.132 0 0.909350012031
38.14 0 0.907647051865
38.15 0 0.9080134879
38.163 0 0.909189269388
38.172 0 0.910509495135
38.179 0 0.910034016665
38.189 0 0.911320421318
38.2 0 0.910462381618
38.21 0 0.910462381618
38.215 0 0.910462381618
38.225 0 0.906829176418
38.233 0 0.907175698633
38.249 0 0.907904199716
38.258 0 0.910096561394
38.264 0 0.912412688911
38.276 0 0.911534567345
38.284 0 0.910455751801
38.3 0 0.911577731951
38.31 0 0.91257507544
38.319 0 0.912766068341
38.332 0 0.913129459178
38.348 0 0.913830592614
38.36 0 0.916295815014
38.372 0 0.916901946577
38.382 0 0.921540392374
38.4 0 0.921234100707
38.409 0 0.926011500114
38.421 0 0.92872067263
38.427 0 0.925807127322
38.444 0 0.926651145739
38.453 0 0.927681381455
38.465 0 0.926365382619
38.482 0 0.932511039974
38.495 0 0.931465063907
38.503 0 0.934132996168
38.513 0 0.934906244931
38.53 0 0.938204452642
38.539 0 0.940143130117
38.552 0 0.94253234746
38.563 0 0.945004253084
38.57 0 0.945105801382
38.58 0 0.947615567424
38.589 0 0.95047207995
38.611 0 0.952657236928
38.619 0 0.954692245412
38.632 0 0.95418281991
38.647 0 0.953215723387
38.653 0 0.951910211035
38.669 0 0.949669139889
38.678 0 0.947699093052
38.699 0 0.947592428999
38.705 0 0.947592428999
38.712 0 0.947592428999
38.721 0 0.946139834376
38.731 0 0.944397899661
38.754 0 0.942728115305
38.761 0 0.942728115305
38.773 0 0.939251113305
38.785 0 0.93738290501
38.799 0 0.933150031892
38.811 0 0.933150031892
38.824 0 0.930789056885
38.834 0 0.928785886325
38.858 0 0.926199428312
38.866 0 0.925952096194
38.872 0 0.924672576756
38.888 0 0.924655114056
38.904 0 0.924549607773
38.912 0 0.924549607773
38.926 0 0.919439160081
38.933 0 0.918484493762
38.951 0 0.918508110583
38.959 0 0.919405589962
38.967 0 0.920713588384
38.976 0 0.921304121014
38.985 0 0.921772250345
39.008 0 0.922938989069
