time index height
0.0 0 0.0
0.029 0 0.0270208176843
0.038 0 0.0280939675392
0.047 0 0.0317910214058
0.057 0 0.0368746549854
0.069 0 0.0437127978592
0.079 0 0.0479655919797
0.089 0 0.053810915677
0.097 0 0.0570635040697
0.11 0 0.0642492836039
0.121 0 0.0694623524782
0.131 0 0.0754299307191
0.147 0 0.0802313260395
0.157 0 0.0825641562892
0.165 0 0.0850976716259
0.179 0 0.0872995226661
0.187 0 0.0884540794822
0.195 0 0.0894396889568
0.206 0 0.0900818568699
0.221 0 0.0902574470644
0.232 0 0.0899444732239
0.242 0 0.0894959325362
0.249 0 0.0887814880658
0.259 0 0.0857048017178
0.275 0 0.0837666595226
0.284 0 0.0816379931486
0.29 0 0.0797074116613
0.303 0 0.0774065247607
0.312 0 0.0756091051008
0.317 0 0.0740999495326
0.327 0 0.0727978397003
0.337 0 0.0710451416758
0.346 0 0.0700753099862
0.363 0 0.0678017321748
0.375 0 0.0658212689161
0.383 0 0.0635799714432
0.391 0 0.0587385719744
0.413 0 0.0490181308205
0.426 0 0.0430324807479
0.431 0 0.0379016421856
0.443 0 0.0331811523091
0.452 0 0.0295723719499
0.47 0 0.0289403337321
0.48 0 0.0294314012209
0.489 0 0.0307320341116
0.502 0 0.0340698533011
0.517 0 0.0351622066623
0.526 0 0.0358358233568
0.534 0 0.0367727883245
0.551 0 0.0367898644136
0.56 0 0.0368321348294
0.57 0 0.0375131489824
0.583 0 0.0391651152992
0.6 0 0.0395582368798
0.613 0 0.0398117276007
0.621 0 0.0402973669189
0.63 0 0.0405915977134
0.65 0 0.0409718246924
0.661 0 0.0411095289076
0.669 0 0.04121123425
0.679 0 0.0416090669015
0.693 0 0.0418384251384
0.706 0 0.0419083337194
0.713 0 0.0420977050213
0.726 0 0.0419827309513
0.743 0 0.0415228211804
0.753 0 0.0413851808856
0.76 0 0.0414126829162
0.773 0 0.0409291728859
0.793 0 0.0403400491862
0.804 0 0.0402700333481
0.818 0 0.0402078247809
0.834 0 0.0395805097297
0.85 0 0.0394947856273
0.862 0 0.0391529791944
0.876 0 0.0385119249258
0.892 0 0.03846129362
0.903 0 0.0384667077004
0.921 0 0.0403922545735
0.936 0 0.0420784543508
0.949 0 0.0455323900536
0.96 0 0.0475838641159
0.972 0 0.0478057925166
0.986 0 0.0492324398319
0.994 0 0.0492324398319
1.007 0 0.0534510418165
1.024 0 0.0538046343532
1.038 0 0.0544788198805
1.047 0 0.0548633797845
1.061 0 0.0550008318428
1.07 0 0.0552866099737
1.084 0 0.055374822931
1.095 0 0.0556648762161
1.109 0 0.0558471171726
1.122 0 0.0561716174956
1.13 0 0.0562767600116
1.148 0 0.056389382339
1.163 0 0.0563968620364
1.171 0 0.0563968620364
1.178 0 0.0563968620364
1.19 0 0.0548351315041
1.211 0 0.0546142637246
1.218 0 0.0546142637246
1.225 0 0.0546142637246
1.232 0 0.0537076388737
1.244 0 0.0514960398791
1.263 0 0.0511867369462
1.272 0 0.0511867369462
1.28 0 0.0496899223529
1.296 0 0.0491638320753
1.307 0 0.0477213499357
1.319 0 0.0461501067055
1.332 0 0.0456147649315
1.344 0 0.0454383724197
1.354 0 0.0450480543623
1.373 0 0.0442668084284
1.393 0 0.0440914624388
1.403 0 0.0440914624388
1.417 0 0.0440914624388
1.43 0 0.0469857634805
1.441 0 0.0478576194723
1.454 0 0.0485029432463
1.467 0 0.0490964066944
1.48 0 0.0494574017501
1.491 0 0.0496513610104
1.506 0 0.0498315166275
1.524 0 0.0501283794413
1.532 0 0.0509027931227
1.546 0 0.0518404726013
1.561 0 0.051972600754
1.571 0 0.0524426071217
1.578 0 0.0526137415927
1.589 0 0.0528935447617
1.605 0 0.0535372248179
1.616 0 0.0534094458317
1.626 0 0.0534094458317
1.633 0 0.0534094458317
1.642 0 0.0536304416322
1.664 0 0.0520374761472
1.674 0 0.0513155616043
1.684 0 0.051341771656
1.696 0 0.0507181661282
1.711 0 0.050622516354
1.72 0 0.0499351260065
1.729 0 0.0498716721837
1.736 0 0.0504873295203
1.748 0 0.0509990086318
1.759 0 0.0515973930785
1.768 0 0.0529793477699
1.778 0 0.0542222771494
1.795 0 0.0596657405394
1.808 0 0.0614291287606
1.818 0 0.0644399380572
1.828 0 0.0682705798826
1.846 0 0.0696434610388
1.859 0 0.0696434610388
1.866 0 0.0696434610388
1.877 0 0.0719904507605
1.893 0 0.0727217965093
1.91 0 0.0733187290972
1.919 0 0.0736425662774
1.928 0 0.0735793921623
1.938 0 0.07321623369
1.958 0 0.0725694294827
1.966 0 0.0726539225859
1.976 0 0.0731224381547
1.989 0 0.0732365001953
1.997 0 0.0728809386174
2.013 0 0.0721665471853
2.022 0 0.0718670133348
2.031 0 0.0712196138559
2.045 0 0.0700036579019
2.056 0 0.0689427543915
2.062 0 0.0675104413686
2.078 0 0.0662912339112
2.092 0 0.0660383054693
2.102 0 0.0657775548504
2.112 0 0.0654816178602
2.132 0 0.0652595370934
2.139 0 0.064932915275
2.153 0 0.0637535213707
2.167 0 0.0629558583301
2.184 0 0.0623132424304
2.192 0 0.0619109977223
2.2 0 0.0607075512247
2.219 0 0.0589251810884
2.241 0 0.0593888702058
2.249 0 0.0597559033205
2.258 0 0.060774234114
2.277 0 0.0622252250471
2.291 0 0.0628360963081
2.301 0 0.0633154010113
2.311 0 0.0633154010113
2.322 0 0.0648878302982
2.33 0 0.0653905313395
2.346 0 0.0670766031973
2.356 0 0.0675931070616
2.366 0 0.0689211963729
2.371 0 0.069642786543
2.383 0 0.0696042735484
2.394 0 0.0719910980199
2.409 0 0.0723568598485
2.421 0 0.0734277689102
2.429 0 0.0747617633682
2.445 0 0.0760155586606
2.458 0 0.0760155586606
2.467 0 0.0779425453846
2.476 0 0.0786789705957
2.494 0 0.081151738405
2.506 0 0.0819463107306
2.515 0 0.0829037471133
2.524 0 0.0832828704936
2.533 0 0.0838355053462
2.549 0 0.0844079612892
2.557 0 0.0843313176251
2.57 0 0.0836936050038
2.579 0 0.0840125123828
2.592 0 0.0837130644579
2.604 0 0.0840183572589
2.617 0 0.0846893510178
2.623 0 0.0848050229003
2.637 0 0.0858614574113
2.654 0 0.0862924830668
2.668 0 0.0888701066922
2.681 0 0.090805506366
2.69 0 0.0927252714268
2.705 0 0.093916172318
2.715 0 0.0942140234451
2.727 0 0.0945556275778
2.736 0 0.0945849658454
2.75 0 0.0937510471623
2.761 0 0.0931858433836
2.773 0 0.093615000628
2.783 0 0.0937721967235
2.793 0 0.0940357511263
2.812 0 0.0940160808195
2.818 0 0.0940160808195
2.832 0 0.0936727536029
2.841 0 0.0938028313037
2.858 0 0.0941165080496
2.869 0 0.0941445999717
2.877 0 0.0941541949375
2.888 0 0.0934485989891
2.912 0 0.0916589011903
2.921 0 0.089796716145
2.939 0 0.0883064227561
2.949 0 0.0875646075956
2.963 0 0.0863740098178
2.974 0 0.0857731104678
2.99 0 0.0854124120166
3.0 0 0.0848712980961
3.013 0 0.0846441969905
3.02 0 0.0846881703608
3.035 0 0.0849619746763
3.046 0 0.0850361938812
3.057 0 0.0849551429646
3.068 0 0.0859257488227
3.085 0 0.0863842012377
3.093 0 0.0863842012377
3.105 0 0.089363364932
3.11 0 0.0896761375736
3.127 0 0.0931596711339
3.141 0 0.094878277562
3.149 0 0.0961956529904
3.159 0 0.0977680435865
3.173 0 0.100763361983
3.193 0 0.103751707234
3.205 0 0.105436972353
3.214 0 0.108958579751
3.234 0 0.110375491667
3.248 0 0.110375491667
3.254 0 0.113156292415
3.281 0 0.113149336769
3.29 0 0.113149336769
3.296 0 0.111965771762
3.309 0 0.111201055211
3.318 0 0.110622692947
3.333 0 0.110033333924
3.342 0 0.110033333924
3.354 0 0.106310288148
3.37 0 0.103056903013
3.39 0 0.0998344399033
3.4 0 0.0980964684168
3.416 0 0.0971625722465
3.427 0 0.0959316469122
3.442 0 0.0962442140267
3.455 0 0.0967648651811
3.468 0 0.0975304012346
3.481 0 0.0975304012346
3.49 0 0.0990298112482
3.504 0 0.099427653786
3.512 0 0.099756324808
3.529 0 0.099756324808
3.537 0 0.100361942541
3.552 0 0.100260194067
3.569 0 0.100260194067
3.575 0 0.101958504363
3.584 0 0.102546453347
3.597 0 0.103381320086
3.619 0 0.103544518648
3.625 0 0.103544518648
3.633 0 0.103740126662
3.646 0 0.103794800862
3.656 0 0.103405231519
3.667 0 0.103528824951
3.676 0 0.103528824951
3.702 0 0.100884652588
3.712 0 0.100456555573
3.727 0 0.099411827312
3.739 0 0.0985791389964
3.752 0 0.0982692826171
3.759 0 0.0982692826171
3.771 0 0.0976172736745
3.788 0 0.097864911413
3.793 0 0.0988402465936
3.805 0 0.0995782766463
3.821 0 0.100321540618
3.835 0 0.100321540618
3.842 0 0.101782812637
3.859 0 0.105177324019
3.872 0 0.106716336359
3.881 0 0.107480093752
3.891 0 0.107480093752
3.903 0 0.114069229237
3.915 0 0.114069229237
3.919 0 0.12038741546
3.931 0 0.122062443523
3.941 0 0.126258306877
3.962 0 0.128934552684
3.982 0 0.134711930761
4.005 0 0.141415494918
4.016 0 0.143002371743
4.036 0 0.14446209755
4.052 0 0.14565377186
4.06 0 0.14565377186
4.065 0 0.14565377186
4.071 0 0.148222331861
4.088 0 0.149688350425
4.096 0 0.150022721731
4.11 0 0.150029685195
4.119 0 0.150355872576
4.129 0 0.150377458206
4.136 0 0.151096705106
4.152 0 0.151079245644
4.157 0 0.151079245644
4.172 0 0.149308806695
4.187 0 0.1486033088
4.201 0 0.147444859201
4.214 0 0.147306035364
4.227 0 0.146742181316
4.244 0 0.146582688193
4.254 0 0.146574547012
4.262 0 0.146574547012
4.268 0 0.146574547012
4.289 0 0.148227581103
4.298 0 0.148227581103
4.305 0 0.148227581103
4.315 0 0.149166145005
4.342 0 0.149374911852
4.353 0 0.149370175258
4.363 0 0.14995102275
4.369 0 0.150938476158
4.387 0 0.151778774583
4.399 0 0.152068282577
4.408 0 0.151931270412
4.427 0 0.152923261888
4.441 0 0.15422808969
4.45 0 0.155127107843
4.461 0 0.15623946064
4.479 0 0.156833009832
4.488 0 0.157094852002
4.501 0 0.157528342319
4.507 0 0.157730775165
4.521 0 0.158322425725
4.536 0 0.158417468118
4.543 0 0.158417468118
4.55 0 0.158417468118
4.564 0 0.159275027238
4.575 0 0.159360024561
4.584 0 0.159555469791
4.593 0 0.1601192566
4.606 0 0.159244589341
4.62 0 0.158611924079
4.629 0 0.159151105906
4.64 0 0.158421238464
4.654 0 0.157554035095
4.662 0 0.157350176211
4.673 0 0.157669326135
4.683 0 0.157614940136
4.694 0 0.158961784228
4.709 0 0.159362656331
4.719 0 0.158888388322
4.731 0 0.160473406353
4.743 0 0.161253637492
4.765 0 0.16187807076
4.777 0 0.163919979924
4.796 0 0.163462972459
4.81 0 0.165403244888
4.82 0 0.166447002928
4.829 0 0.166589243901
4.847 0 0.167401388978
4.861 0 0.168154583506
4.872 0 0.168241713246
4.886 0 0.168241713246
4.892 0 0.169316546087
4.907 0 0.17008643972
4.921 0 0.170009380451
4.94 0 0.170341157165
4.947 0 0.171024550161
4.955 0 0.171165722083
4.967 0 0.171165722083
4.976 0 0.172839785539
4.985 0 0.173481579211
4.999 0 0.173749059146
5.01 0 0.173409550629
5.028 0 0.173409550629
5.033 0 0.173409550629
5.042 0 0.172659763519
5.06 0 0.173259432316
5.075 0 0.173259432316
5.082 0 0.173259432316
5.095 0 0.176529673895
5.115 0 0.17828030415
5.128 0 0.179248444775
5.141 0 0.182366803365
5.157 0 0.18412353151
5.168 0 0.18590257525
5.179 0 0.18748253759
5.195 0 0.188948047183
5.21 0 0.190035913624
5.221 0 0.190241316532
5.233 0 0.190457720029
5.248 0 0.191091688714
5.258 0 0.191202025506
5.268 0 0.191202025506
5.273 0 0.191202025506
5.278 0 0.191202025506
5.289 0 0.1919817912
5.301 0 0.192108760454
5.32 0 0.191602054335
5.336 0 0.191574095666
5.347 0 0.192280860333
5.373 0 0.191676249003
5.383 0 0.191218864335
5.392 0 0.19190927347
5.398 0 0.190987112056
5.418 0 0.191405929074
5.427 0 0.192934786966
5.436 0 0.192525258552
5.449 0 0.193865433867
5.466 0 0.194085370639
5.475 0 0.195287565175
5.485 0 0.194930884945
5.505 0 0.19568836914
5.515 0 0.196083540412
5.527 0 0.19548513357
5.544 0 0.195783335168
5.561 0 0.194202372365
5.57 0 0.193808700203
5.581 0 0.192959122277
5.599 0 0.191260048414
5.613 0 0.191260048414
5.624 0 0.192306806314
5.631 0 0.19218449824
5.645 0 0.192387799987
5.653 0 0.192460008244
5.667 0 0.191635102267
5.679 0 0.19058125579
5.692 0 0.189567458008
5.702 0 0.188684049094
5.71 0 0.187767974867
5.72 0 0.18690244086
5.747 0 0.185806778528
5.753 0 0.185806778528
5.762 0 0.184335981395
5.779 0 0.183422708343
5.794 0 0.182811519306
5.803 0 0.182529336674
5.812 0 0.182468079909
5.827 0 0.182307967261
5.835 0 0.182307967261
5.84 0 0.181290577046
5.851 0 0.180720670439
5.86 0 0.179959213568
5.876 0 0.181099789388
5.896 0 0.181284574902
5.906 0 0.182350813366
5.924 0 0.184149899783
5.935 0 0.184149899783
5.942 0 0.184149899783
5.945 0 0.186627650027
5.966 0 0.187178259241
5.977 0 0.187152302237
5.984 0 0.186849805431
6.003 0 0.187018852
6.011 0 0.187018852
6.027 0 0.185728361625
6.035 0 0.185706940898
6.045 0 0.185532503592
6.055 0 0.184808012394
6.069 0 0.184640650037
6.074 0 0.184942541186
6.086 0 0.185714287455
6.107 0 0.185845463633
6.119 0 0.185815731695
6.14 0 0.186095238206
6.149 0 0.185898600326
6.156 0 0.185898600326
6.163 0 0.185898600326
6.18 0 0.18779197297
6.195 0 0.187895636666
6.203 0 0.187895636666
6.215 0 0.187054270091
6.232 0 0.187054270091
6.24 0 0.189347380355
6.25 0 0.189853596186
6.267 0 0.189939764342
6.278 0 0.189951645048
6.29 0 0.191797930421
6.293 0 0.191797930421
6.299 0 0.191797930421
6.307 0 0.190966765653
6.324 0 0.190186053132
6.34 0 0.191810518392
6.35 0 0.19180224289
6.36 0 0.190847903687
6.376 0 0.190800233665
6.386 0 0.188687154441
6.4 0 0.185815125231
6.418 0 0.185451374749
6.429 0 0.184168596673
6.433 0 0.184168596673
6.441 0 0.184168596673
6.454 0 0.182222463315
6.476 0 0.180498611532
6.493 0 0.178336395849
6.509 0 0.179215728505
6.524 0 0.170705471986
6.541 0 0.164736090248
6.563 0 0.160124958841
6.574 0 0.15952764424
6.582 0 0.15952764424
6.597 0 0.150844182851
6.616 0 0.145045711672
6.626 0 0.144083862729
6.649 0 0.141556676599
6.66 0 0.141418430931
6.672 0 0.142358913796
6.681 0 0.143681923986
6.69 0 0.144304140219
6.7 0 0.145127706528
6.709 0 0.143690575258
6.73 0 0.143195692096
6.742 0 0.143195692096
6.748 0 0.143195692096
6.757 0 0.145463385815
6.77 0 0.146990533094
6.787 0 0.14763949909
6.799 0 0.151026488713
6.822 0 0.153534605489
6.831 0 0.154924582678
6.836 0 0.156064471664
6.848 0 0.157520228194
6.869 0 0.160057432613
6.881 0 0.161212356261
6.891 0 0.161238417795
6.9 0 0.16230530354
6.909 0 0.164361338952
6.926 0 0.164502587252
6.934 0 0.166550180062
6.944 0 0.165980226923
6.959 0 0.165407160115
6.968 0 0.166064887546
6.981 0 0.165806102378
6.989 0 0.164700587869
7.004 0 0.164420567369
7.018 0 0.163738190052
7.023 0 0.16550750715
7.031 0 0.163678014961
7.048 0 0.164273550692
7.054 0 0.164284635221
7.062 0 0.163677433915
7.072 0 0.162038019381
7.085 0 0.161647106436
7.098 0 0.161389551964
7.106 0 0.16152458581
7.115 0 0.164324579889
7.14 0 0.165369548564
7.153 0 0.169043604885
7.162 0 0.171708350069
7.171 0 0.170363957229
7.182 0 0.173927154995
7.193 0 0.173155567468
7.202 0 0.174073210684
7.212 0 0.177699718096
7.223 0 0.178228067345
7.237 0 0.177168986164
7.245 0 0.178518747972
7.254 0 0.176155469992
7.269 0 0.174137871769
7.28 0 0.174303036669
7.286 0 0.173346259386
7.294 0 0.171388904995
7.303 0 0.166517179755
7.317 0 0.164421469245
7.324 0 0.162055416846
7.334 0 0.160611352886
7.347 0 0.160361636662
7.366 0 0.160428403343
7.367 0 0.161625012479
7.38 0 0.161642796234
7.392 0 0.162601893922
7.41 0 0.162790784288
7.428 0 0.163357999005
7.438 0 0.163907700209
7.448 0 0.164741184783
7.474 0 0.165109442828
7.486 0 0.165369190929
7.496 0 0.164859319373
7.512 0 0.163384672451
7.522 0 0.162560683231
7.533 0 0.160411274025
7.551 0 0.154335738365
7.573 0 0.150534965917
7.591 0 0.147775593321
7.598 0 0.14668925717
7.606 0 0.145043248541
7.614 0 0.143373439952
7.625 0 0.142032516436
7.633 0 0.142032516436
7.644 0 0.136816237236
7.653 0 0.136433241013
7.662 0 0.136171313758
7.676 0 0.136332331051
7.683 0 0.136332331051
7.692 0 0.138222297557
7.704 0 0.138222297557
7.711 0 0.139423244732
7.727 0 0.139710780387
7.737 0 0.139552154751
7.744 0 0.13919482132
7.752 0 0.138613377964
7.772 0 0.138613377964
7.779 0 0.138613377964
7.784 0 0.136666378255
7.794 0 0.138458013655
7.807 0 0.138330498994
7.814 0 0.138330498994
7.825 0 0.138330498994
7.836 0 0.141077302546
7.843 0 0.140020558832
7.852 0 0.140168781847
7.866 0 0.14190050952
7.874 0 0.142234991403
7.881 0 0.142234991403
7.887 0 0.142234991403
7.896 0 0.146313459282
7.908 0 0.150545378195
7.915 0 0.151181344859
7.926 0 0.154489314998
7.941 0 0.158418872466
7.954 0 0.161579061253
7.963 0 0.162305602221
7.973 0 0.162025282605
7.993 0 0.164314747834
8.008 0 0.165149188777
8.016 0 0.165837106535
8.031 0 0.164828683091
8.046 0 0.165699484003
8.051 0 0.165699484003
8.064 0 0.165209713333
8.076 0 0.162624103632
8.092 0 0.158898498934
8.103 0 0.155588576492
8.115 0 0.152637198093
8.123 0 0.152187147887
8.139 0 0.150689951525
8.145 0 0.149578641719
8.153 0 0.148016368532
8.158 0 0.146142636352
8.166 0 0.144443013215
8.181 0 0.142327500534
8.192 0 0.141289642315
8.194 0 0.141189264824
8.208 0 0.139344492799
8.218 0 0.139344492799
8.227 0 0.139344492799
8.237 0 0.140779545658
8.256 0 0.139747109488
8.268 0 0.139907726794
8.276 0 0.140568174332
8.292 0 0.140558914439
8.305 0 0.140558914439
8.312 0 0.140558914439
8.328 0 0.141885458874
8.344 0 0.142799185024
8.352 0 0.144187934886
8.36 0 0.144552566746
8.371 0 0.146852700671
8.39 0 0.147452158639
8.406 0 0.14710670439
8.416 0 0.147334186049
8.436 0 0.147266302754
8.448 0 0.147328756029
8.458 0 0.147442931753
8.469 0 0.147734660456
8.484 0 0.148047111033
8.492 0 0.148047111033
8.501 0 0.150228973315
8.509 0 0.151910396484
8.526 0 0.153956300037
8.533 0 0.155391734741
8.544 0 0.156752533582
8.556 0 0.157060774291
8.567 0 0.157060774291
8.581 0 0.157024608136
8.592 0 0.158170108967
8.6 0 0.160843331569
8.606 0 0.161703481897
8.615 0 0.163706875452
8.626 0 0.164951724804
8.636 0 0.164951724804
8.643 0 0.168892693337
8.659 0 0.169084358276
8.677 0 0.171230627976
8.683 0 0.170236769622
8.694 0 0.173339714948
8.709 0 0.175475799018
8.72 0 0.180701891927
8.728 0 0.180652313409
8.736 0 0.182860287396
8.744 0 0.186035333836
8.755 0 0.188704267971
8.769 0 0.188704267971
8.773 0 0.191555732746
8.789 0 0.191535981248
8.794 0 0.191532745553
8.804 0 0.190048821095
8.816 0 0.188644620707
8.828 0 0.18505722797
8.835 0 0.179171543435
8.855 0 0.170815615494
8.863 0 0.170050318915
8.87 0 0.166558135107
8.883 0 0.166558135107
8.895 0 0.161154964035
8.905 0 0.161154964035
8.911 0 0.161154964035
8.916 0 0.161154964035
8.932 0 0.150332523466
8.947 0 0.147423340158
8.958 0 0.145223358815
8.964 0 0.142915674405
8.975 0 0.142199425689
8.982 0 0.142199425689
8.992 0 0.142201823712
9.003 0 0.142994293805
9.008 0 0.144652960702
9.015 0 0.144652960702
9.024 0 0.144652960702
9.034 0 0.147189442748
9.044 0 0.148138004352
9.056 0 0.149359186449
9.066 0 0.150243517567
9.077 0 0.150354027856
9.094 0 0.151209748623
9.102 0 0.152278632748
9.11 0 0.154556280473
9.122 0 0.155146393256
9.139 0 0.154794658341
9.146 0 0.154617254411
9.156 0 0.155537997863
9.161 0 0.15590956306
9.172 0 0.15654809741
9.18 0 0.156476877977
9.192 0 0.156478490782
9.198 0 0.156808669979
9.205 0 0.157207818856
9.213 0 0.157512195113
9.224 0 0.157981612883
9.236 0 0.158907216075
9.246 0 0.159670411142
9.255 0 0.159275807934
9.264 0 0.157531563877
9.282 0 0.157301862575
9.29 0 0.157301092996
9.294 0 0.157456901591
9.306 0 0.15863700373
9.314 0 0.160078078263
9.327 0 0.161502246117
9.344 0 0.16179850874
9.345 0 0.16179850874
9.357 0 0.164969786274
9.367 0 0.16716723334
9.38 0 0.169453472913
9.392 0 0.168851088436
9.401 0 0.171282218201
9.412 0 0.17258451384
9.42 0 0.171035678776
9.43 0 0.172294046932
9.437 0 0.172294046932
9.444 0 0.172294046932
9.456 0 0.178439577621
9.472 0 0.181788433424
9.48 0 0.183775691565
9.488 0 0.183945724859
9.503 0 0.187849997749
9.519 0 0.187849997749
9.526 0 0.19173748434
9.537 0 0.19136106776
9.548 0 0.19136106776
9.562 0 0.197966551837
9.576 0 0.201365437958
9.583 0 0.202195592617
9.612 0 0.200245166107
9.621 0 0.20159276402
9.631 0 0.200241172338
9.646 0 0.197648604283
9.655 0 0.196560957375
9.664 0 0.194939428208
9.675 0 0.191588060281
9.685 0 0.190802081399
9.692 0 0.186664565441
9.701 0 0.187466261997
9.71 0 0.185103414371
9.718 0 0.186124009038
9.736 0 0.1869929532
9.746 0 0.185061095893
9.755 0 0.184728967378
9.765 0 0.183160158935
9.778 0 0.183160158935
9.787 0 0.183160158935
9.801 0 0.181717564756
9.811 0 0.178870321796
9.832 0 0.179309523694
9.841 0 0.180234223422
9.851 0 0.180107255305
9.864 0 0.180107255305
9.87 0 0.179534895444
9.877 0 0.178978096564
9.888 0 0.177306267461
9.896 0 0.174954291444
9.909 0 0.174236853451
9.918 0 0.173007546666
9.93 0 0.171234417534
9.941 0 0.168434460109
9.957 0 0.167488763535
9.972 0 0.167196722937
9.981 0 0.166880344813
9.993 0 0.165491092139
10.005 0 0.164810786239
10.018 0 0.163750139281
10.028 0 0.163742695239
10.038 0 0.164797617113
10.049 0 0.165573772724
10.056 0 0.165573772724
10.064 0 0.168745520378
10.076 0 0.169886094423
10.085 0 0.171806969786
10.104 0 0.172302990329
10.116 0 0.174826394251
10.125 0 0.177482158435
10.137 0 0.179258467361
10.152 0 0.180985135838
10.162 0 0.181939107388
10.17 0 0.183312166926
10.179 0 0.185203042771
10.19 0 0.187912466591
10.198 0 0.18959167251
10.21 0 0.188743568659
10.222 0 0.191928664361
10.242 0 0.194843226926
10.262 0 0.196533719238
10.284 0 0.200125918156
10.296 0 0.200715765071
10.306 0 0.199526939935
10.315 0 0.199526939935
10.325 0 0.199510342889
10.344 0 0.206079499406
10.359 0 0.20802521121
10.369 0 0.206742858841
10.385 0 0.20410793021
10.394 0 0.20360133459
10.402 0 0.202477242253
10.408 0 0.198109785283
10.429 0 0.192171294601
10.443 0 0.191017441478
10.46 0 0.191243871443
10.469 0 0.19098075533
10.475 0 0.190045749592
10.492 0 0.189519083871
10.504 0 0.190944166251
10.512 0 0.191484281985
10.53 0 0.191569193614
10.54 0 0.192181405318
10.55 0 0.19159952495
10.565 0 0.191336050937
10.574 0 0.191075418002
10.584 0 0.19144671338
10.606 0 0.192969500348
10.617 0 0.193780986347
10.628 0 0.193898442808
10.647 0 0.195123100173
10.659 0 0.194280552908
10.667 0 0.193896505461
10.683 0 0.193594865978
10.694 0 0.193679690864
10.705 0 0.193358650369
10.716 0 0.19356955869
10.736 0 0.193657312096
10.748 0 0.194007492736
10.763 0 0.191462388865
10.781 0 0.189604219407
10.795 0 0.18806159988
10.8 0 0.18806159988
10.809 0 0.188385290324
10.832 0 0.189623378951
10.843 0 0.189804188159
10.855 0 0.192457313697
10.869 0 0.194200576842
10.877 0 0.196652859195
10.883 0 0.197229171291
10.896 0 0.200586129779
10.907 0 0.201769344316
10.915 0 0.201769344316
10.921 0 0.201769344316
10.928 0 0.201769344316
10.935 0 0.20554438117
10.943 0 0.206545531239
10.961 0 0.21034825372
10.969 0 0.210549454455
10.978 0 0.211887359889
10.988 0 0.21402962731
11.01 0 0.214032901666
11.019 0 0.215068867724
11.029 0 0.218733782397
11.043 0 0.218781422981
11.054 0 0.218254818917
11.062 0 0.21514134967
11.071 0 0.219534631705
11.085 0 0.224689085886
11.1 0 0.226141880173
11.108 0 0.228959644471
11.115 0 0.227731804499
11.118 0 0.230951521222
11.133 0 0.233834374641
11.142 0 0.233969741677
11.15 0 0.234573853861
11.162 0 0.233525603382
11.173 0 0.232533886391
11.186 0 0.231924650626
11.195 0 0.231057524779
11.203 0 0.229704064067
11.212 0 0.227861013272
11.226 0 0.225152150491
11.233 0 0.223952309856
11.244 0 0.222462300157
11.252 0 0.221550526794
11.262 0 0.220354315546
11.272 0 0.219800340823
11.294 0 0.219800340823
11.304 0 0.219219895904
11.317 0 0.218432888032
11.331 0 0.218432888032
11.335 0 0.21647490569
11.344 0 0.214851879631
11.357 0 0.214089488795
11.368 0 0.213986702043
11.379 0 0.213525123184
11.39 0 0.212281391674
11.401 0 0.209847721963
11.419 0 0.210557484219
11.427 0 0.211598971391
11.436 0 0.21146840409
11.446 0 0.211907636683
11.464 0 0.212092218495
11.472 0 0.212092218495
11.481 0 0.213788023107
11.492 0 0.215573805678
11.514 0 0.215638795926
11.525 0 0.217153430279
11.538 0 0.219105786967
11.557 0 0.2191762448
11.566 0 0.221868553029
11.582 0 0.224948767938
11.59 0 0.22713871918
11.605 0 0.229216679659
11.615 0 0.229684276345
11.623 0 0.232795719695
11.636 0 0.235036429401
11.651 0 0.236218534496
11.667 0 0.237411494824
11.676 0 0.237413981483
11.691 0 0.242232604738
11.701 0 0.24595450127
11.714 0 0.246283212383
11.722 0 0.248323143288
11.732 0 0.252119457728
11.749 0 0.252862450857
11.752 0 0.252862450857
11.76 0 0.252862450857
11.771 0 0.254428825214
11.781 0 0.254428825214
11.795 0 0.252667206425
11.803 0 0.254414078694
11.814 0 0.252026969275
11.821 0 0.252026969275
11.829 0 0.252026969275
11.839 0 0.251595900019
11.85 0 0.254182738299
11.862 0 0.254461977064
11.877 0 0.254461977064
11.883 0 0.254461977064
11.899 0 0.25502929635
11.915 0 0.25237753334
11.93 0 0.250467116361
11.941 0 0.247883968213
11.957 0 0.243847829981
11.976 0 0.243847829981
11.981 0 0.243847829981
11.989 0 0.240991971944
12.006 0 0.241621739984
12.031 0 0.239653740643
12.041 0 0.239220600377
12.061 0 0.240450125618
12.073 0 0.240450125618
12.079 0 0.243033543921
12.093 0 0.245139034316
12.106 0 0.248000927126
12.119 0 0.250568672038
12.129 0 0.25156023641
12.139 0 0.251426317917
12.158 0 0.251409333277
12.169 0 0.251710693418
12.178 0 0.251453334305
12.203 0 0.2498995871
12.215 0 0.24963741326
12.223 0 0.249123869496
12.23 0 0.248948760706
12.247 0 0.247957049995
12.257 0 0.248174542838
12.267 0 0.248069540461
12.279 0 0.248464934055
12.292 0 0.249363660894
12.302 0 0.249777690648
12.312 0 0.250853218877
12.327 0 0.251981454073
12.333 0 0.251981454073
12.34 0 0.251981454073
12.344 0 0.254150227332
12.356 0 0.253512847756
12.371 0 0.253512847756
12.376 0 0.255371139607
12.39 0 0.259029151282
12.401 0 0.259178935844
12.409 0 0.261212551786
12.422 0 0.262520389433
12.431 0 0.262520389433
12.438 0 0.270506768579
12.449 0 0.272498158263
12.456 0 0.274194875318
12.473 0 0.274608949624
12.48 0 0.274608949624
12.491 0 0.277436651593
12.502 0 0.274791599193
12.516 0 0.271815126635
12.532 0 0.270482208837
12.539 0 0.270482208837
12.553 0 0.268323305199
12.57 0 0.272723318618
12.58 0 0.27438115124
12.588 0 0.27334374384
12.592 0 0.273940351957
12.61 0 0.27000072444
12.621 0 0.268681191553
12.628 0 0.266249969107
12.639 0 0.26570526533
12.65 0 0.262991154289
12.659 0 0.259447106414
12.67 0 0.261401274354
12.677 0 0.261277799357
12.689 0 0.262648241368
12.703 0 0.262437924152
12.715 0 0.261494555077
12.726 0 0.260071672474
12.736 0 0.262216438701
12.749 0 0.262411664818
12.755 0 0.262038520535
12.769 0 0.261013728285
12.786 0 0.259614539947
12.795 0 0.258490949151
12.805 0 0.255722386012
12.816 0 0.252844918685
12.833 0 0.251441102538
12.843 0 0.250758053664
12.853 0 0.250421251444
12.865 0 0.252175220328
12.881 0 0.254598821221
12.891 0 0.255507477962
12.901 0 0.256082831059
12.909 0 0.256925315173
12.928 0 0.25732506867
12.936 0 0.25738795666
12.947 0 0.257277096335
12.959 0 0.25623009429
12.974 0 0.256032554316
12.978 0 0.256032554316
12.984 0 0.256032554316
13.0 0 0.250802737725
13.008 0 0.251636178588
13.017 0 0.252098970941
13.026 0 0.252791061402
13.04 0 0.252426314832
13.043 0 0.252459477029
13.057 0 0.251498847145
13.066 0 0.251058978404
13.08 0 0.250785961314
13.096 0 0.250779479841
13.107 0 0.250779479841
13.113 0 0.250779479841
13.115 0 0.252082828913
13.13 0 0.252379539822
13.144 0 0.252311879562
13.156 0 0.253363442548
13.161 0 0.254466480123
13.182 0 0.258743288159
13.196 0 0.260421404252
13.205 0 0.265202356719
13.226 0 0.268022301832
13.233 0 0.268671439446
13.246 0 0.27489328113
13.269 0 0.275373714555
13.276 0 0.275373714555
13.284 0 0.275373714555
13.296 0 0.272485267775
13.311 0 0.271526362926
13.322 0 0.273687300679
13.331 0 0.274978200637
13.341 0 0.278521328942
13.363 0 0.279696522661
13.374 0 0.282226945473
13.375 0 0.283681283632
13.389 0 0.282656640485
13.395 0 0.283298328838
13.415 0 0.281716534309
13.429 0 0.278491781811
13.433 0 0.281762017677
13.445 0 0.28224079205
13.455 0 0.282888453059
13.463 0 0.285563074025
13.473 0 0.286826633766
13.479 0 0.287024951873
13.49 0 0.286884202266
13.499 0 0.286904462862
13.51 0 0.285790051085
13.52 0 0.283657670111
13.531 0 0.281528836568
13.536 0 0.281652828795
13.541 0 0.281030323627
13.554 0 0.281558661711
13.562 0 0.280651256207
13.573 0 0.280651256207
13.584 0 0.273960464101
13.594 0 0.272585482109
13.605 0 0.2714597264
13.616 0 0.26985595597
13.627 0 0.269152991934
13.637 0 0.26886029023
13.646 0 0.26992595182
13.658 0 0.271280594005
13.671 0 0.273139230333
13.679 0 0.273139230333
13.686 0 0.273139230333
13.696 0 0.271393810494
13.708 0 0.267546622816
13.731 0 0.264322898848
13.738 0 0.263772038365
13.75 0 0.263247908955
13.766 0 0.263247908955
13.775 0 0.261754472681
13.784 0 0.261738907209
13.798 0 0.261559219425
13.808 0 0.261773892845
13.825 0 0.262543057696
13.837 0 0.263623016546
13.852 0 0.264755946502
13.859 0 0.264755946502
13.866 0 0.264755946502
13.876 0 0.267240629416
13.886 0 0.268364864688
13.902 0 0.26903387487
13.911 0 0.26903387487
13.919 0 0.270923905067
13.928 0 0.273702183908
13.95 0 0.275270553094
13.961 0 0.275917688544
13.97 0 0.275917688544
13.983 0 0.279034143032
13.995 0 0.281241615741
14.005 0 0.283733631124
14.017 0 0.285111034877
14.029 0 0.289281374682
14.042 0 0.289284086336
14.051 0 0.289284086336
14.061 0 0.298176476588
14.068 0 0.301843116044
14.076 0 0.300600702036
14.085 0 0.304032405775
14.1 0 0.307082684573
14.11 0 0.310566219986
14.118 0 0.311284650924
14.135 0 0.311627007079
14.145 0 0.311627007079
14.152 0 0.311627007079
14.163 0 0.310675138413
14.172 0 0.314341422122
14.181 0 0.314341422122
14.188 0 0.321805003229
14.21 0 0.327389128052
14.218 0 0.329920133672
14.226 0 0.330731197367
14.241 0 0.334232468881
14.253 0 0.335926030013
14.263 0 0.33619340785
14.274 0 0.335867482976
14.294 0 0.334536851416
14.305 0 0.334006866465
14.314 0 0.333822848022
14.325 0 0.333134185962
14.336 0 0.330537417591
14.354 0 0.327633215836
14.364 0 0.325838795147
14.378 0 0.322438450363
14.398 0 0.318965763769
14.407 0 0.31525766831
14.421 0 0.31111600961
14.438 0 0.310066997587
14.448 0 0.305294252614
14.457 0 0.304274180058
14.468 0 0.303008500555
14.477 0 0.302124699955
14.487 0 0.301474176602
14.495 0 0.300345583318
14.504 0 0.298886432675
14.513 0 0.297186869247
14.529 0 0.296825405628
14.538 0 0.295785717701
14.551 0 0.294841788152
14.562 0 0.293386390929
14.576 0 0.28979693532
14.588 0 0.288872196846
14.598 0 0.28970485105
14.612 0 0.28970485105
14.62 0 0.292556961498
14.634 0 0.293554704767
14.646 0 0.29310017086
14.66 0 0.293439331981
14.668 0 0.293769471345
14.677 0 0.293582972665
14.685 0 0.293592729146
14.703 0 0.293588438086
14.712 0 0.294320818515
14.72 0 0.295042736408
14.73 0 0.297382507284
14.746 0 0.299311554513
14.759 0 0.299361578031
14.765 0 0.300255296422
14.777 0 0.301000885881
14.787 0 0.302234548117
14.809 0 0.303601067244
14.816 0 0.30453959919
14.824 0 0.306768939158
14.84 0 0.310823685222
14.855 0 0.314713090419
14.862 0 0.316813868492
14.872 0 0.314523846773
14.895 0 0.31893799105
14.91 0 0.316660971425
14.924 0 0.317923712274
14.931 0 0.325441886821
14.947 0 0.327993445369
14.958 0 0.329356223843
14.965 0 0.329508516307
14.972 0 0.332015367233
14.986 0 0.334959883299
14.993 0 0.339369186038
14.997 0 0.339777685494
15.008 0 0.342616262812
15.017 0 0.343183925574
15.027 0 0.345842157031
15.036 0 0.346306231989
15.045 0 0.346194333771
15.055 0 0.345793972033
15.066 0 0.344758067998
15.08 0 0.344172940517
15.086 0 0.343247869513
15.097 0 0.341473162273
15.106 0 0.340752191582
15.117 0 0.340048463605
15.128 0 0.338814295071
15.137 0 0.336378552059
15.147 0 0.334315594925
15.157 0 0.333549393736
15.17 0 0.331833558273
15.176 0 0.331646073049
15.186 0 0.328392289949
15.196 0 0.326467081289
15.21 0 0.322004129533
15.218 0 0.319855747135
15.227 0 0.318733500745
15.237 0 0.319575626823
15.247 0 0.319990187276
15.257 0 0.320499643057
15.266 0 0.320401266799
15.275 0 0.320649710684
15.287 0 0.319892924555
15.298 0 0.318655180879
15.31 0 0.318050478371
15.322 0 0.316811900517
15.331 0 0.314989907799
15.338 0 0.313123030898
15.344 0 0.31262831763
15.358 0 0.313238407334
15.37 0 0.312977176157
15.376 0 0.313418585548
15.388 0 0.312564524701
15.396 0 0.312802693749
15.413 0 0.312788833078
15.42 0 0.312788833078
15.426 0 0.312788833078
15.437 0 0.312341929538
15.448 0 0.310605590609
15.458 0 0.309077798139
15.466 0 0.305846450526
15.477 0 0.303243310511
15.486 0 0.302338394885
15.508 0 0.304264305588
15.515 0 0.305390636584
15.522 0 0.30635355674
15.528 0 0.30721404945
15.535 0 0.30762216428
15.547 0 0.308774914221
15.558 0 0.310427955956
15.566 0 0.311624384282
15.575 0 0.311094591984
15.586 0 0.314425610353
15.599 0 0.316948931915
15.606 0 0.318124302271
15.616 0 0.321629631148
15.628 0 0.323765461802
15.638 0 0.328707313305
15.646 0 0.326037286413
15.657 0 0.328338956214
15.666 0 0.323972139168
15.676 0 0.32098915339
15.69 0 0.33008568194
15.696 0 0.327401939734
15.706 0 0.329116189855
15.718 0 0.335755934912
15.731 0 0.337285960457
15.741 0 0.327453491554
15.747 0 0.322129367053
15.756 0 0.341261473991
15.766 0 0.350108069739
15.78 0 0.351440776799
15.788 0 0.347798192498
15.795 0 0.354042608311
15.806 0 0.355561696386
15.817 0 0.355763160782
15.827 0 0.356384973859
15.836 0 0.356681996404
15.846 0 0.356535967711
15.856 0 0.358793976856
15.871 0 0.361176412398
15.877 0 0.361577392931
15.888 0 0.361167303278
15.896 0 0.360677854217
15.906 0 0.36028755233
15.919 0 0.358713342162
15.926 0 0.358533150367
15.937 0 0.35751871201
15.946 0 0.356347996375
15.956 0 0.355278627515
15.966 0 0.353501630903
15.975 0 0.351635727682
15.987 0 0.34918553024
15.996 0 0.347353605438
16.006 0 0.348218367167
16.016 0 0.348953755075
16.028 0 0.348379182663
16.036 0 0.34724130028
16.045 0 0.346194824115
16.056 0 0.345487619065
16.066 0 0.345126098766
16.076 0 0.345049059629
16.086 0 0.344128674675
16.095 0 0.34342376528
16.107 0 0.341044792669
16.12 0 0.339067162292
16.125 0 0.338926844911
16.136 0 0.338142653057
16.146 0 0.33657397444
16.158 0 0.335127536688
16.172 0 0.334078907772
16.176 0 0.333451637777
16.187 0 0.33302940083
16.197 0 0.333270887144
16.205 0 0.332643906208
16.22 0 0.332070496319
16.225 0 0.33186413245
16.235 0 0.331214347589
16.245 0 0.331216175158
16.258 0 0.332059182515
16.27 0 0.332224501432
16.276 0 0.332572197724
16.287 0 0.333147638189
16.296 0 0.333114222208
16.307 0 0.334482823859
16.317 0 0.335626409215
16.327 0 0.335055757259
16.335 0 0.335662406211
16.346 0 0.337851289282
16.359 0 0.338786787446
16.367 0 0.34026496131
16.377 0 0.344240129515
16.387 0 0.344542509817
16.396 0 0.347243527326
16.408 0 0.34639460368
16.417 0 0.344896906098
16.425 0 0.3480595932
16.436 0 0.343775644166
16.449 0 0.349668692716
16.462 0 0.346436979185
16.472 0 0.351775072735
16.479 0 0.355017464372
16.487 0 0.356642413058
16.497 0 0.355195524724
16.507 0 0.361962443954
16.516 0 0.363685753403
16.526 0 0.363830863614
16.536 0 0.367088711041
16.546 0 0.369602830126
16.558 0 0.371254902076
16.566 0 0.372186502113
16.577 0 0.370663537294
16.585 0 0.370949153715
16.596 0 0.373167383856
16.607 0 0.374684869076
16.616 0 0.376694412736
16.627 0 0.378308222023
16.641 0 0.379253215817
16.654 0 0.378473580061
16.661 0 0.377958360229
16.666 0 0.377236723091
16.676 0 0.374983383903
16.69 0 0.373097767212
16.697 0 0.372694880831
16.706 0 0.37292852354
16.716 0 0.372484526621
16.727 0 0.371687778228
16.736 0 0.371388068753
16.75 0 0.370425029014
16.757 0 0.370234036651
16.766 0 0.36947717038
16.775 0 0.36976201426
16.786 0 0.369723844121
16.796 0 0.36971145376
16.807 0 0.368979799381
16.815 0 0.367839687731
16.829 0 0.366909497276
16.837 0 0.366198619178
16.847 0 0.365127517656
16.856 0 0.364636686641
16.866 0 0.36317152592
16.882 0 0.361825941538
16.887 0 0.36123386897
16.897 0 0.358797643644
16.906 0 0.356800829612
16.917 0 0.354794368682
16.928 0 0.354993008419
16.938 0 0.35498300479
16.947 0 0.3544524064
16.957 0 0.354696569469
16.969 0 0.354687538472
16.98 0 0.354422168652
16.987 0 0.354351931736
16.995 0 0.354205456568
17.007 0 0.35343227117
17.017 0 0.35262489218
17.026 0 0.351951867946
17.034 0 0.351436551822
17.049 0 0.352004585382
17.056 0 0.352765193317
17.067 0 0.352990074679
17.081 0 0.353754023624
17.088 0 0.354480236578
17.097 0 0.355455966223
17.108 0 0.35626874629
17.118 0 0.357642782331
17.127 0 0.35769311474
17.135 0 0.358880146009
17.146 0 0.359856561133
17.158 0 0.360907011712
17.165 0 0.363694339138
17.178 0 0.365917379927
17.185 0 0.368418080191
17.196 0 0.367755705326
17.205 0 0.367755705326
17.218 0 0.374924130588
17.225 0 0.374312823138
17.237 0 0.376707125464
17.245 0 0.379430745079
17.262 0 0.38386312615
17.268 0 0.382546598485
17.275 0 0.385266854641
17.286 0 0.384481756491
17.296 0 0.385387005887
17.306 0 0.389140910516
17.315 0 0.391755428642
17.327 0 0.393792907399
17.336 0 0.395314809791
17.345 0 0.395150145802
17.363 0 0.394950282549
17.368 0 0.395802532947
17.376 0 0.394526805562
17.387 0 0.397506143453
17.396 0 0.399757981551
17.407 0 0.400357194495
17.417 0 0.400846814836
17.427 0 0.401085419759
17.437 0 0.401046622764
17.451 0 0.39995638647
17.457 0 0.400682180812
17.467 0 0.399960432297
17.475 0 0.399825365955
17.486 0 0.400038632906
17.5 0 0.398009975364
17.508 0 0.395449822592
17.516 0 0.394055530639
17.527 0 0.389760935944
17.54 0 0.387760243721
17.548 0 0.387665196513
17.559 0 0.38839464462
17.566 0 0.388506668794
17.575 0 0.387349134081
17.588 0 0.386750627926
17.598 0 0.386552749515
17.606 0 0.386458216243
17.616 0 0.386403280571
17.627 0 0.386542287461
17.642 0 0.38406499734
17.648 0 0.382960806303
17.657 0 0.381699316098
17.667 0 0.380665390262
17.68 0 0.376529988816
17.698 0 0.374735819964
17.706 0 0.375131865945
17.713 0 0.37414191177
17.719 0 0.374214379691
17.726 0 0.374054743038
17.739 0 0.374379280869
17.746 0 0.374294041729
17.759 0 0.374684664686
17.767 0 0.37496477528
17.78 0 0.375562786298
17.79 0 0.375790954519
17.797 0 0.376326947425
17.806 0 0.375888619033
17.816 0 0.375336806387
17.829 0 0.376598618936
17.841 0 0.377255867574
17.846 0 0.377719631069
17.856 0 0.378000260476
17.865 0 0.378092188934
17.877 0 0.379006612202
17.886 0 0.381601927025
17.897 0 0.384381601457
17.906 0 0.386459331926
17.916 0 0.387324417554
17.932 0 0.390569893286
17.939 0 0.391797601149
17.947 0 0.393903200037
17.956 0 0.394696821782
17.967 0 0.40045495714
17.978 0 0.403817606046
17.985 0 0.403932071388
17.996 0 0.409929502438
18.006 0 0.410146386392
18.02 0 0.413147355017
18.034 0 0.414204457849
18.04 0 0.416142481407
18.05 0 0.417340004086
18.061 0 0.421341082249
18.072 0 0.422748104682
18.082 0 0.423483277142
18.091 0 0.426398286399
18.097 0 0.427161243246
18.104 0 0.426560080835
18.12 0 0.42957347584
18.126 0 0.431485494713
18.136 0 0.433591968436
18.146 0 0.43417610618
18.158 0 0.43465950605
18.171 0 0.434932440918
18.177 0 0.434863537704
18.186 0 0.43515524604
18.196 0 0.436433168743
18.211 0 0.436636850533
18.221 0 0.43641394803
18.226 0 0.434882556187
18.238 0 0.434256995873
18.247 0 0.433537282655
18.259 0 0.432116873901
18.266 0 0.43155570512
18.278 0 0.430070148871
18.287 0 0.42971720748
18.296 0 0.428433537785
18.308 0 0.427250517973
18.318 0 0.425695698607
18.327 0 0.424773480843
18.337 0 0.423776629306
18.347 0 0.423463136049
18.358 0 0.423051454266
18.366 0 0.422548982513
18.375 0 0.421160079098
18.386 0 0.419799534096
18.401 0 0.41923217657
18.408 0 0.418344059289
18.415 0 0.416353741596
18.428 0 0.411736027396
18.44 0 0.409501570121
18.448 0 0.408146339526
18.456 0 0.405260016269
18.467 0 0.40294759272
18.476 0 0.401591628011
18.486 0 0.400177881478
18.498 0 0.400045714099
18.507 0 0.400420593029
18.518 0 0.399833633571
18.526 0 0.399372279526
18.536 0 0.398850203698
18.546 0 0.398727574721
18.556 0 0.398904236874
18.567 0 0.399623765714
18.574 0 0.400451044663
18.585 0 0.400597753348
18.597 0 0.401832584042
18.604 0 0.402319630648
18.617 0 0.402921779045
18.628 0 0.402887880115
18.637 0 0.403949673698
18.646 0 0.404951022203
18.658 0 0.405837452038
18.668 0 0.40706322436
18.677 0 0.407953532253
18.69 0 0.40993637546
18.698 0 0.411144463708
18.705 0 0.412496620923
18.716 0 0.4138315664
18.726 0 0.413836348296
18.735 0 0.416374348711
18.745 0 0.416120877839
18.755 0 0.420838133764
18.764 0 0.42321856629
18.778 0 0.424338190377
18.788 0 0.42277535119
18.796 0 0.423234099821
18.805 0 0.426720227304
18.815 0 0.426093623343
18.824 0 0.427735803893
18.835 0 0.430912059656
18.845 0 0.43230935166
18.855 0 0.435202843086
18.866 0 0.436151630263
18.878 0 0.439344323394
18.886 0 0.440184743537
18.897 0 0.441105502863
18.906 0 0.440922220012
18.919 0 0.444493713781
18.931 0 0.443769076181
18.937 0 0.443416059544
18.946 0 0.444667687819
18.957 0 0.444766660558
18.966 0 0.445802678624
18.978 0 0.443970380453
18.984 0 0.444632641787
18.997 0 0.446680355894
19.007 0 0.447552814305
19.015 0 0.447731660675
19.025 0 0.447812454361
19.036 0 0.447396114899
19.044 0 0.447203298539
19.056 0 0.446872034961
19.064 0 0.44663203199
19.077 0 0.447125627927
19.086 0 0.445574055139
19.096 0 0.442899036898
19.106 0 0.440518052567
19.114 0 0.438674492976
19.124 0 0.437022949301
19.138 0 0.434771397625
19.146 0 0.43439652382
19.156 0 0.433325093663
19.17 0 0.433074788349
19.176 0 0.434145974155
19.187 0 0.434711938262
19.197 0 0.436459649297
19.211 0 0.43623658193
19.218 0 0.435669285475
19.227 0 0.434669775277
19.236 0 0.433047244754
19.245 0 0.432105362876
19.257 0 0.429847669144
19.267 0 0.429553575988
19.276 0 0.428990426653
19.284 0 0.429174969755
19.296 0 0.429054500999
19.306 0 0.429438427849
19.316 0 0.429193784023
19.326 0 0.429297372283
19.335 0 0.429630722728
19.351 0 0.431857526949
19.364 0 0.431888611093
19.371 0 0.432302882332
19.379 0 0.433146406244
19.387 0 0.433036602812
19.396 0 0.432301317771
19.405 0 0.432625487068
19.414 0 0.433577477523
19.424 0 0.434416670703
19.435 0 0.435941438612
19.447 0 0.436765314023
19.457 0 0.437214248158
19.464 0 0.439180723432
19.477 0 0.441879007637
19.485 0 0.442905621844
19.497 0 0.443954333597
19.506 0 0.444890251755
19.517 0 0.448027158109
19.524 0 0.448637108203
19.536 0 0.454402436312
19.551 0 0.454168105074
19.556 0 0.454180408498
19.566 0 0.454654104283
19.577 0 0.458136705415
19.587 0 0.455336789807
19.596 0 0.457136272967
19.605 0 0.459709865321
19.615 0 0.462336175334
19.626 0 0.461997421329
19.635 0 0.464396016739
19.645 0 0.465147445352
19.653 0 0.464341994392
19.666 0 0.4646435008
19.676 0 0.469627287993
19.688 0 0.473127523945
19.697 0 0.47468171997
19.707 0 0.474107996783
19.715 0 0.478271146881
19.726 0 0.484074819067
19.743 0 0.486097581483
19.749 0 0.487690624136
19.756 0 0.488760082839
19.766 0 0.489969111009
19.776 0 0.490461678842
19.789 0 0.490562107676
19.797 0 0.490563470452
19.806 0 0.489469932912
19.817 0 0.489009649255
19.825 0 0.487975461003
19.837 0 0.486724132031
19.845 0 0.484917629542
19.856 0 0.483221793974
19.865 0 0.480733058815
19.874 0 0.478278414188
19.887 0 0.476004732418
19.896 0 0.474101295769
19.906 0 0.473036728406
19.917 0 0.472059551323
19.925 0 0.471955384544
19.937 0 0.471684163955
19.947 0 0.470508861587
19.956 0 0.469549414507
19.967 0 0.468657009842
19.976 0 0.467735600086
19.985 0 0.467522517785
19.996 0 0.466678297728
20.007 0 0.466253615638
20.018 0 0.465712330075
20.026 0 0.465155090217
20.037 0 0.464255248596
20.046 0 0.463991794175
20.057 0 0.463790365762
20.071 0 0.463947142682
20.081 0 0.464219394525
20.088 0 0.464371495762
20.096 0 0.464502181111
20.106 0 0.464300252096
20.115 0 0.465341030065
20.125 0 0.466366326252
20.137 0 0.46666926166
20.147 0 0.466699615592
20.157 0 0.466999287551
20.165 0 0.467419627644
20.175 0 0.467994813195
20.186 0 0.469893978649
20.198 0 0.470930875322
20.205 0 0.471234270504
20.216 0 0.472266136146
20.224 0 0.472624982513
20.235 0 0.472814384163
20.247 0 0.47440745192
20.256 0 0.475299883138
20.265 0 0.476408400951
20.276 0 0.478671568293
20.286 0 0.479699237737
20.296 0 0.481540318038
20.305 0 0.483405371551
20.317 0 0.489825249273
20.326 0 0.490183864833
20.339 0 0.495591280579
20.346 0 0.498328266954
20.356 0 0.49603888594
20.368 0 0.497989507009
20.377 0 0.499260622192
20.389 0 0.499367701447
20.399 0 0.499180484183
20.405 0 0.50092605137
20.417 0 0.503148616896
20.426 0 0.509171804711
20.438 0 0.510993911403
20.446 0 0.512064837141
20.457 0 0.512700416976
20.466 0 0.51330888781
20.477 0 0.5129056611
20.489 0 0.513482298536
20.501 0 0.515001913086
20.508 0 0.515933604427
20.517 0 0.516671993385
20.525 0 0.515711591239
20.536 0 0.515791925395
20.546 0 0.518008778331
20.556 0 0.519727649048
20.566 0 0.520238001049
20.576 0 0.520305970176
20.586 0 0.518922446602
20.597 0 0.518375836738
20.606 0 0.517999653217
20.619 0 0.516027439138
20.626 0 0.514091317491
20.636 0 0.515380946414
20.646 0 0.51399290347
20.657 0 0.513964585088
20.667 0 0.511944190641
20.676 0 0.510479692912
20.686 0 0.509812678679
20.696 0 0.509712744479
20.707 0 0.51064457058
20.714 0 0.50976096854
20.729 0 0.508884213455
20.735 0 0.507978293117
20.747 0 0.506957859123
20.755 0 0.506014792843
20.766 0 0.50460985027
20.776 0 0.503696389704
20.787 0 0.502406765321
20.795 0 0.501459522507
20.808 0 0.500541749439
20.82 0 0.500480433049
20.823 0 0.500517751273
20.836 0 0.50020954031
20.847 0 0.501344092851
20.856 0 0.501894886069
20.866 0 0.502065661458
20.878 0 0.502483938268
20.887 0 0.50199912956
20.897 0 0.502386207819
20.908 0 0.502605264352
20.917 0 0.503870094701
20.928 0 0.504757292
20.935 0 0.505520110606
20.945 0 0.506214262763
20.956 0 0.506214262763
20.965 0 0.506214262763
20.974 0 0.507009733494
20.985 0 0.509080901673
20.998 0 0.510521783658
21.009 0 0.510572524819
21.017 0 0.511876816369
21.027 0 0.513481120045
21.036 0 0.515378264378
21.048 0 0.519421557089
21.056 0 0.520151668102
21.066 0 0.522220414094
21.076 0 0.523109177836
21.085 0 0.52600910239
21.098 0 0.530205574069
21.107 0 0.532044185388
21.117 0 0.531304418369
21.125 0 0.53237888877
21.137 0 0.533894904083
21.146 0 0.533669231661
21.156 0 0.535441870519
21.165 0 0.536183497421
21.178 0 0.5387493411
21.194 0 0.533311131546
21.204 0 0.534111520135
21.209 0 0.540054366849
21.22 0 0.534061620047
21.236 0 0.535291062628
21.243 0 0.536574686894
21.25 0 0.544077433703
21.256 0 0.545229049046
21.265 0 0.546783523787
21.277 0 0.550981017339
21.288 0 0.550981017339
21.295 0 0.550981017339
21.305 0 0.558643216232
21.316 0 0.560701147613
21.326 0 0.561463486513
21.335 0 0.561952863239
21.347 0 0.561955681212
21.354 0 0.561747751137
21.368 0 0.561755214416
21.377 0 0.561777505557
21.384 0 0.558903929994
21.397 0 0.561444060285
21.407 0 0.561149356799
21.417 0 0.558362924295
21.428 0 0.557273344023
21.436 0 0.55507819575
21.445 0 0.55271169637
21.455 0 0.549747648354
21.465 0 0.548538469153
21.475 0 0.548496308258
21.484 0 0.548294997042
21.498 0 0.549090466125
21.507 0 0.549062310309
21.517 0 0.548822979456
21.527 0 0.546946213393
21.534 0 0.543095890309
21.546 0 0.539532806208
21.562 0 0.535635291915
21.574 0 0.534368548469
21.578 0 0.533553547686
21.586 0 0.532416094402
21.595 0 0.530125178891
21.605 0 0.527165737403
21.618 0 0.525408264584
21.627 0 0.525394812716
21.636 0 0.525258874089
21.645 0 0.525829546464
21.66 0 0.527122658936
21.667 0 0.527289070225
21.676 0 0.527833796686
21.687 0 0.530545970061
21.697 0 0.532183418555
21.71 0 0.532975511369
21.719 0 0.533812409161
21.727 0 0.533986208203
21.736 0 0.533682018921
21.748 0 0.534151648742
21.761 0 0.535200687093
21.772 0 0.53566721661
21.779 0 0.536020283956
21.786 0 0.53655162514
21.8 0 0.536945038846
21.81 0 0.538248193504
21.819 0 0.538241416832
21.825 0 0.538733213214
21.837 0 0.539055392716
21.849 0 0.539475488009
21.86 0 0.540642421652
21.866 0 0.541671215242
21.876 0 0.54386576996
21.885 0 0.547354777044
21.899 0 0.548702868024
21.907 0 0.548629225073
21.915 0 0.552858863444
21.924 0 0.555051872616
21.938 0 0.559886862888
21.95 0 0.561467443723
21.957 0 0.561858487931
21.966 0 0.563159287911
21.977 0 0.564049431561
21.991 0 0.569176691546
22.0 0 0.568500215035
22.008 0 0.570598579479
22.017 0 0.572634876508
22.027 0 0.571159257321
22.04 0 0.581796758431
22.049 0 0.583727685332
22.057 0 0.584691813621
22.066 0 0.585067863187
22.077 0 0.586358373727
22.089 0 0.588207671422
22.096 0 0.589164051086
22.107 0 0.591132913462
22.116 0 0.591982395838
22.126 0 0.592981429414
22.136 0 0.592825218526
22.146 0 0.591854541133
22.155 0 0.591658174066
22.164 0 0.591046036649
22.179 0 0.589120654769
22.19 0 0.588993445951
22.196 0 0.588784044954
22.206 0 0.588246715194
22.216 0 0.588161831744
22.227 0 0.586527384569
22.239 0 0.583734561864
22.246 0 0.582696247554
22.258 0 0.579092366767
22.266 0 0.579155821356
22.274 0 0.579408433094
22.287 0 0.580547144727
22.295 0 0.581571776275
22.305 0 0.58190494866
22.321 0 0.579486020121
22.332 0 0.578236121038
22.338 0 0.577636569101
22.348 0 0.577109654397
22.357 0 0.573751946422
22.369 0 0.571130363647
22.375 0 0.569095183641
22.387 0 0.565901174622
22.397 0 0.564444198145
22.406 0 0.562478596735
22.418 0 0.561926330106
22.426 0 0.561057702483
22.437 0 0.560858365832
22.445 0 0.561189752887
22.456 0 0.562133819738
22.467 0 0.563228668045
22.475 0 0.564675349939
22.487 0 0.565779980671
22.494 0 0.566199396328
22.508 0 0.567107123651
22.517 0 0.567420838454
22.527 0 0.56796316845
22.536 0 0.569364336675
22.551 0 0.570414552106
22.561 0 0.570649771388
22.569 0 0.570882392558
22.577 0 0.57213755507
22.586 0 0.57237513476
22.596 0 0.572208160607
22.606 0 0.572954092235
22.615 0 0.571812253281
22.627 0 0.572870798065
22.636 0 0.575556065444
22.646 0 0.575556065444
22.655 0 0.575556065444
22.667 0 0.581147576248
22.677 0 0.582494030426
22.687 0 0.58561939312
22.7 0 0.58457177579
22.708 0 0.588262299346
22.716 0 0.587173199799
22.729 0 0.58917306461
22.739 0 0.595989132098
22.751 0 0.596394723326
22.757 0 0.597334593708
22.766 0 0.602271272658
22.775 0 0.60691372706
22.788 0 0.607488385985
22.8 0 0.607927453272
22.806 0 0.607955146689
22.817 0 0.605053489864
22.828 0 0.606894929382
22.843 0 0.608390862421
22.851 0 0.608675345709
22.859 0 0.60930639938
22.867 0 0.610077641029
22.878 0 0.609474208526
22.884 0 0.612618085706
22.897 0 0.615300557368
22.907 0 0.617074476343
22.915 0 0.619821365531
22.929 0 0.619645707201
22.938 0 0.619279134146
22.945 0 0.618895780173
22.955 0 0.617564539592
22.967 0 0.616659490793
22.978 0 0.616608494418
22.987 0 0.616361156701
22.996 0 0.616013175687
23.005 0 0.615125735977
23.015 0 0.612470666743
23.024 0 0.612537578734
23.036 0 0.608281237678
23.046 0 0.607034260083
23.056 0 0.606560782271
23.066 0 0.606565186542
23.074 0 0.606383226986
23.087 0 0.606464135072
23.096 0 0.605113525612
23.105 0 0.603485549782
23.116 0 0.602549070171
23.126 0 0.600634843963
23.137 0 0.598972462084
23.146 0 0.59781299869
23.156 0 0.595783068939
23.165 0 0.594446737681
23.175 0 0.592717838574
23.188 0 0.590456505549
23.197 0 0.588506750221
23.21 0 0.586834233386
23.217 0 0.585306494207
23.226 0 0.586156209574
23.236 0 0.588157166159
23.244 0 0.588884195891
23.255 0 0.590332568898
23.266 0 0.591093941153
23.276 0 0.592175598344
23.286 0 0.592734874078
23.295 0 0.593572832779
23.307 0 0.595527522352
23.317 0 0.59742715876
23.324 0 0.598437115313
23.34 0 0.599828980186
23.353 0 0.599828980186
23.357 0 0.599828980186
23.365 0 0.601979071321
23.375 0 0.601794853953
23.388 0 0.601065907609
23.396 0 0.602049650679
23.407 0 0.604374996504
23.415 0 0.607284377268
23.429 0 0.61051591214
23.447 0 0.611890752589
23.455 0 0.614037967181
23.461 0 0.61477542777
23.466 0 0.616274455655
23.473 0 0.616109410559
23.485 0 0.613324241775
23.497 0 0.613115542756
23.506 0 0.612638937204
23.515 0 0.610231257734
23.527 0 0.610721313775
23.541 0 0.617018380641
23.552 0 0.619304408332
23.56 0 0.621715140901
23.567 0 0.622983046411
23.578 0 0.622086263253
23.585 0 0.622382556922
23.593 0 0.622485240377
23.606 0 0.624139050943
23.618 0 0.629630572126
23.631 0 0.630512711509
23.636 0 0.631011366936
23.646 0 0.628555770597
23.657 0 0.633481536343
23.671 0 0.639905690736
23.681 0 0.641662738679
23.687 0 0.642286521929
23.698 0 0.642321166473
23.706 0 0.642183442552
23.716 0 0.641749746725
23.727 0 0.640511794069
23.736 0 0.640193478833
23.746 0 0.63880163232
23.758 0 0.638381066769
23.77 0 0.637458207891
23.776 0 0.63563064475
23.786 0 0.632963995975
23.796 0 0.632829756832
23.807 0 0.628741616585
23.82 0 0.629605665955
23.831 0 0.628868163842
23.838 0 0.628409731244
23.846 0 0.629448503715
23.858 0 0.630482638026
23.867 0 0.630413471043
23.877 0 0.63100723727
23.885 0 0.630535826874
23.894 0 0.629661817674
23.905 0 0.628362535917
23.917 0 0.625666164073
23.926 0 0.624902717411
23.935 0 0.622976685752
23.948 0 0.61991887273
23.958 0 0.618095140784
23.966 0 0.616498640795
23.975 0 0.615430095373
23.986 0 0.613455645246
23.996 0 0.613956013111
24.007 0 0.614877104995
24.017 0 0.615426228729
24.023 0 0.615461132317
24.037 0 0.61631593891
24.047 0 0.61735050318
24.058 0 0.618640585286
24.07 0 0.618884065984
24.075 0 0.619239230721
24.086 0 0.620286122149
24.095 0 0.620569162818
24.107 0 0.620322580875
24.115 0 0.620865638756
24.127 0 0.621939381175
24.135 0 0.622973010369
24.148 0 0.625992355356
24.161 0 0.626657840319
24.168 0 0.628286483291
24.175 0 0.629830480887
24.186 0 0.629924003336
24.196 0 0.633881203883
24.206 0 0.633905973158
24.215 0 0.635121995345
24.226 0 0.639200378781
24.236 0 0.641853743844
24.248 0 0.64387203146
24.256 0 0.642390894828
24.266 0 0.646196830433
24.275 0 0.645807098916
24.287 0 0.64664197121
24.298 0 0.648572493739
24.305 0 0.648728721323
24.322 0 0.648596384166
24.331 0 0.648777478691
24.345 0 0.649171649191
24.351 0 0.649171649191
24.356 0 0.649171649191
24.367 0 0.651570153443
24.375 0 0.656307222706
24.387 0 0.661626169683
24.4 0 0.661713162846
24.41 0 0.663913632942
24.416 0 0.665925645174
24.427 0 0.666904791723
24.44 0 0.668412937256
24.446 0 0.668385357294
24.454 0 0.669538015263
24.467 0 0.670673694071
24.476 0 0.671554403487
24.485 0 0.672718305232
24.498 0 0.672065063893
24.505 0 0.671366397244
24.515 0 0.670403047969
24.525 0 0.669370488415
24.536 0 0.667576266242
24.544 0 0.666990309687
24.557 0 0.66785142575
24.565 0 0.667199950025
24.578 0 0.665934184887
24.59 0 0.66536490847
24.596 0 0.664656271942
24.606 0 0.663710765273
24.615 0 0.663731620536
24.624 0 0.662372555219
24.636 0 0.660833619267
24.648 0 0.661402593973
24.654 0 0.662579803504
24.664 0 0.662173192675
24.675 0 0.660604831644
24.685 0 0.658772809791
24.696 0 0.65784654573
24.71 0 0.653991585094
24.72 0 0.651615178231
24.727 0 0.650984318831
24.737 0 0.648822366117
24.746 0 0.645725873657
24.759 0 0.645093011973
24.77 0 0.64501757412
24.777 0 0.645244156931
24.786 0 0.645313068444
24.796 0 0.646235761445
24.808 0 0.647451290714
24.817 0 0.648221518233
24.827 0 0.648539968299
24.836 0 0.649586496199
24.847 0 0.650595592351
24.863 0 0.651936494392
24.874 0 0.652583470544
24.879 0 0.653099369176
24.888 0 0.653593499643
24.901 0 0.65405588112
24.911 0 0.654859572328
24.916 0 0.654859572328
24.926 0 0.654859572328
24.937 0 0.66104323837
24.949 0 0.662703657267
24.958 0 0.664474005735
24.967 0 0.66583859076
24.975 0 0.665808675023
24.987 0 0.66590491491
24.997 0 0.669542208382
25.007 0 0.672299542466
25.017 0 0.67346147319
25.027 0 0.674667775538
25.042 0 0.675127364363
25.054 0 0.676408001737
25.061 0 0.676487244633
25.069 0 0.674222947656
25.078 0 0.671825228775
25.09 0 0.670338054765
25.099 0 0.672904967731
25.106 0 0.672226325946
25.116 0 0.673889805899
25.126 0 0.675318793479
25.139 0 0.670892516564
25.145 0 0.677410118201
25.155 0 0.684487871494
25.166 0 0.678857390187
25.178 0 0.683196988338
25.191 0 0.680923853116
25.194 0 0.681926367431
25.206 0 0.683795377145
25.216 0 0.689749744063
25.228 0 0.69170818053
25.238 0 0.692208833307
25.246 0 0.69203269961
25.261 0 0.694377102103
25.268 0 0.695659274519
25.28 0 0.696033173109
25.288 0 0.695579368063
25.297 0 0.695167421321
25.307 0 0.694629891343
25.317 0 0.694440537785
25.327 0 0.695292001031
25.337 0 0.694705278193
25.347 0 0.693591179408
25.356 0 0.693312950528
25.371 0 0.693291946792
25.376 0 0.69246251523
25.387 0 0.691528051503
25.395 0 0.690522067957
25.407 0 0.691596662778
25.416 0 0.691583598783
25.426 0 0.691014656884
25.437 0 0.693054999432
25.448 0 0.693452976028
25.457 0 0.692518516691
25.468 0 0.69151177751
25.477 0 0.691003843019
25.486 0 0.688319937146
25.497 0 0.685964083229
25.508 0 0.684374696497
25.52 0 0.683549505703
25.53 0 0.682533555479
25.538 0 0.681447013718
25.547 0 0.680463477356
25.556 0 0.679335797988
25.574 0 0.678655387725
25.58 0 0.678803135391
25.587 0 0.678785445457
25.598 0 0.677287027151
25.61 0 0.677186623103
25.621 0 0.677762337734
25.63 0 0.678195290253
25.637 0 0.677789238351
25.647 0 0.677562832716
25.657 0 0.675779700767
25.67 0 0.675955992595
25.678 0 0.676473215298
25.686 0 0.677217270743
25.695 0 0.677323665445
25.707 0 0.677677031986
25.718 0 0.679514882283
25.726 0 0.680919461727
25.735 0 0.681939738072
25.746 0 0.682728791496
25.758 0 0.683828039943
25.767 0 0.685417119476
25.778 0 0.685847443855
25.787 0 0.687601688003
25.799 0 0.690770224909
25.805 0 0.693762837552
25.816 0 0.694698728187
25.826 0 0.695127570807
25.837 0 0.694342002423
25.848 0 0.693849153777
25.855 0 0.695651263743
25.866 0 0.696843017129
25.876 0 0.698269170398
25.883 0 0.699290693246
25.896 0 0.702667883232
25.905 0 0.704809804562
25.917 0 0.702606837925
25.927 0 0.707816134841
25.936 0 0.70607755976
25.946 0 0.706864672909
25.958 0 0.7117284186
25.965 0 0.712563847467
25.98 0 0.715313870502
25.988 0 0.715313870502
25.995 0 0.715313870502
26.005 0 0.718506447708
26.016 0 0.718582223934
26.027 0 0.718978430187
26.037 0 0.719700080386
26.043 0 0.719511061925
26.057 0 0.722258661709
26.067 0 0.722025321636
26.075 0 0.72155419022
26.085 0 0.720522926196
26.097 0 0.720429403709
26.106 0 0.720277704454
26.118 0 0.721075716012
26.127 0 0.721576421047
26.137 0 0.722108764568
26.147 0 0.72228029834
26.155 0 0.722032307143
26.168 0 0.721137834659
26.177 0 0.719513025998
26.186 0 0.720750530461
26.196 0 0.719815003657
26.209 0 0.718513874396
26.224 0 0.717861438577
26.23 0 0.717185515325
26.237 0 0.717143356186
26.246 0 0.716505996163
26.256 0 0.71564567606
26.265 0 0.713963982557
26.276 0 0.71121112284
26.287 0 0.708899435162
26.296 0 0.707215389443
26.307 0 0.703563315587
26.32 0 0.701113110814
26.328 0 0.700373545619
26.337 0 0.698288165651
26.346 0 0.697207513658
26.356 0 0.696431961178
26.367 0 0.696662860549
26.377 0 0.698070816094
26.387 0 0.697972206674
26.397 0 0.699661720442
26.41 0 0.699869275288
26.416 0 0.699869275288
26.428 0 0.702364856419
26.437 0 0.70311689824
26.449 0 0.704018518908
26.458 0 0.704280307731
26.466 0 0.704237661876
26.476 0 0.703750392687
26.486 0 0.704060702768
26.498 0 0.704309328775
26.504 0 0.705078096043
26.516 0 0.704129002017
26.528 0 0.703704735451
26.536 0 0.705209729394
26.547 0 0.706757860075
26.557 0 0.709183100395
26.565 0 0.709727932512
26.576 0 0.715349807876
26.587 0 0.717778242824
26.597 0 0.719324359576
26.605 0 0.7209293645
26.614 0 0.722009940648
26.625 0 0.721465059335
26.637 0 0.722047318741
26.648 0 0.721640207286
26.658 0 0.720849948628
26.667 0 0.717942347319
26.675 0 0.71958538148
26.691 0 0.723609563249
26.7 0 0.72313404095
26.706 0 0.726375965828
26.717 0 0.722576410276
26.725 0 0.726145810876
26.739 0 0.720978640043
26.747 0 0.724683216549
26.756 0 0.722206217315
26.766 0 0.720614558324
26.777 0 0.724305403012
26.786 0 0.728728839143
26.796 0 0.729986353993
26.806 0 0.731234128569
26.817 0 0.733391969648
26.828 0 0.733769897276
26.835 0 0.734987729392
26.846 0 0.731832731605
26.857 0 0.734071054917
26.868 0 0.734842647126
26.878 0 0.734900454111
26.887 0 0.735592899262
26.897 0 0.735421315736
26.906 0 0.737019114444
26.917 0 0.736431237907
26.923 0 0.734015037773
26.936 0 0.731775178164
26.946 0 0.732346235374
26.956 0 0.731625776768
26.969 0 0.732240219176
26.978 0 0.731645203361
26.986 0 0.731697156811
26.995 0 0.730670556729
27.007 0 0.729503650609
27.023 0 0.728668416755
27.028 0 0.727777816516
27.038 0 0.72553132333
27.048 0 0.722514646832
27.056 0 0.719678707076
27.067 0 0.715600071334
27.077 0 0.711441672182
27.087 0 0.709048770425
27.1 0 0.706891337417
27.108 0 0.706891337417
27.115 0 0.706891337417
27.128 0 0.702925905573
27.136 0 0.702579913436
27.145 0 0.701461530241
27.156 0 0.702097317688
27.166 0 0.702925639875
27.176 0 0.7036226884
27.185 0 0.704118319379
27.199 0 0.703364826491
27.205 0 0.703481460952
27.216 0 0.703256720206
27.227 0 0.703220580688
27.236 0 0.703715647121
27.245 0 0.704418598895
27.256 0 0.705044069675
27.268 0 0.706343710719
27.278 0 0.707115875484
27.293 0 0.706031414717
27.305 0 0.705851750599
27.311 0 0.706002936405
27.32 0 0.707377895056
27.326 0 0.707179162656
27.335 0 0.710822262757
27.345 0 0.714713334259
27.356 0 0.716729555996
27.367 0 0.717211884597
27.374 0 0.72146760277
27.386 0 0.721401570253
27.397 0 0.721963225849
27.407 0 0.722551440491
27.416 0 0.721551059593
27.427 0 0.718451114071
27.439 0 0.717484077276
27.447 0 0.713664147158
27.457 0 0.716077075081
27.465 0 0.714676359875
27.476 0 0.716291896867
27.485 0 0.722369163392
27.497 0 0.725678587248
27.507 0 0.724530223033
27.516 0 0.724845152993
27.525 0 0.721024750236
27.536 0 0.719277066786
27.547 0 0.719195827767
27.556 0 0.719869611084
27.566 0 0.72054942434
27.575 0 0.724169615971
27.587 0 0.726676238967
27.596 0 0.729109164332
27.606 0 0.735017327123
27.617 0 0.736927462204
27.628 0 0.737293323115
27.636 0 0.736869650627
27.646 0 0.735610958915
27.657 0 0.734607594599
27.667 0 0.734065103014
27.677 0 0.734565880399
27.687 0 0.734822571334
27.695 0 0.734373663263
27.705 0 0.732791501208
27.719 0 0.732190064292
27.723 0 0.732837362071
27.736 0 0.732190259905
27.749 0 0.73210710494
27.763 0 0.731998561944
27.77 0 0.731617785266
27.775 0 0.731256571533
27.785 0 0.731064782986
27.797 0 0.731454915618
27.805 0 0.731411601216
27.817 0 0.731430985783
27.826 0 0.730548994978
27.836 0 0.729425637556
27.848 0 0.726655770089
27.86 0 0.72543308444
27.867 0 0.724577245182
27.877 0 0.722598177034
27.887 0 0.720852616213
27.896 0 0.719191339773
27.907 0 0.717865206501
27.917 0 0.716457222628
27.924 0 0.71503763707
27.94 0 0.712643834393
27.951 0 0.712258093507
27.959 0 0.712033654438
27.968 0 0.712628548196
27.976 0 0.713633722763
27.988 0 0.714361156558
27.995 0 0.71495806052
28.007 0 0.715644797845
28.015 0 0.716053460493
28.027 0 0.716951001928
28.037 0 0.717240218232
28.051 0 0.717857027859
28.063 0 0.717857027859
28.067 0 0.717857027859
28.076 0 0.718195990263
28.088 0 0.716801764921
28.101 0 0.716098672818
28.114 0 0.717422403609
28.117 0 0.717779169384
28.127 0 0.721771457076
28.137 0 0.724521810849
28.147 0 0.725189543858
28.161 0 0.730776058022
28.168 0 0.732304189941
28.175 0 0.732079675943
28.186 0 0.731286551533
28.2 0 0.729289452005
28.207 0 0.729490342678
28.216 0 0.729658823559
28.227 0 0.72856030007
28.238 0 0.724865657227
28.25 0 0.728887665797
28.258 0 0.725801050961
28.268 0 0.731642003032
28.276 0 0.728749773913
28.287 0 0.735180503936
28.299 0 0.735990556202
28.31 0 0.737985383462
28.317 0 0.739024605112
28.325 0 0.733950893037
28.337 0 0.738464324498
28.348 0 0.736047126209
28.355 0 0.742367622945
28.367 0 0.744651104673
28.376 0 0.745129845564
28.386 0 0.747009214986
28.395 0 0.748440740306
28.406 0 0.749918381578
28.415 0 0.750795168096
28.425 0 0.751176990709
28.435 0 0.750845398399
28.446 0 0.750537377775
28.457 0 0.749808249295
28.466 0 0.749021641325
28.475 0 0.747986650965
28.484 0 0.747227853945
28.495 0 0.746535942675
28.506 0 0.746224338642
28.514 0 0.745625639874
28.525 0 0.744154403407
28.535 0 0.744190278574
28.544 0 0.744190278574
28.557 0 0.742593054172
28.565 0 0.740949269531
28.576 0 0.736391741084
28.585 0 0.733197775138
28.598 0 0.732305953287
28.607 0 0.73208170865
28.62 0 0.730592954037
28.629 0 0.729214036274
28.638 0 0.727687047783
28.646 0 0.726330367131
28.656 0 0.723717493171
28.667 0 0.721859985878
28.675 0 0.720250089915
28.687 0 0.716969532306
28.695 0 0.71521596831
28.705 0 0.712477692462
28.716 0 0.713145829969
28.727 0 0.714125644033
28.736 0 0.716155805454
28.747 0 0.717084001685
28.757 0 0.718100383224
28.767 0 0.718698776675
28.78 0 0.718988986591
28.788 0 0.719328077846
28.795 0 0.71894625213
28.806 0 0.719826228277
28.815 0 0.721870863801
28.824 0 0.72275045036
28.836 0 0.722919188932
28.845 0 0.724129269119
28.856 0 0.725218568865
28.868 0 0.727712050341
28.877 0 0.727737052215
28.886 0 0.727844151838
28.894 0 0.727590713008
28.907 0 0.728149865072
28.917 0 0.731585031015
28.924 0 0.730800458986
28.935 0 0.733154715378
28.946 0 0.733154715378
28.959 0 0.741878829236
28.969 0 0.742321889273
28.976 0 0.742321889273
28.985 0 0.742321889273
28.997 0 0.738253453636
29.017 0 0.737646762738
29.023 0 0.737011995435
29.028 0 0.737011995435
29.033 0 0.737011995435
29.046 0 0.742225345581
29.06 0 0.740028761619
29.069 0 0.742232957645
29.076 0 0.739405129958
29.086 0 0.744863561438
29.095 0 0.747165432094
29.11 0 0.74926923127
29.118 0 0.750250832376
29.128 0 0.752391299172
29.136 0 0.754264610696
29.145 0 0.754867693706
29.159 0 0.755627955307
29.164 0 0.755627955307
29.175 0 0.75689344815
29.186 0 0.757866956951
29.196 0 0.75833321531
29.211 0 0.75889113324
29.221 0 0.757439188147
29.227 0 0.757504567032
29.236 0 0.756508792442
29.245 0 0.755412162484
29.262 0 0.756145740253
29.271 0 0.756662799735
29.279 0 0.756832295668
29.287 0 0.755842938615
29.296 0 0.754417112111
29.308 0 0.754391486383
29.318 0 0.753998536314
29.328 0 0.753138344698
29.336 0 0.753227349466
29.347 0 0.752735561995
29.359 0 0.752097046551
29.368 0 0.753385457656
29.375 0 0.75349296337
29.391 0 0.75347795078
29.401 0 0.753019702053
29.408 0 0.751690629271
29.415 0 0.750863415988
29.427 0 0.749524519889
29.438 0 0.74667956015
29.448 0 0.744302208998
29.456 0 0.741497873581
29.467 0 0.737888148603
29.476 0 0.735457688883
29.484 0 0.733643946554
29.497 0 0.731337381712
29.504 0 0.730112693274
29.517 0 0.729633683911
29.527 0 0.731179295434
29.547 0 0.731746768667
29.552 0 0.731698074852
29.556 0 0.732512935598
29.567 0 0.734077135592
29.578 0 0.73461831611
29.587 0 0.736108819879
29.599 0 0.737039224282
29.605 0 0.738289083721
29.616 0 0.738360075565
29.626 0 0.739238111319
29.637 0 0.739916447523
29.645 0 0.740822401194
29.656 0 0.739819113966
29.668 0 0.738127661875
29.683 0 0.737677459586
29.689 0 0.738169986478
29.7 0 0.741806773823
29.708 0 0.741268267306
29.716 0 0.742629123784
29.726 0 0.747791433777
29.736 0 0.749560968788
29.748 0 0.752282772883
29.756 0 0.753729458892
29.765 0 0.755099637982
29.776 0 0.757143667403
29.787 0 0.754900951908
29.798 0 0.753280119899
29.809 0 0.753616802561
29.818 0 0.750411208119
29.832 0 0.752129984224
29.844 0 0.751704597301
29.851 0 0.752670963802
29.859 0 0.753429683347
29.867 0 0.754535195486
29.881 0 0.749521090308
29.888 0 0.755886799637
29.896 0 0.751311922152
29.905 0 0.753604715465
29.915 0 0.760195311687
29.924 0 0.762035667176
29.94 0 0.764649632621
29.947 0 0.76685291272
29.956 0 0.768194898497
29.967 0 0.769496588486
29.977 0 0.767891797095
29.986 0 0.768957541841
29.996 0 0.769026856484
30.006 0 0.767720614507
30.017 0 0.76831764877
30.03 0 0.767805055012
30.037 0 0.766499949624
30.047 0 0.765102407622
30.056 0 0.76696903836
30.069 0 0.765743759689
30.077 0 0.766072027657
30.087 0 0.764386571747
30.095 0 0.762272758485
30.106 0 0.7613118668
30.118 0 0.762309507192
30.13 0 0.762599261088
30.138 0 0.762927275702
30.145 0 0.763159463804
30.162 0 0.762280964959
30.176 0 0.760876294675
30.182 0 0.760763697184
30.191 0 0.760701761468
30.198 0 0.759765210716
30.207 0 0.758015175001
30.219 0 0.757295775836
30.229 0 0.756757990987
30.237 0 0.756866286893
30.246 0 0.75644718485
30.259 0 0.756197901392
30.271 0 0.756259916725
30.277 0 0.756368559458
30.287 0 0.755875391987
30.295 0 0.754971692663
30.311 0 0.754754554651
30.319 0 0.754805565612
30.326 0 0.755128716419
30.337 0 0.75419997035
30.345 0 0.754635342331
30.356 0 0.755734379936
30.368 0 0.755888468374
30.376 0 0.755982878467
30.386 0 0.757015162799
30.396 0 0.757846552074
30.406 0 0.758153049373
30.415 0 0.759194010464
30.426 0 0.759965275565
30.437 0 0.75858102833
30.447 0 0.757711649026
30.458 0 0.757116853005
30.465 0 0.758398107205
30.476 0 0.759916521114
30.485 0 0.762466983586
30.498 0 0.762161723642
30.508 0 0.766027857925
30.516 0 0.768595286094
30.526 0 0.772283893214
30.535 0 0.773262260493
30.547 0 0.773887845728
30.555 0 0.773565046295
30.567 0 0.774197389118
30.575 0 0.772449567908
30.587 0 0.770026382103
30.596 0 0.766208845861
30.606 0 0.770489366883
30.616 0 0.770677966472
30.626 0 0.767030396285
30.635 0 0.769913048841
30.645 0 0.770530818535
30.656 0 0.767963936496
30.666 0 0.763414582671
30.677 0 0.768099775778
30.691 0 0.769969728944
30.696 0 0.774626731997
30.705 0 0.77766539177
30.717 0 0.78235028198
30.73 0 0.785605652883
30.741 0 0.786248067638
30.746 0 0.786221199765
30.756 0 0.786667432392
30.766 0 0.786504985322
30.778 0 0.787159148452
30.787 0 0.787093477332
30.797 0 0.786381633771
30.806 0 0.783350067829
30.817 0 0.7860610926
30.83 0 0.785078375235
30.838 0 0.784577625449
30.845 0 0.784087001309
30.855 0 0.785500017546
30.865 0 0.784578960153
30.876 0 0.783787365797
30.886 0 0.781017300715
30.896 0 0.779595121211
30.906 0 0.777515206886
30.923 0 0.776426873939
30.927 0 0.776426873939
30.938 0 0.778393102654
30.946 0 0.778464448624
30.957 0 0.77828112828
30.974 0 0.776979268882
30.98 0 0.776045714033
30.988 0 0.774041847892
30.997 0 0.77107909033
31.013 0 0.766096910537
31.023 0 0.764833932011
31.028 0 0.762987114775
31.038 0 0.7598365408
31.048 0 0.756800668742
31.058 0 0.753974160614
31.076 0 0.751577129774
31.082 0 0.751003212867
31.089 0 0.751898982921
31.097 0 0.752723695813
31.111 0 0.752950708719
31.119 0 0.753084268565
31.125 0 0.752607615437
31.138 0 0.751818799175
31.149 0 0.750863998112
31.162 0 0.751768712736
31.169 0 0.753226084952
31.176 0 0.753330142159
31.185 0 0.752769319661
31.199 0 0.756564912226
31.211 0 0.75762075097
31.218 0 0.758595002192
31.227 0 0.758726187338
31.237 0 0.758357419167
31.257 0 0.758817431228
31.264 0 0.760259944607
31.268 0 0.761389980589
31.279 0 0.764640015571
31.285 0 0.765831253872
31.296 0 0.773657080618
31.309 0 0.780122596057
31.32 0 0.781132704651
31.326 0 0.781213878231
31.334 0 0.78305256057
31.347 0 0.782562212053
31.356 0 0.78084649901
31.365 0 0.777898707934
31.375 0 0.777194603031
31.387 0 0.773988845338
31.403 0 0.77820792639
31.407 0 0.779262952911
31.415 0 0.777467584576
31.426 0 0.779216002248
31.436 0 0.779050344414
31.447 0 0.776815852569
31.457 0 0.780012243586
31.465 0 0.781883760688
31.476 0 0.781919521034
31.489 0 0.784576935884
31.499 0 0.78414859583
31.507 0 0.784053220712
31.515 0 0.785907003643
31.526 0 0.786735195951
31.538 0 0.787116124264
31.547 0 0.788100319068
31.556 0 0.790584158698
31.565 0 0.790549919749
31.575 0 0.789951886289
31.588 0 0.789461413602
31.597 0 0.788842943637
31.607 0 0.787419866863
31.616 0 0.787209322481
31.627 0 0.788684101317
31.636 0 0.789293595908
31.647 0 0.790278501841
31.656 0 0.79115648496
31.667 0 0.790641107108
31.679 0 0.789804228747
31.688 0 0.789255041044
31.696 0 0.789255041044
31.707 0 0.784431459062
31.716 0 0.783810186702
31.726 0 0.783179936564
31.736 0 0.783217324727
31.748 0 0.782578871277
31.757 0 0.781801816003
31.769 0 0.778481217993
31.78 0 0.777170315107
31.788 0 0.774526805564
31.796 0 0.771542810323
31.805 0 0.770091432161
31.816 0 0.765621563158
31.827 0 0.762049097701
31.836 0 0.759758897626
31.846 0 0.757138520089
31.857 0 0.755905848269
31.868 0 0.752965095544
31.88 0 0.75399539782
31.888 0 0.755121007197
31.895 0 0.756162902126
31.905 0 0.756564419835
31.916 0 0.757260234915
31.926 0 0.757967602611
31.937 0 0.759307169456
31.946 0 0.76061307639
31.958 0 0.762712222095
31.968 0 0.763271336273
31.975 0 0.765239354567
31.986 0 0.766428701857
31.997 0 0.76705398045
32.006 0 0.766973637935
32.015 0 0.766393822984
32.027 0 0.765185123153
32.037 0 0.765165305913
32.046 0 0.766131825273
32.057 0 0.769038012619
32.066 0 0.77105340815
32.073 0 0.77214973922
32.086 0 0.776165685357
32.097 0 0.779430345587
32.105 0 0.779500879441
32.117 0 0.780659493791
32.128 0 0.780499180294
32.136 0 0.777833329242
32.148 0 0.775613991246
32.155 0 0.773644827081
32.167 0 0.776594385255
32.176 0 0.775241089758
32.188 0 0.779948944164
32.196 0 0.779948944164
32.206 0 0.779948944164
32.216 0 0.781453205528
32.228 0 0.783450075252
32.237 0 0.783794063095
32.248 0 0.789374468835
32.257 0 0.790293501625
32.265 0 0.789872541341
32.277 0 0.793893575438
32.287 0 0.795814216903
32.302 0 0.798108391901
32.309 0 0.800064504492
32.32 0 0.801605544938
32.326 0 0.802520173064
32.336 0 0.804976800921
32.352 0 0.804892222411
32.36 0 0.804103973928
32.366 0 0.80347990262
32.376 0 0.801251197415
32.388 0 0.79976323267
32.397 0 0.798684533084
32.405 0 0.797989827348
32.416 0 0.797616492834
32.426 0 0.796976450669
32.434 0 0.796587058969
32.447 0 0.795880561349
32.456 0 0.794801124272
32.466 0 0.793526085777
32.477 0 0.791497101027
32.485 0 0.788926368887
32.496 0 0.788303589798
32.507 0 0.789919048624
32.516 0 0.790299756865
32.53 0 0.789491104258
32.539 0 0.788771087132
32.547 0 0.787141825501
32.558 0 0.784731089233
32.565 0 0.782148504089
32.576 0 0.781355375496
32.584 0 0.778142765668
32.596 0 0.776284782798
32.607 0 0.775681036401
32.615 0 0.77530767272
32.629 0 0.773773046997
32.637 0 0.772454937277
32.645 0 0.77140715784
32.657 0 0.770947492826
32.665 0 0.771282650525
32.676 0 0.770387210736
32.684 0 0.770115611594
32.694 0 0.76990962486
32.707 0 0.768749380594
32.718 0 0.767138440616
32.726 0 0.766237638301
32.737 0 0.766084821619
32.747 0 0.767350979467
32.755 0 0.770368242131
32.769 0 0.772602407157
32.778 0 0.773373414064
32.786 0 0.774641082481
32.795 0 0.775165692054
32.807 0 0.775297530483
32.816 0 0.77465507156
32.826 0 0.774173616661
32.836 0 0.775282975408
32.845 0 0.776277706688
32.858 0 0.78253321252
32.872 0 0.783960019685
32.877 0 0.782529304683
32.886 0 0.78361436884
32.896 0 0.787673043142
32.908 0 0.786617315487
32.919 0 0.785381921281
32.927 0 0.78463713415
32.937 0 0.788620388817
32.946 0 0.788831070216
32.957 0 0.789521346305
32.969 0 0.78899028718
32.977 0 0.790702249126
32.987 0 0.794113957067
32.998 0 0.799985149836
33.009 0 0.798796085727
33.021 0 0.798759672772
33.027 0 0.798970263196
33.038 0 0.802859047363
33.049 0 0.805808319833
33.064 0 0.80751187123
33.068 0 0.808863291549
33.078 0 0.811578728178
33.087 0 0.813115451704
33.096 0 0.815891701189
33.108 0 0.817195804493
33.118 0 0.81835821174
33.127 0 0.820105116705
33.134 0 0.820113691509
33.146 0 0.818888172381
33.157 0 0.817670422991
33.167 0 0.817422311832
33.177 0 0.81601478323
33.184 0 0.815032996303
33.197 0 0.814157949907
33.208 0 0.813639489933
33.217 0 0.813705966322
33.225 0 0.814447856631
33.236 0 0.813413776706
33.245 0 0.813026747436
33.257 0 0.811676032019
33.268 0 0.810565324544
33.277 0 0.80895267441
33.286 0 0.806376673124
33.298 0 0.803822221814
33.307 0 0.803424200158
33.318 0 0.802560131325
33.326 0 0.801687773158
33.336 0 0.800520233786
33.349 0 0.796210470888
33.357 0 0.795602561905
33.366 0 0.79277338225
33.376 0 0.791191203653
33.386 0 0.790426242514
33.396 0 0.788494569797
33.407 0 0.787639472871
33.414 0 0.787119898835
33.426 0 0.784749122938
33.435 0 0.785295703298
33.446 0 0.785896955541
33.454 0 0.78860945585
33.465 0 0.788650930929
33.477 0 0.790297073715
33.485 0 0.79086920661
33.496 0 0.791025089675
33.506 0 0.789724841997
33.514 0 0.789662002703
33.526 0 0.791699384539
33.537 0 0.793285258872
33.545 0 0.794699592243
33.556 0 0.796831487629
33.567 0 0.797699836139
33.576 0 0.798184770218
33.585 0 0.797885950113
33.6 0 0.798420204315
33.608 0 0.798323012491
33.617 0 0.798160182082
33.623 0 0.798191269298
33.636 0 0.801782838913
33.645 0 0.805585026808
33.657 0 0.805087757986
33.666 0 0.807432324894
33.682 0 0.812074932865
33.693 0 0.811522573438
33.699 0 0.81005104623
33.706 0 0.807720470952
33.717 0 0.808142412801
33.725 0 0.805888731821
33.737 0 0.809793971692
33.745 0 0.807973104023
33.755 0 0.809185929346
33.767 0 0.811509095646
33.777 0 0.812089632383
33.786 0 0.810201383474
33.796 0 0.818638708517
33.806 0 0.818340840665
33.816 0 0.818245289141
33.826 0 0.820984451318
33.836 0 0.821535439795
33.845 0 0.82474271973
33.857 0 0.825412013566
33.867 0 0.827351434506
33.876 0 0.828364504571
33.885 0 0.828776978384
33.895 0 0.829391867456
33.907 0 0.831098646531
33.915 0 0.831572159707
33.925 0 0.831975124688
33.936 0 0.831975124688
33.945 0 0.829558959684
33.957 0 0.827992463116
33.969 0 0.827107944606
33.982 0 0.82752892912
33.987 0 0.827565139835
33.996 0 0.828304748219
34.006 0 0.827690254671
34.016 0 0.826767885258
34.025 0 0.827315889916
34.036 0 0.826934721297
34.046 0 0.827988413038
34.056 0 0.827969270014
34.067 0 0.826068763382
34.077 0 0.824652975738
34.086 0 0.824261834269
34.099 0 0.824159719268
34.106 0 0.824159719268
34.115 0 0.824159719268
34.126 0 0.819135922155
34.137 0 0.815857297004
34.15 0 0.813543401562
34.158 0 0.811218671165
34.166 0 0.809303158437
34.178 0 0.807110932673
34.186 0 0.805734118854
34.196 0 0.803940234526
34.21 0 0.803148188305
34.219 0 0.800346599298
34.227 0 0.799864331674
34.237 0 0.799456930898
34.253 0 0.799188166006
34.259 0 0.799188166006
34.266 0 0.799188166006
34.281 0 0.797288971887
34.29 0 0.796124500126
34.303 0 0.797386200523
34.311 0 0.797733754614
34.32 0 0.798724396244
34.328 0 0.799485246015
34.342 0 0.798869444998
34.352 0 0.799430585902
34.356 0 0.800005736423
34.368 0 0.799847972919
34.378 0 0.799234855029
34.387 0 0.797352019586
34.399 0 0.798236619359
34.407 0 0.800968428638
34.416 0 0.803128068864
34.427 0 0.805972203549
34.436 0 0.811260728176
34.447 0 0.812921447439
34.455 0 0.814318421659
34.467 0 0.814720965755
34.48 0 0.815253424957
34.488 0 0.814284226906
34.497 0 0.812955577694
34.508 0 0.810519833808
34.517 0 0.807960337558
34.531 0 0.811115947654
34.542 0 0.810548077126
34.548 0 0.81480707016
34.557 0 0.813379620828
34.569 0 0.811572615524
34.576 0 0.815090426971
34.591 0 0.814032375693
34.598 0 0.821203986968
34.606 0 0.822343095189
34.616 0 0.822430446842
34.626 0 0.8234062321
34.637 0 0.826137796243
34.646 0 0.826306177986
34.656 0 0.826784603944
34.672 0 0.827558660142
34.678 0 0.827947102011
34.685 0 0.826842158174
34.697 0 0.827469236758
34.705 0 0.826949996626
34.715 0 0.826509287087
34.724 0 0.825557175667
34.734 0 0.825250451589
34.747 0 0.824446793632
34.754 0 0.823978620265
34.765 0 0.822660466985
34.78 0 0.822944989773
34.785 0 0.823272326057
34.796 0 0.824998826527
34.806 0 0.82364392901
34.817 0 0.823862496283
34.826 0 0.823256641957
34.835 0 0.823472450426
34.845 0 0.823117872238
34.856 0 0.822786907081
34.867 0 0.82281362106
34.877 0 0.822352176346
34.887 0 0.821981304482
34.893 0 0.821076181721
34.909 0 0.820660093549
34.916 0 0.820660093549
34.927 0 0.817781786202
34.936 0 0.815851803249
34.952 0 0.811014425177
34.962 0 0.808626583996
34.97 0 0.807242347704
34.975 0 0.805299392562
34.986 0 0.804241840597
34.998 0 0.802282341547
35.004 0 0.802437222998
35.017 0 0.803114799303
35.026 0 0.804758334818
35.036 0 0.806959281431
35.047 0 0.807372933651
35.058 0 0.807815545179
35.066 0 0.807529114915
35.076 0 0.807197109081
35.087 0 0.807201145624
35.096 0 0.807397409673
35.108 0 0.80927199272
35.115 0 0.809788015352
35.129 0 0.81063766501
35.138 0 0.80996808376
35.143 0 0.809245005129
35.157 0 0.808758544279
35.165 0 0.808188201992
35.179 0 0.808144269246
35.194 0 0.812400532629
35.202 0 0.813242344756
35.211 0 0.816000128935
35.218 0 0.820289430922
35.228 0 0.820806797666
35.239 0 0.824459169937
35.246 0 0.82429004639
35.257 0 0.823940409182
35.267 0 0.820522916105
35.279 0 0.817635660976
35.287 0 0.816385596366
35.298 0 0.81433109095
35.307 0 0.816283581727
35.316 0 0.814645635042
35.329 0 0.818532796448
35.337 0 0.818868133863
35.348 0 0.82420098418
35.356 0 0.826597567888
35.369 0 0.824018340384
35.379 0 0.829379048108
35.384 0 0.825156890439
35.395 0 0.828971809302
35.406 0 0.833107065946
35.42 0 0.83535617256
35.43 0 0.83358890479
35.437 0 0.83551613899
35.446 0 0.835817571009
35.457 0 0.836463619132
35.466 0 0.836646835558
35.476 0 0.836156800842
35.487 0 0.836713504522
35.495 0 0.835352648908
35.506 0 0.834226997888
35.522 0 0.833634262354
35.524 0 0.833196222224
35.538 0 0.831321387192
35.55 0 0.832603189688
35.563 0 0.831686244958
35.574 0 0.830044527438
35.582 0 0.829357143776
35.59 0 0.830527283795
35.601 0 0.831022656596
35.611 0 0.831065533214
35.622 0 0.830110614135
35.629 0 0.830391960607
35.635 0 0.830024121982
35.647 0 0.829703262756
35.663 0 0.829367404908
35.669 0 0.828797260369
35.676 0 0.828203283285
35.685 0 0.827261188142
35.697 0 0.826327363549
35.711 0 0.826214828726
35.718 0 0.825465571098
35.726 0 0.8242828597
35.736 0 0.823007862183
35.75 0 0.820365046407
35.758 0 0.818129919744
35.764 0 0.81668905639
35.776 0 0.814793808601
35.786 0 0.812319036101
35.797 0 0.811632291674
35.806 0 0.811457192488
35.816 0 0.811096134551
35.832 0 0.810758791402
35.837 0 0.811635181892
35.849 0 0.812316441745
35.856 0 0.813097227175
35.866 0 0.813390303717
35.876 0 0.813902476451
35.887 0 0.81507356004
35.901 0 0.81638079602
35.911 0 0.817263087132
35.919 0 0.817558069673
35.924 0 0.81857113548
35.933 0 0.818323722655
35.946 0 0.816681549456
35.955 0 0.815512762088
35.967 0 0.816705613878
35.977 0 0.818529128822
35.987 0 0.818893404764
35.994 0 0.821739566052
36.006 0 0.824613788773
36.017 0 0.828891591373
36.033 0 0.828769003771
36.041 0 0.828870104336
36.049 0 0.827619809953
36.057 0 0.829874875515
36.067 0 0.82994536726
36.082 0 0.827850288221
36.088 0 0.823478236419
36.095 0 0.822652119427
36.105 0 0.827708382406
36.116 0 0.827267438778
36.13 0 0.829557295822
36.137 0 0.831943675935
36.145 0 0.827353267161
36.155 0 0.834094821634
36.165 0 0.836441189344
36.178 0 0.830261441389
36.191 0 0.835352563493
36.196 0 0.837211953371
36.205 0 0.839216293621
36.214 0 0.840972498305
36.229 0 0.841524150065
36.239 0 0.841985617664
36.247 0 0.842968858688
36.256 0 0.844743021789
36.27 0 0.844092414974
36.287 0 0.843659019439
36.295 0 0.84282116155
36.303 0 0.84275238812
36.313 0 0.840847888487
36.325 0 0.840646693116
36.331 0 0.842029887158
36.338 0 0.843258854222
36.347 0 0.843013812701
36.357 0 0.843106764501
36.373 0 0.842646234651
36.379 0 0.841432237345
36.386 0 0.841072227727
36.396 0 0.840912751334
36.407 0 0.840246869301
36.418 0 0.839779589941
36.427 0 0.839340632902
36.436 0 0.839464243179
36.446 0 0.839288378656
36.456 0 0.83861010286
36.468 0 0.837723556408
36.476 0 0.836551684834
36.487 0 0.835251693741
36.496 0 0.832130945351
36.507 0 0.831293883152
36.516 0 0.82987096483
36.527 0 0.827915645611
36.535 0 0.826270369422
36.547 0 0.824189220152
36.558 0 0.822603522601
36.566 0 0.821978368444
36.576 0 0.820952827987
36.586 0 0.82041577707
36.597 0 0.819018641442
36.607 0 0.817304307138
36.617 0 0.815923972183
36.625 0 0.815077081575
36.636 0 0.814329276067
36.646 0 0.814989410411
36.655 0 0.81556904405
36.668 0 0.815503709626
36.676 0 0.81634030633
36.685 0 0.817364046205
36.696 0 0.819692774089
36.707 0 0.821458741395
36.715 0 0.821710921127
36.726 0 0.821210511135
36.735 0 0.820378401525
36.747 0 0.819457562243
36.755 0 0.820694959301
36.767 0 0.825405463822
36.781 0 0.829356499734
36.788 0 0.829309017084
36.795 0 0.831318302974
36.804 0 0.839285615618
36.814 0 0.840031187059
36.828 0 0.840380159088
36.836 0 0.840380159088
36.844 0 0.839642652548
36.856 0 0.836219947404
36.866 0 0.837233871231
36.876 0 0.83321586594
36.89 0 0.836330548765
36.898 0 0.834526763645
36.907 0 0.837128849466
36.916 0 0.836098060419
36.928 0 0.83669763951
36.937 0 0.844299362656
36.946 0 0.845768777557
36.954 0 0.844805988151
36.969 0 0.846905279839
36.98 0 0.846628531072
36.987 0 0.846211360464
36.996 0 0.845624433216
37.008 0 0.847924403665
37.023 0 0.852577816448
37.032 0 0.854586437561
37.041 0 0.855885667688
37.049 0 0.856531395965
37.057 0 0.859498302778
37.065 0 0.859906145659
37.077 0 0.859955407682
37.086 0 0.858497221155
37.094 0 0.85816247313
37.11 0 0.856421059906
37.118 0 0.856478091824
37.127 0 0.857394113753
37.136 0 0.857031108038
37.151 0 0.856671760922
37.161 0 0.856671760922
37.168 0 0.856671760922
37.178 0 0.858745993269
37.186 0 0.858286530336
37.195 0 0.857466518499
37.207 0 0.856591534265
37.215 0 0.856476911617
37.225 0 0.855353567032
37.235 0 0.854710091867
37.248 0 0.852947226708
37.258 0 0.852290001518
37.267 0 0.851587550716
37.276 0 0.851009718921
37.283 0 0.849544304422
37.296 0 0.848402702986
37.311 0 0.846015984613
37.319 0 0.844476525655
37.327 0 0.843442807826
37.335 0 0.84172096419
37.345 0 0.840053587679
37.357 0 0.837045646609
37.366 0 0.836320437137
37.381 0 0.83539816885
37.388 0 0.836000201742
37.396 0 0.836450542606
37.405 0 0.836166459593
37.416 0 0.836992822797
37.431 0 0.83716738243
37.437 0 0.83716738243
37.447 0 0.837855339646
37.46 0 0.838320573911
37.469 0 0.838413844759
37.482 0 0.839067459134
37.488 0 0.840119784909
37.498 0 0.841322017022
37.507 0 0.841988524395
37.519 0 0.840567201041
37.53 0 0.839884866681
37.538 0 0.838942353777
37.545 0 0.838501570664
37.557 0 0.842088730121
37.567 0 0.844930287562
37.581 0 0.84709313037
37.584 0 0.84709313037
37.598 0 0.848864022948
37.609 0 0.848465478708
37.624 0 0.848677019587
37.63 0 0.84727788305
37.638 0 0.847313233822
37.65 0 0.843722122777
37.666 0 0.845892884704
37.67 0 0.845892884704
37.675 0 0.845892884704
37.688 0 0.84907798634
37.701 0 0.854358808934
37.713 0 0.854358808934
37.718 0 0.854358808934
37.727 0 0.853680932385
37.738 0 0.855800487126
37.754 0 0.855783038811
37.76 0 0.855783038811
37.767 0 0.859246885508
37.776 0 0.858514071892
37.785 0 0.863824321098
37.797 0 0.864752845246
37.81 0 0.867362626197
37.817 0 0.869369270243
37.828 0 0.871724840672
37.837 0 0.872303575138
37.851 0 0.871575941498
37.861 0 0.870956207874
37.868 0 0.870716562706
37.877 0 0.868909635947
37.885 0 0.867535807966
37.895 0 0.866837558237
37.906 0 0.867481168059
37.915 0 0.867715303986
37.928 0 0.868016633264
37.938 0 0.867147787207
37.946 0 0.867105924067
37.959 0 0.866347168828
37.968 0 0.866077533365
37.976 0 0.865566117244
37.987 0 0.86525591305
38.0 0 0.863969336949
38.01 0 0.863869419485
38.018 0 0.863334041402
38.026 0 0.863069899281
38.036 0 0.861694333721
38.048 0 0.860407949112
38.059 0 0.859208684969
38.066 0 0.858260852904
38.076 0 0.856285901567
38.085 0 0.854219031978
38.097 0 0.853797510058
38.105 0 0.852924414143
38.117 0 0.85134239983
38.127 0 0.849950977158
38.138 0 0.84740056749
38.153 0 0.846703608122
38.161 0 0.845895263078
38.168 0 0.845424362736
38.177 0 0.845957444212
38.188 0 0.84561208294
38.197 0 0.845850972701
38.205 0 0.843953692642
38.216 0 0.841770285344
38.226 0 0.838115310429
38.245 0 0.836475510134
38.253 0 0.836519736975
38.26 0 0.836870369425
38.265 0 0.836870369425
38.277 0 0.836362893603
38.297 0 0.836768317261
38.307 0 0.835607666296
38.316 0 0.834844287534
38.325 0 0.834310824149
38.334 0 0.833750242306
38.345 0 0.837270015609
38.355 0 0.840076040106
38.364 0 0.840166954209
38.384 0 0.843351934726
38.388 0 0.842411703391
38.399 0 0.84236665519
38.408 0 0.842904900625
38.426 0 0.840265907204
38.438 0 0.842213187924
38.446 0 0.843014108333
38.448 0 0.845522756512
38.456 0 0.844009745364
38.468 0 0.849371298048
38.475 0 0.849371298048
38.485 0 0.848683838683
38.49 0 0.851515167315
38.501 0 0.857826979139
38.511 0 0.857826979139
38.519 0 0.857586665271
38.531 0 0.857863305545
38.538 0 0.85811454146
38.552 0 0.860400902118
38.575 0 0.862369790586
38.58 0 0.862891864906
38.586 0 0.862260519122
38.596 0 0.861642154733
38.606 0 0.867385809267
38.625 0 0.869155696544
38.63 0 0.869411099172
38.638 0 0.869499574468
38.646 0 0.868295824484
38.658 0 0.867265125558
38.671 0 0.86656838085
38.677 0 0.866847962065
38.688 0 0.866931499763
38.698 0 0.868328029999
38.714 0 0.867464293888
38.72 0 0.866685203338
38.728 0 0.866507239654
38.739 0 0.865991911246
38.752 0 0.86424299085
38.767 0 0.864066578974
38.775 0 0.861993026854
38.786 0 0.859934243607
38.792 0 0.857142868075
38.807 0 0.855447725179
38.819 0 0.854256155137
38.83 0 0.853461395731
38.837 0 0.852542846849
38.856 0 0.847306609822
38.866 0 0.845975810712
38.872 0 0.845132271317
38.882 0 0.844892595589
38.901 0 0.844030484394
38.913 0 0.840727534875
38.923 0 0.840320890685
38.937 0 0.840344542078
38.944 0 0.841714470604
38.958 0 0.842699464437
38.958 0 0.843069543142
38.974 0 0.845007970683
38.995 0 0.845486061648
39.006 0 0.845363336419
