time index height
0.0 0 0.0
0.026 0 0.0268561416928
0.028 0 0.0268561416928
0.036 0 0.0278540000528
0.045 0 0.0308090875778
0.056 0 0.0342391193633
0.065 0 0.0382392207681
0.075 0 0.0446159273402
0.085 0 0.0498003131617
0.096 0 0.0545627911807
0.105 0 0.0586363359312
0.116 0 0.0637412358402
0.122 0 0.0661242868529
0.134 0 0.0725058760551
0.145 0 0.0765413790472
0.155 0 0.0806327262071
0.166 0 0.0829937473018
0.174 0 0.0843387557933
0.184 0 0.0854475573971
0.195 0 0.0868888217453
0.2 0 0.0870358009248
0.213 0 0.0862314393239
0.23 0 0.0853745666087
0.237 0 0.0846510575197
0.245 0 0.0836799477191
0.253 0 0.0820092248415
0.265 0 0.0777841474401
0.273 0 0.0753748555716
0.286 0 0.0720230681357
0.296 0 0.0695692794566
0.305 0 0.0665095576125
0.317 0 0.0656640754176
0.323 0 0.0649879040767
0.333 0 0.0638416716006
0.341 0 0.062418864373
0.354 0 0.0591072925399
0.366 0 0.0550544106462
0.373 0 0.0517417467518
0.381 0 0.047735088765
0.393 0 0.0410700371138
0.4 0 0.0350448293568
0.413 0 0.0312679282586
0.422 0 0.0300717398297
0.432 0 0.029823324461
0.443 0 0.0301690122066
0.459 0 0.0318848324906
0.465 0 0.0331544197689
0.473 0 0.0339486621414
0.483 0 0.0353302556053
0.494 0 0.0360438140046
0.505 0 0.0362833733196
0.515 0 0.0363703286747
0.523 0 0.0362852272106
0.534 0 0.0360876838147
0.547 0 0.0355091424003
0.562 0 0.0360345222649
0.57 0 0.0368018274984
0.577 0 0.0375347203122
0.584 0 0.03847001315
0.594 0 0.0392599207312
0.612 0 0.0404147637347
0.622 0 0.0407527450185
0.627 0 0.0408937441703
0.634 0 0.0409745810884
0.648 0 0.0413041012869
0.656 0 0.0414073719281
0.663 0 0.0413676740527
0.674 0 0.0415015621743
0.685 0 0.0415798170476
0.694 0 0.0418331337033
0.709 0 0.0417059208796
0.719 0 0.0416969483535
0.726 0 0.0417298824998
0.734 0 0.0418842251478
0.745 0 0.0418545021134
0.754 0 0.041663198685
0.764 0 0.0416737190373
0.775 0 0.0416214445138
0.786 0 0.0410544188103
0.802 0 0.0406692172512
0.81 0 0.0405312602446
0.819 0 0.0406086593461
0.831 0 0.0401587420626
0.845 0 0.0396252794491
0.852 0 0.0395287851887
0.86 0 0.0396227666343
0.869 0 0.0394017264289
0.874 0 0.0390337608109
0.883 0 0.0387702884558
0.894 0 0.0380776155467
0.905 0 0.0377342068042
0.914 0 0.038283608437
0.926 0 0.0399546880399
0.936 0 0.0419460022042
0.943 0 0.0431826006728
0.954 0 0.0449914400783
0.965 0 0.0474329550493
0.977 0 0.0503083819201
0.992 0 0.0512994854119
0.998 0 0.0521894778058
1.007 0 0.0525815359827
1.015 0 0.0529057895837
1.026 0 0.0534739096729
1.034 0 0.053813057089
1.042 0 0.0539299102399
1.055 0 0.0539753670694
1.066 0 0.053965863921
1.072 0 0.0544215273017
1.083 0 0.0549258675873
1.093 0 0.0551676318254
1.102 0 0.0552578822736
1.113 0 0.0552359364513
1.122 0 0.0552746616113
1.134 0 0.0556269687635
1.145 0 0.0559525672363
1.155 0 0.0562053566338
1.165 0 0.0564702074523
1.179 0 0.0570009780055
1.185 0 0.0570352343461
1.195 0 0.0566093581833
1.206 0 0.0560393631579
1.215 0 0.0547336750712
1.23 0 0.0530410226402
1.24 0 0.0515748980536
1.249 0 0.051255056421
1.257 0 0.0509428271294
1.268 0 0.0503767788
1.287 0 0.050085487833
1.291 0 0.0497224968589
1.303 0 0.0491137109843
1.318 0 0.0469803405425
1.339 0 0.046638597721
1.35 0 0.0469509361886
1.355 0 0.0469477324501
1.37 0 0.0467750021242
1.378 0 0.0463503134833
1.388 0 0.0459059275811
1.402 0 0.0460582112317
1.418 0 0.0466889696057
1.427 0 0.0474387423893
1.438 0 0.0484503092908
1.452 0 0.0497138138886
1.463 0 0.0503862850473
1.472 0 0.0510384006332
1.482 0 0.0519140454278
1.488 0 0.0522151785044
1.506 0 0.0523013993723
1.515 0 0.0523510417073
1.521 0 0.0524364447449
1.534 0 0.0529401090075
1.542 0 0.053232988089
1.556 0 0.0531551357202
1.563 0 0.0531551357202
1.571 0 0.0531551357202
1.58 0 0.0553647300216
1.594 0 0.0563125449178
1.61 0 0.0568239241818
1.62 0 0.0573921918076
1.629 0 0.0574077262167
1.645 0 0.0574077262167
1.652 0 0.0566176547073
1.664 0 0.055914421948
1.672 0 0.0548762756643
1.681 0 0.0540726087871
1.691 0 0.0531903346345
1.713 0 0.0531903346345
1.725 0 0.0527266010626
1.744 0 0.0542238802458
1.761 0 0.0553072608706
1.768 0 0.0563907606604
1.777 0 0.0600184637057
1.793 0 0.0629412035302
1.807 0 0.0659760046154
1.816 0 0.0681518696392
1.837 0 0.0692631002955
1.847 0 0.070076781432
1.859 0 0.0708244111596
1.869 0 0.0710354956327
1.889 0 0.071313342591
1.899 0 0.0716153378165
1.906 0 0.0718020892312
1.911 0 0.0720808623206
1.926 0 0.0721009081809
1.935 0 0.0721009081809
1.941 0 0.0721009081809
1.952 0 0.0724445123992
1.975 0 0.0735298823749
1.985 0 0.0741352845627
1.995 0 0.0743497726125
2.004 0 0.074580071404
2.016 0 0.0746207438093
2.023 0 0.0746305987453
2.033 0 0.0741791510467
2.051 0 0.0741791510467
2.056 0 0.0728731532538
2.07 0 0.0723093439109
2.08 0 0.0710125658093
2.105 0 0.0697002106468
2.111 0 0.0697002106468
2.118 0 0.067992298985
2.141 0 0.0661489099852
2.149 0 0.0659263165897
2.158 0 0.0657190964654
2.174 0 0.0656155336822
2.185 0 0.065030493868
2.192 0 0.0646045992938
2.202 0 0.0636796441375
2.216 0 0.0613561552501
2.234 0 0.0603621658884
2.242 0 0.0603621658884
2.256 0 0.0625039096525
2.272 0 0.0636060046114
2.281 0 0.0636060046114
2.287 0 0.0651740530105
2.299 0 0.0657201548235
2.306 0 0.0657736187495
2.319 0 0.0657736187495
2.323 0 0.0662877744281
2.337 0 0.0662877744281
2.344 0 0.0662877744281
2.354 0 0.068193276102
2.365 0 0.06861662022
2.377 0 0.0686595983773
2.388 0 0.0699384299581
2.407 0 0.0712735191631
2.416 0 0.0731519597464
2.426 0 0.0755408130955
2.441 0 0.0777939140249
2.448 0 0.0779024533786
2.455 0 0.0794708786235
2.463 0 0.0814147932087
2.474 0 0.0832252720031
2.49 0 0.0848559075177
2.504 0 0.0859435297621
2.512 0 0.086095708887
2.524 0 0.0874298762813
2.535 0 0.0880379452521
2.552 0 0.088960954659
2.561 0 0.0895177900307
2.569 0 0.0897836325221
2.577 0 0.0897344220036
2.587 0 0.0908493099716
2.607 0 0.0908864563398
2.613 0 0.0908864563398
2.619 0 0.0918556826322
2.638 0 0.0927754444007
2.646 0 0.0927754444007
2.651 0 0.0927754444007
2.657 0 0.0927754444007
2.663 0 0.0939805960313
2.678 0 0.0939012036142
2.688 0 0.0937925499837
2.694 0 0.0939666822025
2.705 0 0.0940094621203
2.715 0 0.0935796932324
2.727 0 0.0932206004064
2.742 0 0.0929791997188
2.753 0 0.0934633562833
2.761 0 0.0935819317451
2.774 0 0.0941063404012
2.788 0 0.0943705369744
2.794 0 0.0946437812241
2.806 0 0.0945892028906
2.818 0 0.0933524311138
2.836 0 0.09299751672
2.844 0 0.09299751672
2.854 0 0.0922025165343
2.866 0 0.0918800877504
2.878 0 0.091871855302
2.883 0 0.0916605216609
2.893 0 0.090747471429
2.907 0 0.0903869928739
2.912 0 0.0900185477359
2.923 0 0.0891643617208
2.936 0 0.0869659026543
2.957 0 0.0855264935035
2.965 0 0.0845835129597
2.974 0 0.084422142508
2.983 0 0.0841969208025
2.998 0 0.0841811607101
3.012 0 0.084409199554
3.026 0 0.0849525230902
3.033 0 0.0864994242498
3.051 0 0.0894341003189
3.064 0 0.0907520901063
3.08 0 0.0925792398268
3.096 0 0.0938722615625
3.105 0 0.0938722615625
3.111 0 0.098485620868
3.129 0 0.103118299141
3.143 0 0.10476609812
3.157 0 0.106742217674
3.167 0 0.109018692568
3.175 0 0.112428655875
3.193 0 0.11430934316
3.204 0 0.114488265032
3.214 0 0.116546258408
3.234 0 0.116731091052
3.241 0 0.11849491648
3.248 0 0.118243796884
3.267 0 0.119204628233
3.275 0 0.119989680181
3.289 0 0.120656331428
3.303 0 0.122550925873
3.321 0 0.123371586917
3.329 0 0.12370248934
3.341 0 0.124246444599
3.359 0 0.125030228067
3.377 0 0.12570494521
3.382 0 0.12570494521
3.399 0 0.125984960933
3.413 0 0.125823018402
3.425 0 0.12527047574
3.442 0 0.124970160426
3.453 0 0.125077970606
3.465 0 0.125713381933
3.477 0 0.126081062606
3.491 0 0.126459083345
3.505 0 0.126794005465
3.515 0 0.127470614905
3.53 0 0.128148651107
3.538 0 0.128800485872
3.548 0 0.129581430688
3.558 0 0.13046450291
3.574 0 0.133090587318
3.597 0 0.135387405886
3.604 0 0.137473112795
3.617 0 0.138488471917
3.625 0 0.13899869819
3.635 0 0.140354182045
3.657 0 0.140296123046
3.666 0 0.140937446615
3.681 0 0.141717439053
3.703 0 0.14192887457
3.712 0 0.142256653693
3.722 0 0.142185155001
3.734 0 0.142722760002
3.752 0 0.143282078285
3.758 0 0.143282078285
3.768 0 0.144636973418
3.779 0 0.144822518365
3.784 0 0.144822518365
3.798 0 0.145684971622
3.802 0 0.145655832148
3.814 0 0.146043800631
3.82 0 0.145782817482
3.831 0 0.146080496642
3.845 0 0.146727078977
3.852 0 0.147114702026
3.862 0 0.147704779897
3.869 0 0.148835757525
3.875 0 0.148699154059
3.884 0 0.150279535519
3.897 0 0.151217048888
3.907 0 0.153254873708
3.919 0 0.156375942012
3.933 0 0.156994399151
3.938 0 0.159197905551
3.951 0 0.159197905551
3.958 0 0.159197905551
3.965 0 0.16231347597
3.986 0 0.166360853179
3.995 0 0.166875001648
4.005 0 0.167766023085
4.015 0 0.169786606953
4.03 0 0.172172597352
4.04 0 0.172613646683
4.05 0 0.175215905629
4.07 0 0.175582420559
4.076 0 0.175582420559
4.083 0 0.177615619005
4.094 0 0.177741986938
4.107 0 0.178181464293
4.118 0 0.178181464293
4.125 0 0.180355306086
4.135 0 0.181336546278
4.148 0 0.181767385766
4.163 0 0.181767385766
4.171 0 0.181767385766
4.187 0 0.181313171785
4.21 0 0.179537199646
4.224 0 0.178976135745
4.225 0 0.178854030635
4.233 0 0.177446598705
4.249 0 0.177324959942
4.254 0 0.177029771553
4.265 0 0.176816052485
4.279 0 0.176566109669
4.297 0 0.176444511138
4.304 0 0.176602112123
4.315 0 0.176918192374
4.336 0 0.177264673614
4.343 0 0.177264673614
4.349 0 0.177264673614
4.363 0 0.177587284563
4.378 0 0.177742036374
4.386 0 0.177742036374
4.396 0 0.178005218893
4.404 0 0.177690936931
4.419 0 0.177690936931
4.43 0 0.176932570721
4.443 0 0.176191710018
4.452 0 0.175646315027
4.464 0 0.174229798888
4.478 0 0.173293981822
4.492 0 0.172836825627
4.504 0 0.172931999394
4.517 0 0.172458349292
4.531 0 0.172075911907
4.544 0 0.17194438278
4.56 0 0.171699854017
4.568 0 0.172028680022
4.579 0 0.172308109914
4.585 0 0.172308109914
4.592 0 0.174136319202
4.61 0 0.17399831405
4.617 0 0.17399831405
4.623 0 0.174681174404
4.634 0 0.174609281981
4.658 0 0.175350039553
4.672 0 0.176596976581
4.679 0 0.176241009533
4.688 0 0.178249843158
4.706 0 0.178240448206
4.718 0 0.179968483664
4.726 0 0.18081989423
4.736 0 0.181921911154
4.751 0 0.182288744517
4.762 0 0.182462152888
4.772 0 0.183920862355
4.786 0 0.184591957027
4.793 0 0.184523607307
4.805 0 0.184953204075
4.816 0 0.186561354874
4.827 0 0.186110548289
4.84 0 0.186366060339
4.845 0 0.186705369338
4.856 0 0.186943729974
4.866 0 0.188296605747
4.873 0 0.188217073007
4.892 0 0.188237238528
4.898 0 0.188237238528
4.907 0 0.188451728015
4.915 0 0.18986621473
4.938 0 0.191071975321
4.953 0 0.191647979921
4.963 0 0.192230905314
4.969 0 0.192638684354
4.985 0 0.192749160454
4.991 0 0.19282842784
5.005 0 0.192919898983
5.015 0 0.19272749735
5.026 0 0.192805890415
5.036 0 0.192494883123
5.05 0 0.191886969416
5.064 0 0.191559686824
5.081 0 0.191377189795
5.089 0 0.191841246786
5.111 0 0.192414223409
5.123 0 0.192559700965
5.134 0 0.193534695226
5.143 0 0.194941334405
5.157 0 0.195815563221
5.169 0 0.195495901499
5.18 0 0.195398690272
5.19 0 0.195895293219
5.211 0 0.196772033733
5.222 0 0.196854653965
5.231 0 0.196446809526
5.249 0 0.195926809909
5.259 0 0.197121908629
5.275 0 0.197789135034
5.297 0 0.198005021486
5.309 0 0.197919244776
5.324 0 0.197704863039
5.334 0 0.198138341878
5.35 0 0.198243182689
5.359 0 0.198243182689
5.369 0 0.194724379725
5.383 0 0.193729667874
5.396 0 0.193729667874
5.408 0 0.184570866207
5.419 0 0.183603916317
5.428 0 0.18177340136
5.448 0 0.178132934254
5.46 0 0.178101192327
5.468 0 0.178322445888
5.476 0 0.17729123523
5.481 0 0.179518821284
5.497 0 0.179570554016
5.507 0 0.180444668122
5.518 0 0.183390390547
5.526 0 0.184310701097
5.538 0 0.184310701097
5.542 0 0.184310701097
5.549 0 0.190514243348
5.56 0 0.191416637231
5.568 0 0.192109636246
5.58 0 0.192593279987
5.592 0 0.192704611543
5.602 0 0.192951906955
5.611 0 0.192065202175
5.628 0 0.191889152713
5.636 0 0.192255497647
5.65 0 0.189553792181
5.662 0 0.18814721524
5.67 0 0.186653788461
5.685 0 0.185938218492
5.69 0 0.185938218492
5.702 0 0.180498309732
5.71 0 0.177660896149
5.729 0 0.171676305949
5.741 0 0.168670616783
5.752 0 0.163476385038
5.771 0 0.159901396781
5.785 0 0.153524961121
5.795 0 0.153524961121
5.808 0 0.146232280851
5.824 0 0.143659215105
5.837 0 0.142112034181
5.845 0 0.140212080242
5.857 0 0.138805207779
5.868 0 0.135367234608
5.886 0 0.134361475157
5.895 0 0.133850369449
5.903 0 0.133866112886
5.919 0 0.133779688291
5.927 0 0.133779688291
5.937 0 0.132736960732
5.945 0 0.133007135581
5.956 0 0.133824470276
5.968 0 0.133824470276
5.973 0 0.133824470276
5.986 0 0.135280142602
5.996 0 0.136326173451
6.014 0 0.138164401261
6.021 0 0.138164401261
6.03 0 0.14016758383
6.039 0 0.140779052442
6.052 0 0.143868316867
6.067 0 0.144935713061
6.076 0 0.147914373227
6.085 0 0.150282013252
6.11 0 0.150282013252
6.117 0 0.154481281957
6.131 0 0.156089644032
6.14 0 0.158141712961
6.158 0 0.158510377928
6.168 0 0.160520165001
6.18 0 0.159298863484
6.196 0 0.158229443033
6.204 0 0.158229443033
6.213 0 0.157622882203
6.223 0 0.156784172648
6.231 0 0.154010981852
6.253 0 0.151775805437
6.261 0 0.150020202223
6.269 0 0.1504684276
6.278 0 0.150232499305
6.296 0 0.148875762397
6.31 0 0.150085230578
6.317 0 0.151139714209
6.334 0 0.157241768919
6.343 0 0.157241768919
6.351 0 0.160371734423
6.357 0 0.160962398434
6.369 0 0.165765787039
6.381 0 0.170895925866
6.392 0 0.173376032468
6.402 0 0.176097657046
6.409 0 0.177552350176
6.421 0 0.179794326535
6.44 0 0.179708902657
6.449 0 0.179386008972
6.46 0 0.179303584877
6.481 0 0.177623322279
6.495 0 0.176918776322
6.506 0 0.175230649403
6.512 0 0.174868036278
6.529 0 0.17176505589
6.538 0 0.168529668765
6.549 0 0.164623278246
6.566 0 0.161036633204
6.574 0 0.157902279634
6.585 0 0.15569090718
6.593 0 0.153439133608
6.601 0 0.15307281616
6.611 0 0.151299120618
6.613 0 0.149632546638
6.624 0 0.147563097724
6.639 0 0.141969328824
6.649 0 0.139819720348
6.659 0 0.13735910677
6.665 0 0.135551934709
6.685 0 0.134192172766
6.696 0 0.132322141366
6.7 0 0.132208936251
6.711 0 0.132827510789
6.725 0 0.133839057134
6.736 0 0.134165467732
6.743 0 0.134334949769
6.753 0 0.134323409035
6.764 0 0.134507610988
6.786 0 0.135803711121
6.793 0 0.136396682466
6.805 0 0.136809855761
6.831 0 0.137543260769
6.84 0 0.138073713188
6.854 0 0.13833015152
6.872 0 0.138201610371
6.883 0 0.138693645483
6.893 0 0.138427617208
6.899 0 0.138386073441
6.911 0 0.137488809532
6.924 0 0.137011610364
6.937 0 0.136422223766
6.95 0 0.137673132588
6.962 0 0.13743922509
6.973 0 0.13680594819
6.981 0 0.137679161597
6.992 0 0.137952156318
7.015 0 0.138256201178
7.021 0 0.14028395547
7.031 0 0.140581167052
7.037 0 0.141744895071
7.056 0 0.142735574088
7.065 0 0.142735574088
7.071 0 0.142735574088
7.086 0 0.145671407321
7.1 0 0.146508833512
7.114 0 0.146927927519
7.12 0 0.146927927519
7.131 0 0.150971639919
7.149 0 0.152519101425
7.159 0 0.158695619675
7.167 0 0.160063834987
7.177 0 0.163545317851
7.192 0 0.164697861171
7.203 0 0.165957554473
7.209 0 0.167255265147
7.221 0 0.167181840191
7.235 0 0.168057643824
7.241 0 0.168854697777
7.253 0 0.169711082997
7.263 0 0.16947077936
7.281 0 0.168126463618
7.291 0 0.168743086987
7.305 0 0.168795910942
7.314 0 0.168712703882
7.324 0 0.16780529222
7.334 0 0.167215859193
7.345 0 0.166503112909
7.353 0 0.166135188074
7.361 0 0.164979697489
7.378 0 0.16400040152
7.39 0 0.16400040152
7.396 0 0.16400040152
7.412 0 0.15810386638
7.423 0 0.154664763984
7.433 0 0.151282514445
7.444 0 0.149750280136
7.453 0 0.146326536304
7.464 0 0.14493893299
7.473 0 0.142317352555
7.487 0 0.141595454265
7.501 0 0.14166481087
7.521 0 0.142231132867
7.531 0 0.143215085618
7.54 0 0.144099480556
7.548 0 0.145278702962
7.568 0 0.145388826563
7.579 0 0.145001838813
7.59 0 0.14445201316
7.606 0 0.14445201316
7.618 0 0.1444461369
7.629 0 0.144570513178
7.639 0 0.144610684804
7.649 0 0.144261520918
7.661 0 0.14390527392
7.666 0 0.144106842716
7.676 0 0.144609956327
7.686 0 0.145013613275
7.705 0 0.147856564092
7.718 0 0.149305949809
7.728 0 0.15183011515
7.742 0 0.153048715607
7.757 0 0.15484420174
7.768 0 0.153904051459
7.782 0 0.153985294963
7.805 0 0.152593967564
7.812 0 0.15293232771
7.821 0 0.15297164516
7.839 0 0.154316503888
7.851 0 0.156365526583
7.856 0 0.157187654071
7.866 0 0.159005763772
7.881 0 0.161686518915
7.897 0 0.163786269976
7.908 0 0.162761217243
7.916 0 0.165856901234
7.925 0 0.167731719692
7.932 0 0.169708575435
7.945 0 0.169708575435
7.952 0 0.169708575435
7.961 0 0.173922685762
7.974 0 0.175753949019
7.989 0 0.176895093261
7.997 0 0.176333236693
8.011 0 0.177733227269
8.023 0 0.17522794603
8.043 0 0.173913221493
8.052 0 0.174444185149
8.066 0 0.170421237456
8.078 0 0.167965888575
8.094 0 0.164965352048
8.103 0 0.163820828576
8.115 0 0.164343962354
8.128 0 0.164016154162
8.139 0 0.159679778711
8.146 0 0.159775027515
8.153 0 0.155842826965
8.171 0 0.153499366605
8.178 0 0.153499366605
8.183 0 0.153817349334
8.193 0 0.152887279897
8.213 0 0.152708031983
8.223 0 0.152482273306
8.233 0 0.152994527927
8.239 0 0.151503174599
8.254 0 0.150035110596
8.262 0 0.148164091856
8.272 0 0.148178220758
8.279 0 0.148646585265
8.289 0 0.147897194475
8.306 0 0.146950882823
8.32 0 0.147470873556
8.331 0 0.147460952852
8.34 0 0.147495763873
8.351 0 0.148970729913
8.358 0 0.149641317547
8.372 0 0.150063117516
8.38 0 0.150392383673
8.399 0 0.151018384458
8.408 0 0.151192207563
8.417 0 0.150992492473
8.427 0 0.150843419788
8.436 0 0.150610144738
8.443 0 0.150767407728
8.448 0 0.150767407728
8.457 0 0.151600288018
8.469 0 0.152671482547
8.482 0 0.153404295054
8.489 0 0.153404295054
8.505 0 0.154607448247
8.514 0 0.155976159002
8.527 0 0.155976159002
8.532 0 0.155976159002
8.542 0 0.157878288342
8.554 0 0.159356095183
8.568 0 0.16075834619
8.579 0 0.161388369643
8.588 0 0.161997207028
8.594 0 0.163647329691
8.599 0 0.163380921492
8.61 0 0.164697419646
8.623 0 0.165646799939
8.638 0 0.168063889083
8.648 0 0.168590172215
8.658 0 0.17083760551
8.658 0 0.169435583116
8.672 0 0.169435583116
8.681 0 0.172458074224
8.692 0 0.173683969896
8.698 0 0.173683969896
8.705 0 0.181002851866
8.72 0 0.182946843878
8.728 0 0.185161810188
8.734 0 0.187674256969
8.743 0 0.190316935995
8.757 0 0.194132516486
8.768 0 0.195569890579
8.778 0 0.197457391653
8.787 0 0.198939094392
8.795 0 0.199600103558
8.809 0 0.200001503517
8.825 0 0.19856907577
8.834 0 0.19706408446
8.845 0 0.193833733144
8.853 0 0.190889484157
8.865 0 0.188066008048
8.877 0 0.185333442269
8.886 0 0.182167878467
8.904 0 0.177364994128
8.916 0 0.176356300699
8.925 0 0.174223093507
8.939 0 0.172519150874
8.952 0 0.168461669802
8.965 0 0.165974628431
8.975 0 0.164280388762
8.979 0 0.164037777079
8.989 0 0.162512863304
9.0 0 0.162512863304
9.011 0 0.162434716203
9.021 0 0.164058569506
9.032 0 0.16576301768
9.045 0 0.166855924857
9.053 0 0.168599601293
9.066 0 0.170360720207
9.075 0 0.171690207661
9.091 0 0.173383069378
9.108 0 0.173445058361
9.116 0 0.173445058361
9.121 0 0.173445058361
9.141 0 0.172234760891
9.152 0 0.172178754275
9.164 0 0.172579536407
9.179 0 0.172596281579
9.192 0 0.172454146646
9.199 0 0.172301472894
9.206 0 0.171276660604
9.225 0 0.170693198263
9.235 0 0.169368026714
9.245 0 0.167121651576
9.256 0 0.166276130526
9.26 0 0.164706906576
9.269 0 0.161462500641
9.28 0 0.16047181785
9.287 0 0.160747871529
9.299 0 0.160564493017
9.314 0 0.159379338316
9.332 0 0.158786328643
9.341 0 0.158996026145
9.351 0 0.160299597267
9.368 0 0.160138434367
9.381 0 0.161332560404
9.39 0 0.164107558077
9.41 0 0.165267241374
9.415 0 0.165267241374
9.423 0 0.165267241374
9.433 0 0.171485723458
9.453 0 0.173935209841
9.469 0 0.177230272627
9.477 0 0.179380596642
9.486 0 0.180726701115
9.502 0 0.181288423207
9.51 0 0.181288423207
9.523 0 0.180497896744
9.534 0 0.180874518156
9.549 0 0.18191587415
9.561 0 0.184318997522
9.575 0 0.185932975809
9.592 0 0.186964528456
9.606 0 0.187353322907
9.613 0 0.188240315088
9.625 0 0.189252219805
9.641 0 0.188135038953
9.649 0 0.187287100157
9.659 0 0.185554366993
9.675 0 0.181611019619
9.685 0 0.178203587143
9.697 0 0.177861349601
9.708 0 0.175949317203
9.711 0 0.175154075344
9.724 0 0.173698676051
9.744 0 0.172102791609
9.754 0 0.171318447102
9.763 0 0.170819812988
9.774 0 0.168840275211
9.786 0 0.169039988452
9.798 0 0.170019900102
9.807 0 0.171019043786
9.818 0 0.17092444574
9.843 0 0.17046479775
9.854 0 0.173163981394
9.862 0 0.174300386953
9.871 0 0.1746387902
9.879 0 0.174633405857
9.892 0 0.174633405857
9.9 0 0.172716982848
9.913 0 0.171650342639
9.919 0 0.170653646932
9.934 0 0.170378420797
9.944 0 0.16978910556
9.955 0 0.168784445203
9.97 0 0.167201157928
9.979 0 0.166595045963
9.983 0 0.165542567028
9.994 0 0.164644538901
10.004 0 0.162857057855
10.019 0 0.159992912615
10.027 0 0.15943534904
10.037 0 0.160010003034
10.043 0 0.160514784074
10.057 0 0.160948430886
10.071 0 0.16169443626
10.088 0 0.163041697451
10.097 0 0.16447112672
10.114 0 0.166468539942
10.126 0 0.168884525993
10.138 0 0.169198837336
10.149 0 0.171620792977
10.157 0 0.173106630005
10.171 0 0.175341715711
10.182 0 0.175143155043
10.19 0 0.175939417496
10.201 0 0.178932366346
10.214 0 0.179308116167
10.222 0 0.177230172625
10.23 0 0.177252719533
10.242 0 0.176690090402
10.254 0 0.176991629647
10.262 0 0.179322207819
10.269 0 0.179015163081
10.278 0 0.185283211634
10.287 0 0.188168684542
10.295 0 0.187918486866
10.31 0 0.191222343283
10.318 0 0.191022853257
10.328 0 0.192362184195
10.336 0 0.193684063606
10.347 0 0.193678709078
10.357 0 0.194725224529
10.367 0 0.196253367808
10.374 0 0.196185924068
10.386 0 0.196376525216
10.401 0 0.196723501012
10.411 0 0.19606697721
10.421 0 0.194540385009
10.428 0 0.192486281092
10.447 0 0.191949505427
10.457 0 0.18906111023
10.467 0 0.186463135154
10.477 0 0.184980324217
10.487 0 0.183779399462
10.501 0 0.183844193754
10.51 0 0.183231227155
10.518 0 0.182084059463
10.53 0 0.18132461911
10.542 0 0.181303478385
10.551 0 0.180331613096
10.564 0 0.177106721241
10.579 0 0.177575542194
10.594 0 0.177231401742
10.604 0 0.176758368712
10.616 0 0.174771617977
10.63 0 0.174771617977
10.636 0 0.174771617977
10.643 0 0.17523936171
10.652 0 0.176210337578
10.661 0 0.176210337578
10.67 0 0.175383111377
10.683 0 0.175278028252
10.691 0 0.175480754816
10.704 0 0.175998543462
10.713 0 0.175998543462
10.72 0 0.175998543462
10.731 0 0.177996217758
10.753 0 0.179479571805
10.761 0 0.179922876168
10.773 0 0.179854724051
10.785 0 0.179116557736
10.806 0 0.179044310817
10.818 0 0.178350483123
10.828 0 0.179323786621
10.84 0 0.180327292073
10.852 0 0.181716061727
10.86 0 0.181716061727
10.863 0 0.181716061727
10.876 0 0.185132514643
10.893 0 0.18638054768
10.9 0 0.18638054768
10.91 0 0.190249424367
10.922 0 0.191918478466
10.94 0 0.19480254418
10.951 0 0.195762316465
10.963 0 0.196072958608
10.984 0 0.199545053821
10.991 0 0.200931849522
11.003 0 0.203353935444
11.023 0 0.205140944244
11.031 0 0.205140944244
11.043 0 0.209426217279
11.055 0 0.211579611606
11.063 0 0.211579611606
11.063 0 0.211579611606
11.07 0 0.211579611606
11.081 0 0.212670843906
11.09 0 0.212278990095
11.099 0 0.212308801018
11.113 0 0.209821979289
11.122 0 0.209266363257
11.131 0 0.208793697754
11.14 0 0.209341561941
11.158 0 0.210763327605
11.171 0 0.21178643004
11.181 0 0.212928207671
11.195 0 0.213995338673
11.213 0 0.214272659423
11.224 0 0.21430876562
11.233 0 0.212440274518
11.245 0 0.210345289836
11.258 0 0.208586769856
11.264 0 0.208586769856
11.276 0 0.208586769856
11.284 0 0.198340343154
11.299 0 0.196528465537
11.307 0 0.195416124463
11.314 0 0.193871276864
11.326 0 0.190951912796
11.35 0 0.188578806201
11.358 0 0.187728071337
11.374 0 0.188985507122
11.388 0 0.188985507122
11.397 0 0.188985507122
11.41 0 0.189492251678
11.421 0 0.189685757258
11.439 0 0.189594520931
11.453 0 0.190228061119
11.464 0 0.189221462482
11.487 0 0.189182424882
11.5 0 0.188829351992
11.507 0 0.189995717398
11.528 0 0.188449500463
11.544 0 0.187540639991
11.551 0 0.187649911811
11.563 0 0.187609559928
11.579 0 0.187863288049
11.589 0 0.187456234376
11.597 0 0.187456234376
11.608 0 0.187456234376
11.621 0 0.187994711636
11.635 0 0.189500587683
11.65 0 0.189500587683
11.669 0 0.195297464088
11.686 0 0.196082784203
11.693 0 0.196082784203
11.706 0 0.198609739621
11.719 0 0.199874507423
11.728 0 0.202188152867
11.74 0 0.206992458927
11.75 0 0.207650747877
11.765 0 0.207650747877
11.772 0 0.212492775836
11.784 0 0.21312033846
11.794 0 0.214011925969
11.801 0 0.214011925969
11.808 0 0.214011925969
11.819 0 0.221592472112
11.829 0 0.221592472112
11.837 0 0.225037596648
11.852 0 0.224350731995
11.864 0 0.223581738602
11.871 0 0.228854229093
11.88 0 0.230715500995
11.887 0 0.232408239994
11.901 0 0.235469999213
11.91 0 0.235469999213
11.916 0 0.235469999213
11.926 0 0.232212734037
11.937 0 0.230747655599
11.948 0 0.230690149302
11.958 0 0.229934340905
11.967 0 0.227279265476
11.978 0 0.226491945369
11.996 0 0.222704259306
12.003 0 0.221516905976
12.011 0 0.220009886556
12.024 0 0.218119553324
12.036 0 0.216315123592
12.049 0 0.214981023001
12.062 0 0.213643851958
12.073 0 0.213006477414
12.083 0 0.212704080752
12.096 0 0.213479907985
12.106 0 0.213479907985
12.116 0 0.213479907985
12.124 0 0.213155215995
12.133 0 0.212233656623
12.146 0 0.210091845077
12.155 0 0.208479321176
12.165 0 0.204955099198
12.181 0 0.204003324652
12.189 0 0.203159925463
12.193 0 0.203312320043
12.206 0 0.204108342389
12.219 0 0.2045920067
12.231 0 0.205224596264
12.238 0 0.205640745057
12.249 0 0.206217327808
12.266 0 0.206052139868
12.279 0 0.206052139868
12.284 0 0.206052139868
12.294 0 0.206926818977
12.308 0 0.207310016923
12.32 0 0.209042457582
12.331 0 0.210632330801
12.339 0 0.21247207922
12.35 0 0.21427860531
12.363 0 0.215561286977
12.372 0 0.216556763931
12.375 0 0.217579940891
12.389 0 0.218958539392
12.4 0 0.220864834803
12.411 0 0.222070533766
12.418 0 0.222106979808
12.428 0 0.225772907256
12.435 0 0.228151050385
12.452 0 0.228151050385
12.464 0 0.232204359332
12.475 0 0.235053863988
12.489 0 0.238119869051
12.507 0 0.239773952532
12.514 0 0.243526611837
12.526 0 0.247496795798
12.536 0 0.249893447885
12.544 0 0.251176577181
12.565 0 0.251737384949
12.57 0 0.251737384949
12.577 0 0.250789128397
12.587 0 0.254901854718
12.603 0 0.252064653303
12.617 0 0.251948810421
12.624 0 0.252676641596
12.634 0 0.253128231341
12.642 0 0.254621070993
12.651 0 0.255431828353
12.658 0 0.257699835754
12.666 0 0.258322417873
12.676 0 0.260079324266
12.692 0 0.259976530257
12.701 0 0.259976530257
12.707 0 0.258416084464
12.719 0 0.257037727429
12.724 0 0.253968954298
12.738 0 0.251296345629
12.748 0 0.250137503068
12.757 0 0.25018474453
12.763 0 0.248940489334
12.779 0 0.249471111999
12.789 0 0.249442927016
12.797 0 0.248936588963
12.804 0 0.248632918311
12.814 0 0.247825934164
12.826 0 0.248049495503
12.836 0 0.24797957784
12.844 0 0.24726739844
12.858 0 0.246254531776
12.87 0 0.246733772489
12.876 0 0.247896186691
12.886 0 0.249420957809
12.899 0 0.248573920249
12.91 0 0.247430867668
12.919 0 0.245707503432
12.925 0 0.245539133813
12.937 0 0.244481768106
12.952 0 0.243420523754
12.961 0 0.241828817779
12.971 0 0.238774335999
12.985 0 0.237016197781
13.007 0 0.237462586633
13.014 0 0.237571278957
13.027 0 0.237071626225
13.033 0 0.237071626225
13.043 0 0.237071626225
13.058 0 0.236869931446
13.065 0 0.236953452912
13.076 0 0.237390802855
13.093 0 0.238241327371
13.102 0 0.239343228863
13.107 0 0.239886787808
13.115 0 0.240313043009
13.129 0 0.241861149666
13.136 0 0.242194856901
13.146 0 0.244176934238
13.155 0 0.24411671659
13.168 0 0.246525229363
13.175 0 0.248098129055
13.187 0 0.248499777359
13.196 0 0.25048109649
13.214 0 0.255536681951
13.221 0 0.257121678361
13.228 0 0.258012090416
13.237 0 0.260467908005
13.25 0 0.260467908005
13.258 0 0.269033581255
13.27 0 0.268772488077
13.276 0 0.269081634988
13.288 0 0.269296128328
13.31 0 0.270058441119
13.319 0 0.270058441119
13.326 0 0.270058441119
13.338 0 0.276704788548
13.345 0 0.282392106412
13.368 0 0.285065668277
13.376 0 0.285933845018
13.387 0 0.289935862504
13.402 0 0.287831799943
13.412 0 0.28795680532
13.422 0 0.285905827679
13.435 0 0.283829376167
13.448 0 0.279713557729
13.456 0 0.278637513203
13.464 0 0.27817028852
13.475 0 0.279894322179
13.488 0 0.27886564754
13.493 0 0.277776672148
13.505 0 0.276668648781
13.513 0 0.273621067613
13.535 0 0.272366978942
13.542 0 0.272366978942
13.548 0 0.265854056222
13.567 0 0.265386723818
13.577 0 0.263326071764
13.589 0 0.26189801266
13.604 0 0.259056624833
13.618 0 0.259056624833
13.628 0 0.252898928216
13.637 0 0.252481435229
13.646 0 0.251825127237
13.658 0 0.251825127237
13.666 0 0.253605318428
13.678 0 0.252832258203
13.687 0 0.252634291843
13.703 0 0.253874955401
13.711 0 0.253874955401
13.716 0 0.253874955401
13.727 0 0.254227663145
13.745 0 0.252157112498
13.76 0 0.252374019023
13.771 0 0.252225785379
13.78 0 0.252077959352
13.79 0 0.253254496216
13.806 0 0.254101818865
13.815 0 0.254185867319
13.826 0 0.255420987374
13.835 0 0.256437016079
13.854 0 0.258815228674
13.869 0 0.259241576234
13.876 0 0.259878731572
13.889 0 0.259449133957
13.914 0 0.25904113774
13.921 0 0.25904113774
13.936 0 0.260341961136
13.947 0 0.262049942059
13.958 0 0.262049942059
13.963 0 0.262049942059
13.977 0 0.266613059522
13.986 0 0.267588367512
13.995 0 0.269527549155
14.008 0 0.273384255964
14.018 0 0.273803259095
14.03 0 0.279251236052
14.036 0 0.28054776014
14.047 0 0.281878941963
14.062 0 0.284451556263
14.079 0 0.286528374364
14.088 0 0.284805259502
14.097 0 0.286960228391
14.104 0 0.287130380083
14.119 0 0.286302455322
14.129 0 0.287967563737
14.137 0 0.295228259619
14.148 0 0.294129824148
14.16 0 0.300878130438
14.17 0 0.303589582822
14.18 0 0.306109205857
14.19 0 0.31533916285
14.205 0 0.317387987659
14.223 0 0.318773246068
14.229 0 0.318773246068
14.237 0 0.3246371274
14.248 0 0.3240483019
14.265 0 0.323388211292
14.267 0 0.323388211292
14.278 0 0.320931926528
14.287 0 0.3203406641
14.301 0 0.317443466046
14.311 0 0.315597596423
14.321 0 0.313815557583
14.333 0 0.309593895558
14.353 0 0.304890786139
14.371 0 0.301663430387
14.379 0 0.298873610176
14.389 0 0.296482876485
14.399 0 0.291449274917
14.41 0 0.288275563854
14.42 0 0.285470539964
14.431 0 0.283736327998
14.444 0 0.283869265944
14.452 0 0.283588296471
14.464 0 0.282855381139
14.473 0 0.282399885556
14.482 0 0.282025182378
14.498 0 0.281985307545
14.503 0 0.280878809662
14.517 0 0.279331367332
14.528 0 0.27892083321
14.547 0 0.278543812852
14.553 0 0.278543812852
14.56 0 0.279662781364
14.572 0 0.279989267183
14.573 0 0.279989267183
14.59 0 0.279989267183
14.598 0 0.280043303266
14.601 0 0.280425247869
14.61 0 0.280714039165
14.622 0 0.281835181618
14.637 0 0.282187675954
14.643 0 0.28162033865
14.651 0 0.280966662006
14.661 0 0.279522527839
14.674 0 0.278414942041
14.692 0 0.279046948593
14.701 0 0.279839304159
14.708 0 0.280586581338
14.72 0 0.281398876174
14.729 0 0.28266905065
14.736 0 0.283315981824
14.747 0 0.283811321782
14.75 0 0.284454620964
14.757 0 0.284331618839
14.78 0 0.287055695779
14.79 0 0.289839202969
14.813 0 0.292153250042
14.827 0 0.296545836085
14.84 0 0.301489718617
14.861 0 0.299676268065
14.867 0 0.299676268065
14.874 0 0.301167667902
14.887 0 0.303201834196
14.896 0 0.307151714591
14.907 0 0.30961248036
14.913 0 0.310676844823
14.925 0 0.310676844823
14.931 0 0.310676844823
14.943 0 0.324621136837
14.954 0 0.330118088922
14.963 0 0.332790343959
14.973 0 0.333350009109
14.981 0 0.333350009109
14.992 0 0.334375074513
15.005 0 0.335914592504
15.005 0 0.334467654529
15.013 0 0.33613439518
15.028 0 0.336465779462
15.041 0 0.337745437227
15.052 0 0.339361465598
15.065 0 0.338464379434
15.079 0 0.337888493372
15.084 0 0.337888493372
15.093 0 0.337888493372
15.105 0 0.33777344963
15.114 0 0.337901880485
15.122 0 0.337360392553
15.131 0 0.336508165343
15.132 0 0.336013793101
15.145 0 0.336013793101
15.153 0 0.336013793101
15.162 0 0.333089200532
15.176 0 0.332823859556
15.185 0 0.331182344183
15.192 0 0.328436052819
15.213 0 0.325648913175
15.222 0 0.324407988094
15.233 0 0.324261320756
15.251 0 0.32578266663
15.26 0 0.325853208472
15.271 0 0.32509527058
15.277 0 0.323587173808
15.286 0 0.323031212908
15.308 0 0.323484150046
15.318 0 0.323699708585
15.324 0 0.323892944145
15.336 0 0.324268528516
15.362 0 0.324582417474
15.373 0 0.324899204687
15.382 0 0.323692890592
15.404 0 0.322941586628
15.414 0 0.322065798563
15.425 0 0.32288460652
15.437 0 0.323957443261
15.454 0 0.325228959864
15.462 0 0.325714407883
15.472 0 0.324881214815
15.482 0 0.323957299066
15.5 0 0.323483452928
15.508 0 0.323483452928
15.513 0 0.323946048172
15.529 0 0.325689454429
15.542 0 0.325689454429
15.55 0 0.328882544302
15.561 0 0.331824376713
15.576 0 0.333715387356
15.587 0 0.333857448081
15.601 0 0.33604054716
15.607 0 0.334882063697
15.618 0 0.336080346599
15.624 0 0.336080346599
15.638 0 0.344467423043
15.647 0 0.344467423043
15.66 0 0.344467423043
15.679 0 0.344207075175
15.691 0 0.348407456283
15.699 0 0.345989020243
15.719 0 0.352380611346
15.726 0 0.352380611346
15.738 0 0.354989294038
15.746 0 0.357042568158
15.756 0 0.359261430331
15.767 0 0.357523891127
15.774 0 0.360729055871
15.786 0 0.3639572511
15.798 0 0.366959386627
15.81 0 0.368363825038
15.82 0 0.367220217088
15.828 0 0.368807284583
15.847 0 0.371300327945
15.858 0 0.371941646008
15.864 0 0.372891686727
15.883 0 0.372625519637
15.895 0 0.372625519637
15.905 0 0.369217336263
15.917 0 0.368766928828
15.925 0 0.366706041371
15.94 0 0.367049676263
15.955 0 0.367933836974
15.965 0 0.367163317089
15.973 0 0.367231716754
15.992 0 0.365002364726
16.005 0 0.364500345157
16.012 0 0.36417172357
16.019 0 0.36417172357
16.034 0 0.36029092334
16.045 0 0.358935034282
16.053 0 0.358283894921
16.065 0 0.35779143653
16.065 0 0.356639461901
16.079 0 0.356151557695
16.091 0 0.35342770979
16.1 0 0.351476894929
16.109 0 0.347827484674
16.121 0 0.340940897878
16.141 0 0.340537069504
16.147 0 0.340537069504
16.158 0 0.339068641594
16.173 0 0.339662078178
16.185 0 0.340006836262
16.191 0 0.340006836262
16.201 0 0.339603839675
16.213 0 0.339724600088
16.23 0 0.339417117145
16.239 0 0.339747911221
16.25 0 0.338948104965
16.263 0 0.33985832345
16.274 0 0.33985832345
16.282 0 0.341222195968
16.29 0 0.341396750131
16.299 0 0.342717628898
16.313 0 0.343136399177
16.32 0 0.343136399177
16.328 0 0.345868882711
16.34 0 0.346729919818
16.352 0 0.34821095231
16.364 0 0.34821095231
16.371 0 0.34821095231
16.382 0 0.355021873641
16.39 0 0.357456398025
16.407 0 0.362671299571
16.417 0 0.362671299571
16.426 0 0.362671299571
16.435 0 0.364831827271
16.447 0 0.371653902254
16.467 0 0.371653902254
16.472 0 0.371653902254
16.481 0 0.378056897913
16.492 0 0.375637233111
16.507 0 0.368932349404
16.514 0 0.37388052446
16.527 0 0.383883413172
16.537 0 0.380920366932
16.561 0 0.385809448618
16.568 0 0.388169370437
16.575 0 0.387670757048
16.588 0 0.388214825904
16.599 0 0.38656788684
16.61 0 0.380406615492
16.621 0 0.383131882334
16.637 0 0.391524176837
16.647 0 0.391524176837
16.655 0 0.39053492992
16.661 0 0.390445329037
16.678 0 0.390056583467
16.684 0 0.390056583467
16.691 0 0.390056583467
16.702 0 0.389712098451
16.709 0 0.38969518607
16.728 0 0.38969518607
16.732 0 0.38969518607
16.745 0 0.389131418327
16.751 0 0.388289096805
16.758 0 0.38758669697
16.77 0 0.386385129875
16.781 0 0.385168262628
16.787 0 0.384592609063
16.797 0 0.384592609063
16.804 0 0.384592609063
16.82 0 0.381393602175
16.835 0 0.380665277094
16.84 0 0.379453823159
16.852 0 0.378708128926
16.87 0 0.378307328169
16.877 0 0.378892665384
16.884 0 0.378311016465
16.894 0 0.377357359518
16.901 0 0.376947410013
16.908 0 0.375663659494
16.922 0 0.375356704696
16.931 0 0.376132074402
16.945 0 0.37538541607
16.968 0 0.375047859997
16.977 0 0.375713573309
16.986 0 0.377536296685
17.0 0 0.377536296685
17.008 0 0.379997119048
17.025 0 0.38121997559
17.04 0 0.381327421685
17.049 0 0.381327421685
17.052 0 0.381327421685
17.064 0 0.38461729745
17.08 0 0.385621359293
17.086 0 0.386341712597
17.101 0 0.386636915572
17.109 0 0.388859698374
17.129 0 0.391747253101
17.142 0 0.391750706005
17.148 0 0.391750706005
17.154 0 0.394603699392
17.172 0 0.399916713915
17.184 0 0.399800167286
17.187 0 0.399837319188
17.205 0 0.40318664954
17.222 0 0.401300085385
17.229 0 0.401300085385
17.235 0 0.403516624501
17.257 0 0.410205842577
17.269 0 0.410256246497
17.28 0 0.413557315755
17.29 0 0.41444989437
17.299 0 0.418784478213
17.314 0 0.418784478213
17.319 0 0.418784478213
17.328 0 0.422768260543
17.341 0 0.424834503511
17.354 0 0.427072459189
17.363 0 0.426039550831
17.374 0 0.427345164702
17.384 0 0.426422203196
17.392 0 0.428481752847
17.401 0 0.429250925961
17.41 0 0.430329189752
17.418 0 0.431249961706
17.436 0 0.431897875907
17.445 0 0.432197066711
17.454 0 0.431339111842
17.464 0 0.429982679742
17.472 0 0.428927132015
17.486 0 0.428927132015
17.493 0 0.427041005837
17.505 0 0.427075783649
17.511 0 0.425977428953
17.522 0 0.424260319792
17.536 0 0.421608579412
17.547 0 0.420965851304
17.559 0 0.420373788927
17.572 0 0.420702757083
17.594 0 0.420710340912
17.606 0 0.421836029489
17.621 0 0.42144298715
17.63 0 0.42144298715
17.634 0 0.42144298715
17.646 0 0.418690173342
17.66 0 0.414486986834
17.673 0 0.414486986834
17.679 0 0.414486986834
17.679 0 0.414486986834
17.688 0 0.404372993486
17.711 0 0.402733156075
17.715 0 0.402733156075
17.719 0 0.402733156075
17.736 0 0.401245932991
17.751 0 0.401517573231
17.754 0 0.401630230358
17.766 0 0.402357489808
17.773 0 0.403271309761
17.784 0 0.405338441368
17.791 0 0.405991092742
17.803 0 0.407254392447
17.81 0 0.407848477509
17.827 0 0.408013922053
17.841 0 0.408791963302
17.846 0 0.409317294557
17.857 0 0.411101634113
17.864 0 0.412634521466
17.871 0 0.413735644315
17.882 0 0.415756529924
17.893 0 0.416393144337
17.899 0 0.417733386931
17.909 0 0.420302064391
17.924 0 0.422223678977
17.937 0 0.422223678977
17.942 0 0.422223678977
17.955 0 0.426119484421
17.963 0 0.426782386838
17.977 0 0.431580455966
17.986 0 0.432652004661
17.986 0 0.432652004661
17.999 0 0.432652004661
18.01 0 0.445077583008
18.028 0 0.446246318941
18.034 0 0.444572301929
18.043 0 0.443445716648
18.052 0 0.444870259056
18.064 0 0.445241217703
18.071 0 0.445241217703
18.08 0 0.445241217703
18.091 0 0.453589625636
18.098 0 0.453654095066
18.11 0 0.455241205564
18.124 0 0.455525015331
18.132 0 0.457190489774
18.143 0 0.458435290221
18.16 0 0.458905887184
18.169 0 0.459537105312
18.182 0 0.459822499716
18.193 0 0.460509674949
18.203 0 0.460524389261
18.214 0 0.460385008867
18.235 0 0.459544262057
18.242 0 0.459274832992
18.252 0 0.458145095436
18.271 0 0.457658739025
18.278 0 0.457635946541
18.286 0 0.457455375404
18.294 0 0.457808553297
18.306 0 0.458993565845
18.318 0 0.458993565845
18.329 0 0.461775035223
18.333 0 0.461709897571
18.345 0 0.461791164411
18.355 0 0.461791164411
18.366 0 0.458764038318
18.374 0 0.458766753838
18.383 0 0.457075717861
18.392 0 0.457075717861
18.407 0 0.450280611899
18.416 0 0.448530417988
18.428 0 0.445291271163
18.439 0 0.439922094056
18.455 0 0.437476389524
18.465 0 0.43651087767
18.477 0 0.433383810853
18.485 0 0.431934435089
18.492 0 0.431178785062
18.499 0 0.430602745921
18.508 0 0.429241852082
18.518 0 0.429054053978
18.531 0 0.42921709519
18.547 0 0.430037816334
18.556 0 0.430794444971
18.564 0 0.431738200391
18.58 0 0.43203181663
18.588 0 0.432618968211
18.596 0 0.432924875878
18.606 0 0.433105552995
18.615 0 0.433462516119
18.622 0 0.433951220273
18.628 0 0.434194329369
18.634 0 0.434260594376
18.642 0 0.434827741225
18.659 0 0.435353886479
18.667 0 0.436663553702
18.675 0 0.438243537765
18.682 0 0.438994539441
18.691 0 0.438204031886
18.7 0 0.439566301233
18.71 0 0.439344212035
18.721 0 0.440208990774
18.733 0 0.44419806048
18.741 0 0.444271717581
18.752 0 0.449401400377
18.76 0 0.449503107763
18.77 0 0.454079040878
18.781 0 0.454011020608
18.791 0 0.454839687773
18.8 0 0.45458078337
18.811 0 0.452749521215
18.819 0 0.454815730995
18.827 0 0.458757466515
18.838 0 0.458064719113
18.85 0 0.461042556487
18.858 0 0.466460737053
18.869 0 0.468086142526
18.881 0 0.468086670926
18.891 0 0.469498171505
18.899 0 0.46943900776
18.909 0 0.468395337521
18.921 0 0.469145794423
18.929 0 0.46833741686
18.94 0 0.468773193396
18.95 0 0.471987506449
18.961 0 0.472693385356
18.971 0 0.472772234001
18.978 0 0.474218298132
18.991 0 0.474210485078
19.0 0 0.47591290726
19.01 0 0.47650202977
19.017 0 0.476876261715
19.032 0 0.476067508613
19.042 0 0.476272095
19.05 0 0.47649785834
19.061 0 0.475378281527
19.073 0 0.474350636065
19.08 0 0.473558485704
19.089 0 0.471927276938
19.099 0 0.470128006125
19.111 0 0.467449243354
19.121 0 0.465845926457
19.13 0 0.464481852627
19.141 0 0.463708998242
19.15 0 0.4627493456
19.16 0 0.462417196846
19.172 0 0.462417196846
19.18 0 0.462417196846
19.193 0 0.457111968665
19.199 0 0.455541773205
19.212 0 0.452449113173
19.223 0 0.451554996766
19.23 0 0.449346616018
19.239 0 0.447954894539
19.249 0 0.447358731854
19.262 0 0.446927053659
19.272 0 0.446927053659
19.279 0 0.446886076965
19.293 0 0.447169656376
19.315 0 0.447252407188
19.325 0 0.447666817558
19.333 0 0.447557629851
19.344 0 0.447416593505
19.359 0 0.447314637766
19.364 0 0.44753012667
19.374 0 0.448459914539
19.381 0 0.450416956352
19.389 0 0.450814774672
19.4 0 0.451309918528
19.417 0 0.451097207271
19.42 0 0.451097207271
19.429 0 0.451097207271
19.441 0 0.45241444594
19.46 0 0.453382349184
19.471 0 0.454114974301
19.48 0 0.454602570765
19.491 0 0.457073333739
19.504 0 0.459790119559
19.516 0 0.460095076343
19.529 0 0.462359887959
19.544 0 0.462359887959
19.551 0 0.462359887959
19.56 0 0.470344137523
19.571 0 0.475160664806
19.574 0 0.48160559169
19.595 0 0.484386256736
19.609 0 0.485952919524
19.619 0 0.49335643662
19.636 0 0.494483941162
19.65 0 0.495583133757
19.663 0 0.497489686615
19.672 0 0.498194750582
19.686 0 0.497696436961
19.697 0 0.496765097001
19.706 0 0.498079018892
19.72 0 0.496395942751
19.733 0 0.498887989003
19.742 0 0.498887989003
19.75 0 0.498887989003
19.762 0 0.504920637889
19.769 0 0.505519710321
19.78 0 0.506561991688
19.792 0 0.506607474784
19.8 0 0.506358731963
19.81 0 0.504194949452
19.824 0 0.503262949776
19.833 0 0.500344729385
19.847 0 0.500004001789
19.867 0 0.494945425756
19.876 0 0.491723667219
19.888 0 0.486833327932
19.904 0 0.485047012005
19.914 0 0.483133341186
19.92 0 0.483491400366
19.931 0 0.482874441047
19.939 0 0.482058614189
19.953 0 0.480814082191
19.962 0 0.478180242298
19.971 0 0.476972105112
19.982 0 0.474550926911
19.992 0 0.47233426711
20.004 0 0.469686217622
20.013 0 0.467793778792
20.022 0 0.465676223165
20.031 0 0.462771705121
20.041 0 0.460256826116
20.059 0 0.459931923874
20.066 0 0.458350971331
20.08 0 0.457526734351
20.099 0 0.458551257974
20.108 0 0.458923161108
20.116 0 0.458743606107
20.128 0 0.457830272376
20.136 0 0.457529180626
20.143 0 0.457174608625
20.153 0 0.457706206106
20.162 0 0.458701216004
20.179 0 0.461328834486
20.191 0 0.461328834486
20.197 0 0.461328834486
20.203 0 0.461328834486
20.222 0 0.462012020981
20.236 0 0.461413699342
20.242 0 0.461716687273
20.253 0 0.46369522082
20.261 0 0.466414988032
20.275 0 0.469813511903
20.284 0 0.47063585029
20.295 0 0.472427096588
20.3 0 0.476120555671
20.322 0 0.477622545044
20.333 0 0.479081443559
20.34 0 0.483593728722
20.348 0 0.484643045763
20.365 0 0.484188171109
20.377 0 0.485281792577
20.387 0 0.48387326979
20.403 0 0.489657348691
20.409 0 0.489657348691
20.417 0 0.488663731605
20.431 0 0.495813746455
20.447 0 0.501656084655
20.461 0 0.50426222426
20.469 0 0.505462961623
20.479 0 0.506775015341
20.496 0 0.506775015341
20.503 0 0.510652785728
20.51 0 0.51115213467
20.523 0 0.511009960485
20.53 0 0.511009960485
20.543 0 0.51829158842
20.553 0 0.519655237918
20.564 0 0.520584888921
20.572 0 0.520012774989
20.588 0 0.519123606116
20.592 0 0.518670567069
20.601 0 0.517838874267
20.605 0 0.517806004207
20.615 0 0.515124893976
20.629 0 0.513495720701
20.644 0 0.510889861498
20.65 0 0.508489384994
20.66 0 0.506469793858
20.672 0 0.503561413675
20.683 0 0.503561413675
20.695 0 0.502737816212
20.708 0 0.50377337812
20.723 0 0.504102984172
20.729 0 0.504223481245
20.738 0 0.504072435203
20.753 0 0.503574256601
20.761 0 0.504146667588
20.777 0 0.504812814795
20.785 0 0.504756716381
20.794 0 0.503946116505
20.803 0 0.502905418196
20.819 0 0.502670793032
20.824 0 0.502670793032
20.832 0 0.50201694518
20.845 0 0.502153999998
20.862 0 0.504005832745
20.88 0 0.504486362005
20.888 0 0.504938831327
20.898 0 0.505944442279
20.908 0 0.507858607113
20.925 0 0.51003916528
20.939 0 0.511563525237
20.956 0 0.513218360424
20.961 0 0.513218360424
20.97 0 0.513218360424
20.975 0 0.513218360424
20.986 0 0.517798370739
21.001 0 0.518625156997
21.011 0 0.518868680451
21.02 0 0.520178442397
21.029 0 0.520881591422
21.038 0 0.522001317362
21.055 0 0.522552896975
21.062 0 0.522275846262
21.071 0 0.52294477637
21.081 0 0.527309487909
21.096 0 0.527729427067
21.106 0 0.528212897535
21.114 0 0.528789248699
21.118 0 0.528789248699
21.131 0 0.530647464809
21.144 0 0.531222336277
21.151 0 0.531222336277
21.159 0 0.531222336277
21.165 0 0.531222336277
21.178 0 0.535394900788
21.197 0 0.539655309309
21.207 0 0.542490075442
21.233 0 0.539083605543
21.243 0 0.543792833548
21.256 0 0.545253717158
21.269 0 0.544361202404
21.282 0 0.552014577146
21.29 0 0.555147385211
21.305 0 0.556035567255
21.312 0 0.556035567255
21.325 0 0.561151771677
21.339 0 0.563527196948
21.354 0 0.563892538523
21.361 0 0.563892538523
21.369 0 0.563892538523
21.382 0 0.560203532219
21.396 0 0.559291314323
21.404 0 0.559291314323
21.408 0 0.559291314323
21.415 0 0.559291314323
21.427 0 0.556424820902
21.437 0 0.555260681725
21.446 0 0.552863929297
21.458 0 0.547990435519
21.472 0 0.545796881365
21.482 0 0.543201780883
21.49 0 0.542726401779
21.491 0 0.542262574035
21.517 0 0.541114063398
21.526 0 0.540839705209
21.536 0 0.540839705209
21.543 0 0.538770024561
21.552 0 0.537749692889
21.563 0 0.535702324058
21.576 0 0.532323632041
21.584 0 0.528840193416
21.599 0 0.526700943997
21.609 0 0.526700943997
21.616 0 0.523326503305
21.627 0 0.522274231078
21.637 0 0.521668291934
21.642 0 0.522147154123
21.664 0 0.522793056737
21.672 0 0.522624146093
21.682 0 0.523623027861
21.698 0 0.525837002694
21.711 0 0.527015797847
21.721 0 0.528437617248
21.728 0 0.528378952089
21.745 0 0.528041447407
21.752 0 0.528041447407
21.761 0 0.528041447407
21.772 0 0.531833901048
21.783 0 0.531643340617
21.796 0 0.532829234771
21.813 0 0.533381044566
21.82 0 0.534236590893
21.829 0 0.534524284499
21.836 0 0.535930407081
21.849 0 0.536954015842
21.861 0 0.540443410898
21.869 0 0.541099855353
21.879 0 0.544410360619
21.888 0 0.547400618956
21.902 0 0.546586638557
21.912 0 0.548324370256
21.92 0 0.549280423356
21.927 0 0.553763486868
21.944 0 0.553595428688
21.949 0 0.557412355307
21.958 0 0.560318259742
21.966 0 0.557762567632
21.974 0 0.562634028753
21.986 0 0.568975489276
21.998 0 0.57006406924
22.009 0 0.572645099402
22.023 0 0.572540364662
22.037 0 0.573800446197
22.042 0 0.575030073904
22.055 0 0.575498874994
22.056 0 0.575498874994
22.066 0 0.574748614263
22.08 0 0.575756323836
22.097 0 0.576365831987
22.102 0 0.578543985921
22.118 0 0.579894357983
22.133 0 0.581010308833
22.144 0 0.582597005797
22.157 0 0.5851970661
22.17 0 0.585409939342
22.182 0 0.585614880028
22.188 0 0.585394736895
22.199 0 0.58500981964
22.211 0 0.584958004816
22.219 0 0.584958004816
22.23 0 0.582086137681
22.251 0 0.579702921193
22.259 0 0.579702921193
22.261 0 0.579702921193
22.27 0 0.578505013997
22.285 0 0.578139750109
22.304 0 0.578090583812
22.314 0 0.576989861266
22.326 0 0.574777133011
22.342 0 0.574777133011
22.355 0 0.571062067877
22.364 0 0.569371799828
22.383 0 0.565749779568
22.393 0 0.56484729359
22.398 0 0.564222366658
22.407 0 0.564025178195
22.42 0 0.563507706093
22.438 0 0.563507706093
22.443 0 0.563507706093
22.449 0 0.563507706093
22.459 0 0.565391349153
22.474 0 0.565852327681
22.486 0 0.569244771728
22.494 0 0.570328891038
22.508 0 0.571898583496
22.528 0 0.572435434378
22.535 0 0.572535698129
22.543 0 0.574276917717
22.556 0 0.574301713298
22.57 0 0.57527244383
22.586 0 0.575720086166
22.595 0 0.575923936316
22.605 0 0.577027397795
22.622 0 0.577027397795
22.628 0 0.577027397795
22.636 0 0.582828069212
22.643 0 0.583433937222
22.652 0 0.585411954406
22.669 0 0.586196833018
22.673 0 0.588841955671
22.684 0 0.589568429027
22.693 0 0.589568429027
22.7 0 0.589943226463
22.714 0 0.590488676425
22.725 0 0.589293771578
22.733 0 0.591729722659
22.741 0 0.591937615985
22.75 0 0.598059703684
22.773 0 0.596132936591
22.782 0 0.600072144752
22.793 0 0.600822753475
22.817 0 0.600918400533
22.826 0 0.606009496321
22.838 0 0.609769407703
22.847 0 0.611335931156
22.859 0 0.612650566346
22.867 0 0.614899763231
22.878 0 0.614899763231
22.885 0 0.614899763231
22.896 0 0.619999929128
22.913 0 0.621899512277
22.922 0 0.62227288898
22.94 0 0.620342413302
22.953 0 0.61983733399
22.966 0 0.61796310347
22.975 0 0.61796310347
22.981 0 0.61796310347
22.995 0 0.613786368509
23.007 0 0.611275774983
23.02 0 0.610331680013
23.032 0 0.606405960237
23.044 0 0.606405960237
23.052 0 0.606405960237
23.059 0 0.60412944681
23.067 0 0.604690852953
23.081 0 0.604993417457
23.093 0 0.604672473531
23.106 0 0.603909304313
23.118 0 0.602437121807
23.132 0 0.599997153038
23.149 0 0.597927048782
23.16 0 0.59748606333
23.171 0 0.595954613219
23.183 0 0.593966220197
23.19 0 0.592752983201
23.2 0 0.590390898704
23.206 0 0.590390898704
23.217 0 0.587592178233
23.235 0 0.587038624963
23.243 0 0.587038624963
23.249 0 0.587038624963
23.256 0 0.589365174284
23.264 0 0.590099852822
23.278 0 0.589860250495
23.287 0 0.589642676073
23.296 0 0.589642676073
23.309 0 0.58984746238
23.32 0 0.590206801027
23.326 0 0.590947747675
23.339 0 0.590947747675
23.347 0 0.592570345914
23.36 0 0.593061365281
23.372 0 0.594141970077
23.381 0 0.594585596672
23.386 0 0.595124489775
23.397 0 0.595213621585
23.415 0 0.597745598018
23.422 0 0.600711750544
23.435 0 0.600140524926
23.442 0 0.604496290172
23.46 0 0.607489265803
23.468 0 0.608157607847
23.479 0 0.609172337786
23.486 0 0.610708700623
23.5 0 0.610708700623
23.507 0 0.610708700623
23.513 0 0.610773678553
23.522 0 0.608996513952
23.531 0 0.613172276619
23.541 0 0.610411544686
23.55 0 0.614787538203
23.555 0 0.615316100771
23.566 0 0.618285851076
23.582 0 0.619263585784
23.587 0 0.614175583205
23.596 0 0.615008632117
23.606 0 0.620038217305
23.618 0 0.618276566802
23.628 0 0.620449557824
23.639 0 0.625609456723
23.65 0 0.627467782491
23.658 0 0.630787769851
23.674 0 0.632249718603
23.677 0 0.633709662205
23.689 0 0.636502772987
23.697 0 0.636963938942
23.707 0 0.635905742824
23.723 0 0.634366027957
23.73 0 0.633788374027
23.738 0 0.632655802556
23.746 0 0.630529230646
23.758 0 0.62909191895
23.771 0 0.628758851917
23.779 0 0.627142214974
23.788 0 0.624442789399
23.796 0 0.622262256439
23.81 0 0.620781634278
23.818 0 0.620742219637
23.829 0 0.61985919631
23.839 0 0.620208334463
23.856 0 0.621279861707
23.864 0 0.621843958222
23.871 0 0.62199384749
23.878 0 0.622124732271
23.89 0 0.621345843619
23.904 0 0.620865037169
23.91 0 0.620570036398
23.918 0 0.619999688886
23.928 0 0.619440583358
23.936 0 0.618550395142
23.949 0 0.618120380108
23.958 0 0.618151586065
23.969 0 0.618479062792
23.978 0 0.61774480958
23.988 0 0.61762027826
24.001 0 0.617909526332
24.008 0 0.617938709511
24.017 0 0.618075122879
24.028 0 0.619417544977
24.04 0 0.621468909369
24.054 0 0.622072558569
24.06 0 0.622332076888
24.069 0 0.623359062278
24.079 0 0.625281213982
24.094 0 0.628064155231
24.102 0 0.629060619768
24.108 0 0.629969602792
24.116 0 0.630846694651
24.127 0 0.632195194454
24.142 0 0.634734909946
24.153 0 0.635196120009
24.16 0 0.635884140857
24.167 0 0.63728475897
24.178 0 0.636909328709
24.192 0 0.639553471607
24.196 0 0.639195761218
24.207 0 0.642302510137
24.218 0 0.644302539663
24.228 0 0.645025722188
24.237 0 0.644919904469
24.248 0 0.650007732462
24.257 0 0.650684099443
24.267 0 0.65099008352
24.279 0 0.651021580096
24.286 0 0.650124680496
24.299 0 0.650878794787
24.307 0 0.650080678238
24.317 0 0.651380850069
24.326 0 0.653446584699
24.339 0 0.656467257667
24.346 0 0.654726291168
24.357 0 0.654959386195
24.367 0 0.653479428394
24.381 0 0.659857791579
24.387 0 0.653817019828
24.398 0 0.657054173221
24.407 0 0.661215466078
24.42 0 0.665886861824
24.428 0 0.664332481391
24.438 0 0.663996207463
24.449 0 0.66587228463
24.458 0 0.667638756944
24.471 0 0.670078164405
24.477 0 0.670889516022
24.487 0 0.67158132288
24.497 0 0.670615304593
24.509 0 0.669607406202
24.525 0 0.66859862734
24.529 0 0.668070375235
24.538 0 0.668079618602
24.548 0 0.668273547274
24.561 0 0.669557046523
24.569 0 0.668721622431
24.577 0 0.670257384182
24.587 0 0.670519422217
24.597 0 0.670290521366
24.609 0 0.670803338711
24.616 0 0.670665375955
24.627 0 0.670374296342
24.636 0 0.668901091149
24.647 0 0.665779211864
24.66 0 0.665260230563
24.671 0 0.664902777575
24.677 0 0.66432810252
24.688 0 0.663920318699
24.698 0 0.663063792295
24.715 0 0.662697280045
24.722 0 0.662432983195
24.727 0 0.661799633599
24.737 0 0.660240075729
24.745 0 0.658393050024
24.76 0 0.65492773589
24.767 0 0.651868305426
24.777 0 0.649656586177
24.787 0 0.647958511174
24.797 0 0.646668338307
24.811 0 0.646668338307
24.818 0 0.646668338307
24.827 0 0.646827820227
24.837 0 0.64704506422
24.856 0 0.647532666622
24.865 0 0.647931964191
24.872 0 0.648510424599
24.879 0 0.649057398627
24.888 0 0.649715285081
24.897 0 0.650710675386
24.907 0 0.65072505883
24.921 0 0.652926934389
24.927 0 0.653890329588
24.936 0 0.654539857994
24.947 0 0.65487760821
24.958 0 0.654492285311
24.967 0 0.655105059126
24.978 0 0.655516426859
24.986 0 0.655675333823
25.001 0 0.656302715657
25.013 0 0.66010157643
25.024 0 0.664042354772
25.041 0 0.668998083438
25.059 0 0.669353693856
25.068 0 0.668099676319
25.083 0 0.670476124482
25.091 0 0.670434183593
25.102 0 0.670066514909
25.109 0 0.673440796867
25.119 0 0.670049359518
25.127 0 0.67336675289
25.139 0 0.675420384384
25.15 0 0.672548939939
25.157 0 0.676658597514
25.169 0 0.682071086031
25.18 0 0.68207220096
25.186 0 0.683514584319
25.198 0 0.684648760401
25.21 0 0.685590773856
25.218 0 0.683425651962
25.228 0 0.683085728268
25.238 0 0.6793336067
25.249 0 0.683736847621
25.259 0 0.678438084676
25.273 0 0.689056301195
25.282 0 0.690910343016
25.288 0 0.690650254824
25.296 0 0.690413772944
25.309 0 0.68975113304
25.321 0 0.689723555378
25.331 0 0.689128006054
25.341 0 0.688975690281
25.346 0 0.689031761695
25.36 0 0.689311403886
25.371 0 0.689260297264
25.377 0 0.689573714051
25.387 0 0.689346247226
25.397 0 0.688336882601
25.41 0 0.686224221394
25.423 0 0.68639044967
25.432 0 0.685499932741
25.436 0 0.685111169041
25.45 0 0.682246294598
25.457 0 0.682399642464
25.47 0 0.682186777318
25.48 0 0.681465653035
25.488 0 0.680530377622
25.498 0 0.679681285603
25.507 0 0.678716802367
25.515 0 0.677196731118
25.528 0 0.675787536794
25.538 0 0.674680075938
25.547 0 0.67443599996
25.56 0 0.672182519706
25.568 0 0.669337551118
25.578 0 0.667836419788
25.59 0 0.666178896785
25.601 0 0.667828640106
25.615 0 0.66949969954
25.624 0 0.670370766022
25.632 0 0.671192304592
25.637 0 0.671192304592
25.657 0 0.67525124151
25.675 0 0.676959845761
25.68 0 0.676959845761
25.684 0 0.676959845761
25.691 0 0.676959845761
25.698 0 0.678992225396
25.716 0 0.67956152403
25.726 0 0.679429550913
25.736 0 0.678793582779
25.745 0 0.67964393206
25.757 0 0.67964393206
25.761 0 0.67964393206
25.77 0 0.67964393206
25.779 0 0.681503601131
25.791 0 0.68588233695
25.799 0 0.6863690018
25.809 0 0.689318265215
25.821 0 0.694608227913
25.83 0 0.696315646116
25.851 0 0.703765986693
25.861 0 0.701444294007
25.87 0 0.698375568767
25.884 0 0.702554343509
25.894 0 0.703280094839
25.903 0 0.703313240113
25.911 0 0.702420475476
25.917 0 0.705201811955
25.925 0 0.715966886297
25.933 0 0.717057185316
25.95 0 0.718059532847
25.958 0 0.717780269901
25.964 0 0.719413850859
25.974 0 0.719993800364
25.983 0 0.719630852865
26.0 0 0.720535271253
26.01 0 0.716965428875
26.017 0 0.717943532349
26.024 0 0.717613457265
26.035 0 0.7124022689
26.048 0 0.717093604095
26.056 0 0.717632295555
26.061 0 0.71711813361
26.072 0 0.717572232371
26.08 0 0.716707014968
26.092 0 0.715849833296
26.099 0 0.714894172687
26.11 0 0.713824459455
26.118 0 0.713343065395
26.129 0 0.712030861828
26.139 0 0.712227709883
26.15 0 0.712020948481
26.159 0 0.712040130666
26.169 0 0.712488086824
26.18 0 0.711183484793
26.189 0 0.709995113577
26.199 0 0.709731171265
26.207 0 0.708342073131
26.218 0 0.705994014991
26.23 0 0.701639249489
26.24 0 0.699595232192
26.252 0 0.699408903333
26.257 0 0.699277538288
26.269 0 0.698264361508
26.28 0 0.69597154821
26.291 0 0.692957161286
26.302 0 0.691234766441
26.308 0 0.691029042237
26.321 0 0.69138400125
26.333 0 0.689677217117
26.345 0 0.688854533923
26.355 0 0.688306704718
26.359 0 0.687371514165
26.369 0 0.687278330837
26.388 0 0.689727700459
26.396 0 0.690514791956
26.403 0 0.691390078043
26.411 0 0.692070156679
26.417 0 0.692786353573
26.428 0 0.694695204007
26.44 0 0.696342895943
26.448 0 0.697087251401
26.46 0 0.698338003074
26.47 0 0.699655913565
26.481 0 0.701470352487
26.49 0 0.703864342973
26.5 0 0.705069585412
26.511 0 0.705746100609
26.522 0 0.706047385559
26.535 0 0.706919705375
26.543 0 0.707133280377
26.55 0 0.708988379726
26.558 0 0.707664764487
26.569 0 0.70957045425
26.578 0 0.70978139655
26.588 0 0.713667245934
26.6 0 0.718439808205
26.608 0 0.718823678305
26.624 0 0.723157825616
26.631 0 0.721732851334
26.639 0 0.72277239946
26.648 0 0.725551839772
26.659 0 0.721977043135
26.668 0 0.723752391543
26.679 0 0.725098224492
26.691 0 0.723299026435
26.703 0 0.731673823507
26.715 0 0.73308532734
26.725 0 0.735608013212
26.732 0 0.736080680873
26.741 0 0.73613382898
26.748 0 0.737744291514
26.76 0 0.737372238223
26.769 0 0.738169160964
26.78 0 0.73922422509
26.791 0 0.740240331134
26.799 0 0.73468282942
26.809 0 0.7338707884
26.819 0 0.733595813145
26.829 0 0.738320521188
26.84 0 0.735428562163
26.854 0 0.739845730396
26.867 0 0.740284732659
26.872 0 0.740284732659
26.876 0 0.740284732659
26.888 0 0.738756973697
26.898 0 0.737316891955
26.911 0 0.73632588899
26.918 0 0.735834332224
26.929 0 0.735996692562
26.94 0 0.736711614069
26.954 0 0.736624215867
26.959 0 0.73684866696
26.971 0 0.736661672979
26.978 0 0.73609561898
26.993 0 0.734814960718
26.998 0 0.734814960718
27.01 0 0.729837884958
27.02 0 0.728873921725
27.03 0 0.729361366725
27.047 0 0.728760376223
27.056 0 0.728500216301
27.064 0 0.727982717332
27.074 0 0.726573564734
27.075 0 0.725789736775
27.092 0 0.72186056035
27.097 0 0.720062976869
27.109 0 0.719801311412
27.116 0 0.720142999197
27.13 0 0.720377969737
27.14 0 0.720584503451
27.148 0 0.720359324209
27.158 0 0.718928828284
27.168 0 0.718610071852
27.184 0 0.718805706167
27.196 0 0.719077373208
27.199 0 0.719077373208
27.207 0 0.720036316762
27.222 0 0.72058252741
27.234 0 0.720961717399
27.24 0 0.722226755923
27.252 0 0.724044040022
27.256 0 0.724044040022
27.27 0 0.725701212302
27.283 0 0.725701212302
27.289 0 0.725701212302
27.299 0 0.725128374042
27.308 0 0.724753245116
27.327 0 0.724874838813
27.337 0 0.72561246529
27.347 0 0.725039699993
27.356 0 0.724786498022
27.372 0 0.728478771265
27.383 0 0.729908108776
27.391 0 0.734514833276
27.399 0 0.732168070379
27.407 0 0.737224255604
27.418 0 0.735687283913
27.427 0 0.737836691938
27.432 0 0.740347592987
27.439 0 0.739324597128
27.448 0 0.742870652971
27.46 0 0.744231980763
27.47 0 0.746041977952
27.48 0 0.751143899335
27.49 0 0.754221135852
27.499 0 0.751861513507
27.508 0 0.751962771298
27.52 0 0.749713868737
27.528 0 0.744057178352
27.541 0 0.743457309041
27.551 0 0.751835966723
27.559 0 0.75321651648
27.57 0 0.753253520501
27.579 0 0.758659336028
27.59 0 0.760632944002
27.6 0 0.760494874555
27.607 0 0.758546056041
27.62 0 0.764024177315
27.628 0 0.766083413297
27.635 0 0.767136940145
27.65 0 0.767456990781
27.66 0 0.767499862287
27.668 0 0.767892734813
27.678 0 0.767708418806
27.69 0 0.767694029405
27.699 0 0.767601767063
27.71 0 0.767388126185
27.72 0 0.767635172369
27.73 0 0.767846911047
27.741 0 0.767094054705
27.749 0 0.766900383904
27.757 0 0.765557896058
27.768 0 0.763362521263
27.781 0 0.760691543982
27.79 0 0.758696930542
27.798 0 0.75674948678
27.808 0 0.754240711971
27.818 0 0.754220760375
27.829 0 0.754028746534
27.839 0 0.753551848848
27.85 0 0.752203262024
27.858 0 0.750514013739
27.872 0 0.746432947753
27.88 0 0.744238129086
27.885 0 0.743360788868
27.897 0 0.742735332212
27.907 0 0.741613478346
27.919 0 0.740376323614
27.929 0 0.73930449816
27.938 0 0.738524930916
27.948 0 0.736688187573
27.961 0 0.737105751141
27.966 0 0.737606306714
27.978 0 0.737552049183
27.99 0 0.738325951291
28.001 0 0.737663851607
28.011 0 0.735990939994
28.019 0 0.734861361344
28.027 0 0.734333452663
28.038 0 0.735387256622
28.048 0 0.736244375304
28.059 0 0.739690704173
28.069 0 0.741349011731
28.078 0 0.742291613022
28.086 0 0.743424884365
28.1 0 0.743707093769
28.111 0 0.745111698302
28.12 0 0.745522107867
28.127 0 0.745522107867
28.139 0 0.745522107867
28.15 0 0.752700397829
28.165 0 0.754452232657
28.173 0 0.754452232657
28.181 0 0.754452232657
28.188 0 0.761765701036
28.201 0 0.763058196806
28.215 0 0.761368146029
28.229 0 0.763084879328
28.238 0 0.767760492865
28.248 0 0.766833908147
28.268 0 0.774170879819
28.277 0 0.774831186406
28.285 0 0.776752176296
28.294 0 0.778344974631
28.309 0 0.776208796893
28.317 0 0.775999289673
28.327 0 0.776183379955
28.336 0 0.77937311287
28.351 0 0.776969504217
28.359 0 0.776969504217
28.372 0 0.775958992019
28.383 0 0.77633376125
28.402 0 0.775522413317
28.412 0 0.777288147126
28.42 0 0.779128183269
28.436 0 0.779811233679
28.449 0 0.778197653473
28.463 0 0.777519992671
28.475 0 0.777419100218
28.488 0 0.77649408707
28.502 0 0.776738576241
28.514 0 0.777215589897
28.52 0 0.777557338571
28.532 0 0.777344201445
28.549 0 0.777415888601
28.555 0 0.776997251811
28.563 0 0.776997251811
28.576 0 0.776997251811
28.589 0 0.770167559027
28.597 0 0.770167559027
28.604 0 0.770167559027
28.613 0 0.765101471788
28.62 0 0.763391779673
28.636 0 0.762840744153
28.647 0 0.761936510889
28.656 0 0.761383734283
28.665 0 0.760071591351
28.686 0 0.75879236738
28.694 0 0.758467869573
28.707 0 0.757362972103
28.716 0 0.754941817307
28.737 0 0.754490567251
28.746 0 0.75707322719
28.752 0 0.75707322719
28.766 0 0.757447058939
28.779 0 0.757494242627
28.788 0 0.758452041639
28.799 0 0.759029935963
28.803 0 0.759840528473
28.819 0 0.761480864268
28.824 0 0.762205552784
28.834 0 0.763858789301
28.848 0 0.764291068399
28.863 0 0.763999186075
28.868 0 0.76441821662
28.876 0 0.764686771151
28.891 0 0.763628487411
28.898 0 0.762642580271
28.902 0 0.763476836681
28.91 0 0.763389333761
28.921 0 0.765926529836
28.935 0 0.771219434479
28.947 0 0.772897923491
28.957 0 0.776813007062
28.962 0 0.778869418355
28.973 0 0.778212650978
28.984 0 0.779807794305
28.993 0 0.779807794305
28.998 0 0.779807794305
29.006 0 0.782727695299
29.021 0 0.787342888379
29.033 0 0.785672025064
29.048 0 0.788314950102
29.056 0 0.789552712259
29.067 0 0.799119676655
29.073 0 0.799465294657
29.084 0 0.797098343584
29.09 0 0.798038133921
29.099 0 0.799209828458
29.113 0 0.800627964119
29.12 0 0.800792187729
29.13 0 0.803665156705
29.141 0 0.802394530479
29.149 0 0.803425702944
29.16 0 0.803197408935
29.168 0 0.802223782449
29.179 0 0.803990061424
29.189 0 0.808625500278
29.198 0 0.808991994798
29.212 0 0.810138658321
29.219 0 0.811246376572
29.229 0 0.81071227753
29.24 0 0.810311406756
29.248 0 0.809878341157
29.258 0 0.809742652203
29.272 0 0.810710070243
29.28 0 0.810795511729
29.288 0 0.810062474482
29.3 0 0.810422285637
29.31 0 0.809463564307
29.323 0 0.809519047255
29.331 0 0.809484028368
29.34 0 0.808411920796
29.349 0 0.807238577048
29.359 0 0.80507974737
29.369 0 0.802819044393
29.378 0 0.800657105685
29.388 0 0.800140303994
29.396 0 0.799771702047
29.408 0 0.798831890809
29.418 0 0.797716771384
29.429 0 0.794952049822
29.44 0 0.791904605659
29.452 0 0.788556032044
29.463 0 0.78742499639
29.472 0 0.786677532874
29.48 0 0.784523826923
29.489 0 0.780255035808
29.505 0 0.780263673001
29.512 0 0.779946061523
29.519 0 0.780495776509
29.529 0 0.781317803576
29.54 0 0.783009764922
29.556 0 0.784064458712
29.563 0 0.78429618956
29.568 0 0.783399413441
29.578 0 0.782616888145
29.589 0 0.781570698207
29.601 0 0.782696452215
29.61 0 0.784615287482
29.62 0 0.786059502656
29.632 0 0.788245432309
29.642 0 0.790023002371
29.654 0 0.790440946481
29.659 0 0.790584504515
29.67 0 0.790702259306
29.679 0 0.791624472081
29.696 0 0.791624472081
29.705 0 0.791624472081
29.715 0 0.795506613136
29.725 0 0.795510556761
29.733 0 0.798800475106
29.742 0 0.799218122343
29.751 0 0.803039254886
29.76 0 0.802351131355
29.77 0 0.80268983368
29.784 0 0.805626097804
29.795 0 0.802960885255
29.804 0 0.802630835345
29.809 0 0.806905091482
29.823 0 0.807658630125
29.838 0 0.807527881263
29.844 0 0.807527881263
29.853 0 0.814166973635
29.859 0 0.816022940199
29.874 0 0.816835700307
29.891 0 0.81717474784
29.899 0 0.819422668831
29.906 0 0.819948685765
29.912 0 0.821114652433
29.922 0 0.821114652433
29.931 0 0.821114652433
29.94 0 0.82231283413
29.949 0 0.823472787784
29.959 0 0.825786600482
29.97 0 0.826293297448
29.98 0 0.827609913923
29.991 0 0.828643209678
30.0 0 0.828294588751
30.009 0 0.827600753423
30.024 0 0.826296756968
30.037 0 0.825868382011
30.044 0 0.826225872226
30.052 0 0.826685358518
30.059 0 0.827725842964
30.069 0 0.826401641119
30.076 0 0.825911996447
30.089 0 0.82345791276
30.099 0 0.823034208088
30.109 0 0.822212508101
30.118 0 0.82005476785
30.13 0 0.8187478544
30.14 0 0.818386527027
30.149 0 0.817559540833
30.158 0 0.817768945852
30.169 0 0.818784379862
30.182 0 0.819524232105
30.19 0 0.819741533031
30.199 0 0.819151473922
30.209 0 0.816887325196
30.223 0 0.812901273409
30.232 0 0.812307997862
30.239 0 0.810885825417
30.25 0 0.807620354696
30.262 0 0.80528475829
30.281 0 0.804191144739
30.291 0 0.80442935615
30.296 0 0.80563233275
30.307 0 0.806755719579
30.315 0 0.808179036892
30.327 0 0.808166711652
30.334 0 0.808959241802
30.341 0 0.809037751598
30.351 0 0.808024676177
30.359 0 0.807696637741
30.372 0 0.80825162445
30.378 0 0.809720141134
30.389 0 0.810063585441
30.398 0 0.810758834699
30.41 0 0.813289054986
30.428 0 0.813990329003
30.435 0 0.813990329003
30.441 0 0.813990329003
30.451 0 0.813990329003
30.461 0 0.813771169355
30.472 0 0.81395588039
30.479 0 0.814064716119
30.489 0 0.816143920226
30.499 0 0.817402170866
30.513 0 0.82088991528
30.522 0 0.823139257068
30.529 0 0.823777287192
30.541 0 0.825059034014
30.55 0 0.825288146392
30.559 0 0.824108036441
30.569 0 0.823097513811
30.579 0 0.824101352705
30.59 0 0.819571656981
30.601 0 0.82095287991
30.609 0 0.818883972351
30.62 0 0.816216075967
30.629 0 0.825355097947
30.643 0 0.831272156548
30.658 0 0.831885452007
30.664 0 0.831885452007
30.669 0 0.831885452007
30.682 0 0.831564909422
30.691 0 0.835347403273
30.705 0 0.838553868967
30.718 0 0.839906060456
30.725 0 0.840514712142
30.733 0 0.841540771814
30.74 0 0.842392777059
30.756 0 0.845926632537
30.765 0 0.846686531463
30.777 0 0.846562305408
30.783 0 0.84633981315
30.789 0 0.846138140212
30.801 0 0.844636316257
30.808 0 0.844334743929
30.819 0 0.844061591688
30.829 0 0.844430254184
30.841 0 0.843896078981
30.855 0 0.844333683503
30.86 0 0.843756039118
30.869 0 0.843250114036
30.879 0 0.841479902372
30.889 0 0.839285810038
30.901 0 0.837760656264
30.91 0 0.83682985203
30.919 0 0.836528898434
30.928 0 0.835701347517
30.943 0 0.83475510919
30.952 0 0.83475510919
30.96 0 0.832472901761
30.969 0 0.83104910438
30.985 0 0.828610435889
30.997 0 0.828033837664
31.004 0 0.827727116519
31.01 0 0.827243822107
31.018 0 0.824963148475
31.028 0 0.823104079818
31.04 0 0.821309895327
31.051 0 0.820229109378
31.059 0 0.81947919944
31.069 0 0.81826285263
31.079 0 0.816844208907
31.091 0 0.817169930992
31.1 0 0.817638687781
31.109 0 0.818120569517
31.12 0 0.8178252485
31.128 0 0.816589666551
31.138 0 0.814631981084
31.15 0 0.812090716297
31.16 0 0.808920313693
31.172 0 0.807670798694
31.188 0 0.807670798694
31.192 0 0.807670798694
31.201 0 0.809890166927
31.21 0 0.80960972819
31.218 0 0.810706738086
31.235 0 0.809734557755
31.243 0 0.808814487107
31.249 0 0.809266737906
31.259 0 0.810557274287
31.268 0 0.812075693801
31.279 0 0.815410872826
31.289 0 0.819120321719
31.298 0 0.818112625267
31.309 0 0.823413943457
31.319 0 0.82288980562
31.33 0 0.823157417552
31.341 0 0.822742616819
31.35 0 0.819600649313
31.36 0 0.81815435239
31.37 0 0.819478107255
31.379 0 0.820761608384
31.389 0 0.823856225488
31.399 0 0.820267606894
31.41 0 0.82310410109
31.424 0 0.832019545215
31.434 0 0.826185786886
31.441 0 0.825586804597
31.452 0 0.829474993999
31.461 0 0.826556334786
31.476 0 0.8298170125
31.482 0 0.835846872069
31.49 0 0.836168883014
31.499 0 0.838426685332
31.512 0 0.840200107499
31.528 0 0.840563942759
31.539 0 0.842775091424
31.545 0 0.843855015707
31.554 0 0.843676757324
31.565 0 0.843762292729
31.57 0 0.842937741936
31.579 0 0.842035499491
31.588 0 0.840562474327
31.6 0 0.840858155056
31.609 0 0.83982441876
31.619 0 0.839355414373
31.628 0 0.839935635421
31.636 0 0.841124586239
31.651 0 0.841620784793
31.659 0 0.841769982521
31.668 0 0.841218026387
31.681 0 0.839207516467
31.691 0 0.839216997429
31.705 0 0.838166572133
31.71 0 0.837414618744
31.719 0 0.837259732076
31.729 0 0.837432489101
31.744 0 0.836627566193
31.753 0 0.835038726396
31.76 0 0.834606980767
31.768 0 0.833117370671
31.781 0 0.831298016879
31.791 0 0.830112832251
31.8 0 0.828473746477
31.811 0 0.826740235405
31.822 0 0.825368195542
31.832 0 0.822753824006
31.846 0 0.81955320737
31.853 0 0.816826153588
31.862 0 0.813197729369
31.871 0 0.810328446855
31.883 0 0.810328446855
31.891 0 0.810328446855
31.897 0 0.809299937284
31.909 0 0.809654491779
31.919 0 0.809415984502
31.936 0 0.808541265939
31.944 0 0.808363262581
31.951 0 0.808392147767
31.963 0 0.808410218129
31.972 0 0.808901471949
31.978 0 0.808192867933
31.989 0 0.808721374943
32.001 0 0.808059874405
32.009 0 0.807175068297
32.019 0 0.80638790315
32.029 0 0.806260236622
32.038 0 0.807471572614
32.047 0 0.808847781853
32.062 0 0.811994140282
32.068 0 0.812000947843
32.08 0 0.814069382545
32.088 0 0.820506549255
32.099 0 0.823123832673
32.11 0 0.822643148652
32.12 0 0.822709388259
32.13 0 0.818664943569
32.14 0 0.815527876222
32.154 0 0.811139329521
32.167 0 0.810575679133
32.173 0 0.813976671664
32.181 0 0.81685628573
32.191 0 0.820886297669
32.2 0 0.82715609836
32.213 0 0.828596614343
32.224 0 0.828212157555
32.232 0 0.828226229482
32.239 0 0.82680815563
32.25 0 0.827777994637
32.259 0 0.829739230892
32.27 0 0.832469766277
32.281 0 0.834208590384
32.29 0 0.836332089898
32.303 0 0.838376566635
32.31 0 0.838791959465
32.321 0 0.84022308608
32.329 0 0.841514975269
32.342 0 0.843612464232
32.356 0 0.8427459143
32.365 0 0.84203997797
32.373 0 0.841140362287
32.379 0 0.840506282241
32.391 0 0.839636831
32.404 0 0.83902097598
32.414 0 0.839637510567
32.422 0 0.839491126707
32.43 0 0.841320923919
32.439 0 0.841603235148
32.453 0 0.841242960581
32.46 0 0.840356583533
32.469 0 0.839065858622
32.479 0 0.837719970272
32.493 0 0.836272643529
32.501 0 0.836429412189
32.51 0 0.835535398704
32.519 0 0.834083872893
32.533 0 0.832324460354
32.546 0 0.830681247574
32.553 0 0.829205417025
32.562 0 0.826903569666
32.567 0 0.825843647921
32.58 0 0.821067045249
32.592 0 0.81734537134
32.598 0 0.814653532862
32.611 0 0.811358749475
32.617 0 0.810395232917
32.634 0 0.808193714319
32.642 0 0.806899881702
32.649 0 0.805296286081
32.66 0 0.805086087742
32.671 0 0.806649733446
32.686 0 0.807271379935
32.695 0 0.808128013328
32.7 0 0.808604810098
32.708 0 0.808842200153
32.72 0 0.809348539246
32.73 0 0.809742833125
32.74 0 0.809837337602
32.75 0 0.810339125754
32.76 0 0.811759746682
32.773 0 0.812504701917
32.781 0 0.813077842753
32.789 0 0.812938976036
32.8 0 0.813110724307
32.809 0 0.812288021792
32.821 0 0.812247763756
32.829 0 0.813995356137
32.838 0 0.816622094985
32.849 0 0.81741550087
32.859 0 0.821550737273
32.867 0 0.823301356422
32.88 0 0.826332173653
32.893 0 0.827484416331
32.904 0 0.831702557235
32.909 0 0.831686631794
32.921 0 0.829364386252
32.927 0 0.826005050807
32.94 0 0.826665907311
32.954 0 0.819240158717
32.964 0 0.820301152923
32.971 0 0.825062547394
32.981 0 0.82730979766
32.991 0 0.825195111963
33.008 0 0.830301860485
33.018 0 0.82552959091
33.022 0 0.83082733737
33.03 0 0.832329836333
33.038 0 0.827990632852
33.048 0 0.831023992146
33.064 0 0.830740926703
33.071 0 0.831988561787
33.08 0 0.835508056362
33.089 0 0.840477347795
33.098 0 0.844115891634
33.115 0 0.844115891634
33.123 0 0.844115891634
33.13 0 0.843459701043
33.14 0 0.843459701043
33.149 0 0.840885266198
33.166 0 0.840824148472
33.175 0 0.839955541386
33.183 0 0.84107269878
33.192 0 0.842101360403
33.203 0 0.843211486458
33.212 0 0.843344072038
33.217 0 0.843344072038
33.231 0 0.844857158007
33.249 0 0.844632764452
33.255 0 0.844402342198
33.266 0 0.843106448656
33.274 0 0.842916758957
33.281 0 0.841774159047
33.296 0 0.839917508645
33.304 0 0.837771298374
33.312 0 0.835773337585
33.32 0 0.834264286443
33.336 0 0.83073117527
33.343 0 0.82846163408
33.35 0 0.826821939539
33.359 0 0.825712873208
33.372 0 0.821086415437
33.38 0 0.817599622307
33.391 0 0.815639572528
33.402 0 0.812172550363
33.411 0 0.810119443115
33.42 0 0.806452767567
33.432 0 0.803738068497
33.447 0 0.804930972385
33.447 0 0.806073052258
33.458 0 0.807152824699
33.472 0 0.807321790464
33.484 0 0.807690199045
33.493 0 0.807435906168
33.503 0 0.807028184589
33.512 0 0.807194256043
33.523 0 0.808496227209
33.533 0 0.809499624973
33.541 0 0.810113602131
33.552 0 0.811441061725
33.558 0 0.813107905673
33.574 0 0.813139245468
33.581 0 0.813166115267
33.588 0 0.812438762701
33.601 0 0.812164072129
33.615 0 0.811903297623
33.624 0 0.813612963687
33.631 0 0.815611765412
33.641 0 0.815304884349
33.651 0 0.81983041459
33.657 0 0.820448422192
33.673 0 0.826204878209
33.679 0 0.82749475076
33.688 0 0.824997203894
33.7 0 0.827187467614
33.711 0 0.82786127876
33.725 0 0.829363566359
33.735 0 0.830343904519
33.743 0 0.830381440393
33.748 0 0.832287541877
33.761 0 0.834173190533
33.77 0 0.832910449824
33.78 0 0.838169972831
33.79 0 0.842365410511
33.805 0 0.841212738809
33.813 0 0.839658824629
33.821 0 0.842465382097
33.828 0 0.841710213896
33.84 0 0.843948747756
33.848 0 0.846158353006
33.86 0 0.846004533065
33.87 0 0.846434535427
33.879 0 0.849698458232
33.89 0 0.849793279581
33.907 0 0.852987659874
33.915 0 0.85529559255
33.922 0 0.855127513891
33.93 0 0.855045805222
33.937 0 0.854039936219
33.954 0 0.853797376323
33.96 0 0.851839951746
33.968 0 0.851545453004
33.981 0 0.851104524407
33.993 0 0.850070531678
34.004 0 0.849002235612
34.012 0 0.848380473508
34.021 0 0.847122478914
34.038 0 0.845717234949
34.044 0 0.845202319529
34.055 0 0.8438542372
34.063 0 0.843098662712
34.075 0 0.842329854272
34.092 0 0.843061294111
34.099 0 0.843654046788
34.107 0 0.844126562555
34.115 0 0.844131345107
34.123 0 0.843624467497
34.137 0 0.841181333175
34.147 0 0.838883904964
34.154 0 0.837954356723
34.162 0 0.835936721618
34.175 0 0.832073620182
34.183 0 0.830515333498
34.186 0 0.830240311799
34.203 0 0.826399100808
34.216 0 0.825331937974
34.227 0 0.825331937974
34.231 0 0.825331937974
34.239 0 0.825331937974
34.249 0 0.827287331799
34.265 0 0.82755406034
34.271 0 0.827526529721
34.28 0 0.827479969193
34.29 0 0.82672504455
34.303 0 0.826638974004
34.314 0 0.82759558074
34.321 0 0.828586666686
34.329 0 0.830203032766
34.34 0 0.831318276038
34.351 0 0.831907324536
34.363 0 0.832050501229
34.37 0 0.832238702246
34.38 0 0.832340130934
34.39 0 0.832803837002
34.401 0 0.835289394443
34.416 0 0.835558595296
34.423 0 0.837964238265
34.432 0 0.84155086053
34.441 0 0.845092525135
34.452 0 0.84420575604
34.459 0 0.847672518071
34.47 0 0.849338664176
34.48 0 0.848092073731
34.492 0 0.846482671444
34.499 0 0.845332519782
34.511 0 0.840719430622
34.521 0 0.843340851782
34.53 0 0.843056667525
34.538 0 0.843456566239
34.547 0 0.843584991136
34.56 0 0.846022194606
34.569 0 0.853497448913
34.578 0 0.855049094982
34.591 0 0.856042209481
34.599 0 0.855437918557
34.609 0 0.856512591009
34.62 0 0.857563569584
34.629 0 0.858552422581
34.646 0 0.859977953748
34.653 0 0.860541460265
34.663 0 0.860310604868
34.671 0 0.86076143633
34.682 0 0.865040120253
34.691 0 0.864968619936
34.699 0 0.868655183629
34.709 0 0.868196509281
34.721 0 0.867520008396
34.736 0 0.867040942327
34.745 0 0.866995013852
34.752 0 0.866409184381
34.761 0 0.866035090724
34.768 0 0.866138238788
34.783 0 0.865722651954
34.793 0 0.866115330361
34.798 0 0.866390849205
34.809 0 0.864990666487
34.819 0 0.863386145769
34.832 0 0.862620300795
34.84 0 0.861470511603
34.849 0 0.859862926691
34.861 0 0.858927491694
34.872 0 0.856291432086
34.886 0 0.853443588054
34.894 0 0.851606424707
34.901 0 0.849536867051
34.912 0 0.846025759653
34.925 0 0.8451027262
34.93 0 0.8433678967
34.941 0 0.841843467605
34.949 0 0.841362783598
34.959 0 0.841202820066
34.973 0 0.841107321782
34.983 0 0.841046800973
34.995 0 0.840253295664
35.002 0 0.838793201528
35.017 0 0.838638156264
35.024 0 0.838652186064
35.033 0 0.838183553529
35.039 0 0.839004521113
35.048 0 0.838518530764
35.061 0 0.837693167545
35.069 0 0.836983901942
35.082 0 0.837003019804
35.09 0 0.837679474401
35.102 0 0.837137964146
35.111 0 0.838976720422
35.121 0 0.841623613851
35.129 0 0.843422953461
35.14 0 0.844732106994
35.149 0 0.844209290945
35.162 0 0.844466605414
35.17 0 0.844712325994
35.18 0 0.845817832003
35.191 0 0.84651477389
35.202 0 0.847536770179
35.217 0 0.849904147826
35.224 0 0.850636745951
35.235 0 0.855518997988
35.242 0 0.85562809874
35.256 0 0.856760943328
35.263 0 0.859219585219
35.272 0 0.860120113983
35.28 0 0.860311788388
35.291 0 0.85930570208
35.307 0 0.861391088778
35.316 0 0.862594960298
35.322 0 0.862542414513
35.329 0 0.86604285198
35.339 0 0.872398644728
35.355 0 0.872398561917
35.362 0 0.872780922747
35.372 0 0.872392340582
35.382 0 0.870952586294
35.392 0 0.871882547779
35.402 0 0.871882547779
35.41 0 0.871882547779
35.421 0 0.873369398857
35.429 0 0.874564174891
35.44 0 0.876721083818
35.449 0 0.878516271507
35.461 0 0.883590610275
35.47 0 0.883422882202
35.479 0 0.888717419045
35.494 0 0.889121002698
35.507 0 0.88917865712
35.514 0 0.888764189128
35.52 0 0.887697040005
35.531 0 0.886360152953
35.543 0 0.88494338157
35.55 0 0.884668388942
35.561 0 0.884708969927
35.568 0 0.884411728121
35.58 0 0.881470680513
35.589 0 0.879973310814
35.601 0 0.878111377643
35.609 0 0.877661525936
35.619 0 0.875637202
35.63 0 0.873330550442
35.642 0 0.872179138241
35.652 0 0.870975829924
35.661 0 0.869252472828
35.67 0 0.866469692498
35.682 0 0.865081279908
35.69 0 0.863538905092
35.699 0 0.862170041475
35.711 0 0.86134380207
35.72 0 0.860533765577
35.734 0 0.860271231442
35.741 0 0.85988553382
35.749 0 0.859969016481
35.763 0 0.858906841057
35.771 0 0.857935730911
35.78 0 0.856257578617
35.789 0 0.855381293233
35.799 0 0.854563837777
35.81 0 0.853813266832
35.819 0 0.855682398239
35.832 0 0.856689087738
35.84 0 0.85666655887
35.849 0 0.856590046092
35.86 0 0.854843524284
35.868 0 0.854798989441
35.882 0 0.856392925735
35.89 0 0.857687729631
35.9 0 0.859430645699
35.91 0 0.861065619101
35.923 0 0.862290722452
35.934 0 0.862395262801
35.938 0 0.862271906381
35.948 0 0.862047236954
35.959 0 0.862197112678
35.97 0 0.863645274748
35.978 0 0.865229992061
35.988 0 0.869602887479
36.001 0 0.872620279436
36.009 0 0.877991768463
36.027 0 0.879093413485
36.033 0 0.879368711042
36.041 0 0.879946569705
36.05 0 0.879300377805
36.059 0 0.879780858142
36.07 0 0.877670091708
36.08 0 0.879469957674
36.089 0 0.875984038291
36.099 0 0.880773508645
36.113 0 0.886385073327
36.121 0 0.890018458255
36.13 0 0.891150847565
36.139 0 0.890001587918
36.151 0 0.889538247797
36.158 0 0.885180751357
36.168 0 0.889657468055
36.18 0 0.893764026908
36.191 0 0.89530515056
36.201 0 0.897317646332
36.211 0 0.897317646332
36.219 0 0.897317646332
36.23 0 0.898416522142
36.24 0 0.897952290893
36.248 0 0.897259463965
36.264 0 0.897065202541
36.274 0 0.896744465717
36.28 0 0.896863099673
36.29 0 0.895723757603
36.299 0 0.894742183085
36.311 0 0.894017759186
36.319 0 0.893734317957
36.331 0 0.895079350163
36.34 0 0.895213193629
36.352 0 0.895331335408
36.359 0 0.893828306866
36.369 0 0.894016013433
36.38 0 0.89123592692
36.391 0 0.888131903618
36.403 0 0.886727602995
36.409 0 0.886617307365
36.418 0 0.887721967319
36.428 0 0.889687167194
36.439 0 0.891854301812
36.452 0 0.892355936162
36.46 0 0.892055091256
36.47 0 0.891628674106
36.48 0 0.890099099367
36.489 0 0.888452954516
36.501 0 0.886276867436
36.51 0 0.885112973245
36.518 0 0.884354154833
36.529 0 0.883381492338
36.539 0 0.881845631905
36.549 0 0.880839223682
36.562 0 0.876583168053
36.57 0 0.874193876481
36.58 0 0.870629616431
36.594 0 0.869224677733
36.605 0 0.869118190411
36.611 0 0.868606559784
36.621 0 0.867593011928
36.629 0 0.867456075853
36.64 0 0.867219673149
36.648 0 0.867232168048
36.661 0 0.867515748023
36.669 0 0.867483747755
36.683 0 0.867051130293
36.696 0 0.866583438541
36.704 0 0.865893505662
36.713 0 0.865195579369
36.722 0 0.863412880616
36.73 0 0.862073854845
36.741 0 0.862276487412
36.751 0 0.863991106841
36.76 0 0.867004401924
36.77 0 0.868508667973
36.78 0 0.871967360815
36.789 0 0.873716087895
36.801 0 0.874792907306
36.809 0 0.876183814376
36.826 0 0.877719533498
36.834 0 0.877328908168
36.844 0 0.874427830088
36.85 0 0.873219479894
36.86 0 0.870593626884
36.869 0 0.868500689761
36.883 0 0.869004758864
36.891 0 0.870042604634
36.901 0 0.867645288699
36.911 0 0.869328827042
36.921 0 0.864630192851
36.93 0 0.873738329382
36.94 0 0.876002051217
36.949 0 0.87714881378
36.959 0 0.871333982015
36.97 0 0.872494941378
36.979 0 0.880761340296
36.989 0 0.88450544195
37.0 0 0.885010959165
37.008 0 0.886231293944
37.02 0 0.888692305649
37.029 0 0.889540026127
37.041 0 0.891387570282
37.05 0 0.892339122492
37.062 0 0.892444653923
37.07 0 0.891931855868
37.078 0 0.890392870454
37.091 0 0.888846857285
37.098 0 0.888080733498
37.113 0 0.886883841726
37.123 0 0.88834383249
37.13 0 0.888820866277
37.139 0 0.88925060882
37.149 0 0.889679133325
37.161 0 0.889498371581
37.17 0 0.889162274809
37.178 0 0.887299040705
37.191 0 0.885041865263
37.204 0 0.883773591509
37.211 0 0.883413673038
37.219 0 0.881673575923
37.23 0 0.880918526792
37.239 0 0.881373075062
37.255 0 0.880741854503
37.262 0 0.880496109001
37.269 0 0.879190994459
37.28 0 0.875475265961
37.289 0 0.872926188685
37.299 0 0.869763570518
37.309 0 0.867688359292
37.32 0 0.865111409092
37.329 0 0.864167082823
37.338 0 0.862783423212
37.35 0 0.859411584117
37.358 0 0.857865420614
37.371 0 0.857698033434
37.379 0 0.858282116436
37.392 0 0.858009495708
37.403 0 0.856982242131
37.411 0 0.855249773529
37.419 0 0.852913476149
37.431 0 0.852516081148
37.443 0 0.854154782029
37.451 0 0.855095992564
37.46 0 0.856687561403
37.47 0 0.857800171507
37.479 0 0.859783361468
37.492 0 0.859493600557
37.5 0 0.859162179041
37.508 0 0.85990269883
37.52 0 0.859531130918
37.531 0 0.859607719115
37.541 0 0.860508197597
37.55 0 0.8621664422
37.56 0 0.864946884574
37.57 0 0.868345410981
37.583 0 0.869202836844
37.589 0 0.872972215626
37.599 0 0.873687725663
37.613 0 0.873658567827
37.622 0 0.872234654692
37.63 0 0.871996264415
37.639 0 0.869687876603
37.649 0 0.868642260222
37.663 0 0.869500252741
37.673 0 0.871759992542
37.682 0 0.873811048197
37.691 0 0.870938201765
37.701 0 0.872273466443
37.709 0 0.873728609909
37.722 0 0.877131610526
37.733 0 0.881096242688
37.741 0 0.88432767027
37.748 0 0.883638233892
37.761 0 0.885866499743
37.772 0 0.887102727722
37.78 0 0.886642726911
37.79 0 0.888652424656
37.8 0 0.888068752346
37.812 0 0.8884062428
37.82 0 0.889897058942
37.832 0 0.892128997309
37.839 0 0.892843260548
37.854 0 0.892923033468
37.865 0 0.892494553887
37.874 0 0.891450549847
37.886 0 0.890242585214
37.892 0 0.889561428779
37.9 0 0.888849700209
37.912 0 0.889920301982
37.92 0 0.88867840948
37.93 0 0.887998573845
37.939 0 0.888795465505
37.953 0 0.888519133273
37.963 0 0.88934855926
37.97 0 0.88994915377
37.98 0 0.890266963614
37.991 0 0.89110467922
38.001 0 0.890577601083
38.008 0 0.890455792564
38.02 0 0.890942661136
38.028 0 0.890785983797
38.04 0 0.889213889736
38.048 0 0.887447384075
38.06 0 0.88382952735
38.071 0 0.881026198976
38.083 0 0.878230407056
38.1 0 0.877806110694
38.109 0 0.877260471673
38.116 0 0.877169103353
38.123 0 0.876900980399
38.13 0 0.87588028327
38.14 0 0.875008662893
38.15 0 0.8755500992
38.158 0 0.876485295283
38.171 0 0.877510033311
38.184 0 0.880479481069
38.192 0 0.880972837452
38.199 0 0.881506283495
38.208 0 0.882252256444
38.218 0 0.882560701133
38.228 0 0.88237128181
38.239 0 0.88237128181
38.252 0 0.882277684441
38.26 0 0.882943112501
38.273 0 0.883476533649
38.28 0 0.883395730478
38.286 0 0.882931137798
38.3 0 0.881199996957
38.311 0 0.8799782652
38.32 0 0.8799782652
38.327 0 0.8799782652
38.34 0 0.883475369947
38.35 0 0.887350579472
38.358 0 0.887638303833
38.371 0 0.893131215425
38.381 0 0.893204447246
38.39 0 0.894614604493
38.399 0 0.894609506088
38.41 0 0.893419371014
38.426 0 0.890691482285
38.433 0 0.888345252871
38.44 0 0.887716500532
38.45 0 0.886834620124
38.463 0 0.886625722994
38.47 0 0.884565375959
38.48 0 0.890071120277
38.49 0 0.891836209495
38.502 0 0.896637382843
38.517 0 0.900182299304
38.523 0 0.896715299446
38.531 0 0.903563672884
38.54 0 0.905761736662
38.551 0 0.907741136691
38.563 0 0.910120992068
38.57 0 0.910632606602
38.579 0 0.909508495882
38.589 0 0.909944508895
38.6 0 0.910123791598
38.612 0 0.911241772756
38.619 0 0.911766994694
38.629 0 0.910886693583
38.641 0 0.910306874913
38.652 0 0.909617979194
38.66 0 0.908456453382
38.669 0 0.908048711698
38.677 0 0.908030208229
38.689 0 0.908473045481
38.705 0 0.908302382067
38.714 0 0.908640131958
38.722 0 0.908625784241
38.73 0 0.910129451256
38.741 0 0.909078828697
38.751 0 0.908024307666
38.761 0 0.905594124059
38.77 0 0.905364137976
38.779 0 0.905195760162
38.793 0 0.903432348462
38.802 0 0.902937171698
38.81 0 0.902820384654
38.818 0 0.90202641268
38.829 0 0.900910251914
38.843 0 0.900148112948
38.853 0 0.900148112948
38.859 0 0.900148112948
38.869 0 0.896132682997
38.885 0 0.89512885539
38.893 0 0.893782600241
38.902 0 0.891012979096
38.91 0 0.889087569906
38.92 0 0.88634869459
38.928 0 0.885396889906
38.94 0 0.886305146068
38.951 0 0.886156360925
38.959 0 0.886365941941
38.972 0 0.886052429951
38.981 0 0.884534268042
38.992 0 0.88426000919
39.001 0 0.883739796985
