time index height
0.0 0 0.0
0.037 0 0.0287231707831
0.051 0 0.0322913758517
0.067 0 0.042322745065
0.085 0 0.0499771491563
0.098 0 0.0566239246024
0.11 0 0.0652850435144
0.128 0 0.0729374928155
0.142 0 0.0786369323673
0.157 0 0.0817248023732
0.17 0 0.0849164977834
0.185 0 0.0859326504486
0.196 0 0.0864757228517
0.209 0 0.0863650161352
0.224 0 0.0856315753706
0.238 0 0.0837217169069
0.252 0 0.0802170578398
0.273 0 0.0765460066894
0.284 0 0.0726080621811
0.295 0 0.0679525617564
0.312 0 0.0661672028808
0.325 0 0.0647572171141
0.336 0 0.0624299134488
0.355 0 0.0562248106381
0.371 0 0.0511949992563
0.385 0 0.0399448343586
0.406 0 0.0347754086785
0.416 0 0.0307791274539
0.429 0 0.0291170639719
0.438 0 0.0292797471556
0.455 0 0.0304711649963
0.468 0 0.0312268599313
0.482 0 0.0317287154052
0.499 0 0.0322960937813
0.51 0 0.0329085792544
0.525 0 0.0337487750517
0.543 0 0.0343445799783
0.554 0 0.0350790151921
0.566 0 0.036574742191
0.584 0 0.0381309944595
0.602 0 0.0383904906003
0.611 0 0.0390573921442
0.622 0 0.0396077217841
0.632 0 0.0402559182887
0.655 0 0.0396013224121
0.668 0 0.0394231421709
0.686 0 0.0394305714195
0.697 0 0.0395654394363
0.712 0 0.0395797674492
0.728 0 0.0395280037045
0.743 0 0.0394966682166
0.756 0 0.0395301202399
0.767 0 0.0393364954608
0.785 0 0.0388603794919
0.798 0 0.0386884700079
0.81 0 0.0381369328213
0.832 0 0.0379024803502
0.844 0 0.0377728480707
0.854 0 0.0373428309895
0.878 0 0.0369361028307
0.888 0 0.0369934093471
0.896 0 0.0369204024751
0.908 0 0.0364373811099
0.928 0 0.0370773308994
0.943 0 0.0381528747919
0.951 0 0.0404462546592
0.964 0 0.0427729876416
0.978 0 0.0442338196402
0.989 0 0.0458560968234
1.008 0 0.0466016567013
1.014 0 0.0473801741213
1.027 0 0.0479456616155
1.039 0 0.0482585640252
1.055 0 0.0484098832808
1.065 0 0.0484793984401
1.075 0 0.0483905493402
1.087 0 0.0482894115093
1.097 0 0.0477864625909
1.111 0 0.0473518202461
1.122 0 0.0471871615892
1.132 0 0.047189836603
1.14 0 0.047434321726
1.159 0 0.0478009504062
1.168 0 0.0484195332742
1.177 0 0.048590786834
1.191 0 0.0484270829431
1.202 0 0.0487040408379
1.217 0 0.0487300658701
1.229 0 0.0481717201942
1.252 0 0.0480117508427
1.263 0 0.0477590340027
1.274 0 0.0472985685496
1.283 0 0.0459884469996
1.303 0 0.0451776197624
1.314 0 0.044819991035
1.327 0 0.0443675817875
1.343 0 0.0435064601471
1.358 0 0.0425165379714
1.373 0 0.0409298106032
1.392 0 0.042032967809
1.407 0 0.0424527720155
1.422 0 0.043492753705
1.441 0 0.0439555538661
1.453 0 0.0446346636573
1.465 0 0.0457085680875
1.482 0 0.0464569589689
1.497 0 0.0470319085861
1.509 0 0.0479987018905
1.531 0 0.0485909938042
1.54 0 0.0493135546215
1.551 0 0.0500133938438
1.565 0 0.0492581645502
1.586 0 0.0492609554235
1.598 0 0.0504243565943
1.611 0 0.0513546417881
1.633 0 0.0516446474105
1.646 0 0.0514891797813
1.659 0 0.0502461863634
1.676 0 0.0486362247237
1.688 0 0.0461915394451
1.704 0 0.0459805517792
1.721 0 0.0461524945165
1.736 0 0.0482665709085
1.747 0 0.0515740447223
1.764 0 0.0540528180094
1.777 0 0.0555010807443
1.786 0 0.0577649373963
1.798 0 0.0595946804001
1.813 0 0.0604738568975
1.822 0 0.0611694503919
1.834 0 0.0617142149627
1.844 0 0.0625939766102
1.866 0 0.0633637567334
1.876 0 0.0637882652956
1.893 0 0.0639045411118
1.917 0 0.0647096511409
1.931 0 0.0653082713419
1.94 0 0.0661276128814
1.959 0 0.0665120749526
1.971 0 0.0666029785988
1.981 0 0.0663259699074
1.993 0 0.065872661156
2.013 0 0.0651587227335
2.027 0 0.064523056196
2.042 0 0.0620653234547
2.064 0 0.0599909282801
2.079 0 0.0582377260099
2.092 0 0.0554989261575
2.111 0 0.0540662613737
2.123 0 0.0534774733203
2.138 0 0.0530584199161
2.156 0 0.053135000619
2.17 0 0.0535782886357
2.182 0 0.0534878505553
2.199 0 0.0529807610517
2.208 0 0.0521054156571
2.225 0 0.0529266498808
2.245 0 0.0542925388872
2.257 0 0.0557526817887
2.269 0 0.0565539344236
2.28 0 0.057261421942
2.295 0 0.0576720148724
2.309 0 0.0578322230389
2.318 0 0.0583446302272
2.327 0 0.0592227053439
2.349 0 0.0590809340904
2.358 0 0.0590646923782
2.367 0 0.0594398641934
2.387 0 0.0595410703607
2.4 0 0.0608920767507
2.413 0 0.0609458241714
2.423 0 0.0615034197655
2.438 0 0.0626640351527
2.449 0 0.0634234630224
2.462 0 0.0638689601813
2.473 0 0.0640251735799
2.493 0 0.0637607414164
2.504 0 0.0632695059886
2.516 0 0.0612715449566
2.538 0 0.0604266029227
2.549 0 0.0612742346345
2.56 0 0.0638669352026
2.577 0 0.0665713506222
2.587 0 0.0694381407185
2.599 0 0.0718493098664
2.614 0 0.0744022263379
2.627 0 0.0759793191275
2.638 0 0.0778230669628
2.65 0 0.0787902644796
2.661 0 0.0801411858252
2.679 0 0.0803405454274
2.694 0 0.0802411322622
2.703 0 0.0803745600304
2.715 0 0.079752366299
2.729 0 0.0792652145125
2.742 0 0.0810419113825
2.761 0 0.0816199204642
2.77 0 0.0819708819114
2.78 0 0.0823312162929
2.796 0 0.0824824620873
2.814 0 0.0823370850149
2.825 0 0.0821839392408
2.844 0 0.081204866271
2.867 0 0.079410787462
2.88 0 0.0774010504047
2.898 0 0.0750417058708
2.912 0 0.0733532607448
2.923 0 0.0721099070638
2.93 0 0.0711674435814
2.954 0 0.0708584802176
2.964 0 0.0703505253139
2.976 0 0.068624567637
2.999 0 0.068402176648
3.009 0 0.068402176648
3.016 0 0.068402176648
3.031 0 0.0698467115948
3.049 0 0.0701479857519
3.058 0 0.0704414186199
3.068 0 0.0713754083919
3.088 0 0.0717018538461
3.101 0 0.072510189021
3.111 0 0.0738524718151
3.123 0 0.0749288229504
3.139 0 0.0756906613609
3.151 0 0.0774078520226
3.163 0 0.0796452107003
3.179 0 0.0804341169036
3.188 0 0.0826371849241
3.198 0 0.0847021579614
3.209 0 0.0871145970003
3.224 0 0.0884302753969
3.236 0 0.0904748945032
3.246 0 0.0914488188499
3.263 0 0.0945422797747
3.273 0 0.0965510895152
3.29 0 0.0980778849593
3.304 0 0.0998750948347
3.321 0 0.100495704373
3.331 0 0.100544385822
3.34 0 0.101220534926
3.354 0 0.100513144888
3.369 0 0.0997095542732
3.38 0 0.0983886262294
3.388 0 0.0983886262294
3.395 0 0.0959004955709
3.413 0 0.0947075547558
3.425 0 0.0941698808331
3.437 0 0.095128762017
3.458 0 0.0956057701769
3.468 0 0.0959728737522
3.48 0 0.0966890572185
3.5 0 0.0970656726359
3.516 0 0.096902435539
3.525 0 0.0966565944608
3.543 0 0.0953286028175
3.559 0 0.0945672965096
3.57 0 0.0935057108701
3.58 0 0.0939181601829
3.595 0 0.094735273474
3.608 0 0.0951972157533
3.617 0 0.0953948386839
3.628 0 0.0953152850472
3.647 0 0.095070841921
3.658 0 0.0946986395441
3.668 0 0.0941651115002
3.69 0 0.0937643494559
3.701 0 0.0924235075159
3.713 0 0.0908738918312
3.732 0 0.090086059833
3.748 0 0.0897242358883
3.759 0 0.0902994150165
3.777 0 0.0910098050353
3.786 0 0.0924929771449
3.799 0 0.0940372391079
3.812 0 0.0967187010659
3.828 0 0.0986326043976
3.842 0 0.100702108945
3.856 0 0.10464194036
3.875 0 0.106634590972
3.882 0 0.109472614491
3.896 0 0.110461946659
3.907 0 0.115649811261
3.923 0 0.117425634031
3.935 0 0.118797987691
3.944 0 0.121797312167
3.963 0 0.122910754282
3.974 0 0.123929020261
3.986 0 0.125222144203
3.993 0 0.12569447653
4.002 0 0.126992562761
4.019 0 0.127411512183
4.031 0 0.127215314103
4.043 0 0.128111196311
4.061 0 0.128823628141
4.077 0 0.12833319176
4.089 0 0.128995319772
4.102 0 0.129111850179
4.117 0 0.129111850179
4.132 0 0.129354379581
4.144 0 0.129560098007
4.158 0 0.129168581271
4.175 0 0.129202814034
4.186 0 0.128020962248
4.197 0 0.127453154826
4.213 0 0.127453154826
4.223 0 0.124526420096
4.237 0 0.123769407026
4.25 0 0.123525759202
4.265 0 0.123512287173
4.278 0 0.123590537243
4.292 0 0.123575273689
4.303 0 0.123649239533
4.319 0 0.123649239533
4.325 0 0.123649239533
4.333 0 0.125175642651
4.343 0 0.125704160599
4.354 0 0.127175549757
4.366 0 0.128274710456
4.377 0 0.129374942698
4.386 0 0.131393355462
4.396 0 0.133648244259
4.416 0 0.135339085663
4.426 0 0.136612721113
4.435 0 0.137711454096
4.445 0 0.139432539334
4.459 0 0.141276425533
4.473 0 0.142581657537
4.482 0 0.144227433926
4.492 0 0.145309178276
4.5 0 0.145800669223
4.51 0 0.146628939879
4.52 0 0.147492930417
4.532 0 0.148226903842
4.543 0 0.149494774205
4.56 0 0.149992533816
4.573 0 0.150377734298
4.583 0 0.151460161476
4.595 0 0.152374277986
4.609 0 0.152458278973
4.62 0 0.152720271564
4.633 0 0.152922481794
4.641 0 0.153783129595
4.653 0 0.153783129595
4.66 0 0.155749145516
4.672 0 0.157092674202
4.684 0 0.159888286797
4.7 0 0.160910753093
4.711 0 0.162941216067
4.724 0 0.164850647403
4.737 0 0.16640678998
4.75 0 0.167037551531
4.764 0 0.168126524548
4.774 0 0.169394386592
4.788 0 0.172157316975
4.801 0 0.173248386673
4.812 0 0.174554691048
4.822 0 0.175186557897
4.84 0 0.17634489438
4.854 0 0.17680716897
4.864 0 0.178792915384
4.886 0 0.179580280356
4.902 0 0.180192249611
4.91 0 0.181145696316
4.933 0 0.181508615604
4.945 0 0.180987772445
4.957 0 0.180919946728
4.969 0 0.180590377875
4.983 0 0.180178094033
4.994 0 0.179620654046
5.002 0 0.179437261647
5.02 0 0.178111411393
5.036 0 0.176757315865
5.051 0 0.176245128007
5.06 0 0.175585282607
5.076 0 0.175862343602
5.084 0 0.175969409234
5.094 0 0.176581504695
5.114 0 0.177928496712
5.129 0 0.178834824628
5.139 0 0.179378113012
5.148 0 0.179993467684
5.16 0 0.180636018677
5.18 0 0.180582737841
5.19 0 0.180651809283
5.205 0 0.179907924416
5.224 0 0.178449059418
5.238 0 0.177967583143
5.248 0 0.177549011956
5.265 0 0.176944165371
5.276 0 0.177230032261
5.287 0 0.177265766645
5.302 0 0.177620999222
5.312 0 0.176007727209
5.323 0 0.174368589697
5.334 0 0.168829971923
5.352 0 0.168260244166
5.364 0 0.167008594301
5.372 0 0.160153713508
5.386 0 0.153675795742
5.408 0 0.150676711362
5.416 0 0.149440524645
5.428 0 0.147156692503
5.44 0 0.145459196471
5.457 0 0.145148778685
5.468 0 0.144330735832
5.48 0 0.14559448396
5.499 0 0.145835697939
5.509 0 0.146672642175
5.517 0 0.14909822318
5.527 0 0.149845972239
5.537 0 0.149845972239
5.547 0 0.154685885858
5.561 0 0.156790374754
5.57 0 0.157372237561
5.574 0 0.157692925912
5.591 0 0.157692925912
5.603 0 0.156777891494
5.618 0 0.154689006309
5.639 0 0.153839791253
5.651 0 0.151270331263
5.668 0 0.15038003956
5.683 0 0.140973287159
5.697 0 0.136535620119
5.706 0 0.131961649929
5.721 0 0.124899591948
5.739 0 0.119997773412
5.75 0 0.115837065905
5.761 0 0.108966964733
5.779 0 0.10375961123
5.79 0 0.0987059284146
5.801 0 0.0925093223382
5.82 0 0.0871733243714
5.837 0 0.0882764602102
5.848 0 0.0903737883669
5.859 0 0.0924198110885
5.876 0 0.0924198110885
5.889 0 0.104431813133
5.902 0 0.108399265448
5.913 0 0.116104245513
5.929 0 0.120403047348
5.944 0 0.126207622029
5.955 0 0.132635256604
5.974 0 0.138007142763
5.986 0 0.144242697318
6.0 0 0.149237176844
6.018 0 0.15389207504
6.028 0 0.156579055397
6.044 0 0.158793453295
6.061 0 0.16220873898
6.073 0 0.163003088813
6.087 0 0.163904570925
6.098 0 0.166225056863
6.117 0 0.167499125358
6.133 0 0.167962423457
6.144 0 0.167483392147
6.166 0 0.167334891831
6.176 0 0.167704047035
6.185 0 0.167445471698
6.201 0 0.169516981021
6.221 0 0.170004455748
6.232 0 0.1693513228
6.242 0 0.174763720875
6.258 0 0.177791017964
6.275 0 0.180209855819
6.285 0 0.183101454069
6.3 0 0.187939998477
6.314 0 0.189524985155
6.329 0 0.195582089711
6.352 0 0.197499438042
6.367 0 0.200536452509
6.377 0 0.202726795253
6.393 0 0.206190086084
6.407 0 0.205580477515
6.422 0 0.204957883348
6.43 0 0.203793013212
6.45 0 0.20158007991
6.467 0 0.200283166689
6.479 0 0.19736297183
6.5 0 0.195076006598
6.517 0 0.194466649709
6.534 0 0.193067147886
6.548 0 0.191956361845
6.559 0 0.190541376421
6.578 0 0.189140084665
6.588 0 0.187380362106
6.603 0 0.187057942523
6.62 0 0.18907016464
6.635 0 0.191994508329
6.647 0 0.195013156259
6.661 0 0.201843774565
6.687 0 0.205772896858
6.702 0 0.208102536217
6.719 0 0.213724354369
6.737 0 0.21512755297
6.749 0 0.21568769809
6.762 0 0.21678480734
6.781 0 0.218018181028
6.794 0 0.220184531364
6.812 0 0.221151211688
6.825 0 0.221145107234
6.836 0 0.220788729209
6.848 0 0.218352646071
6.866 0 0.212406739308
6.88 0 0.209724181384
6.891 0 0.207383082476
6.9 0 0.204059761265
6.917 0 0.20063807482
6.93 0 0.199042017488
6.94 0 0.197436695925
6.95 0 0.196614890223
6.964 0 0.196614890223
6.974 0 0.19857536561
6.986 0 0.199291435051
6.994 0 0.201623813341
7.013 0 0.200217083884
7.025 0 0.198688271702
7.039 0 0.197882901815
7.049 0 0.198778191274
7.073 0 0.198020191225
7.088 0 0.198575218848
7.099 0 0.199526377515
7.116 0 0.201662698309
7.128 0 0.201101513825
7.14 0 0.203037877598
7.161 0 0.204296671857
7.168 0 0.204876720616
7.179 0 0.207556142543
7.192 0 0.206684801318
7.211 0 0.205598217373
7.222 0 0.205469956865
7.234 0 0.20240225169
7.248 0 0.199300327165
7.26 0 0.19576157774
7.273 0 0.192941482145
7.284 0 0.187354351547
7.298 0 0.181444536874
7.315 0 0.176399716954
7.326 0 0.16642223234
7.348 0 0.161890739897
7.363 0 0.16076592169
7.376 0 0.161157065721
7.397 0 0.16202469666
7.41 0 0.163627812198
7.422 0 0.164648854823
7.446 0 0.165316709799
7.458 0 0.165013871249
7.473 0 0.163872097088
7.494 0 0.162498258672
7.503 0 0.160925243973
7.517 0 0.155035510851
7.539 0 0.151975006115
7.552 0 0.150083830215
7.56 0 0.147297519702
7.58 0 0.144811093665
7.595 0 0.142469013229
7.608 0 0.140925421519
7.63 0 0.140760454739
7.644 0 0.140151589338
7.67 0 0.139922600532
7.686 0 0.140482037324
7.701 0 0.140920650529
7.717 0 0.1417680317
7.731 0 0.141695456812
7.743 0 0.140711484003
7.753 0 0.140772626237
7.774 0 0.137988093872
7.787 0 0.137301003432
7.8 0 0.135269414688
7.815 0 0.136004410933
7.833 0 0.137479997286
7.844 0 0.139741651565
7.865 0 0.140871157242
7.881 0 0.143633901167
7.892 0 0.144172092977
7.903 0 0.147496045861
7.922 0 0.149846261594
7.936 0 0.153725125413
7.948 0 0.155456902613
7.964 0 0.153943221961
7.972 0 0.154357710766
7.985 0 0.156228171811
8.002 0 0.1541970638
8.021 0 0.154258415009
8.036 0 0.156527762911
8.053 0 0.154651058206
8.064 0 0.154898925823
8.075 0 0.153009699011
8.085 0 0.148113588487
8.102 0 0.148986114991
8.117 0 0.149785510886
8.129 0 0.14794375121
8.144 0 0.143816573495
8.165 0 0.141126395833
8.176 0 0.137951063037
8.187 0 0.134931973599
8.208 0 0.13323625554
8.217 0 0.132057100227
8.229 0 0.130318294464
8.249 0 0.130150995248
8.265 0 0.130126440073
8.276 0 0.131587673936
8.299 0 0.132833829673
8.311 0 0.133711059595
8.324 0 0.135149330507
8.34 0 0.13636386298
8.358 0 0.136452713475
8.371 0 0.136584841431
8.389 0 0.13652728299
8.404 0 0.137245098055
8.419 0 0.13725773294
8.437 0 0.137107294964
8.45 0 0.137241631149
8.461 0 0.137312082734
8.48 0 0.137578649488
8.489 0 0.137762731474
8.503 0 0.140102142315
8.522 0 0.143867026591
8.543 0 0.145161064685
8.557 0 0.147146377079
8.58 0 0.147386103582
8.592 0 0.147068804636
8.604 0 0.148084808925
8.623 0 0.148701462876
8.635 0 0.148577109036
8.647 0 0.150365618203
8.663 0 0.14957250254
8.675 0 0.152949539936
8.69 0 0.154959782802
8.712 0 0.15908581606
8.725 0 0.161545076525
8.737 0 0.167243597215
8.755 0 0.171396659433
8.767 0 0.172540616058
8.778 0 0.174173546083
8.79 0 0.177274781457
8.808 0 0.176576864794
8.818 0 0.176576864794
8.828 0 0.171334551066
8.845 0 0.16990875161
8.859 0 0.168432674039
8.868 0 0.168532822278
8.88 0 0.16863907521
8.896 0 0.169255833458
8.906 0 0.169591486683
8.917 0 0.169670877974
8.927 0 0.170293624484
8.953 0 0.170317035399
8.961 0 0.170433036571
8.974 0 0.170923686363
8.988 0 0.170097503225
9.0 0 0.168586051704
9.011 0 0.166458074704
9.022 0 0.165563520542
9.035 0 0.163781716862
9.053 0 0.162773467261
9.061 0 0.162683313452
9.077 0 0.162506684246
9.098 0 0.163230518401
9.107 0 0.163511323623
9.12 0 0.164450095553
9.135 0 0.166860766609
9.153 0 0.16800583901
9.166 0 0.169248268205
9.177 0 0.171832766408
9.195 0 0.173924383706
9.209 0 0.177120881418
9.222 0 0.181576419344
9.243 0 0.184458236578
9.255 0 0.187770781701
9.27 0 0.189681692486
9.289 0 0.191234538322
9.297 0 0.191234538322
9.308 0 0.196944189938
9.325 0 0.19706860537
9.344 0 0.196018192021
9.354 0 0.193056491449
9.367 0 0.190325129277
9.385 0 0.190753854176
9.397 0 0.190316430941
9.412 0 0.188770885708
9.432 0 0.185914518
9.446 0 0.187085865784
9.466 0 0.188132579828
9.472 0 0.190337628362
9.485 0 0.193780960152
9.501 0 0.195092671951
9.517 0 0.197891785959
9.54 0 0.199087189202
9.549 0 0.199792050765
9.561 0 0.199957251379
9.581 0 0.198645164885
9.598 0 0.198743267318
9.609 0 0.196851966399
9.629 0 0.193469257918
9.641 0 0.192090248922
9.66 0 0.191202036523
9.678 0 0.192083856682
9.692 0 0.19175740956
9.704 0 0.190959606911
9.725 0 0.188908614981
9.737 0 0.188632745952
9.747 0 0.187137589886
9.769 0 0.185359506742
9.778 0 0.183336946708
9.79 0 0.176833887139
9.816 0 0.16850694483
9.835 0 0.16327819407
9.851 0 0.154439134356
9.872 0 0.151570676013
9.886 0 0.149188233915
9.896 0 0.147791899859
9.918 0 0.148060339445
9.931 0 0.149625055566
9.942 0 0.152219648728
9.965 0 0.154084547861
9.976 0 0.156040847888
9.993 0 0.157440128825
10.007 0 0.158407688255
10.024 0 0.159977561909
10.049 0 0.160184814349
10.064 0 0.160512915809
10.076 0 0.161938428593
10.09 0 0.164328883353
10.112 0 0.166094249116
10.122 0 0.166567810287
10.128 0 0.169195878828
10.146 0 0.169678077368
10.15 0 0.171434156272
10.16 0 0.172174199678
10.182 0 0.173944726525
10.196 0 0.174793264937
10.21 0 0.178209303519
10.235 0 0.178139549303
10.246 0 0.177914296078
10.26 0 0.182982383902
10.288 0 0.187717529048
10.299 0 0.189625716301
10.313 0 0.1932723985
10.327 0 0.196394622105
10.342 0 0.197189274501
10.354 0 0.199319035608
10.374 0 0.201275979941
10.388 0 0.202142533997
10.4 0 0.202754434174
10.424 0 0.202180439561
10.43 0 0.200011618855
10.441 0 0.197818444406
10.463 0 0.194466329703
10.476 0 0.191312074365
10.49 0 0.185262918957
10.511 0 0.181850235367
10.523 0 0.178386030602
10.537 0 0.173605774176
10.557 0 0.173605774176
10.569 0 0.173432475923
10.583 0 0.172497113673
10.595 0 0.171387506687
10.611 0 0.171320773788
10.622 0 0.171308880132
10.634 0 0.173204000284
10.653 0 0.172465014404
10.661 0 0.172465014404
10.674 0 0.169360184709
10.695 0 0.170726958482
10.711 0 0.171053150881
10.727 0 0.170959013555
10.745 0 0.169956424965
10.762 0 0.170349802545
10.775 0 0.170349802545
10.786 0 0.166277602802
10.811 0 0.164610874816
10.824 0 0.162954602026
10.847 0 0.163018027859
10.863 0 0.162709662733
10.874 0 0.165394405527
10.894 0 0.167943651608
10.906 0 0.168264962275
10.917 0 0.171021722322
10.935 0 0.173316054245
10.944 0 0.174287316863
10.955 0 0.177008706258
10.967 0 0.178156915092
10.98 0 0.178840919075
10.992 0 0.179083834704
11.003 0 0.176699924709
11.016 0 0.179329674946
11.036 0 0.178939698317
11.049 0 0.180464931142
11.06 0 0.182899932706
11.077 0 0.186649856162
11.087 0 0.18720215772
11.097 0 0.190348743326
11.107 0 0.188874536159
11.129 0 0.189316527049
11.139 0 0.19376210225
11.152 0 0.194486862122
11.161 0 0.19497158664
11.175 0 0.19497158664
11.181 0 0.19264092597
11.193 0 0.193027095749
11.206 0 0.189702158473
11.223 0 0.187677386132
11.236 0 0.185786814974
11.247 0 0.183067382738
11.268 0 0.183511988565
11.28 0 0.18303095097
11.291 0 0.181942061154
11.314 0 0.180234197138
11.325 0 0.178632483568
11.339 0 0.177482019267
11.349 0 0.17622416883
11.367 0 0.176020534721
11.377 0 0.175169591045
11.384 0 0.174912207013
11.394 0 0.174024544001
11.41 0 0.174824870084
11.421 0 0.174341442978
11.431 0 0.173827336468
11.452 0 0.17345330827
11.463 0 0.173383745475
11.475 0 0.172625695369
11.484 0 0.170723593744
11.504 0 0.170154890772
11.516 0 0.169843391644
11.527 0 0.169833817624
11.536 0 0.169625253752
11.55 0 0.169354918504
11.558 0 0.168486263766
11.569 0 0.168209395923
11.587 0 0.167905716839
11.605 0 0.167999661462
11.617 0 0.167966579574
11.627 0 0.168282375386
11.637 0 0.17180317434
11.655 0 0.173647829684
11.668 0 0.176086430606
11.684 0 0.17817633049
11.698 0 0.179923482283
11.713 0 0.182115117085
11.724 0 0.185247117735
11.742 0 0.18873437606
11.752 0 0.190588745511
11.765 0 0.19251832894
11.783 0 0.195787956564
11.797 0 0.200710887113
11.811 0 0.200530823951
11.823 0 0.203168662777
11.843 0 0.201340792778
11.856 0 0.202444932684
11.876 0 0.204290560674
11.887 0 0.205491037213
11.899 0 0.206902449409
11.91 0 0.20408733205
11.923 0 0.208328001417
11.939 0 0.208573090652
11.95 0 0.20685591406
11.969 0 0.205207968736
11.988 0 0.204584433974
12.003 0 0.204872421937
12.019 0 0.204598422309
12.034 0 0.204598422309
12.042 0 0.204762382076
12.066 0 0.204400151036
12.077 0 0.20378539922
12.085 0 0.201785284813
12.1 0 0.199486732615
12.112 0 0.199469996289
12.135 0 0.200048292818
12.147 0 0.199892784465
12.159 0 0.199120049037
12.18 0 0.199317742349
12.19 0 0.19979133466
12.205 0 0.201635471056
12.235 0 0.202850954171
12.249 0 0.204894880762
12.274 0 0.205694537629
12.287 0 0.207612929022
12.302 0 0.208301123247
12.321 0 0.207551793399
12.338 0 0.207562820121
12.354 0 0.207916880944
12.368 0 0.208520502634
12.384 0 0.209496693488
12.399 0 0.20964424622
12.417 0 0.210785697926
12.429 0 0.211288535387
12.449 0 0.214353828442
12.463 0 0.214938887178
12.479 0 0.219333402529
12.499 0 0.224999600768
12.514 0 0.227202210583
12.527 0 0.228038525397
12.546 0 0.228209589561
12.563 0 0.226021490365
12.575 0 0.227398340955
12.599 0 0.22695921648
12.609 0 0.231870725901
12.631 0 0.23405793344
12.644 0 0.235402598735
12.658 0 0.235900069434
12.669 0 0.238620269304
12.691 0 0.239498341361
12.702 0 0.239264159475
12.712 0 0.239783631312
12.732 0 0.24018519331
12.741 0 0.23934224417
12.753 0 0.237396328959
12.767 0 0.236029354667
12.783 0 0.235337022294
12.793 0 0.235053968012
12.803 0 0.233629167615
12.813 0 0.23087417414
12.831 0 0.229843016496
12.84 0 0.230980927097
12.853 0 0.230582532081
12.868 0 0.230282552056
12.881 0 0.229647443036
12.893 0 0.228218433248
12.903 0 0.226515939725
12.919 0 0.225040991511
12.926 0 0.222799008514
12.939 0 0.219764714622
12.95 0 0.215014083585
12.969 0 0.211332506499
12.981 0 0.209265732152
12.987 0 0.204752178512
13.008 0 0.200355914078
13.021 0 0.19661191554
13.032 0 0.194505618154
13.047 0 0.191716330592
13.063 0 0.189307307424
13.077 0 0.188701249694
13.093 0 0.189637728135
13.111 0 0.190179662748
13.125 0 0.190821064431
13.137 0 0.190643387354
13.166 0 0.190425879101
13.181 0 0.192686386388
13.2 0 0.195316058512
13.214 0 0.19946214987
13.226 0 0.200040518984
13.233 0 0.204129731639
13.248 0 0.205711191754
13.261 0 0.206045040918
13.27 0 0.207573150252
13.284 0 0.209662254157
13.299 0 0.210865218509
13.31 0 0.211391113914
13.32 0 0.215303426697
13.337 0 0.217769783069
13.349 0 0.219229666467
13.361 0 0.218950614724
13.37 0 0.218372687397
13.388 0 0.219875469012
13.397 0 0.221282413667
13.406 0 0.222422885023
13.415 0 0.224017020084
13.439 0 0.229061571758
13.449 0 0.232809423754
13.463 0 0.237973355381
13.476 0 0.242897870638
13.496 0 0.242850533586
13.504 0 0.242743737754
13.516 0 0.241116983446
13.535 0 0.239820427538
13.54 0 0.238988345815
13.551 0 0.238023251177
13.568 0 0.236072232724
13.579 0 0.234959740821
13.588 0 0.233719816206
13.602 0 0.231564359394
13.624 0 0.23006908941
13.637 0 0.229134781178
13.649 0 0.228580542208
13.666 0 0.227508534818
13.68 0 0.22730528849
13.692 0 0.227324004039
13.704 0 0.227825915169
13.719 0 0.227825915169
13.728 0 0.225793159512
13.744 0 0.221040171055
13.769 0 0.219813859813
13.779 0 0.219067952318
13.792 0 0.218519325224
13.815 0 0.218047974391
13.836 0 0.217129416088
13.855 0 0.216860092221
13.865 0 0.216755636959
13.875 0 0.216635993056
13.885 0 0.217626626353
13.903 0 0.217501770926
13.915 0 0.21847170619
13.931 0 0.220291370361
13.955 0 0.221444974303
13.968 0 0.22385253171
13.994 0 0.225346943322
14.007 0 0.22913499822
14.017 0 0.233517147319
14.034 0 0.234910557571
14.046 0 0.239883005891
14.061 0 0.2404820983
14.073 0 0.244181000179
14.08 0 0.244181000179
14.087 0 0.249332637028
14.103 0 0.250584038496
14.124 0 0.249187147534
14.136 0 0.247653800119
14.147 0 0.252805302648
14.173 0 0.251211033297
14.181 0 0.250789856182
14.193 0 0.25224883828
14.201 0 0.250508238029
14.216 0 0.252191309096
14.231 0 0.255738340478
14.243 0 0.255738340478
14.255 0 0.256092487557
14.267 0 0.256413069941
14.286 0 0.25670924531
14.306 0 0.25670924531
14.315 0 0.255530369552
14.327 0 0.255189040765
14.338 0 0.251161930847
14.361 0 0.251161930847
14.37 0 0.248241548088
14.392 0 0.2450071408
14.409 0 0.243693545308
14.424 0 0.243762495941
14.44 0 0.24527080253
14.459 0 0.245893175755
14.474 0 0.245968274601
14.49 0 0.245968274601
14.5 0 0.244558679784
14.515 0 0.243020423073
14.537 0 0.239696982967
14.554 0 0.235417745788
14.57 0 0.228557631096
14.591 0 0.225874098461
14.607 0 0.221667049015
14.626 0 0.221667049015
14.635 0 0.215266550492
14.653 0 0.212534180999
14.673 0 0.209722569602
14.688 0 0.209460531798
14.7 0 0.209123639887
14.718 0 0.210339028881
14.732 0 0.211112340126
14.742 0 0.212115131164
14.755 0 0.214600188251
14.774 0 0.215199500789
14.785 0 0.215941755266
14.796 0 0.217763053293
14.818 0 0.220183051433
14.829 0 0.221620504122
14.84 0 0.22493538172
14.853 0 0.22672344833
14.872 0 0.229874828288
14.881 0 0.23140003689
14.892 0 0.232119527267
14.902 0 0.232040755621
14.914 0 0.235016913522
14.928 0 0.239064149094
14.941 0 0.241016856333
14.962 0 0.241433375983
14.976 0 0.241888143642
14.989 0 0.242120576514
15.009 0 0.246375518855
15.022 0 0.249746842716
15.032 0 0.25179808989
15.049 0 0.254698986952
15.061 0 0.255504259347
15.071 0 0.256022852399
15.086 0 0.254042824866
15.099 0 0.253123563937
15.107 0 0.252908029379
15.122 0 0.254498271378
15.145 0 0.253426842715
15.16 0 0.251095320797
15.175 0 0.244300110936
15.2 0 0.240278812435
15.213 0 0.23851107444
15.227 0 0.239359467739
15.247 0 0.240116253658
15.262 0 0.239690155085
15.271 0 0.237338830041
15.296 0 0.235575336701
15.31 0 0.234644460573
15.331 0 0.233092098528
15.342 0 0.230517907726
15.358 0 0.230458412711
15.386 0 0.230364038009
15.398 0 0.230221731002
15.426 0 0.229323811097
15.44 0 0.229568738538
15.458 0 0.230593491309
15.477 0 0.230593491309
15.489 0 0.233739310815
15.505 0 0.236627730399
15.532 0 0.238530745724
15.543 0 0.241324130007
15.567 0 0.244196107958
15.581 0 0.247194323258
15.598 0 0.250316202472
15.619 0 0.251617600736
15.636 0 0.254742046374
15.659 0 0.259282498559
15.676 0 0.259805092661
15.692 0 0.268395873593
15.716 0 0.272948395866
15.731 0 0.27204581121
15.747 0 0.271741243334
15.764 0 0.271938037926
15.778 0 0.269627737189
15.796 0 0.268030418539
15.81 0 0.270009819893
15.828 0 0.274353864672
15.852 0 0.27470968946
15.866 0 0.274819560411
15.874 0 0.271630282774
15.888 0 0.263085854132
15.91 0 0.261204016191
15.927 0 0.258974109478
15.953 0 0.258832272664
15.968 0 0.256907295995
15.986 0 0.253246483877
16.003 0 0.252135163679
16.017 0 0.252310198459
16.03 0 0.253627983835
16.05 0 0.252738618431
16.068 0 0.250893640895
16.087 0 0.248908373973
16.101 0 0.248293126189
16.113 0 0.247054965594
16.131 0 0.246150973303
16.149 0 0.246150973303
16.159 0 0.245427460709
16.178 0 0.245246984004
16.197 0 0.246096360646
16.211 0 0.247059256262
16.229 0 0.248866441094
16.243 0 0.249603025395
16.256 0 0.251023970072
16.27 0 0.252750561423
16.293 0 0.253882393567
16.306 0 0.254715624629
16.323 0 0.259043407775
16.34 0 0.262724799744
16.359 0 0.267763257739
16.378 0 0.27007956323
16.393 0 0.273529328064
16.407 0 0.273487770883
16.421 0 0.280183890593
16.435 0 0.279151747229
16.449 0 0.283159791088
16.475 0 0.285552834225
16.491 0 0.286262033148
16.504 0 0.289890996633
16.522 0 0.291799742206
16.535 0 0.294129001881
16.549 0 0.29709487895
16.565 0 0.29709487895
16.575 0 0.300285858891
16.593 0 0.299638691051
16.609 0 0.301550108784
16.618 0 0.303285971822
16.632 0 0.305664777605
16.652 0 0.305259112011
16.666 0 0.303586149074
16.677 0 0.300890310392
16.695 0 0.298029202365
16.709 0 0.294654102665
16.721 0 0.288587665469
16.748 0 0.281542219462
16.766 0 0.275944387539
16.778 0 0.269999244831
16.797 0 0.266160592636
16.817 0 0.263567404592
16.831 0 0.26057398408
16.853 0 0.258958689469
16.861 0 0.258000138488
16.873 0 0.258000138488
16.885 0 0.251545562072
16.902 0 0.251545562072
16.912 0 0.248264159691
16.928 0 0.248319108997
16.943 0 0.246496424764
16.961 0 0.24582663256
16.97 0 0.24582663256
16.987 0 0.245198397504
17.005 0 0.245126103925
17.017 0 0.246180845274
17.036 0 0.245664386379
17.049 0 0.245905866294
17.06 0 0.248884100748
17.079 0 0.25034167247
17.093 0 0.251948662529
17.108 0 0.252991615531
17.121 0 0.254693195873
17.137 0 0.255036247594
17.149 0 0.257325222743
17.16 0 0.262241780199
17.174 0 0.268882006888
17.193 0 0.271571897065
17.204 0 0.27868709822
17.219 0 0.283314081159
17.242 0 0.283314081159
17.251 0 0.289480667735
17.27 0 0.293691283659
17.285 0 0.295118835863
17.296 0 0.298224845376
17.317 0 0.300071252941
17.335 0 0.303704327384
17.35 0 0.305411147064
17.365 0 0.306656466987
17.382 0 0.307722275602
17.395 0 0.307851897486
17.409 0 0.308857303199
17.432 0 0.309680749449
17.445 0 0.309573067736
17.459 0 0.307833764687
17.478 0 0.304468701264
17.491 0 0.302345217409
17.504 0 0.298508381288
17.518 0 0.296178060863
17.532 0 0.296178060863
17.542 0 0.290391837254
17.555 0 0.284294062619
17.576 0 0.279749824846
17.591 0 0.277255722324
17.605 0 0.275839485378
17.624 0 0.274387660796
17.64 0 0.273361545601
17.66 0 0.27134264776
17.678 0 0.270445480556
17.696 0 0.270141631398
17.715 0 0.268090120458
17.73 0 0.2669011239
17.747 0 0.265608014577
17.77 0 0.265711855356
17.786 0 0.265714864449
17.813 0 0.266745331499
17.835 0 0.267995829257
17.858 0 0.271353592098
17.873 0 0.272758663075
17.883 0 0.276650998291
17.908 0 0.277694855643
17.918 0 0.278183898056
17.93 0 0.280540198174
17.954 0 0.285786561398
17.973 0 0.288036741204
17.997 0 0.288036741204
18.004 0 0.295186263125
18.015 0 0.300237608749
18.031 0 0.302361741339
18.053 0 0.303461151772
18.062 0 0.301293982682
18.085 0 0.308434597679
18.103 0 0.315171860223
18.115 0 0.316138443777
18.136 0 0.314326597833
18.148 0 0.315108121816
18.164 0 0.321991884996
18.187 0 0.323024536492
18.208 0 0.323743876084
18.224 0 0.326779928575
18.233 0 0.327507208952
18.246 0 0.327003083374
18.268 0 0.326422216086
18.279 0 0.32379512526
18.302 0 0.323022937999
18.318 0 0.321167658696
18.331 0 0.317347367884
18.356 0 0.31044630886
18.372 0 0.3090423371
18.385 0 0.310369394678
18.407 0 0.310331681431
18.422 0 0.310055792244
18.435 0 0.309733768175
18.452 0 0.30926397607
18.47 0 0.309711677158
18.484 0 0.309291138931
18.508 0 0.308500291983
18.521 0 0.30770554679
18.548 0 0.307452898334
18.56 0 0.308767715181
18.576 0 0.309313155362
18.597 0 0.308935304858
18.609 0 0.307845459503
18.623 0 0.306955127774
18.641 0 0.305707550139
18.652 0 0.306168248426
18.665 0 0.307711214179
18.682 0 0.31108353443
18.698 0 0.31108353443
18.71 0 0.312336609193
18.736 0 0.311843195331
18.747 0 0.313204113018
18.758 0 0.31647371374
18.771 0 0.326784552469
18.786 0 0.3295278049
18.8 0 0.334026420346
18.81 0 0.333462193716
18.831 0 0.336348316817
18.837 0 0.336975643984
18.854 0 0.342524030083
18.878 0 0.344636958048
18.896 0 0.34796649455
18.918 0 0.348146181119
18.93 0 0.352191385182
18.955 0 0.352470920739
18.966 0 0.353830542286
18.984 0 0.357686236864
18.999 0 0.358874580055
19.021 0 0.358216308542
19.029 0 0.357271781355
19.049 0 0.356800659402
19.06 0 0.355329975608
19.07 0 0.352186076438
19.086 0 0.349625751839
19.104 0 0.347864085181
19.116 0 0.345157808146
19.133 0 0.343518656452
19.151 0 0.344960848023
19.162 0 0.346221907996
19.182 0 0.344970697441
19.2 0 0.34572522199
19.212 0 0.347539064803
19.232 0 0.347908084075
19.247 0 0.34536107875
19.266 0 0.338729798635
19.294 0 0.336715233434
19.311 0 0.335123096165
19.335 0 0.335123096165
19.351 0 0.33082237781
19.378 0 0.330563167117
19.397 0 0.330418145728
19.428 0 0.331473223877
19.443 0 0.333127974626
19.467 0 0.333958264686
19.477 0 0.334597878664
19.493 0 0.338485177625
19.517 0 0.338485177625
19.524 0 0.341915711175
19.542 0 0.34533942523
19.563 0 0.348397978077
19.583 0 0.350739744363
19.6 0 0.35207696714
19.618 0 0.356385654169
19.628 0 0.35885477329
19.644 0 0.359510886646
19.664 0 0.356788713526
19.683 0 0.361671071982
19.7 0 0.365476964013
19.718 0 0.366026375643
19.733 0 0.367584699775
19.754 0 0.369013767843
19.768 0 0.369013767843
19.784 0 0.370148353848
19.811 0 0.369634849952
19.832 0 0.367313149174
19.853 0 0.367313149174
19.864 0 0.366100761227
19.883 0 0.361935330798
19.903 0 0.357401516168
19.931 0 0.356679872951
19.941 0 0.355445263684
19.95 0 0.354832417787
19.967 0 0.352843949209
19.988 0 0.352843949209
20.0 0 0.351259543895
20.013 0 0.350075251217
20.033 0 0.349945962079
20.05 0 0.349395596291
20.062 0 0.349126153134
20.085 0 0.350200272623
20.1 0 0.348946845832
20.126 0 0.348380508444
20.143 0 0.348047493327
20.155 0 0.347885305698
20.168 0 0.348396213966
20.197 0 0.348891063747
20.211 0 0.351483785306
20.229 0 0.353326479809
20.243 0 0.354874109749
20.263 0 0.35617903868
20.282 0 0.359435059807
20.296 0 0.360423624065
20.318 0 0.363011879664
20.331 0 0.363011879664
20.34 0 0.371114931194
20.356 0 0.374404335197
20.382 0 0.376481327416
20.394 0 0.377807282745
20.421 0 0.378211161242
20.44 0 0.367926405643
20.463 0 0.384217954004
20.477 0 0.391876121215
20.504 0 0.393134684091
20.522 0 0.391421271849
20.537 0 0.390304460596
20.563 0 0.389881819724
20.58 0 0.391430231966
20.599 0 0.390335828149
20.612 0 0.389611291163
20.629 0 0.389189915241
20.652 0 0.388592313515
20.664 0 0.388498957551
20.683 0 0.38793054858
20.692 0 0.387829863893
20.707 0 0.38517265524
20.721 0 0.383672258674
20.745 0 0.38249977764
20.76 0 0.382155950691
20.786 0 0.379413927307
20.799 0 0.377056133516
20.816 0 0.376743298902
20.833 0 0.376613436621
20.85 0 0.376813256173
20.865 0 0.375511582861
20.887 0 0.375912394654
20.9 0 0.376556815443
20.924 0 0.378097036258
20.936 0 0.378553037927
20.957 0 0.377561820339
20.965 0 0.377373619359
20.98 0 0.377185326467
20.994 0 0.380732945319
21.018 0 0.381800941102
21.029 0 0.384788483351
21.055 0 0.385914675625
21.068 0 0.391361502205
21.084 0 0.396301324304
21.106 0 0.399264490677
21.123 0 0.399264490677
21.138 0 0.408071063698
21.154 0 0.410042180945
21.161 0 0.411046106749
21.175 0 0.415146059497
21.202 0 0.415942349312
21.22 0 0.4137115478
21.244 0 0.418882098532
21.261 0 0.420499891986
21.276 0 0.429110077091
21.298 0 0.430534457114
21.312 0 0.434861117964
21.34 0 0.438218881334
21.355 0 0.439239917414
21.367 0 0.439791904677
21.393 0 0.438338354988
21.413 0 0.435254461543
21.437 0 0.432380563811
21.459 0 0.430211325198
21.474 0 0.429201342869
21.487 0 0.425864093626
21.502 0 0.424024476244
21.523 0 0.417153672977
21.54 0 0.416343797356
21.566 0 0.41541594992
21.58 0 0.413292774077
21.608 0 0.409714438739
21.629 0 0.40743634172
21.643 0 0.40459506519
21.66 0 0.40459506519
21.672 0 0.405416219395
21.693 0 0.409546222469
21.713 0 0.413446400683
21.737 0 0.415230842786
21.761 0 0.416225699547
21.79 0 0.416389949638
21.805 0 0.419785025639
21.83 0 0.421999460496
21.848 0 0.424164412817
21.869 0 0.426048060525
21.885 0 0.426986227311
21.899 0 0.432723830223
21.928 0 0.43259635826
21.945 0 0.429585237609
21.968 0 0.429843790767
21.986 0 0.434919277571
22.001 0 0.433109026153
22.025 0 0.439746878701
22.041 0 0.440202487364
22.064 0 0.440202487364
22.078 0 0.449831124025
22.097 0 0.454977468116
22.122 0 0.458159556457
22.135 0 0.458739609035
22.154 0 0.456380146552
22.17 0 0.455183804626
22.174 0 0.452671843928
22.192 0 0.449792077158
22.211 0 0.448653245287
22.224 0 0.447794475717
22.236 0 0.436596266762
22.26 0 0.435107310473
22.275 0 0.431870516639
22.304 0 0.430704536945
22.324 0 0.430274469148
22.353 0 0.430061225051
22.371 0 0.426548756097
22.394 0 0.424051659529
22.408 0 0.42192342254
22.425 0 0.417504553731
22.442 0 0.414543383229
22.457 0 0.410083241155
22.478 0 0.409714466829
22.492 0 0.409742301924
22.505 0 0.409810673507
22.524 0 0.409397145101
22.54 0 0.408448937655
22.552 0 0.408600777504
22.571 0 0.410774450408
22.588 0 0.412458664175
22.6 0 0.413710301363
22.61 0 0.415642045713
22.627 0 0.416472612977
22.641 0 0.417286557684
22.655 0 0.419857564147
22.678 0 0.424760902521
22.694 0 0.431158107371
22.71 0 0.429813877614
22.731 0 0.43104349444
22.74 0 0.432901491327
22.752 0 0.43481387731
22.769 0 0.435745232465
22.784 0 0.436831797726
22.792 0 0.439314288382
22.817 0 0.439928795573
22.836 0 0.442084233991
22.859 0 0.442007662192
22.874 0 0.442007662192
22.889 0 0.45148438759
22.912 0 0.45148438759
22.922 0 0.454528173489
22.954 0 0.453309197523
22.971 0 0.451488541122
22.993 0 0.449778673421
23.01 0 0.450299171873
23.018 0 0.449140593649
23.042 0 0.441619975451
23.061 0 0.438064947847
23.08 0 0.437383562303
23.096 0 0.436013999861
23.113 0 0.434244798498
23.137 0 0.432210746535
23.152 0 0.426874102079
23.175 0 0.421577500517
23.191 0 0.416488870415
23.203 0 0.413237585382
23.216 0 0.411800255647
23.235 0 0.412403157034
23.247 0 0.412125590254
23.272 0 0.411057428429
23.293 0 0.41116161941
23.301 0 0.41116161941
23.323 0 0.410922863825
23.344 0 0.410052982289
23.37 0 0.412415883328
23.389 0 0.414817183155
23.412 0 0.41849313635
23.43 0 0.420886583232
23.444 0 0.425347213357
23.475 0 0.429518301529
23.489 0 0.437800772746
23.508 0 0.438525898378
23.523 0 0.441225295736
23.532 0 0.451029864047
23.554 0 0.453519705194
23.572 0 0.454548000736
23.591 0 0.457536492071
23.609 0 0.461092514563
23.624 0 0.461398148135
23.644 0 0.464931091596
23.663 0 0.465937950497
23.678 0 0.466181657503
23.691 0 0.46550875165
23.71 0 0.465873383883
23.724 0 0.466566763034
23.75 0 0.465911211301
23.768 0 0.463508547799
23.788 0 0.463035404389
23.802 0 0.465315336749
23.831 0 0.46194769917
23.846 0 0.458689985559
23.869 0 0.457468211863
23.89 0 0.456448386445
23.914 0 0.453875348089
23.935 0 0.453155166279
23.955 0 0.449087532189
23.985 0 0.448846243874
24.009 0 0.450245110087
24.019 0 0.450963472287
24.033 0 0.451181521391
24.047 0 0.451916820721
24.051 0 0.451852851311
24.071 0 0.453840198741
24.099 0 0.455776246295
24.114 0 0.457368099612
24.132 0 0.456870784185
24.149 0 0.457321903582
24.162 0 0.457860818938
24.187 0 0.460511523373
24.205 0 0.462180795389
24.224 0 0.466728750973
24.243 0 0.47074953124
24.261 0 0.476701375791
24.28 0 0.479756332492
24.305 0 0.480283903203
24.32 0 0.480869444323
24.34 0 0.485089297062
24.36 0 0.495622476906
24.394 0 0.49570822016
24.403 0 0.49570822016
24.42 0 0.498668394711
24.445 0 0.499504218375
24.46 0 0.499504218375
24.475 0 0.500727073274
24.492 0 0.501022495634
24.508 0 0.501318729905
24.525 0 0.499604925761
24.542 0 0.498140075432
24.555 0 0.495675971084
24.584 0 0.492214112044
24.595 0 0.492214112044
24.604 0 0.492047042139
24.619 0 0.490802941704
24.642 0 0.490802941704
24.652 0 0.489007518998
24.676 0 0.489007518998
24.693 0 0.482412088218
24.721 0 0.478709948253
24.741 0 0.47731924399
24.758 0 0.476911252175
24.774 0 0.476911252175
24.785 0 0.475395807698
24.804 0 0.474627498438
24.825 0 0.474456250707
24.841 0 0.47508954166
24.866 0 0.475449702035
24.883 0 0.476121163516
24.895 0 0.478413417149
24.921 0 0.47851856452
24.942 0 0.479083341764
24.952 0 0.482052650159
24.966 0 0.482074249017
24.975 0 0.483918866044
24.991 0 0.487838179957
25.01 0 0.487590579773
25.02 0 0.487590579773
25.032 0 0.49653890458
25.053 0 0.50108090793
25.072 0 0.50198577541
25.096 0 0.504365106391
25.108 0 0.500402056603
25.125 0 0.504272602418
25.143 0 0.504272602418
25.154 0 0.510235930024
25.173 0 0.512167229718
25.181 0 0.51158753242
25.198 0 0.509888143951
25.212 0 0.51112218995
25.223 0 0.509743191943
25.245 0 0.512385997888
25.258 0 0.51300820167
25.27 0 0.520107137645
25.29 0 0.520794086869
25.308 0 0.519983007699
25.328 0 0.518229523634
25.34 0 0.516493417826
25.356 0 0.514114451199
25.381 0 0.510097508297
25.397 0 0.506488650025
25.409 0 0.504596184444
25.432 0 0.502059153988
25.445 0 0.500627410714
25.458 0 0.49831884859
25.466 0 0.494581006047
25.492 0 0.490762882781
25.508 0 0.482724091967
25.53 0 0.47913156373
25.552 0 0.477863570698
25.563 0 0.476408791969
25.583 0 0.476417632036
25.599 0 0.475468045165
25.613 0 0.477598919243
25.631 0 0.480768019216
25.653 0 0.485087101822
25.672 0 0.486850228197
25.688 0 0.490864430155
25.711 0 0.491237352146
25.726 0 0.490976186294
25.75 0 0.492518458315
25.767 0 0.496513306378
25.784 0 0.506606897513
25.809 0 0.511633150519
25.827 0 0.515143546584
25.842 0 0.516405269141
25.849 0 0.516405269141
25.859 0 0.52018882239
25.872 0 0.521888672944
25.895 0 0.524161451558
25.91 0 0.524207988952
25.925 0 0.526313650528
25.943 0 0.526251744531
25.959 0 0.526251744531
25.973 0 0.527115157499
25.994 0 0.532559350176
26.012 0 0.53680194686
26.027 0 0.542238619401
26.046 0 0.542238619401
26.058 0 0.544431569715
26.081 0 0.543016956362
26.097 0 0.540075929329
26.113 0 0.538361612276
26.141 0 0.537970133887
26.156 0 0.532468027675
26.179 0 0.52883799785
26.195 0 0.529227452299
26.22 0 0.529227452299
26.231 0 0.527102993755
26.251 0 0.523223432193
26.273 0 0.519398548904
26.296 0 0.51311217093
26.318 0 0.512176265458
26.331 0 0.512176265458
26.34 0 0.512026945006
26.365 0 0.512201794023
26.382 0 0.512730278611
26.401 0 0.513021044335
26.417 0 0.513368954031
26.443 0 0.513191546444
26.46 0 0.512693548245
26.474 0 0.51480337869
26.505 0 0.514038585268
26.523 0 0.514016295731
26.537 0 0.514016295731
26.545 0 0.514016295731
26.557 0 0.517731107195
26.571 0 0.521669440459
26.596 0 0.524340409101
26.611 0 0.530131410963
26.639 0 0.534232115062
26.658 0 0.541467013311
26.687 0 0.541467013311
26.697 0 0.550521281149
26.728 0 0.551942849968
26.747 0 0.55039069806
26.762 0 0.55039069806
26.779 0 0.557249048359
26.795 0 0.557249048359
26.806 0 0.55988957332
26.823 0 0.55988957332
26.836 0 0.563773608898
26.849 0 0.565695387443
26.877 0 0.565364061689
26.89 0 0.563538815496
26.914 0 0.563538815496
26.921 0 0.560945265824
26.935 0 0.556214276523
26.957 0 0.552610885987
26.974 0 0.551468167997
26.998 0 0.553517642513
27.011 0 0.553513002923
27.021 0 0.551804363388
27.047 0 0.549327649411
27.068 0 0.547164285163
27.095 0 0.546437613834
27.111 0 0.545641240783
27.139 0 0.546144219707
27.153 0 0.546312341812
27.171 0 0.546778126508
27.19 0 0.548038937917
27.207 0 0.549775127909
27.227 0 0.551276407259
27.249 0 0.552539905166
27.284 0 0.552539905166
27.295 0 0.556835115899
27.318 0 0.557006520488
27.331 0 0.56072884334
27.348 0 0.563616975373
27.374 0 0.566319495135
27.393 0 0.568511843005
27.412 0 0.568511843005
27.428 0 0.565685326479
27.455 0 0.57262750351
27.471 0 0.57262750351
27.48 0 0.580042353312
27.509 0 0.577765168725
27.53 0 0.584093563193
27.553 0 0.583240336533
27.568 0 0.583240336533
27.582 0 0.590801096384
27.602 0 0.595010440587
27.621 0 0.598726325212
27.651 0 0.598378696622
27.668 0 0.594619812824
27.698 0 0.593174956869
27.716 0 0.589562754404
27.746 0 0.588751907771
27.76 0 0.587465292057
27.781 0 0.587194378473
27.794 0 0.589294408977
27.814 0 0.585189053939
27.846 0 0.58051425284
27.875 0 0.57550956389
27.893 0 0.57550956389
27.904 0 0.570423924833
27.92 0 0.565398787838
27.942 0 0.565450586081
27.965 0 0.568124850518
27.995 0 0.569415692362
28.019 0 0.570565220379
28.038 0 0.573340102254
28.062 0 0.574162862438
28.092 0 0.57634778158
28.121 0 0.577736211107
28.138 0 0.579417465609
28.164 0 0.588155523332
28.178 0 0.590007735017
28.192 0 0.59787279731
28.218 0 0.596516681248
28.231 0 0.599629254991
28.264 0 0.600782387297
28.281 0 0.607087407398
28.309 0 0.608678445706
28.327 0 0.608023854381
28.36 0 0.611192284018
28.373 0 0.614473852034
28.405 0 0.614424539571
28.419 0 0.614424539571
28.438 0 0.616620255895
28.457 0 0.616620255895
28.471 0 0.614699903951
28.495 0 0.614938697433
28.507 0 0.614965291421
28.529 0 0.612447360455
28.55 0 0.6129886234
28.561 0 0.610370020979
28.596 0 0.609168754027
28.619 0 0.607617647613
28.639 0 0.607404804316
28.653 0 0.606993367889
28.669 0 0.606533891219
28.688 0 0.607471311252
28.704 0 0.607100781696
28.719 0 0.606907844311
28.734 0 0.606133836689
28.751 0 0.606100328617
28.779 0 0.609003709376
28.794 0 0.61209234036
28.826 0 0.61359877494
28.846 0 0.616672508378
28.871 0 0.617379373559
28.89 0 0.618476764395
28.913 0 0.620463951815
28.933 0 0.625457745493
28.954 0 0.628970625962
28.975 0 0.629714344073
29.0 0 0.629714344073
29.014 0 0.633614532381
29.037 0 0.632655283924
29.06 0 0.633477836214
29.091 0 0.632980091429
29.107 0 0.637981685558
29.139 0 0.642119666147
29.147 0 0.642119666147
29.159 0 0.653228072404
29.186 0 0.654224607518
29.201 0 0.653758717072
29.225 0 0.652564036266
29.24 0 0.650441928601
29.255 0 0.646096699751
29.278 0 0.64458907343
29.292 0 0.64458907343
29.304 0 0.633935833963
29.334 0 0.633437150862
29.351 0 0.632461167188
29.377 0 0.629908276135
29.394 0 0.628863738366
29.414 0 0.627246686157
29.429 0 0.626570786613
29.45 0 0.623671557677
29.472 0 0.622778890409
29.49 0 0.623458742959
29.516 0 0.624498657614
29.536 0 0.624781986803
29.559 0 0.626208419875
29.576 0 0.626914270472
29.596 0 0.628341788674
29.613 0 0.630541145081
29.633 0 0.635008828764
29.652 0 0.637271296594
29.668 0 0.639674900449
29.698 0 0.641685805918
29.725 0 0.646094411754
29.747 0 0.651066665796
29.754 0 0.652568107751
29.79 0 0.656003118911
29.795 0 0.655166211896
29.814 0 0.65986703899
29.842 0 0.65986703899
29.859 0 0.657359017071
29.882 0 0.655669251137
29.9 0 0.666439555004
29.919 0 0.668723447595
29.941 0 0.66870323238
29.96 0 0.669755127584
29.978 0 0.67246400653
29.995 0 0.67270450143
30.012 0 0.671860088117
30.033 0 0.670242387703
30.047 0 0.671095847888
30.058 0 0.671786253703
30.07 0 0.67162600911
30.095 0 0.67181035531
30.114 0 0.669208373334
30.135 0 0.669911086651
30.154 0 0.669984949162
30.187 0 0.66849591374
30.207 0 0.664315390387
30.229 0 0.660836965908
30.245 0 0.656815036094
30.268 0 0.654978771453
30.287 0 0.654108732354
30.307 0 0.655575452055
30.332 0 0.655575452055
30.344 0 0.658731649514
30.354 0 0.659893963602
30.369 0 0.659278507765
30.397 0 0.660462333168
30.413 0 0.662425971015
30.447 0 0.661871338086
30.467 0 0.665920799797
30.5 0 0.667041384324
30.511 0 0.672435258446
30.537 0 0.672435258446
30.554 0 0.674302894908
30.583 0 0.675560900254
30.594 0 0.674102937426
30.62 0 0.683138657047
30.638 0 0.687413993473
30.667 0 0.683197178028
30.691 0 0.689489287767
30.727 0 0.693555066834
30.743 0 0.695755326354
30.765 0 0.698310564717
30.783 0 0.700040407741
30.807 0 0.699009324941
30.826 0 0.697390253095
30.842 0 0.69752005904
30.865 0 0.697558877069
30.881 0 0.698121235271
30.904 0 0.697231356638
30.917 0 0.6963350416
30.933 0 0.694870915802
30.953 0 0.693832883024
30.969 0 0.69347438728
30.98 0 0.692974839393
30.993 0 0.688945476058
31.008 0 0.687263528253
31.022 0 0.686479493774
31.046 0 0.686822933747
31.061 0 0.685811716166
31.079 0 0.682817070106
31.097 0 0.682438400201
31.113 0 0.68313919373
31.132 0 0.684257606784
31.142 0 0.684906299867
31.161 0 0.684904626895
31.182 0 0.685047232618
31.194 0 0.685419300409
31.205 0 0.686165828637
31.221 0 0.687436439235
31.239 0 0.688000377157
31.247 0 0.691061327483
31.268 0 0.692844808028
31.283 0 0.694248313199
31.291 0 0.697858738126
31.304 0 0.699494400752
31.32 0 0.699164776402
31.334 0 0.697889599892
31.348 0 0.696076661583
31.37 0 0.69465121396
31.383 0 0.692707454818
31.407 0 0.696752704709
31.423 0 0.696031665124
31.449 0 0.695638905409
31.465 0 0.694498459978
31.484 0 0.699470115277
31.501 0 0.700641266387
31.511 0 0.705498081738
31.527 0 0.706247898867
31.548 0 0.706247898867
31.56 0 0.709354464409
31.573 0 0.710269650454
31.589 0 0.712081068952
31.601 0 0.711845375253
31.617 0 0.711437417993
31.634 0 0.711437417993
31.643 0 0.70904254857
31.658 0 0.709338792335
31.681 0 0.708968720146
31.692 0 0.709103241211
31.71 0 0.710720209663
31.723 0 0.710368539185
31.74 0 0.710377813452
31.752 0 0.708508294835
31.767 0 0.704039583472
31.786 0 0.702560285752
31.796 0 0.701761952571
31.807 0 0.699308172725
31.83 0 0.697624522453
31.842 0 0.695986093772
31.856 0 0.693301843545
31.882 0 0.693810930733
31.897 0 0.693212023803
31.908 0 0.692160685978
31.932 0 0.691902619971
31.945 0 0.692160206022
31.959 0 0.692569067914
31.987 0 0.692786748441
32.001 0 0.692167362893
32.025 0 0.692169862872
32.041 0 0.694889903815
32.058 0 0.697181517996
32.069 0 0.704412412421
32.093 0 0.710161684362
32.114 0 0.710990814451
32.134 0 0.708046089627
32.155 0 0.703233104028
32.182 0 0.709592953392
32.21 0 0.710933001088
32.221 0 0.7134315632
32.245 0 0.713202413554
32.256 0 0.721094942585
32.28 0 0.723140832452
32.302 0 0.725247989737
32.329 0 0.726647028724
32.35 0 0.728413261763
32.376 0 0.726667616712
32.399 0 0.724844353025
32.417 0 0.7232421539
32.428 0 0.722376702164
32.436 0 0.720908310971
32.463 0 0.718211508487
32.479 0 0.716120966899
32.495 0 0.716787344551
32.512 0 0.716787344551
32.523 0 0.715188884431
32.547 0 0.714081207648
32.561 0 0.70976221916
32.574 0 0.701918188105
32.607 0 0.698272565729
32.624 0 0.696580696441
32.642 0 0.695228069441
32.66 0 0.694334371815
32.69 0 0.694779588458
32.7 0 0.697008218803
32.721 0 0.700295553592
32.746 0 0.70058128816
32.758 0 0.70226450674
32.783 0 0.703086333077
32.805 0 0.701459553269
32.826 0 0.701459553269
32.835 0 0.703244311797
32.854 0 0.712113996848
32.88 0 0.712113996848
32.891 0 0.715010431949
32.912 0 0.713719112069
32.932 0 0.712206319672
32.961 0 0.711639813877
32.978 0 0.714197206053
32.996 0 0.718058806613
33.022 0 0.725223860862
33.04 0 0.729245805016
33.065 0 0.731190762139
33.088 0 0.735166640202
33.113 0 0.738851482735
33.133 0 0.739180746465
33.155 0 0.738338618525
33.169 0 0.737577005617
33.181 0 0.737059536473
33.212 0 0.734714028
33.235 0 0.732503937777
33.26 0 0.731534626407
33.275 0 0.728295439913
33.298 0 0.728066414681
33.314 0 0.723718072259
33.343 0 0.721224363859
33.359 0 0.715969403757
33.394 0 0.714050648911
33.407 0 0.714050648911
33.421 0 0.711183103875
33.445 0 0.711191832011
33.461 0 0.711575676879
33.481 0 0.713199908767
33.497 0 0.713199908767
33.516 0 0.716933713141
33.543 0 0.718606454153
33.562 0 0.720041911028
33.591 0 0.720072348867
33.602 0 0.719279417785
33.619 0 0.723411175009
33.635 0 0.725459552276
33.647 0 0.725459552276
33.662 0 0.732644721166
33.684 0 0.730623329503
33.708 0 0.728593596186
33.728 0 0.731002044151
33.75 0 0.731657142602
33.767 0 0.728758867438
33.79 0 0.731483778858
33.821 0 0.734138636365
33.84 0 0.742124588386
33.87 0 0.748891404554
33.889 0 0.750390332927
33.911 0 0.751182968703
33.924 0 0.751228011238
33.947 0 0.750842541617
33.961 0 0.750688253632
33.975 0 0.750241382917
34.002 0 0.748133773471
34.02 0 0.746515190958
34.031 0 0.74549924657
34.05 0 0.744440344736
34.066 0 0.741470391661
34.093 0 0.739270341982
34.111 0 0.737705009435
34.122 0 0.736122336792
34.148 0 0.733948697381
34.169 0 0.731881767952
34.192 0 0.731593290477
34.207 0 0.732525454394
34.226 0 0.732396762751
34.25 0 0.733171366643
34.269 0 0.73461249041
34.297 0 0.735787582594
34.315 0 0.739288827834
34.337 0 0.739696027055
34.35 0 0.742499123852
34.371 0 0.742183525685
34.396 0 0.74473977289
34.421 0 0.751769340692
34.444 0 0.75531410478
34.473 0 0.754476845594
34.498 0 0.754917822539
34.514 0 0.754990865293
34.533 0 0.76615943167
34.552 0 0.766989792553
34.575 0 0.766430494443
34.591 0 0.764475652468
34.615 0 0.768311423522
34.628 0 0.771050091756
34.648 0 0.774540713138
34.67 0 0.775187329358
34.682 0 0.777974035566
34.706 0 0.781346492826
34.723 0 0.781410197446
34.74 0 0.779814271544
34.763 0 0.779344738116
34.772 0 0.778612972898
34.792 0 0.777974093869
34.802 0 0.777775671549
34.814 0 0.776833036368
34.834 0 0.776833036368
34.846 0 0.77473738823
34.862 0 0.774054915048
34.88 0 0.774124906566
34.894 0 0.772483776513
34.921 0 0.770520128039
34.936 0 0.770520128039
34.943 0 0.770520128039
34.959 0 0.758221966913
34.981 0 0.755669930691
35.0 0 0.754578072916
35.027 0 0.755454375797
35.047 0 0.75550190511
35.076 0 0.755420513643
35.089 0 0.75561889204
35.111 0 0.75561889204
35.124 0 0.756593431552
35.141 0 0.753790630136
35.163 0 0.753790630136
35.181 0 0.754678539941
35.209 0 0.757494579599
35.219 0 0.761793998802
35.234 0 0.765079090935
35.256 0 0.765079090935
35.272 0 0.763917322897
35.285 0 0.759019612699
35.312 0 0.758619443066
35.321 0 0.761390700439
35.336 0 0.768899828864
35.368 0 0.765138014458
35.396 0 0.762678142675
35.407 0 0.767645545047
35.42 0 0.768416172073
35.437 0 0.772686515555
35.469 0 0.773465717101
35.488 0 0.774435323085
35.516 0 0.775300545907
35.533 0 0.775317264654
35.558 0 0.775331528691
35.575 0 0.767592070166
35.602 0 0.765205511701
35.62 0 0.76438374216
35.639 0 0.764586083535
35.658 0 0.762453422888
35.672 0 0.759471665504
35.696 0 0.757570342187
35.713 0 0.755597787012
35.735 0 0.751758007861
35.758 0 0.750041627001
35.787 0 0.750269709663
35.805 0 0.751672634694
35.833 0 0.750604675365
35.853 0 0.751716983031
35.871 0 0.75367416962
35.885 0 0.753559355251
35.897 0 0.756348360253
35.914 0 0.757479985961
35.929 0 0.758759867373
35.939 0 0.75737722898
35.959 0 0.75737722898
35.973 0 0.759359151731
36.003 0 0.761005579938
36.018 0 0.761005579938
36.032 0 0.769147655564
36.059 0 0.769416802631
36.072 0 0.771547330293
36.096 0 0.774402421006
36.105 0 0.777752652087
36.12 0 0.780016444905
36.137 0 0.779217758452
36.151 0 0.777061065358
36.168 0 0.779693341039
36.186 0 0.779693341039
36.198 0 0.789033679073
36.223 0 0.789898155059
36.237 0 0.791263962023
36.254 0 0.792451501588
36.278 0 0.792547115894
36.294 0 0.791813793568
36.31 0 0.791892231183
36.328 0 0.790417430713
36.349 0 0.788790096384
36.375 0 0.788893500243
36.389 0 0.788035911807
36.406 0 0.787880334472
36.436 0 0.785789231252
36.447 0 0.784762518789
36.455 0 0.784005805116
36.483 0 0.783898583836
36.494 0 0.782354986803
36.506 0 0.775499123629
36.537 0 0.770520265419
36.556 0 0.768697579217
36.572 0 0.765762737132
36.591 0 0.765924149242
36.612 0 0.766243419168
36.629 0 0.766481461882
36.654 0 0.766596091496
36.667 0 0.76705192713
36.678 0 0.76731241527
36.689 0 0.768397668168
36.701 0 0.768397668168
36.714 0 0.764365801367
36.736 0 0.765215246085
36.757 0 0.770881437639
36.775 0 0.777591975022
36.791 0 0.781983588535
36.818 0 0.78234999255
36.842 0 0.776134468579
36.862 0 0.772822088708
36.883 0 0.778567978122
36.902 0 0.783236488757
36.924 0 0.783069988221
36.949 0 0.785412463963
36.972 0 0.78790317246
36.992 0 0.794002953945
37.006 0 0.798238469951
37.028 0 0.798766974138
37.043 0 0.799577481796
37.058 0 0.801456084511
37.086 0 0.800035286191
37.115 0 0.799689316966
37.13 0 0.796571340697
37.161 0 0.79313211871
37.178 0 0.791599604174
37.207 0 0.792372478363
37.228 0 0.792126290842
37.246 0 0.786351269883
37.276 0 0.783003699637
37.301 0 0.779801748392
37.321 0 0.778868710413
37.333 0 0.775786521627
37.362 0 0.773005421569
37.378 0 0.771956061068
37.406 0 0.771956061068
37.419 0 0.772469194017
37.441 0 0.77420599722
37.462 0 0.773847125955
37.489 0 0.774712719925
37.508 0 0.773431388453
37.538 0 0.773943256828
37.549 0 0.779248620143
37.572 0 0.784476645703
37.594 0 0.785434705808
37.607 0 0.786886261227
37.629 0 0.787289532149
37.644 0 0.781771312639
37.672 0 0.778252466358
37.685 0 0.781976349025
37.698 0 0.785624822836
37.72 0 0.78943153082
37.732 0 0.787831533538
37.75 0 0.792446821576
37.771 0 0.795187996987
37.788 0 0.797975662803
37.806 0 0.797676242981
37.828 0 0.796504678566
37.839 0 0.796504678566
37.85 0 0.79469831147
37.877 0 0.79248887193
37.891 0 0.795661213977
37.91 0 0.795493821954
37.93 0 0.791789620042
37.948 0 0.785740037924
37.975 0 0.785254777057
37.986 0 0.786124523491
38.0 0 0.785809392742
38.022 0 0.784636272771
38.035 0 0.778033841555
38.069 0 0.775086430259
38.083 0 0.771982979347
38.11 0 0.768716941619
38.129 0 0.766388338857
38.145 0 0.765620309493
38.163 0 0.765151568543
38.181 0 0.765115592398
38.21 0 0.766621121336
38.223 0 0.76873542861
38.247 0 0.769300061819
38.263 0 0.769300061819
38.274 0 0.771722018959
38.294 0 0.769710469676
38.323 0 0.769370026136
38.339 0 0.776986069091
38.362 0 0.780790733801
38.379 0 0.784691186112
38.394 0 0.783455150813
38.412 0 0.783944251218
38.436 0 0.783425850437
38.454 0 0.788968166683
38.478 0 0.788870154319
38.495 0 0.787193736415
38.516 0 0.783934704491
38.53 0 0.786433772592
38.557 0 0.794905259005
38.573 0 0.796341524729
38.583 0 0.803499529127
38.609 0 0.806468742078
38.626 0 0.807667000683
38.647 0 0.806193918154
38.669 0 0.804886682477
38.687 0 0.803519751498
38.712 0 0.80254544402
38.728 0 0.802038762354
38.753 0 0.80122196557
38.774 0 0.800282236253
38.799 0 0.797379473215
38.818 0 0.794837837501
38.847 0 0.791960466763
38.879 0 0.791267662525
38.912 0 0.789805071313
38.928 0 0.787054139183
38.953 0 0.786357961018
38.968 0 0.786196610445
38.991 0 0.785652765921
39.009 0 0.783527103962
