time index height
0.0 0 0.0
0.015 0 0.0297735907138
0.026 0 0.0305343447599
0.035 0 0.0333468595875
0.052 0 0.0375740390861
0.063 0 0.0408504333961
0.074 0 0.0481139218368
0.088 0 0.0549620196974
0.1 0 0.0617532583004
0.113 0 0.0687517888959
0.124 0 0.0744134644841
0.141 0 0.0795667373877
0.156 0 0.0829745814834
0.17 0 0.0852812778284
0.183 0 0.0862306549087
0.194 0 0.0864769037488
0.206 0 0.0859684788598
0.213 0 0.0846221702514
0.227 0 0.0842080547473
0.235 0 0.0822191167343
0.243 0 0.0814048080973
0.249 0 0.0764978915893
0.264 0 0.0730069933147
0.276 0 0.0676151271081
0.289 0 0.0648318598743
0.294 0 0.0607489410042
0.314 0 0.0584384433349
0.326 0 0.0553050327647
0.339 0 0.0497167763263
0.357 0 0.0434691022594
0.37 0 0.0394823297081
0.382 0 0.030516907568
0.404 0 0.0301419349688
0.417 0 0.0303018350625
0.437 0 0.0334755994133
0.456 0 0.0345181272491
0.47 0 0.0352777726299
0.483 0 0.0358077085161
0.503 0 0.0355364953161
0.52 0 0.0353893218128
0.537 0 0.0356872168143
0.552 0 0.0356906654194
0.561 0 0.036452660616
0.579 0 0.0376704939405
0.591 0 0.0385010076959
0.608 0 0.0392697872468
0.634 0 0.039035292801
0.651 0 0.039932653544
0.672 0 0.0401635498963
0.688 0 0.040361700779
0.708 0 0.0407372924545
0.729 0 0.0405614298154
0.737 0 0.0405928005917
0.756 0 0.0404148853857
0.775 0 0.0399105073806
0.791 0 0.0399970765066
0.814 0 0.0391557010359
0.83 0 0.0389832992114
0.844 0 0.0383533020374
0.867 0 0.0379780858808
0.88 0 0.0379780858808
0.896 0 0.037397496223
0.916 0 0.0372435112873
0.938 0 0.038291263493
0.953 0 0.0425814862537
0.978 0 0.0425814862537
0.987 0 0.0468411856568
1.0 0 0.0488744157502
1.028 0 0.0495301191542
1.043 0 0.0498934518852
1.056 0 0.0502349776385
1.077 0 0.0498440528549
1.089 0 0.0491655966584
1.118 0 0.0472808071538
1.14 0 0.0469659490984
1.152 0 0.0470892156975
1.167 0 0.0471909189386
1.179 0 0.0474088981899
1.207 0 0.0474088981899
1.215 0 0.04701375885
1.239 0 0.0467334003324
1.248 0 0.0459236499084
1.263 0 0.0458492773783
1.273 0 0.0449613519026
1.292 0 0.0449613519026
1.311 0 0.043253473299
1.332 0 0.0430001803852
1.345 0 0.0424338143103
1.368 0 0.0423035468243
1.375 0 0.0423035468243
1.375 0 0.0423035468243
1.39 0 0.0414415595046
1.405 0 0.0414876473548
1.416 0 0.043063145017
1.447 0 0.0438327781323
1.472 0 0.0448380658143
1.494 0 0.0463592388348
1.521 0 0.0463712776046
1.537 0 0.0477428951495
1.555 0 0.0485584582187
1.573 0 0.0486707870908
1.59 0 0.0484652194553
1.603 0 0.0478754375115
1.632 0 0.0469727487886
1.654 0 0.0461842476106
1.677 0 0.0461338751838
1.705 0 0.0465008435595
1.722 0 0.0463287865881
1.745 0 0.0463287865881
1.755 0 0.0470724455326
1.771 0 0.0488338740251
1.793 0 0.049747579147
1.81 0 0.0506260464353
1.819 0 0.0518738351561
1.837 0 0.0533203775421
1.854 0 0.05601004254
1.871 0 0.0575044157353
1.886 0 0.0575044157353
1.902 0 0.061196451728
1.912 0 0.0644783550784
1.925 0 0.065918164673
1.941 0 0.0659875342521
1.961 0 0.0670528264725
1.974 0 0.0680656942754
1.993 0 0.0680656942754
2.013 0 0.0660377087476
2.045 0 0.0636527403227
2.063 0 0.0616796006457
2.089 0 0.0616796006457
2.104 0 0.0561321955339
2.13 0 0.0544820814462
2.144 0 0.0532856498944
2.165 0 0.0528964398846
2.186 0 0.0528024651412
2.212 0 0.0519262500078
2.233 0 0.0519966304436
2.254 0 0.0530621965786
2.272 0 0.0539998076959
2.288 0 0.0548490301862
2.302 0 0.0560412612408
2.331 0 0.0572641508578
2.34 0 0.0590494896474
2.363 0 0.0589664066878
2.381 0 0.0591942160456
2.393 0 0.059452370474
2.422 0 0.0596209715842
2.435 0 0.0600961294543
2.456 0 0.0602820648255
2.476 0 0.0593492919453
2.499 0 0.0587995400918
2.514 0 0.0575149000262
2.531 0 0.0560276319822
2.548 0 0.0565030852205
2.56 0 0.0601409588999
2.592 0 0.0643716963393
2.613 0 0.0707041938171
2.633 0 0.0740686200173
2.658 0 0.0742756851654
2.679 0 0.0742756851654
2.687 0 0.074912795667
2.702 0 0.0743490088327
2.73 0 0.0741203641059
2.743 0 0.0741203641059
2.756 0 0.0771924596523
2.778 0 0.0771924596523
2.788 0 0.0781868271612
2.814 0 0.0797690914456
2.825 0 0.0795842017589
2.846 0 0.0785436230707
2.864 0 0.0785436230707
2.872 0 0.0748305397167
2.895 0 0.073194122343
2.913 0 0.073194122343
2.927 0 0.0670556936544
2.958 0 0.0670419417076
3.002 0 0.0676726087081
3.015 0 0.0714243759596
3.043 0 0.0728188413292
3.067 0 0.0735992700332
3.086 0 0.0747652973429
3.099 0 0.0749958075888
3.118 0 0.0751149665147
3.153 0 0.0796533146733
3.17 0 0.0820464118612
3.186 0 0.0846075498847
3.205 0 0.0861451908884
3.22 0 0.0877009469368
3.248 0 0.0892896485742
3.268 0 0.0891494105845
3.268 0 0.0899813675888
3.284 0 0.0907521497233
3.302 0 0.0922638770011
3.319 0 0.0924099956719
3.334 0 0.0919863411807
3.342 0 0.091632654285
3.352 0 0.0909371576063
3.372 0 0.0899031892226
3.397 0 0.0881834343311
3.421 0 0.0859961686604
3.435 0 0.0863137353295
3.447 0 0.087107983722
3.463 0 0.0884738392812
3.483 0 0.0907193451074
3.498 0 0.0915505032587
3.514 0 0.0917336352395
3.528 0 0.0922010081406
3.552 0 0.0922442940474
3.563 0 0.0925043862358
3.573 0 0.0918960837646
3.599 0 0.0920641841368
3.614 0 0.0934756661323
3.625 0 0.0942479070246
3.645 0 0.0937769934204
3.663 0 0.0913052027434
3.687 0 0.0876658939024
3.706 0 0.0826313140442
3.73 0 0.0809990518271
3.743 0 0.0797739382003
3.765 0 0.0797739382003
3.771 0 0.0797739382003
3.793 0 0.0819242876117
3.806 0 0.0824618434122
3.822 0 0.0832933856517
3.844 0 0.0839182207267
3.854 0 0.0855636892605
3.87 0 0.0879531647058
3.892 0 0.088379444272
3.903 0 0.0900364926582
3.92 0 0.0908461081559
3.938 0 0.0915974023711
3.95 0 0.0918937158639
3.968 0 0.0950918055448
3.982 0 0.0977505602793
3.998 0 0.0995334208842
4.017 0 0.0995334208842
4.032 0 0.104375875779
4.043 0 0.106397492643
4.063 0 0.108180380475
4.076 0 0.110525209577
4.092 0 0.112153811548
4.115 0 0.112874147942
4.127 0 0.113502524599
4.143 0 0.112833933094
4.169 0 0.111759041889
4.188 0 0.110312947434
4.211 0 0.107820192306
4.237 0 0.103103018803
4.25 0 0.100299391742
4.274 0 0.100472907046
4.288 0 0.1011312855
4.305 0 0.101614392411
4.327 0 0.101937087747
4.343 0 0.101909705497
4.37 0 0.102130064037
4.387 0 0.10138726037
4.407 0 0.101890973489
4.424 0 0.104335929041
4.437 0 0.104740526658
4.453 0 0.10448255531
4.466 0 0.104062284685
4.483 0 0.103577285082
4.497 0 0.103585437684
4.51 0 0.103275079375
4.535 0 0.10382065141
4.554 0 0.104140765667
4.584 0 0.104140765667
4.597 0 0.106631129522
4.615 0 0.110114248133
4.638 0 0.112931495872
4.653 0 0.116645203608
4.676 0 0.116645203608
4.688 0 0.120694989787
4.708 0 0.122161177953
4.719 0 0.123301997514
4.723 0 0.124213891748
4.748 0 0.124778647913
4.76 0 0.124802391929
4.779 0 0.12291178804
4.797 0 0.121664340229
4.808 0 0.119641974161
4.839 0 0.117560505264
4.851 0 0.117560505264
4.859 0 0.114599806775
4.881 0 0.111797139027
4.897 0 0.108966414986
4.925 0 0.106499609033
4.937 0 0.105416081676
4.955 0 0.101963278668
4.97 0 0.0997782556564
4.984 0 0.0954412807999
5.004 0 0.0925709229899
5.013 0 0.0925266142887
5.019 0 0.0921631846805
5.033 0 0.0936339210264
5.048 0 0.0954535376474
5.076 0 0.0991561198737
5.103 0 0.100142337099
5.117 0 0.100814573037
5.132 0 0.10116719659
5.147 0 0.10116719659
5.16 0 0.101598420503
5.181 0 0.101767661912
5.191 0 0.101830935955
5.209 0 0.10175645153
5.228 0 0.101269496164
5.244 0 0.100837383092
5.26 0 0.099681896276
5.278 0 0.0986652177999
5.296 0 0.0969383236629
5.322 0 0.0958891234219
5.337 0 0.0944118786012
5.355 0 0.0944118786012
5.368 0 0.0955916261933
5.396 0 0.0963377289355
5.407 0 0.0989184982152
5.425 0 0.102951640049
5.451 0 0.108508426143
5.474 0 0.109594548911
5.482 0 0.109594548911
5.496 0 0.118636606102
5.508 0 0.126877306641
5.532 0 0.129132058372
5.546 0 0.13434669587
5.57 0 0.13434669587
5.581 0 0.142186150206
5.617 0 0.144079317872
5.641 0 0.143202626828
5.666 0 0.143186540456
5.687 0 0.143031276369
5.71 0 0.142785524003
5.727 0 0.142942801713
5.757 0 0.142940708105
5.778 0 0.142602054438
5.799 0 0.142574156272
5.812 0 0.143848316733
5.841 0 0.143848316733
5.857 0 0.147225227665
5.887 0 0.151619642034
5.916 0 0.153503959916
5.949 0 0.15492569235
5.967 0 0.156414458461
5.995 0 0.159694472476
6.031 0 0.160124157994
6.046 0 0.16378844415
6.072 0 0.163641306084
6.085 0 0.16458435947
6.117 0 0.163986147263
6.133 0 0.16456093286
6.163 0 0.164031104853
6.185 0 0.16467941227
6.204 0 0.165193150607
6.216 0 0.166658655658
6.246 0 0.166401225397
6.259 0 0.169443394614
6.287 0 0.17071263851
6.309 0 0.172186212468
6.333 0 0.173223022883
6.354 0 0.174208029631
6.377 0 0.174239178706
6.39 0 0.17512550153
6.403 0 0.175487087971
6.429 0 0.175360046433
6.44 0 0.17446926088
6.466 0 0.17306205269
6.479 0 0.171368272137
6.499 0 0.171111041395
6.517 0 0.168068892792
6.529 0 0.165645253965
6.561 0 0.165645253965
6.569 0 0.162706563614
6.588 0 0.16123747292
6.606 0 0.160451831902
6.619 0 0.160626860955
6.634 0 0.161668716062
6.645 0 0.162669463417
6.655 0 0.163456185033
6.662 0 0.164222274866
6.679 0 0.169195792386
6.697 0 0.171767535568
6.713 0 0.17247925607
6.723 0 0.17247925607
6.738 0 0.174832352314
6.746 0 0.176024322287
6.76 0 0.177300306543
6.78 0 0.177678840459
6.804 0 0.177677591154
6.815 0 0.177393888233
6.838 0 0.175725437338
6.869 0 0.1742212944
6.889 0 0.173732861375
6.918 0 0.172927739703
6.949 0 0.172034470542
6.968 0 0.171804394887
6.983 0 0.171561007821
6.997 0 0.171051636249
7.012 0 0.170238541634
7.032 0 0.170262857571
7.059 0 0.170211734714
7.072 0 0.173390067805
7.104 0 0.175909458314
7.134 0 0.175909458314
7.14 0 0.179452921215
7.168 0 0.178838308848
7.184 0 0.179932994858
7.197 0 0.179261734795
7.217 0 0.179534066033
7.228 0 0.179862004533
7.241 0 0.179623585327
7.269 0 0.179029506783
7.29 0 0.178284342209
7.302 0 0.178284342209
7.318 0 0.179754887295
7.344 0 0.180753102272
7.36 0 0.180879543453
7.375 0 0.180809808866
7.396 0 0.180502982776
7.413 0 0.180283730848
7.432 0 0.180582902173
7.448 0 0.180582902173
7.466 0 0.182472151718
7.476 0 0.184787912252
7.498 0 0.186339424117
7.525 0 0.188989399428
7.552 0 0.187879226209
7.585 0 0.186657774792
7.598 0 0.186398741606
7.615 0 0.187354125078
7.63 0 0.187808933476
7.646 0 0.187515587053
7.672 0 0.186645325958
7.696 0 0.185257110811
7.725 0 0.185742159231
7.748 0 0.187216177882
7.765 0 0.18743101937
7.798 0 0.186085501665
7.815 0 0.18617449902
7.839 0 0.18660205345
7.855 0 0.185357242894
7.882 0 0.185340248827
7.896 0 0.185624249429
7.924 0 0.18561416565
7.938 0 0.184895795956
7.964 0 0.183108367594
7.985 0 0.178761052936
8.004 0 0.176654038756
8.025 0 0.176654038756
8.038 0 0.170526900262
8.056 0 0.168212135836
8.073 0 0.166760547376
8.089 0 0.165326344586
8.106 0 0.164925909178
8.122 0 0.165310049661
8.15 0 0.165637818967
8.163 0 0.167074816092
8.192 0 0.168534504779
8.218 0 0.169168446935
8.231 0 0.170192184642
8.251 0 0.171430556933
8.266 0 0.171430556933
8.277 0 0.177815633958
8.294 0 0.180244019962
8.311 0 0.182382498782
8.324 0 0.184370291958
8.35 0 0.185958550578
8.378 0 0.186189653506
8.387 0 0.186794002676
8.405 0 0.187414811416
8.425 0 0.187964125667
8.447 0 0.188215920944
8.466 0 0.188215920944
8.48 0 0.190202281871
8.508 0 0.190202281871
8.516 0 0.18405318226
8.552 0 0.177095487666
8.572 0 0.173131057815
8.591 0 0.173131057815
8.601 0 0.171137046473
8.631 0 0.169220159681
8.653 0 0.167548078336
8.682 0 0.166915359531
8.691 0 0.16773309668
8.717 0 0.167744278518
8.731 0 0.168323797361
8.76 0 0.168975739054
8.78 0 0.169190688389
8.797 0 0.16763592945
8.821 0 0.165112383461
8.848 0 0.15687662835
8.871 0 0.151014075891
8.892 0 0.145404781146
8.911 0 0.134666681084
8.93 0 0.129495766473
8.95 0 0.116921242967
8.968 0 0.109927638385
8.987 0 0.10580635655
9.009 0 0.105581580096
9.033 0 0.109996336235
9.055 0 0.113164243141
9.072 0 0.115288224284
9.097 0 0.120036028318
9.116 0 0.127380494085
9.147 0 0.137159940941
9.169 0 0.144106668709
9.19 0 0.147114439787
9.208 0 0.151214061493
9.231 0 0.153784919106
9.252 0 0.155403853837
9.274 0 0.154970219388
9.295 0 0.154641970872
9.318 0 0.149858025398
9.344 0 0.148932326974
9.358 0 0.146211821929
9.381 0 0.144990274392
9.391 0 0.142737731916
9.413 0 0.14329065172
9.431 0 0.145950240623
9.457 0 0.153358651647
9.474 0 0.158087457751
9.494 0 0.161409743563
9.519 0 0.161409743563
9.53 0 0.167701060347
9.544 0 0.169830907013
9.561 0 0.169575589145
9.577 0 0.167395422581
9.588 0 0.166606410479
9.605 0 0.160643298582
9.628 0 0.154679383285
9.647 0 0.151954025112
9.66 0 0.151954025112
9.674 0 0.139346831188
9.694 0 0.130380437957
9.708 0 0.125795508393
9.723 0 0.120552271546
9.747 0 0.118281993494
9.765 0 0.118096711486
9.773 0 0.114986521819
9.801 0 0.113126816333
9.822 0 0.110828230984
9.844 0 0.110828230984
9.859 0 0.110725947609
9.873 0 0.112249790192
9.892 0 0.112691485536
9.904 0 0.115318060726
9.936 0 0.119336262055
9.953 0 0.124568899556
9.969 0 0.13300841452
9.999 0 0.138872015658
10.022 0 0.143359951103
10.046 0 0.144854092822
10.068 0 0.145309439946
10.089 0 0.145240192659
10.116 0 0.145331765395
10.134 0 0.144285821134
10.151 0 0.140049950927
10.177 0 0.133874407956
10.193 0 0.13174688607
10.213 0 0.132096395002
10.228 0 0.132096395002
10.239 0 0.132096395002
10.257 0 0.137918508495
10.273 0 0.139520334148
10.292 0 0.153725202591
10.323 0 0.159003793967
10.34 0 0.160982196947
10.36 0 0.171494357615
10.382 0 0.17143500568
10.397 0 0.17143500568
10.409 0 0.170605877447
10.432 0 0.168458972544
10.445 0 0.165397918441
10.474 0 0.16086626284
10.495 0 0.154231185298
10.515 0 0.152495848299
10.526 0 0.15205295152
10.543 0 0.145756988914
10.565 0 0.143928941543
10.578 0 0.140228473998
10.599 0 0.138717556717
10.615 0 0.137143106345
10.638 0 0.136860179607
10.656 0 0.136729735551
10.666 0 0.135812728129
10.676 0 0.136643695927
10.688 0 0.137272519843
10.713 0 0.137059673811
10.739 0 0.1374169168
10.758 0 0.137725954255
10.793 0 0.139947287008
10.807 0 0.140383278246
10.821 0 0.146415636283
10.848 0 0.146703542118
10.864 0 0.146278872017
10.896 0 0.141613742763
10.927 0 0.137462854838
10.948 0 0.136963956743
10.971 0 0.136808218063
10.988 0 0.1376288277
11.013 0 0.138808938587
11.033 0 0.140323156728
11.06 0 0.144014238461
11.085 0 0.145429651808
11.102 0 0.159005786177
11.123 0 0.164487331649
11.151 0 0.165483150142
11.172 0 0.166197206414
11.202 0 0.165813181953
11.22 0 0.164954892529
11.244 0 0.164619367552
11.254 0 0.161094972016
11.273 0 0.157650257418
11.295 0 0.157650257418
11.303 0 0.15295304883
11.327 0 0.147918763763
11.347 0 0.147918763763
11.363 0 0.143859480344
11.377 0 0.139171284386
11.398 0 0.136314786213
11.42 0 0.135961062681
11.447 0 0.136722752229
11.46 0 0.139273783289
11.496 0 0.141907553147
11.513 0 0.143638725607
11.527 0 0.146494811849
11.553 0 0.148812056866
11.567 0 0.151838973781
11.597 0 0.152762678266
11.612 0 0.154855346038
11.643 0 0.155046849786
11.662 0 0.156886683771
11.689 0 0.155867772437
11.711 0 0.153318229645
11.732 0 0.151230004642
11.761 0 0.149595192495
11.779 0 0.150231701112
11.803 0 0.148146894961
11.82 0 0.151003280781
11.85 0 0.152526749718
11.869 0 0.157216016715
11.894 0 0.159885316594
11.913 0 0.162014958575
11.939 0 0.166043261985
11.959 0 0.168594237251
11.983 0 0.16930531851
11.991 0 0.17165499904
12.008 0 0.170892505891
12.027 0 0.169184033841
12.044 0 0.166922582675
12.063 0 0.162389543063
12.082 0 0.159256926885
12.1 0 0.158352222001
12.13 0 0.159118775949
12.149 0 0.158912864221
12.16 0 0.157555949606
12.18 0 0.157555949606
12.192 0 0.156575099469
12.213 0 0.156721162132
12.229 0 0.156834775025
12.244 0 0.156672676726
12.271 0 0.156225443528
12.3 0 0.15668890508
12.318 0 0.157461968322
12.333 0 0.158986073857
12.343 0 0.160060883722
12.357 0 0.160228281987
12.376 0 0.160819646882
12.391 0 0.161008655161
12.418 0 0.160673486803
12.431 0 0.159836591501
12.444 0 0.159480923146
12.452 0 0.158505500683
12.472 0 0.157210322888
12.483 0 0.157210322888
12.5 0 0.156586056732
12.515 0 0.157061024691
12.532 0 0.157509476607
12.549 0 0.157509476607
12.565 0 0.155536586383
12.574 0 0.15576202818
12.603 0 0.15726397873
12.617 0 0.158858055533
12.632 0 0.16008643913
12.642 0 0.161989313872
12.657 0 0.166112843467
12.68 0 0.166980421017
12.701 0 0.166750531541
12.718 0 0.166292966721
12.73 0 0.166076123024
12.747 0 0.165099959389
12.762 0 0.163627612727
12.784 0 0.162245216728
12.813 0 0.160326788156
12.831 0 0.159023191354
12.855 0 0.158138490556
12.873 0 0.15827122195
12.907 0 0.158744226105
12.923 0 0.158744226105
12.933 0 0.156385534678
12.951 0 0.151554744662
12.972 0 0.15034828843
12.984 0 0.148076054138
12.993 0 0.148076054138
13.007 0 0.146691986831
13.03 0 0.147040930246
13.04 0 0.148465492792
13.052 0 0.148558170293
13.083 0 0.148760290968
13.1 0 0.150456826615
13.126 0 0.151933373442
13.147 0 0.152552536941
13.166 0 0.155006626981
13.185 0 0.157558263336
13.204 0 0.15868228205
13.214 0 0.159072730823
13.224 0 0.161694651154
13.248 0 0.161991852858
13.27 0 0.162297031493
13.286 0 0.163072554646
13.307 0 0.163132033408
13.328 0 0.163014540968
13.348 0 0.162106612097
13.366 0 0.161539307101
13.392 0 0.16352758171
13.424 0 0.166680587725
13.44 0 0.176185886818
13.461 0 0.176185886818
13.474 0 0.179016095476
13.497 0 0.182835929411
13.524 0 0.181852403983
13.538 0 0.179610099624
13.553 0 0.174365981164
13.577 0 0.171945542259
13.598 0 0.162604103764
13.623 0 0.15968089708
13.651 0 0.156848121519
13.659 0 0.149998753639
13.678 0 0.143636337821
13.698 0 0.140847885988
13.711 0 0.139251905803
13.737 0 0.139274926825
13.75 0 0.139070149423
13.771 0 0.138291419126
13.785 0 0.137194184577
13.796 0 0.140013013415
13.825 0 0.141986335658
13.851 0 0.144005181638
13.869 0 0.14493461328
13.89 0 0.147215748135
13.921 0 0.145890414996
13.943 0 0.146396509215
13.973 0 0.1474647809
14.0 0 0.1474647809
14.011 0 0.149698658274
14.031 0 0.150712786575
14.055 0 0.150847538997
14.067 0 0.154354310581
14.099 0 0.155686363726
14.115 0 0.158571210294
14.13 0 0.160909559694
14.158 0 0.164556059568
14.184 0 0.167574125771
14.202 0 0.17374584171
14.233 0 0.179049887095
14.249 0 0.178361817505
14.267 0 0.183680702329
14.289 0 0.18238885171
14.299 0 0.185452226052
14.327 0 0.182150411912
14.35 0 0.182396902835
14.37 0 0.183291954708
14.385 0 0.181353468116
14.411 0 0.181353468116
14.427 0 0.168453536611
14.47 0 0.164922127897
14.496 0 0.163462164799
14.515 0 0.156882312086
14.551 0 0.152414239624
14.571 0 0.153008222873
14.597 0 0.155135827183
14.616 0 0.156305302998
14.638 0 0.156329888694
14.652 0 0.15449569031
14.677 0 0.152540742367
14.692 0 0.150704014882
14.711 0 0.148729531315
14.732 0 0.147094263192
14.745 0 0.146512148427
14.769 0 0.148305601201
14.78 0 0.150817253838
14.804 0 0.152332994933
14.821 0 0.155084476041
14.847 0 0.156367953939
14.871 0 0.15886935399
14.897 0 0.159981977777
14.912 0 0.163186260681
14.946 0 0.166246434123
14.961 0 0.171289788097
14.981 0 0.171883631372
15.001 0 0.175998953031
15.016 0 0.182158385439
15.041 0 0.184331121441
15.051 0 0.186428665921
15.078 0 0.184786880037
15.088 0 0.184588934246
15.105 0 0.181087313176
15.132 0 0.180089776074
15.149 0 0.178578496938
15.167 0 0.177482449303
15.178 0 0.168293952904
15.199 0 0.167414457613
15.225 0 0.167790893084
15.237 0 0.167090939675
15.265 0 0.167900252519
15.286 0 0.169809171527
15.317 0 0.169805431113
15.337 0 0.170838659676
15.351 0 0.170838659676
15.366 0 0.170319571701
15.383 0 0.166387677945
15.403 0 0.163532621965
15.42 0 0.162514832569
15.44 0 0.161385637159
15.457 0 0.161275071255
15.471 0 0.159861812155
15.487 0 0.159012958063
15.505 0 0.158598713103
15.526 0 0.155611044906
15.543 0 0.155477848711
15.557 0 0.156559015544
15.573 0 0.156696347576
15.587 0 0.157270383832
15.601 0 0.159531190391
15.626 0 0.164383133526
15.65 0 0.167353274407
15.667 0 0.16872381752
15.685 0 0.16872381752
15.699 0 0.17632243007
15.722 0 0.17632243007
15.734 0 0.184573456002
15.75 0 0.18578290593
15.779 0 0.185657547691
15.808 0 0.187739364924
15.825 0 0.19239242251
15.839 0 0.194515408511
15.859 0 0.194390620209
15.871 0 0.196756930477
15.9 0 0.195800672564
15.915 0 0.195481300458
15.931 0 0.191692384177
15.949 0 0.187110920703
15.964 0 0.181554368013
15.992 0 0.181613794784
16.009 0 0.180969636465
16.03 0 0.180107381331
16.044 0 0.178192965954
16.064 0 0.176731076289
16.092 0 0.177216210149
16.101 0 0.177216210149
16.128 0 0.176517524042
16.146 0 0.176500039527
16.164 0 0.17646517375
16.178 0 0.177109503097
16.195 0 0.178831847558
16.219 0 0.18023308115
16.236 0 0.183010059666
16.263 0 0.183010059666
16.278 0 0.185149725458
16.294 0 0.189649851195
16.317 0 0.191612850181
16.328 0 0.192793376567
16.344 0 0.197429358517
16.368 0 0.198934548182
16.38 0 0.202245915143
16.403 0 0.208828179008
16.418 0 0.212609807606
16.428 0 0.215075073661
16.451 0 0.215088040093
16.466 0 0.214085450246
16.484 0 0.213487689209
16.503 0 0.214113529949
16.52 0 0.212244894154
16.536 0 0.211435023607
16.561 0 0.215507341266
16.575 0 0.220326298322
16.602 0 0.222228690589
16.618 0 0.225160519577
16.639 0 0.225160519577
16.649 0 0.232881281554
16.668 0 0.234784975022
16.684 0 0.237503002924
16.71 0 0.237885987699
16.721 0 0.237213002619
16.741 0 0.236811039683
16.751 0 0.232926674271
16.771 0 0.229849691746
16.791 0 0.226263781763
16.821 0 0.226263781763
16.838 0 0.225423957829
16.86 0 0.22075876817
16.885 0 0.214874366354
16.903 0 0.209391587268
16.922 0 0.20353447388
16.938 0 0.195856504924
16.961 0 0.190157367164
16.978 0 0.183589040031
16.997 0 0.177973969247
17.022 0 0.179071135107
17.045 0 0.180065042012
17.065 0 0.183865668334
17.084 0 0.186162210584
17.107 0 0.188550562751
17.128 0 0.189653459521
17.15 0 0.192840822667
17.158 0 0.194142679297
17.174 0 0.199277746552
17.198 0 0.199277746552
17.205 0 0.199277746552
17.217 0 0.204974734593
17.246 0 0.206014596968
17.262 0 0.205763829284
17.281 0 0.208433699014
17.297 0 0.209321571399
17.308 0 0.209364729917
17.336 0 0.212339520139
17.348 0 0.217932011729
17.373 0 0.222943022832
17.396 0 0.223679258172
17.421 0 0.224381886426
17.439 0 0.224089331483
17.457 0 0.220919286216
17.477 0 0.219384451926
17.499 0 0.21675753878
17.529 0 0.213743733604
17.549 0 0.211845707173
17.573 0 0.209769834463
17.59 0 0.208178375227
17.612 0 0.203096075351
17.632 0 0.198258230841
17.642 0 0.195366967684
17.659 0 0.192175716428
17.681 0 0.182927556473
17.702 0 0.181093748735
17.714 0 0.178443285759
17.724 0 0.175458452301
17.741 0 0.173431826138
17.756 0 0.172814697321
17.77 0 0.172103273654
17.787 0 0.171286175223
17.809 0 0.173324273499
17.828 0 0.173873185996
17.84 0 0.176104612093
17.854 0 0.178374863619
17.874 0 0.182200477441
17.895 0 0.187108386606
17.92 0 0.188556965402
17.942 0 0.191396254432
17.966 0 0.19348521245
17.981 0 0.194184919049
18.0 0 0.195905444885
18.014 0 0.202705390523
18.036 0 0.207288694827
18.052 0 0.208293501304
18.072 0 0.211190425656
18.095 0 0.210727300216
18.106 0 0.21413555419
18.129 0 0.217985851688
18.152 0 0.222703772672
18.162 0 0.224705933612
18.179 0 0.227625266791
18.194 0 0.227625266791
18.205 0 0.231622426513
18.225 0 0.23212524433
18.254 0 0.230196551828
18.262 0 0.226084910013
18.283 0 0.223538236112
18.301 0 0.220197418229
18.317 0 0.217108758801
18.342 0 0.217005334817
18.369 0 0.217438186308
18.384 0 0.217438186308
18.398 0 0.209450675096
18.423 0 0.205538267101
18.44 0 0.201591391227
18.462 0 0.199257488853
18.481 0 0.198492115122
18.496 0 0.198151594667
18.51 0 0.198325866225
18.538 0 0.200424365196
18.557 0 0.199000451935
18.582 0 0.199510218871
18.6 0 0.201045636334
18.621 0 0.2019325687
18.631 0 0.201971324785
18.639 0 0.205158844776
18.659 0 0.207340812585
18.676 0 0.209328208977
18.693 0 0.209831223858
18.704 0 0.213170800701
18.722 0 0.216137258235
18.746 0 0.216830236084
18.763 0 0.224151959099
18.791 0 0.226859505236
18.811 0 0.227615855255
18.83 0 0.231178985851
18.849 0 0.234357589927
18.868 0 0.233698448683
18.878 0 0.237583585439
18.899 0 0.239677138704
18.922 0 0.246734108894
18.948 0 0.250431779236
18.979 0 0.252236711205
18.999 0 0.249053340381
19.023 0 0.245030057518
19.047 0 0.246252944958
19.067 0 0.24484329125
19.081 0 0.241923654326
19.098 0 0.239446245673
19.115 0 0.238931052045
19.13 0 0.23846929262
19.151 0 0.239875713698
19.163 0 0.241754057843
19.187 0 0.242720255829
19.202 0 0.242720255829
19.217 0 0.246788286739
19.237 0 0.245218977884
19.262 0 0.239961703786
19.289 0 0.236325047959
19.306 0 0.2291899263
19.329 0 0.222918616373
19.35 0 0.218177016513
19.372 0 0.209253609611
19.383 0 0.207430497281
19.395 0 0.207430497281
19.41 0 0.202964796434
19.431 0 0.202525445307
19.445 0 0.20377576511
19.471 0 0.205254822268
19.487 0 0.206594508877
19.512 0 0.207605197449
19.525 0 0.213265926477
19.556 0 0.216646249102
19.574 0 0.216646249102
19.591 0 0.224503222823
19.614 0 0.225356968716
19.629 0 0.229016761835
19.654 0 0.230691851569
19.666 0 0.231473118873
19.691 0 0.235064581851
19.712 0 0.239439310169
19.733 0 0.242918546769
19.75 0 0.244922236846
19.778 0 0.245868117518
19.793 0 0.246038911848
19.813 0 0.246723033377
19.838 0 0.24777705421
19.849 0 0.248437469025
19.87 0 0.245670687163
19.888 0 0.243959711051
19.908 0 0.24345644107
19.937 0 0.243011945711
19.955 0 0.243240568479
19.97 0 0.243737657084
19.986 0 0.241437469134
20.01 0 0.23916248992
20.024 0 0.234891951032
20.047 0 0.227658112461
20.065 0 0.22106131832
20.08 0 0.218741400927
20.096 0 0.215268108803
20.114 0 0.21275615563
20.127 0 0.207800895419
20.145 0 0.205221769669
20.162 0 0.203674531328
20.176 0 0.203567781748
20.195 0 0.203934019082
20.206 0 0.20404641197
20.218 0 0.204539300274
20.234 0 0.205754751668
20.247 0 0.206935318167
20.259 0 0.208109822263
20.273 0 0.209000514393
20.288 0 0.209000514393
20.298 0 0.212040264951
20.311 0 0.215279191919
20.329 0 0.217493089706
20.341 0 0.218960776076
20.353 0 0.22267718587
20.362 0 0.224846084147
20.378 0 0.226180574183
20.39 0 0.229413716427
20.398 0 0.228670141018
20.413 0 0.235019876832
20.427 0 0.23690064561
20.438 0 0.236711678061
20.45 0 0.240207571539
20.456 0 0.241811457757
20.476 0 0.243290343766
20.488 0 0.245440106383
20.503 0 0.245954228693
20.517 0 0.2455274592
20.529 0 0.246916369931
20.543 0 0.247817940592
20.562 0 0.248228381662
20.573 0 0.247264884081
20.586 0 0.246348383957
20.602 0 0.243571360314
20.617 0 0.242208441353
20.632 0 0.242710335058
20.647 0 0.243320171512
20.661 0 0.242318815815
20.669 0 0.241310220808
20.679 0 0.24088511713
20.692 0 0.240712098549
20.706 0 0.240755728008
20.716 0 0.241877634474
20.73 0 0.243344496692
20.745 0 0.24348386457
20.761 0 0.242319511873
20.774 0 0.242614520817
20.784 0 0.244383639322
20.808 0 0.244038615606
20.82 0 0.244031182897
20.829 0 0.243795017178
20.841 0 0.24315181729
20.855 0 0.239919351196
20.869 0 0.236816245635
20.882 0 0.233927144216
20.896 0 0.231815898546
20.909 0 0.231815898546
20.92 0 0.225571027495
20.93 0 0.223476813618
20.944 0 0.222828106172
20.957 0 0.223058472863
20.966 0 0.223218670695
20.975 0 0.224359901239
20.986 0 0.224713747915
20.997 0 0.226069749628
21.007 0 0.227148902223
21.02 0 0.228857392418
21.03 0 0.230811702527
21.044 0 0.231433244457
21.054 0 0.233325995039
21.064 0 0.236273720843
21.074 0 0.237744897569
21.093 0 0.23908635824
21.103 0 0.242139163822
21.113 0 0.244466903106
21.13 0 0.248764783045
21.142 0 0.249889437894
21.155 0 0.252011123016
21.161 0 0.250836745436
21.18 0 0.252653135338
21.195 0 0.251685330624
21.208 0 0.254016470918
21.221 0 0.254016470918
21.236 0 0.255384731785
21.246 0 0.256150682694
21.252 0 0.256421746425
21.267 0 0.253415742554
21.278 0 0.256126820148
21.289 0 0.256126820148
21.296 0 0.257039920076
21.312 0 0.262704666615
21.33 0 0.26751759804
21.342 0 0.268663248734
21.354 0 0.26710783917
21.369 0 0.264360765119
21.386 0 0.262029424318
21.398 0 0.261030078263
21.408 0 0.259513420152
21.423 0 0.255905216073
21.438 0 0.252148367065
21.449 0 0.249495706916
21.459 0 0.247422641246
21.472 0 0.245740269281
21.486 0 0.245865099917
21.5 0 0.245435108484
21.517 0 0.244908519282
21.531 0 0.244908519282
21.536 0 0.24170660596
21.548 0 0.24170660596
21.557 0 0.24170660596
21.572 0 0.237619007925
21.582 0 0.236428619462
21.596 0 0.234115621473
21.616 0 0.232650439596
21.63 0 0.232633190271
21.639 0 0.233604533289
21.647 0 0.233604533289
21.661 0 0.232600385136
21.674 0 0.231701968766
21.688 0 0.233084295135
21.708 0 0.233915864473
21.724 0 0.234683114294
21.737 0 0.234649215375
21.756 0 0.234900419518
21.766 0 0.236398648187
21.777 0 0.238022196041
21.792 0 0.240884568187
21.815 0 0.241776629402
21.823 0 0.244078581225
21.836 0 0.248764869787
21.86 0 0.251779231523
21.871 0 0.255394384844
21.883 0 0.256901353955
21.894 0 0.259003498766
21.907 0 0.260971337928
21.918 0 0.260697658952
21.928 0 0.262591702091
21.936 0 0.262798872653
21.95 0 0.262311038532
21.962 0 0.264579241906
21.977 0 0.270955370116
21.989 0 0.274389979192
22.001 0 0.275243948166
22.022 0 0.276204472212
22.03 0 0.276658926062
22.042 0 0.272276799261
22.053 0 0.268493476465
22.068 0 0.267734637276
22.079 0 0.267734637276
22.088 0 0.272078780524
22.109 0 0.275080644902
22.121 0 0.276976265139
22.133 0 0.276729404482
22.143 0 0.274422044513
22.165 0 0.272098869507
22.177 0 0.272098869507
22.189 0 0.267107072049
22.211 0 0.263705806153
22.226 0 0.261537749448
22.234 0 0.255497051535
22.257 0 0.25337210523
22.27 0 0.251392359394
22.295 0 0.251897039352
22.314 0 0.250621286231
22.34 0 0.250621286231
22.35 0 0.248443920404
22.385 0 0.242323011334
22.404 0 0.241031294587
22.421 0 0.240680801839
22.441 0 0.241380630487
22.455 0 0.242102186705
22.48 0 0.242816430735
22.495 0 0.243656856594
22.507 0 0.24512413672
22.529 0 0.245846891031
22.543 0 0.247113088841
22.553 0 0.24858743244
22.579 0 0.248961921526
22.591 0 0.251384854029
22.607 0 0.255028478033
22.635 0 0.256564372386
22.649 0 0.260715194353
22.671 0 0.266376538723
22.686 0 0.267665022365
22.695 0 0.267145081124
22.705 0 0.272226118165
22.725 0 0.271394187654
22.742 0 0.273267126951
22.772 0 0.274455777628
22.782 0 0.277498493398
22.799 0 0.275570873322
22.819 0 0.283077942305
22.832 0 0.286531970009
22.847 0 0.289558473964
22.864 0 0.288540121011
22.877 0 0.290919415781
22.888 0 0.292480361024
22.91 0 0.292005240439
22.923 0 0.291631765523
22.938 0 0.284224023752
22.966 0 0.282542818552
22.976 0 0.280949425983
22.99 0 0.277698270624
23.008 0 0.274345272265
23.023 0 0.269160827783
23.033 0 0.26354779672
23.053 0 0.262633124314
23.068 0 0.263103785105
23.085 0 0.267301659313
23.103 0 0.269414316631
23.118 0 0.269388449829
23.128 0 0.268707938706
23.141 0 0.268339201778
23.152 0 0.269002754766
23.168 0 0.269217472753
23.181 0 0.270109180084
23.191 0 0.271126723329
23.203 0 0.271490754103
23.212 0 0.271969961973
23.224 0 0.271327329184
23.238 0 0.272101167349
23.25 0 0.271535725124
23.264 0 0.270361612717
23.275 0 0.269921152289
23.293 0 0.270547512241
23.306 0 0.271780358137
23.318 0 0.273558820774
23.334 0 0.274306746054
23.347 0 0.275581060472
23.36 0 0.275581060472
23.368 0 0.278365951801
23.389 0 0.279566653385
23.402 0 0.281041395567
23.419 0 0.283326122945
23.432 0 0.285485398038
23.443 0 0.286865056907
23.454 0 0.293747285421
23.473 0 0.297384914738
23.489 0 0.297959869664
23.501 0 0.296278441244
23.514 0 0.296855949545
23.529 0 0.300846790833
23.541 0 0.299529703157
23.556 0 0.298817811343
23.577 0 0.307825649568
23.591 0 0.304852517464
23.605 0 0.309537027888
23.621 0 0.310128496832
23.633 0 0.310128496832
23.639 0 0.320313367013
23.662 0 0.323281217926
23.677 0 0.327500857068
23.694 0 0.327873751013
23.715 0 0.328744681738
23.732 0 0.327863889195
23.76 0 0.326562222043
23.777 0 0.325211411316
23.789 0 0.324472192093
23.812 0 0.322192653678
23.82 0 0.322192653678
23.831 0 0.311835490975
23.842 0 0.309270454545
23.861 0 0.309158891892
23.873 0 0.309415625431
23.885 0 0.309415625431
23.898 0 0.306772892821
23.913 0 0.306347845261
23.921 0 0.304143109473
23.938 0 0.301326505565
23.955 0 0.301588489987
23.968 0 0.301096680783
23.976 0 0.29968292446
23.993 0 0.29962737626
24.007 0 0.298746629904
24.02 0 0.298874466866
24.04 0 0.29973926973
24.054 0 0.300312706004
24.068 0 0.299121835491
24.094 0 0.296871768688
24.107 0 0.295513825566
24.131 0 0.297815016177
24.148 0 0.298717621622
24.161 0 0.300464206486
24.179 0 0.300969802701
24.192 0 0.302516121995
24.203 0 0.304964923512
24.219 0 0.305145378911
24.229 0 0.309522878395
24.242 0 0.310472797697
24.249 0 0.313242422728
24.267 0 0.322549485489
24.279 0 0.323432277904
24.29 0 0.330636860334
24.303 0 0.334267473238
24.321 0 0.336344963178
24.331 0 0.337069922802
24.342 0 0.339122537228
24.359 0 0.342482985604
24.374 0 0.343823707405
24.388 0 0.344129927645
24.399 0 0.34514590545
24.415 0 0.34529987755
24.425 0 0.347015366871
24.439 0 0.344579314835
24.456 0 0.344088160224
24.465 0 0.34581876416
24.48 0 0.348884105538
24.496 0 0.351626912297
24.514 0 0.350243227703
24.525 0 0.347820028452
24.546 0 0.345182499787
24.557 0 0.344186015565
24.572 0 0.343142407998
24.592 0 0.342677956727
24.605 0 0.340985831721
24.618 0 0.338133163451
24.637 0 0.337815992119
24.65 0 0.337869928926
24.662 0 0.336818229965
24.677 0 0.334257776529
24.687 0 0.333200024579
24.704 0 0.332848398398
24.714 0 0.330672379214
24.733 0 0.327011097467
24.748 0 0.323688603652
24.763 0 0.32042933583
24.782 0 0.320039661747
24.792 0 0.320210585344
24.801 0 0.319822363596
24.815 0 0.319478105411
24.833 0 0.319422884458
24.846 0 0.319786205319
24.858 0 0.31834931754
24.868 0 0.317420562097
24.879 0 0.318912759959
24.891 0 0.319490399742
24.902 0 0.319069872388
24.921 0 0.320434830275
24.935 0 0.320727670503
24.944 0 0.322316652342
24.96 0 0.323534223957
24.974 0 0.32428628843
24.985 0 0.324949055358
24.995 0 0.326713590181
25.015 0 0.330397826588
25.032 0 0.332764287996
25.048 0 0.337165153169
25.065 0 0.336029561872
25.077 0 0.340122230009
25.089 0 0.34081616276
25.106 0 0.338258869667
25.121 0 0.341582180961
25.134 0 0.337961454865
25.149 0 0.337961454865
25.157 0 0.351807417841
25.167 0 0.351478157012
25.183 0 0.354198510396
25.194 0 0.361445444992
25.208 0 0.363394529823
25.22 0 0.366211056078
25.234 0 0.367553670225
25.252 0 0.368650139903
25.266 0 0.370668046201
25.276 0 0.371672518788
25.291 0 0.371209885676
25.308 0 0.369725298139
25.32 0 0.369614297087
25.33 0 0.368735884615
25.345 0 0.368859239322
25.353 0 0.368823569893
25.365 0 0.366997795136
25.385 0 0.364684864423
25.397 0 0.364052493031
25.406 0 0.359603735543
25.428 0 0.358774026053
25.443 0 0.358816885592
25.454 0 0.357808000438
25.47 0 0.354889428136
25.489 0 0.353295004812
25.502 0 0.353134840635
25.523 0 0.352239055858
25.534 0 0.35173186818
25.547 0 0.349628307176
25.564 0 0.348683595989
25.582 0 0.349761983113
25.597 0 0.350714224221
25.614 0 0.351898908488
25.622 0 0.352427497235
25.632 0 0.352705917984
25.646 0 0.351960620501
25.662 0 0.351543165976
25.675 0 0.351543165976
25.683 0 0.351543165976
25.693 0 0.352497744233
25.707 0 0.35420502364
25.721 0 0.355706910378
25.733 0 0.356744817814
25.745 0 0.358518570548
25.76 0 0.360539666162
25.77 0 0.361482343151
25.78 0 0.362423933216
25.79 0 0.362035229316
25.803 0 0.36563553955
25.818 0 0.367699438668
25.826 0 0.367410558964
25.845 0 0.371753763823
25.855 0 0.372656992076
25.864 0 0.376579792854
25.872 0 0.376001165879
25.888 0 0.379552929991
25.9 0 0.382205755116
25.912 0 0.381615374983
25.92 0 0.380752410434
25.935 0 0.383374839597
25.944 0 0.382153754894
25.956 0 0.388454361477
25.969 0 0.390050018559
25.986 0 0.388864873904
25.999 0 0.38990287502
26.017 0 0.390891599641
26.026 0 0.390891599641
26.038 0 0.395047871598
26.053 0 0.397601571019
26.075 0 0.396983254018
26.091 0 0.395936432681
26.114 0 0.394701658475
26.121 0 0.394364141564
26.135 0 0.393729135473
26.143 0 0.393127646825
26.151 0 0.392757549945
26.173 0 0.392016002658
26.186 0 0.390424192448
26.2 0 0.388499587249
26.215 0 0.388499587249
26.224 0 0.385200632899
26.236 0 0.384075655578
26.258 0 0.38263444825
26.265 0 0.380981312824
26.278 0 0.378816757571
26.291 0 0.376088170595
26.307 0 0.376088170595
26.32 0 0.368950976015
26.333 0 0.365598723145
26.354 0 0.363972970182
26.367 0 0.36435457989
26.376 0 0.365083997192
26.399 0 0.365131495604
26.412 0 0.366628072901
26.43 0 0.369014282609
26.445 0 0.370790488287
26.462 0 0.371591678591
26.475 0 0.373273159012
26.493 0 0.373672468537
26.514 0 0.375330165384
26.531 0 0.378210077631
26.547 0 0.379776227084
26.563 0 0.383182153537
26.588 0 0.38489676948
26.596 0 0.391180517041
26.61 0 0.394296826034
26.628 0 0.398786254598
26.637 0 0.398872140275
26.649 0 0.402820400814
26.662 0 0.407509601746
26.683 0 0.411130112479
26.697 0 0.412034297772
26.708 0 0.412880789467
26.726 0 0.414090463003
26.737 0 0.414748131115
26.745 0 0.414748131115
26.752 0 0.419498207357
26.774 0 0.419498207357
26.787 0 0.424402077451
26.799 0 0.424027143024
26.828 0 0.423534240231
26.841 0 0.422507117669
26.869 0 0.422032139645
26.88 0 0.42015180803
26.902 0 0.419747829388
26.92 0 0.419585218701
26.931 0 0.420435529114
26.945 0 0.419984240975
26.962 0 0.41746295054
26.976 0 0.415577139856
26.988 0 0.414249393154
27.008 0 0.413718210752
27.018 0 0.412643461747
27.028 0 0.412247528461
27.043 0 0.412236444025
27.056 0 0.408539172146
27.071 0 0.400417570672
27.092 0 0.395305883079
27.107 0 0.392543394428
27.123 0 0.391005964757
27.147 0 0.390195933006
27.16 0 0.389502762186
27.168 0 0.389502762186
27.176 0 0.393294928008
27.201 0 0.395542525552
27.215 0 0.397040194392
27.236 0 0.398421010047
27.249 0 0.398921242692
27.262 0 0.399622600731
27.278 0 0.401384262822
27.294 0 0.403374555001
27.314 0 0.406255860265
27.331 0 0.406367724375
27.34 0 0.406774443881
27.351 0 0.410898657798
27.367 0 0.415599934467
27.389 0 0.417189245403
27.404 0 0.421170256691
27.418 0 0.425273966042
27.437 0 0.426314669873
27.45 0 0.424970983192
27.467 0 0.430211950603
27.484 0 0.435426295897
27.5 0 0.439297463737
27.512 0 0.441406016739
27.531 0 0.441309069041
27.542 0 0.441309069041
27.548 0 0.441309069041
27.567 0 0.444199170202
27.585 0 0.442821663834
27.609 0 0.442098467519
27.629 0 0.444865008479
27.645 0 0.446183207134
27.667 0 0.445875632274
27.678 0 0.445875632274
27.686 0 0.442755233918
27.715 0 0.442673986446
27.728 0 0.443058516961
27.743 0 0.440213954265
27.759 0 0.437134705683
27.767 0 0.43410811385
27.778 0 0.432858645723
27.801 0 0.43153369093
27.812 0 0.43034803859
27.825 0 0.43018148911
27.838 0 0.429416949591
27.86 0 0.429416949591
27.868 0 0.422633588811
27.888 0 0.41671237266
27.898 0 0.416308971946
27.915 0 0.415888133717
27.934 0 0.415281517906
27.949 0 0.415601813015
27.959 0 0.416646001891
27.985 0 0.419339451076
28.001 0 0.420832525528
28.012 0 0.421196029629
28.022 0 0.421285394541
28.036 0 0.421056824742
28.046 0 0.421085601157
28.061 0 0.422433161746
28.078 0 0.420901360214
28.09 0 0.421317973806
28.103 0 0.423561614026
28.12 0 0.426957574413
28.127 0 0.427004140906
28.142 0 0.430361405658
28.166 0 0.432010825507
28.181 0 0.434112857856
28.192 0 0.439556161681
28.208 0 0.442307558398
28.223 0 0.446307408404
28.236 0 0.447741867102
28.256 0 0.454660609652
28.27 0 0.455127638453
28.284 0 0.45444617853
28.305 0 0.449916139063
28.316 0 0.454821685781
28.333 0 0.46259159137
28.35 0 0.46259159137
28.357 0 0.462918521741
28.372 0 0.464349817201
28.385 0 0.463005967954
28.396 0 0.464153627879
28.406 0 0.463528081497
28.418 0 0.461330833215
28.428 0 0.463354406679
28.446 0 0.463354406679
28.454 0 0.463000228649
28.466 0 0.462360332745
28.478 0 0.460522535896
28.491 0 0.459032231453
28.502 0 0.457985297783
28.511 0 0.456745767484
28.522 0 0.453460577927
28.541 0 0.453460577927
28.547 0 0.453460577927
28.552 0 0.450851112981
28.564 0 0.450181826013
28.574 0 0.447731206333
28.587 0 0.445705389919
28.597 0 0.444555242117
28.607 0 0.441911594716
28.627 0 0.438038816164
28.639 0 0.433672710054
28.653 0 0.431871983582
28.667 0 0.429474765688
28.678 0 0.426517794653
28.69 0 0.425861190022
28.703 0 0.425698062266
28.717 0 0.425963646211
28.738 0 0.427821935347
28.758 0 0.431400071311
28.772 0 0.432769282577
28.787 0 0.433387712288
28.802 0 0.433478682389
28.82 0 0.433203444741
28.831 0 0.432272763399
28.844 0 0.432523856668
28.866 0 0.43351664025
28.876 0 0.435741180547
28.891 0 0.43806211847
28.915 0 0.439467237878
28.926 0 0.440488755677
28.933 0 0.440502436565
28.952 0 0.443737342785
28.967 0 0.444352315082
28.975 0 0.451031994732
28.989 0 0.455764456001
29.013 0 0.456954083988
29.025 0 0.458826613937
29.036 0 0.46315533532
29.061 0 0.475181658978
29.079 0 0.477959422131
29.098 0 0.477946127083
29.116 0 0.477494497624
29.132 0 0.475610536053
29.151 0 0.479171877538
29.172 0 0.480965305186
29.189 0 0.480965305186
29.2 0 0.482610830535
29.203 0 0.484038703944
29.219 0 0.484685524577
29.229 0 0.484542570067
29.238 0 0.482876011521
29.251 0 0.479796583456
29.27 0 0.477943130939
29.281 0 0.475297891699
29.294 0 0.471774697252
29.312 0 0.469791985174
29.321 0 0.468845416064
29.336 0 0.466684583967
29.348 0 0.466774289475
29.364 0 0.466116909014
29.375 0 0.463439261471
29.394 0 0.463348957429
29.418 0 0.463315793201
29.428 0 0.461176864454
29.435 0 0.456938928609
29.45 0 0.455710934041
29.463 0 0.449532202774
29.472 0 0.444789297231
29.491 0 0.440591177066
29.513 0 0.438759664449
29.525 0 0.438759664449
29.535 0 0.437536380712
29.558 0 0.437450354159
29.571 0 0.437596140857
29.584 0 0.434268135688
29.6 0 0.433382397054
29.615 0 0.433994068788
29.624 0 0.433293628573
29.651 0 0.4315144124
29.668 0 0.433234993265
29.679 0 0.434432958505
29.698 0 0.436983484026
29.709 0 0.440551515727
29.724 0 0.441849706116
29.742 0 0.444675869342
29.755 0 0.451014935878
29.769 0 0.45168535648
29.784 0 0.456499807769
29.798 0 0.456683352122
29.811 0 0.458779397531
29.836 0 0.461918752287
29.849 0 0.464932750997
29.865 0 0.466065340682
29.881 0 0.46584472233
29.889 0 0.46584472233
29.899 0 0.460443359318
29.916 0 0.466578509538
29.933 0 0.473069750204
29.949 0 0.47520915513
29.962 0 0.47807086163
29.98 0 0.47807086163
29.992 0 0.477931416375
30.004 0 0.476536446665
30.02 0 0.473646444749
30.037 0 0.473194644728
30.047 0 0.471672614784
30.063 0 0.472096865284
30.075 0 0.471221999213
30.09 0 0.468394510802
30.104 0 0.466606933551
30.117 0 0.464038225799
30.129 0 0.462955904014
30.141 0 0.460779316352
30.157 0 0.460618328275
30.169 0 0.460449818908
30.178 0 0.461261896271
30.193 0 0.461140341397
30.21 0 0.460043760784
30.219 0 0.459226669515
30.231 0 0.457314051914
30.251 0 0.456918922684
30.264 0 0.457402180472
30.28 0 0.458205120513
30.292 0 0.460065193211
30.311 0 0.460202569202
30.323 0 0.4595672354
30.334 0 0.459963370548
30.356 0 0.46110375551
30.368 0 0.461963036991
30.378 0 0.461356103888
30.401 0 0.460322349368
30.414 0 0.460397287599
30.422 0 0.460243088606
30.441 0 0.460243088606
30.452 0 0.463892597987
30.463 0 0.464523165234
30.473 0 0.469742275106
30.489 0 0.472552140141
30.496 0 0.474284996929
30.51 0 0.474055504346
30.518 0 0.475000749034
30.538 0 0.476340757733
30.552 0 0.477280842957
30.556 0 0.479204815186
30.573 0 0.480128830452
30.581 0 0.478599625613
30.592 0 0.481507529133
30.609 0 0.480562497442
30.623 0 0.479890439733
30.634 0 0.479966843673
30.657 0 0.484206085645
30.672 0 0.484916889368
30.687 0 0.48827151585
30.703 0 0.49385582578
30.715 0 0.500032046739
30.73 0 0.50545024157
30.744 0 0.509363768885
30.763 0 0.510662561285
30.779 0 0.510484659509
30.792 0 0.508877474022
30.809 0 0.507433158169
30.818 0 0.507187625032
30.825 0 0.504072089168
30.839 0 0.502487979084
30.856 0 0.502340383631
30.87 0 0.502447036163
30.884 0 0.496426460415
30.915 0 0.495794937836
30.927 0 0.49422196127
30.941 0 0.492008082238
30.968 0 0.491968782817
30.984 0 0.490987377261
31.007 0 0.490335980024
31.019 0 0.490461669296
31.03 0 0.490461669296
31.046 0 0.487801385825
31.056 0 0.48566439224
31.07 0 0.485262210331
31.086 0 0.484739393097
31.109 0 0.483962012465
31.124 0 0.484197045848
31.136 0 0.484007095795
31.157 0 0.484312087164
31.169 0 0.485460319671
31.181 0 0.484845744343
31.204 0 0.483633317321
31.214 0 0.484061594961
31.225 0 0.48582125209
31.248 0 0.487077588056
31.263 0 0.48830514094
31.277 0 0.488944664822
31.294 0 0.494335812418
31.311 0 0.4965078715
31.32 0 0.50066937791
31.333 0 0.506533742704
31.349 0 0.509191404133
31.363 0 0.512211768699
31.39 0 0.514028542605
31.398 0 0.51304801573
31.413 0 0.522371875051
31.431 0 0.5236438821
31.444 0 0.524538076339
31.462 0 0.523870451957
31.476 0 0.524935133024
31.486 0 0.524921533104
31.501 0 0.524549435649
31.516 0 0.527710611523
31.537 0 0.527816473753
31.55 0 0.530192102725
31.576 0 0.529247549961
31.591 0 0.527486471383
31.604 0 0.526548237058
31.619 0 0.52542217894
31.631 0 0.52434997939
31.643 0 0.523255368237
31.649 0 0.519519775
31.666 0 0.515847946923
31.68 0 0.51421382831
31.693 0 0.514381309072
31.715 0 0.514381309072
31.723 0 0.512325591452
31.74 0 0.510753700879
31.762 0 0.508910533696
31.776 0 0.504281022742
31.801 0 0.502816947032
31.814 0 0.50070203187
31.839 0 0.502464019984
31.853 0 0.502703469716
31.869 0 0.501713663429
31.879 0 0.501616080513
31.894 0 0.502556960408
31.907 0 0.504966331887
31.921 0 0.506422317851
31.94 0 0.506450703713
31.953 0 0.506278084825
31.965 0 0.509549765717
31.992 0 0.510010708374
31.999 0 0.510312682852
32.015 0 0.510464240379
32.029 0 0.511753574761
32.045 0 0.512793589433
32.054 0 0.514129005563
32.071 0 0.518817623391
32.089 0 0.518817623391
32.098 0 0.523247054147
32.118 0 0.524930575453
32.131 0 0.527316625624
32.146 0 0.52853702804
32.157 0 0.53628423767
32.183 0 0.539698989109
32.194 0 0.541532122631
32.213 0 0.542510598061
32.224 0 0.547760889896
32.245 0 0.547264338393
32.259 0 0.548153433566
32.273 0 0.547968357262
32.288 0 0.550555815294
32.307 0 0.555079012791
32.323 0 0.555206235084
32.338 0 0.556956464658
32.358 0 0.557386052323
32.371 0 0.557113227615
32.384 0 0.55576625286
32.409 0 0.556883235325
32.423 0 0.557099199362
32.433 0 0.556980068361
32.447 0 0.559085781815
32.458 0 0.557994349448
32.47 0 0.556750029072
32.487 0 0.556863274412
32.499 0 0.557417634852
32.509 0 0.557750501744
32.518 0 0.557610258818
32.532 0 0.55698262018
32.548 0 0.554205852653
32.562 0 0.552415539892
32.571 0 0.549688301737
32.59 0 0.547132145928
32.603 0 0.544070893053
32.617 0 0.543197190077
32.634 0 0.543637524042
32.644 0 0.543611245249
32.654 0 0.543759302848
32.662 0 0.544442281143
32.678 0 0.544915454385
32.695 0 0.545023529051
32.705 0 0.546778582445
32.73 0 0.54758655119
32.74 0 0.54941075264
32.756 0 0.550453925635
32.768 0 0.550969507478
32.787 0 0.551275876874
32.797 0 0.554292107554
32.812 0 0.554871264932
32.833 0 0.556613375633
32.844 0 0.55808128555
32.86 0 0.561204464032
32.871 0 0.561895521443
32.883 0 0.565579528296
32.902 0 0.564058444014
32.912 0 0.563781541046
32.924 0 0.565767681814
32.939 0 0.569234628051
32.955 0 0.572000743869
32.966 0 0.573280027382
32.981 0 0.575327211447
33.005 0 0.576899748324
33.02 0 0.579306497376
33.03 0 0.581820837562
33.045 0 0.582737340833
33.058 0 0.579572500055
33.068 0 0.586378460441
33.075 0 0.591978068018
33.093 0 0.593877526681
33.106 0 0.599769229712
33.121 0 0.600753633202
33.136 0 0.60054005778
33.145 0 0.600315528499
33.158 0 0.598955016106
33.171 0 0.596119114864
33.197 0 0.594707273073
33.21 0 0.592406250697
33.22 0 0.589773904559
33.238 0 0.587199221098
33.247 0 0.584404124139
33.257 0 0.583087993781
33.273 0 0.58341111792
33.282 0 0.58533950823
33.296 0 0.586644174342
33.307 0 0.58442014043
33.328 0 0.58226781567
33.342 0 0.58173646701
33.345 0 0.580514572528
33.368 0 0.579948098155
33.378 0 0.575388813042
33.391 0 0.573996461648
33.401 0 0.573870576652
33.409 0 0.573282694769
33.428 0 0.572439353531
33.437 0 0.572509691751
33.449 0 0.574518953741
33.47 0 0.575462078936
33.478 0 0.576227532203
33.493 0 0.577749807125
33.512 0 0.578104057146
33.525 0 0.578234354843
33.54 0 0.578839378075
33.55 0 0.579569966572
33.564 0 0.580461814002
33.574 0 0.580625690219
33.587 0 0.581006132375
33.598 0 0.582490998127
33.614 0 0.584178506269
33.625 0 0.586748087409
33.636 0 0.591662983441
33.657 0 0.592244464906
33.669 0 0.591744664508
33.682 0 0.596953630413
33.699 0 0.598615182792
33.713 0 0.599284103437
33.727 0 0.602118866729
33.738 0 0.603407484794
33.752 0 0.60378574321
33.763 0 0.605985395969
33.778 0 0.603516053831
33.795 0 0.604995215687
33.809 0 0.603742196686
33.823 0 0.61289444884
33.846 0 0.614877255155
33.863 0 0.616385293267
33.871 0 0.61805063564
33.893 0 0.621090781321
33.91 0 0.622559253148
33.92 0 0.623147662008
33.922 0 0.623147662008
33.922 0 0.623013437308
33.938 0 0.622850277704
33.943 0 0.622850277704
33.959 0 0.620109220954
33.978 0 0.616561152413
33.991 0 0.61589433144
34.007 0 0.615475689426
34.023 0 0.615868377177
34.023 0 0.615643014557
34.047 0 0.614695793167
34.069 0 0.614305461697
34.083 0 0.613485064221
34.091 0 0.611181155336
34.106 0 0.609793620046
34.119 0 0.604522036172
34.132 0 0.600530466425
34.145 0 0.598533528322
34.162 0 0.596952992249
34.171 0 0.596952992249
34.188 0 0.591787399962
34.2 0 0.590822319137
34.211 0 0.591209817547
34.223 0 0.591209817547
34.231 0 0.59114127389
34.252 0 0.5912931056
34.266 0 0.59343635191
34.29 0 0.595621840942
34.307 0 0.59599321174
34.316 0 0.597537324698
34.337 0 0.600085692861
34.353 0 0.600790429787
34.37 0 0.601314388406
34.384 0 0.602463197663
34.402 0 0.604330733133
34.412 0 0.607515848977
34.426 0 0.607515848977
34.437 0 0.611315561813
34.45 0 0.612967115351
34.462 0 0.611752925931
34.473 0 0.610439376661
34.491 0 0.611065049798
34.504 0 0.609557474276
34.524 0 0.609466270206
34.539 0 0.613756621448
34.552 0 0.611339608233
34.567 0 0.614817499754
34.577 0 0.611383642456
34.589 0 0.616405723039
34.608 0 0.617045768349
34.628 0 0.619887781056
34.636 0 0.631875256639
34.662 0 0.634951615885
34.675 0 0.63601558321
34.688 0 0.63657410379
34.698 0 0.636188553334
34.715 0 0.634022743485
34.729 0 0.633129416382
34.748 0 0.630784294666
34.768 0 0.629940350999
34.775 0 0.630290200573
34.775 0 0.626278791585
34.806 0 0.618827974693
34.826 0 0.618485760495
34.841 0 0.618744335452
34.858 0 0.617416152946
34.874 0 0.615263169162
34.897 0 0.614069768753
34.913 0 0.612234909039
34.928 0 0.609856678048
34.951 0 0.609594780969
34.965 0 0.609194764406
34.981 0 0.608419298963
34.996 0 0.609130202336
35.009 0 0.608882651419
35.027 0 0.607962484755
35.041 0 0.608500181279
35.058 0 0.609655629036
35.076 0 0.610081602123
35.088 0 0.611846500413
35.098 0 0.614231547406
35.113 0 0.614970189224
35.135 0 0.614970189224
35.148 0 0.614891253015
35.161 0 0.616510421393
35.181 0 0.617705178023
35.193 0 0.617973924718
35.202 0 0.623628029751
35.216 0 0.62590556815
35.229 0 0.627830700939
35.242 0 0.629404027996
35.259 0 0.629105316336
35.272 0 0.631034619471
35.288 0 0.635242597522
35.309 0 0.63753751627
35.318 0 0.636358664167
35.331 0 0.64317951749
35.344 0 0.639448388928
35.351 0 0.649884592589
35.365 0 0.652264812378
35.372 0 0.653991695999
35.39 0 0.656393673997
35.406 0 0.654676674351
35.42 0 0.654023704837
35.433 0 0.652632610602
35.452 0 0.651130003652
35.467 0 0.653323324957
35.477 0 0.652679284647
35.493 0 0.656399759743
35.507 0 0.656303701139
35.517 0 0.654573412149
35.541 0 0.657405731385
35.554 0 0.658126916162
35.56 0 0.657986739147
35.574 0 0.655977458293
35.593 0 0.655417250161
35.604 0 0.654083943775
35.616 0 0.650085463208
35.636 0 0.650763177642
35.648 0 0.651620138918
35.657 0 0.651851001959
35.679 0 0.651851001959
35.69 0 0.648756875911
35.698 0 0.645654457606
35.725 0 0.643786446047
35.738 0 0.641561197432
35.753 0 0.640047797186
35.766 0 0.639961582115
35.786 0 0.640549374601
35.801 0 0.64251792628
35.819 0 0.643305282166
35.835 0 0.645947577685
35.849 0 0.647749855792
35.865 0 0.6484813795
35.879 0 0.649787466804
35.89 0 0.651698762794
35.9 0 0.65341499889
35.925 0 0.654412551306
35.94 0 0.654353763555
35.955 0 0.656998787027
35.971 0 0.65875671189
35.987 0 0.660447635747
36.009 0 0.664473234554
36.019 0 0.664609731834
36.031 0 0.665383954552
36.047 0 0.67054977268
36.061 0 0.673863542076
36.076 0 0.676906405324
36.099 0 0.677280558943
36.11 0 0.675722066509
36.123 0 0.679488761096
36.141 0 0.680063621795
36.155 0 0.678014802401
36.17 0 0.68403018223
36.196 0 0.688835505722
36.212 0 0.691159797161
36.229 0 0.69180402161
36.24 0 0.693928870118
36.251 0 0.694706598221
36.267 0 0.696698059521
36.284 0 0.696662593638
36.294 0 0.696315476799
36.302 0 0.694615783606
36.318 0 0.693552082814
36.334 0 0.692759463853
36.346 0 0.693823681859
36.362 0 0.690759351555
36.382 0 0.689423569884
36.393 0 0.687997582706
36.402 0 0.6877448418
36.412 0 0.685517520883
36.429 0 0.685662361296
36.44 0 0.684321889476
36.453 0 0.6819566681
36.469 0 0.681005651381
36.477 0 0.679075621829
36.492 0 0.676100453052
36.511 0 0.673767875799
36.521 0 0.671301442695
36.534 0 0.667055445362
36.556 0 0.664727805304
36.575 0 0.664581582626
36.585 0 0.665459070656
36.61 0 0.666514983301
36.615 0 0.666514983301
36.626 0 0.671132401864
36.651 0 0.674130581176
36.668 0 0.675822905127
36.686 0 0.678019898199
36.706 0 0.678019898199
36.716 0 0.678019898199
36.728 0 0.680282177554
36.75 0 0.681666520626
36.764 0 0.68439150696
36.787 0 0.687452515835
36.799 0 0.690762416652
36.813 0 0.692836031094
36.834 0 0.693867243041
36.843 0 0.694115272375
36.862 0 0.698302927161
36.879 0 0.696513245482
36.887 0 0.702567927653
36.902 0 0.703140032235
36.918 0 0.702999955963
36.933 0 0.703685283098
36.94 0 0.7140005767
36.958 0 0.714842369524
36.981 0 0.714380512371
36.992 0 0.715670699025
37.003 0 0.717943797437
37.023 0 0.718341656095
37.035 0 0.7176262412
37.047 0 0.718350838768
37.069 0 0.716930803482
37.086 0 0.716053422508
37.099 0 0.713583236838
37.119 0 0.713131655966
37.134 0 0.713147872127
37.146 0 0.712913498869
37.17 0 0.711966026602
37.179 0 0.711966026602
37.193 0 0.709982750619
37.211 0 0.709577760695
37.225 0 0.7100880997
37.233 0 0.709290924595
37.248 0 0.705925122951
37.264 0 0.70486512019
37.275 0 0.702837132001
37.29 0 0.70057354278
37.308 0 0.697776344503
37.318 0 0.69423844415
37.332 0 0.691650607517
37.349 0 0.689838447284
37.358 0 0.689838447284
37.367 0 0.689838447284
37.386 0 0.690507487336
37.398 0 0.691941647326
37.411 0 0.692545078784
37.418 0 0.692545078784
37.426 0 0.693631343025
37.451 0 0.694440749019
37.464 0 0.695677138528
37.48 0 0.696876757438
37.504 0 0.696335782891
37.517 0 0.695007255833
37.537 0 0.700240617102
37.551 0 0.702848129143
37.563 0 0.70745558328
37.593 0 0.711381659713
37.608 0 0.712839352558
37.621 0 0.711258778216
37.644 0 0.710986499625
37.658 0 0.709762899068
37.677 0 0.712575208148
37.691 0 0.719740568401
37.705 0 0.716076673138
37.724 0 0.719804327899
37.734 0 0.719414838795
37.752 0 0.724558090529
37.778 0 0.727832780665
37.798 0 0.729849828082
37.814 0 0.731196577597
37.83 0 0.732528492555
37.844 0 0.734484383723
37.86 0 0.733562192881
37.884 0 0.732287364327
37.897 0 0.731494339734
37.912 0 0.733566047707
37.933 0 0.733532455964
37.947 0 0.731196780363
37.963 0 0.729528516652
37.982 0 0.728582206143
37.992 0 0.727554349411
38.006 0 0.727669154482
38.024 0 0.728546635006
38.039 0 0.728261847497
38.052 0 0.727055347369
38.081 0 0.724954493267
38.094 0 0.722492481589
38.109 0 0.719614070478
38.124 0 0.717081389446
38.135 0 0.715646141019
38.15 0 0.715381645147
38.159 0 0.716049052217
38.178 0 0.716596076389
38.19 0 0.716725555223
38.197 0 0.716487245784
38.215 0 0.717745944823
38.232 0 0.719208383662
38.249 0 0.720115380967
38.265 0 0.721288944944
38.28 0 0.721702724463
38.284 0 0.720262795611
38.305 0 0.719277246466
38.318 0 0.720502224777
38.336 0 0.722635002971
38.349 0 0.728650722213
38.369 0 0.730794630926
38.38 0 0.734107241254
38.399 0 0.735748301298
38.41 0 0.737403263108
38.422 0 0.736105092522
38.428 0 0.736771135372
38.444 0 0.735312751592
38.454 0 0.732151886844
38.464 0 0.737986088354
38.477 0 0.73805142
38.492 0 0.736060600577
38.507 0 0.73814076293
38.521 0 0.736245900614
38.544 0 0.736764810538
38.556 0 0.736764810538
38.575 0 0.745611996445
38.589 0 0.745796034667
38.601 0 0.749448633456
38.622 0 0.751309976038
38.638 0 0.746231037044
38.651 0 0.748014795381
38.67 0 0.748297198703
38.682 0 0.747361976418
38.697 0 0.745467180167
38.716 0 0.742559686023
38.728 0 0.737805843596
38.746 0 0.735909906369
38.761 0 0.736266218448
38.771 0 0.738173000229
38.783 0 0.738730141238
38.798 0 0.738621303632
38.811 0 0.73780667695
38.827 0 0.737487640041
38.847 0 0.736644200313
38.865 0 0.735178249834
38.879 0 0.734127605221
38.891 0 0.729330233924
38.914 0 0.727213929365
38.928 0 0.726292713725
38.94 0 0.72517573461
38.954 0 0.725482072032
38.968 0 0.725486768934
38.984 0 0.725756577601
39.005 0 0.724971820659
