time index height
0.0 0 0.0
0.055 0 0.0261545936143
0.061 0 0.0266092593654
0.071 0 0.0308556201001
0.08 0 0.034766383212
0.087 0 0.0379664890934
0.098 0 0.0444865374933
0.108 0 0.0476108347736
0.117 0 0.0554544746963
0.129 0 0.0602657858772
0.14 0 0.0670159562611
0.149 0 0.070998970271
0.159 0 0.075005121366
0.169 0 0.0786471058367
0.182 0 0.0822191351008
0.189 0 0.0836469198157
0.198 0 0.0850167545136
0.207 0 0.0861823225402
0.221 0 0.0867026363541
0.227 0 0.0867646044113
0.237 0 0.086906387467
0.247 0 0.0866248118317
0.258 0 0.0856131009877
0.269 0 0.0847218921649
0.28 0 0.0832921334459
0.293 0 0.0806965328422
0.297 0 0.0797353384508
0.308 0 0.077859879383
0.317 0 0.076869649994
0.327 0 0.0758768737042
0.337 0 0.0751060179923
0.357 0 0.0741617420627
0.361 0 0.0739886527305
0.369 0 0.073545378085
0.379 0 0.0728995339073
0.388 0 0.0722255492083
0.402 0 0.070929198536
0.407 0 0.0703837713563
0.419 0 0.0688108281215
0.427 0 0.0678298728849
0.437 0 0.0663117596879
0.452 0 0.063961080034
0.456 0 0.0623777691188
0.469 0 0.0606180096099
0.479 0 0.0582350265824
0.49 0 0.0554640786508
0.5 0 0.0537889544681
0.51 0 0.0491585233001
0.518 0 0.0461522042345
0.528 0 0.0421790821454
0.539 0 0.0377929832024
0.549 0 0.0344887229611
0.558 0 0.0334055918453
0.566 0 0.0332160699713
0.579 0 0.0336341889208
0.589 0 0.0343976500541
0.598 0 0.0349696027208
0.606 0 0.035734671627
0.618 0 0.0365325801077
0.627 0 0.0374175789447
0.635 0 0.038065757067
0.647 0 0.0386681114628
0.659 0 0.0391658570737
0.672 0 0.0395874424024
0.677 0 0.0398034193415
0.686 0 0.0403342312997
0.696 0 0.0403675838459
0.708 0 0.0402122456813
0.717 0 0.0401099577877
0.727 0 0.0402364385678
0.736 0 0.0403108315353
0.748 0 0.0403403476056
0.759 0 0.0403411367847
0.766 0 0.0403254908743
0.779 0 0.0403340570522
0.789 0 0.0402142370467
0.798 0 0.0400679361204
0.807 0 0.0399636789457
0.82 0 0.0397026609551
0.829 0 0.0393124753676
0.838 0 0.0391436719026
0.848 0 0.0386366564897
0.858 0 0.0382451466945
0.868 0 0.0378382282916
0.876 0 0.0374792252996
0.885 0 0.0372885162364
0.899 0 0.0368344159877
0.909 0 0.0368421717864
0.919 0 0.0378062588956
0.927 0 0.0387239885211
0.941 0 0.0415960782986
0.948 0 0.0433013988205
0.958 0 0.0457656065335
0.97 0 0.047933924658
0.978 0 0.0492295144324
0.989 0 0.0506537594848
1.005 0 0.0516071523628
1.011 0 0.0517210546859
1.019 0 0.0521294796811
1.029 0 0.0522234160805
1.038 0 0.0526273500399
1.048 0 0.0530401140718
1.061 0 0.0533776033721
1.069 0 0.0535854920316
1.079 0 0.0538295541918
1.087 0 0.0539202199959
1.102 0 0.0539794405801
1.108 0 0.0539518524772
1.121 0 0.0539312697493
1.129 0 0.0537124613865
1.139 0 0.0536241246655
1.149 0 0.0535819147762
1.158 0 0.0534094530484
1.168 0 0.0530414046686
1.178 0 0.0528766921188
1.191 0 0.0527360575669
1.196 0 0.0526023386086
1.208 0 0.052110058751
1.217 0 0.0514556999588
1.234 0 0.0500686398637
1.239 0 0.0496097325174
1.249 0 0.048945117768
1.261 0 0.0483268975603
1.267 0 0.0479704454512
1.279 0 0.0469654237611
1.292 0 0.0464640552803
1.299 0 0.0464901107612
1.31 0 0.0462143305573
1.321 0 0.0458317550921
1.328 0 0.0452493611424
1.337 0 0.0441919806612
1.348 0 0.0438997963612
1.357 0 0.0436185223569
1.366 0 0.0431002694692
1.377 0 0.0425788293007
1.39 0 0.0429679514599
1.397 0 0.0434833449397
1.41 0 0.044898103277
1.422 0 0.0462349957738
1.429 0 0.0466021348762
1.437 0 0.0473491416674
1.449 0 0.0479999868536
1.459 0 0.0489356700383
1.469 0 0.0496552953139
1.481 0 0.0506611453364
1.489 0 0.0510197393731
1.501 0 0.0517949867277
1.51 0 0.0523509248589
1.519 0 0.0527809582981
1.527 0 0.0533442143244
1.538 0 0.0538949982917
1.547 0 0.0540725922712
1.564 0 0.0550766077745
1.57 0 0.0552151120345
1.579 0 0.0560961625427
1.588 0 0.0575168524867
1.598 0 0.05771160101
1.606 0 0.0586709340223
1.618 0 0.0589327242619
1.627 0 0.0590364867328
1.638 0 0.0585536878348
1.646 0 0.0583411492495
1.659 0 0.0576720044247
1.668 0 0.0569541065524
1.678 0 0.0559663439338
1.688 0 0.0550479825425
1.698 0 0.0543642074972
1.709 0 0.0538228976154
1.719 0 0.0521380722287
1.727 0 0.0509585785153
1.738 0 0.0497455357692
1.75 0 0.0492490746634
1.759 0 0.0495715569306
1.768 0 0.0506784482485
1.778 0 0.0525528374932
1.791 0 0.0547651671967
1.8 0 0.0578957378269
1.809 0 0.0598187903676
1.817 0 0.0623989974545
1.828 0 0.0643061991633
1.841 0 0.0666200634426
1.849 0 0.0676914600433
1.862 0 0.0689543390273
1.868 0 0.0693011642819
1.878 0 0.0693726396686
1.89 0 0.0693296884179
1.901 0 0.0703145264272
1.911 0 0.0711991607213
1.917 0 0.071495484295
1.929 0 0.0714590680586
1.938 0 0.0714906141043
1.949 0 0.0715648683853
1.96 0 0.0720336215842
1.965 0 0.0722901114694
1.978 0 0.0726651133032
1.988 0 0.0728650030507
1.999 0 0.0733407253717
2.007 0 0.0737431570544
2.018 0 0.0738059346484
2.029 0 0.0735773592143
2.044 0 0.072896385818
2.05 0 0.0725214444494
2.061 0 0.0719020683988
2.066 0 0.0713427928304
2.079 0 0.0702960230219
2.088 0 0.0693935646367
2.097 0 0.0685613146144
2.109 0 0.0674717976534
2.122 0 0.066670565831
2.129 0 0.0661093379445
2.141 0 0.0656051523983
2.154 0 0.0651838812098
2.164 0 0.0651767628298
2.171 0 0.0652044236488
2.176 0 0.0652781145831
2.187 0 0.0652486974389
2.2 0 0.0641459210482
2.206 0 0.0636049246277
2.218 0 0.062159896621
2.226 0 0.0616424172811
2.238 0 0.0621682173007
2.249 0 0.0629642152448
2.258 0 0.0638715787332
2.268 0 0.0645883333875
2.278 0 0.0650391584308
2.291 0 0.0657845708823
2.296 0 0.0662333605713
2.307 0 0.0673240844893
2.318 0 0.0686509763641
2.331 0 0.0696472935055
2.337 0 0.0704018730989
2.35 0 0.0713658207221
2.357 0 0.0725562416964
2.368 0 0.0733956041705
2.378 0 0.0749498264833
2.39 0 0.0759915662307
2.397 0 0.0777796766623
2.408 0 0.0782133765001
2.421 0 0.0801161621358
2.427 0 0.0814882567413
2.436 0 0.0826051524967
2.448 0 0.0852823281662
2.458 0 0.0867702437915
2.468 0 0.0880418091342
2.477 0 0.08859171032
2.487 0 0.0909102106764
2.498 0 0.0916609828734
2.509 0 0.0937831130589
2.518 0 0.0937853262908
2.527 0 0.0952233023542
2.538 0 0.0949759901876
2.548 0 0.0949362038999
2.559 0 0.0953343989718
2.57 0 0.0948345424422
2.578 0 0.0952439885083
2.587 0 0.0952677062993
2.6 0 0.0951977092537
2.608 0 0.0951287444595
2.616 0 0.0946459572138
2.628 0 0.0937464170745
2.64 0 0.0938050301739
2.647 0 0.0937166196647
2.659 0 0.0943788409329
2.67 0 0.0956680954848
2.678 0 0.0964120444598
2.687 0 0.0972268610279
2.705 0 0.0973776755289
2.709 0 0.0973556894838
2.717 0 0.0977475777319
2.73 0 0.0980543705813
2.736 0 0.0981201726258
2.751 0 0.098298327782
2.762 0 0.0980711735513
2.767 0 0.0977462793771
2.777 0 0.0973032873259
2.79 0 0.0966702953862
2.797 0 0.0961690233377
2.808 0 0.0955404408775
2.818 0 0.0951077572834
2.829 0 0.0948075209693
2.836 0 0.0945838628981
2.85 0 0.094134653343
2.855 0 0.0940082727219
2.871 0 0.093100338967
2.878 0 0.0926370868859
2.892 0 0.0922145863757
2.898 0 0.0918743969313
2.909 0 0.0911191336908
2.919 0 0.0902353192273
2.929 0 0.089512393492
2.94 0 0.0881576165887
2.948 0 0.0875514014547
2.958 0 0.0870585870393
2.967 0 0.0861500628684
2.978 0 0.0857428402084
2.995 0 0.0852610351195
3.0 0 0.0853176330048
3.009 0 0.085180471188
3.019 0 0.0860125834029
3.027 0 0.0873524377644
3.037 0 0.0887901987117
3.051 0 0.091158278118
3.058 0 0.092486575468
3.067 0 0.0943675777102
3.08 0 0.0977417134033
3.085 0 0.0988022540171
3.098 0 0.101995237163
3.106 0 0.104613430907
3.118 0 0.107966424916
3.127 0 0.109845105024
3.14 0 0.113671772944
3.149 0 0.116398109441
3.158 0 0.120058136679
3.172 0 0.123832424212
3.178 0 0.124791350923
3.187 0 0.12729177037
3.198 0 0.129649151026
3.208 0 0.132984769313
3.219 0 0.134145948249
3.229 0 0.136148857112
3.241 0 0.139002461557
3.252 0 0.140183489064
3.258 0 0.14122889573
3.267 0 0.142442997712
3.283 0 0.143557498519
3.291 0 0.144157088852
3.303 0 0.144560145097
3.309 0 0.145248441812
3.316 0 0.144932114504
3.328 0 0.14511019483
3.339 0 0.144103796173
3.349 0 0.143536726936
3.36 0 0.14380574377
3.369 0 0.143207160294
3.38 0 0.142769560546
3.386 0 0.142401939298
3.401 0 0.141118803078
3.409 0 0.140228032713
3.417 0 0.139309646765
3.429 0 0.138485038255
3.44 0 0.137554843167
3.449 0 0.137124825699
3.459 0 0.136755032107
3.468 0 0.136717120652
3.479 0 0.136584744285
3.487 0 0.136369657759
3.498 0 0.136364080746
3.51 0 0.137160224331
3.519 0 0.137618273172
3.53 0 0.137877920203
3.54 0 0.138458621116
3.549 0 0.139360150369
3.557 0 0.140277953089
3.568 0 0.141154609977
3.578 0 0.141549159703
3.587 0 0.141878309511
3.599 0 0.142033330643
3.609 0 0.142290077203
3.62 0 0.142465785182
3.629 0 0.143188758976
3.638 0 0.143620086436
3.648 0 0.143995728797
3.659 0 0.144275169159
3.666 0 0.14442726058
3.677 0 0.144932747641
3.688 0 0.145183718317
3.705 0 0.145558128947
3.71 0 0.145398141524
3.72 0 0.145351959513
3.727 0 0.145491489287
3.742 0 0.145741659946
3.752 0 0.145700941048
3.758 0 0.145569637857
3.768 0 0.145710848992
3.778 0 0.145179252835
3.788 0 0.144987343441
3.804 0 0.145459164045
3.811 0 0.146118771169
3.818 0 0.146472203057
3.827 0 0.147409657509
3.839 0 0.149227810197
3.853 0 0.15011683102
3.859 0 0.150532820959
3.871 0 0.152599228758
3.88 0 0.153751213408
3.89 0 0.155085815531
3.899 0 0.157666369113
3.91 0 0.160319420443
3.918 0 0.161612528772
3.929 0 0.163568830381
3.941 0 0.166655965478
3.949 0 0.167733546741
3.959 0 0.170249485165
3.967 0 0.171935040154
3.979 0 0.174338163965
3.988 0 0.177272434476
4.002 0 0.178462223833
4.008 0 0.179360195997
4.018 0 0.180724699142
4.029 0 0.18208933
4.04 0 0.182773397001
4.045 0 0.184000749022
4.059 0 0.183671198253
4.068 0 0.184564452367
4.079 0 0.183534263586
4.088 0 0.1837486376
4.098 0 0.183312157144
4.109 0 0.182432623345
4.117 0 0.182813802875
4.127 0 0.181974517567
4.14 0 0.182055667504
4.147 0 0.182033389598
4.158 0 0.181852181861
4.169 0 0.182285055018
4.178 0 0.182754244601
4.189 0 0.182613462538
4.199 0 0.18284968768
4.209 0 0.183203359252
4.219 0 0.1831062951
4.229 0 0.183329682223
4.24 0 0.183715004914
4.25 0 0.183622396177
4.259 0 0.183182726212
4.267 0 0.182298954382
4.275 0 0.181286217884
4.288 0 0.179643907194
4.301 0 0.178882921725
4.31 0 0.178771880435
4.32 0 0.178832591508
4.329 0 0.178737789091
4.339 0 0.178868110278
4.35 0 0.179564717576
4.359 0 0.180039073473
4.369 0 0.180534426735
4.38 0 0.180635780251
4.39 0 0.180670184949
4.402 0 0.180135225779
4.409 0 0.179673044396
4.419 0 0.179839879746
4.429 0 0.180122190667
4.438 0 0.180488125868
4.45 0 0.181113153271
4.46 0 0.180807744083
4.469 0 0.180992891327
4.478 0 0.181416532798
4.488 0 0.181155768305
4.499 0 0.180120853617
4.509 0 0.17921059704
4.516 0 0.179171313173
4.527 0 0.178970195714
4.536 0 0.178982972291
4.549 0 0.178823315782
4.559 0 0.179291248283
4.567 0 0.179885854327
4.578 0 0.180506112827
4.588 0 0.181095225306
4.599 0 0.181652932242
4.608 0 0.182053688143
4.617 0 0.183503938815
4.629 0 0.18423819059
4.641 0 0.185206906516
4.651 0 0.184301453869
4.658 0 0.184077518051
4.668 0 0.183379701932
4.678 0 0.183331924419
4.692 0 0.183548258296
4.701 0 0.184532013772
4.709 0 0.185428676854
4.719 0 0.186190509349
4.728 0 0.184620434513
4.739 0 0.185611560264
4.749 0 0.18542575146
4.759 0 0.185104335103
4.77 0 0.183326603357
4.778 0 0.183000241345
4.789 0 0.185029030746
4.801 0 0.183357084143
4.807 0 0.183348175632
4.82 0 0.18433110442
4.83 0 0.184981593478
4.839 0 0.186295289558
4.849 0 0.186441710052
4.859 0 0.185337644398
4.869 0 0.18331793692
4.881 0 0.183339662571
4.889 0 0.182138830263
4.901 0 0.180289688184
4.909 0 0.179027828941
4.921 0 0.175970470288
4.931 0 0.174776778691
4.938 0 0.172573441496
4.949 0 0.170441364341
4.957 0 0.167630099126
4.967 0 0.163272492582
4.977 0 0.160129238198
4.987 0 0.155056454298
4.997 0 0.152114248836
5.01 0 0.147694280869
5.018 0 0.145212297184
5.028 0 0.141826272014
5.04 0 0.138749345954
5.052 0 0.135560682231
5.058 0 0.134336339656
5.076 0 0.132262030604
5.081 0 0.132233237744
5.091 0 0.133007548891
5.101 0 0.134187018188
5.111 0 0.134649217934
5.118 0 0.13489799218
5.132 0 0.135594606508
5.137 0 0.135489769199
5.149 0 0.137890713087
5.16 0 0.138971436561
5.169 0 0.139644420613
5.179 0 0.139708686492
5.187 0 0.13934004308
5.199 0 0.140119397297
5.206 0 0.140739405118
5.219 0 0.141630207699
5.228 0 0.141746953226
5.244 0 0.142750809433
5.247 0 0.142750809433
5.259 0 0.142750809433
5.272 0 0.149494768898
5.277 0 0.150104804423
5.286 0 0.151193687442
5.299 0 0.152432119993
5.309 0 0.153438885811
5.315 0 0.154851055438
5.328 0 0.157798038425
5.341 0 0.16009611596
5.352 0 0.161978881771
5.357 0 0.1634076945
5.369 0 0.164130433394
5.381 0 0.16528610088
5.387 0 0.166173846322
5.4 0 0.167403136135
5.411 0 0.168230811865
5.423 0 0.16894793853
5.427 0 0.171166025583
5.439 0 0.172469934098
5.449 0 0.173776007947
5.458 0 0.173914086306
5.469 0 0.175802195478
5.478 0 0.177344074804
5.485 0 0.178186720199
5.499 0 0.177994493031
5.507 0 0.179569845096
5.523 0 0.180986175011
5.53 0 0.182795927103
5.541 0 0.186442261932
5.548 0 0.185207133652
5.561 0 0.186954389669
5.569 0 0.1899411383
5.578 0 0.18818654386
5.589 0 0.190676936823
5.599 0 0.191058000267
5.608 0 0.189489534747
5.618 0 0.19182240125
5.629 0 0.192289424917
5.64 0 0.194632635573
5.647 0 0.194036179855
5.659 0 0.193349391383
5.67 0 0.192706789002
5.678 0 0.192709646158
5.687 0 0.192889639455
5.696 0 0.19246067838
5.712 0 0.190369863073
5.719 0 0.189654120791
5.73 0 0.188651142748
5.737 0 0.188212424908
5.748 0 0.187515461281
5.76 0 0.186711711791
5.768 0 0.18629511241
5.777 0 0.18572032598
5.793 0 0.181886889474
5.8 0 0.180961929421
5.81 0 0.180281811814
5.82 0 0.179553851209
5.827 0 0.178787504228
5.84 0 0.177958435978
5.85 0 0.177581375017
5.861 0 0.178547202024
5.869 0 0.179932260133
5.879 0 0.180647625724
5.888 0 0.181678864025
5.901 0 0.182661485435
5.909 0 0.183402482676
5.917 0 0.183895199963
5.93 0 0.184694591639
5.937 0 0.185121738834
5.949 0 0.185254550068
5.958 0 0.185134176683
5.967 0 0.184222712982
5.978 0 0.182521506378
5.988 0 0.180685625462
5.997 0 0.179210172469
6.01 0 0.177650670177
6.022 0 0.176943459983
6.028 0 0.176856388288
6.041 0 0.177165639481
6.049 0 0.177283516092
6.056 0 0.176406632108
6.069 0 0.175855226238
6.078 0 0.175159810068
6.089 0 0.174402226821
6.098 0 0.173738151845
6.111 0 0.173610181055
6.12 0 0.173900362329
6.126 0 0.173900362329
6.139 0 0.176626094844
6.155 0 0.178815644202
6.166 0 0.181033446183
6.171 0 0.181969575892
6.178 0 0.183420338515
6.188 0 0.183468983173
6.199 0 0.182045695813
6.212 0 0.181719510446
6.218 0 0.182748880687
6.227 0 0.181274434484
6.237 0 0.182611927522
6.248 0 0.180544780042
6.262 0 0.179845642172
6.267 0 0.180229552523
6.279 0 0.18219909162
6.29 0 0.17924975898
6.3 0 0.180594820498
6.308 0 0.179938935844
6.318 0 0.176368491841
6.328 0 0.174853074336
6.338 0 0.176162260471
6.348 0 0.17437953849
6.358 0 0.173701666428
6.369 0 0.172660460615
6.378 0 0.171932844583
6.387 0 0.170162305655
6.401 0 0.174247461767
6.409 0 0.173043391714
6.418 0 0.17362586972
6.427 0 0.173759115897
6.439 0 0.171620468508
6.448 0 0.170469692171
6.458 0 0.169077168846
6.469 0 0.167312943419
6.477 0 0.167194018279
6.49 0 0.168644111431
6.5 0 0.168767264421
6.507 0 0.167814545473
6.518 0 0.16534001436
6.528 0 0.16180676743
6.539 0 0.158807984819
6.55 0 0.156120012086
6.559 0 0.153811679352
6.57 0 0.15069489767
6.579 0 0.148340770637
6.587 0 0.146498157602
6.597 0 0.143998057168
6.609 0 0.14066117694
6.62 0 0.138532591742
6.627 0 0.136015790703
6.639 0 0.133670148293
6.647 0 0.132114398756
6.656 0 0.131429121607
6.674 0 0.130892614988
6.68 0 0.131298249411
6.687 0 0.131830779628
6.696 0 0.132500550287
6.71 0 0.133734170299
6.716 0 0.134143232823
6.732 0 0.135227983752
6.739 0 0.135739192082
6.747 0 0.135739192082
6.76 0 0.136852942774
6.769 0 0.136575313765
6.778 0 0.136438001686
6.787 0 0.135442487451
6.798 0 0.135678318865
6.809 0 0.136089813615
6.818 0 0.135969118543
6.827 0 0.135814935358
6.839 0 0.136270158474
6.849 0 0.13681241846
6.861 0 0.137611185246
6.871 0 0.137801574648
6.877 0 0.137941135441
6.888 0 0.137298634924
6.9 0 0.136460365373
6.911 0 0.137491471125
6.921 0 0.138995081361
6.928 0 0.139251605458
6.939 0 0.139027260942
6.947 0 0.138147435278
6.964 0 0.138580206637
6.969 0 0.138018902111
6.98 0 0.138287725662
6.989 0 0.137872874684
7.004 0 0.140244268539
7.011 0 0.140280596049
7.019 0 0.1424607705
7.026 0 0.142242856604
7.036 0 0.143901330219
7.049 0 0.144396782913
7.058 0 0.146394483322
7.071 0 0.149585704285
7.078 0 0.150605701647
7.088 0 0.150728524095
7.099 0 0.15337354213
7.111 0 0.155264699538
7.119 0 0.155760629489
7.135 0 0.160862313648
7.139 0 0.16352882359
7.149 0 0.165323878324
7.159 0 0.169187356048
7.171 0 0.17239397614
7.181 0 0.173849268375
7.186 0 0.176008353054
7.198 0 0.178259094828
7.209 0 0.178945534557
7.219 0 0.179904402026
7.228 0 0.179987109444
7.24 0 0.180356303881
7.249 0 0.178030608126
7.259 0 0.176805771521
7.271 0 0.173591445318
7.277 0 0.171756770404
7.289 0 0.167811775256
7.296 0 0.166328663407
7.309 0 0.162819946148
7.321 0 0.160943210311
7.327 0 0.160125065703
7.337 0 0.158401780723
7.351 0 0.154968783737
7.358 0 0.152373293076
7.366 0 0.149235368374
7.378 0 0.145301148807
7.387 0 0.143517057996
7.402 0 0.140187101143
7.408 0 0.139551921235
7.421 0 0.139241702879
7.427 0 0.138892522864
7.444 0 0.138203498015
7.451 0 0.138062214891
7.458 0 0.137509555346
7.467 0 0.136950482983
7.479 0 0.137468487286
7.49 0 0.137911715535
7.501 0 0.138236052593
7.508 0 0.13851551031
7.517 0 0.138897359078
7.528 0 0.141170167171
7.537 0 0.142685656745
7.551 0 0.143996099923
7.56 0 0.145000870576
7.569 0 0.145552682319
7.579 0 0.146356419058
7.588 0 0.146526118299
7.599 0 0.14703334392
7.611 0 0.147952691333
7.618 0 0.147874415309
7.629 0 0.147608161585
7.638 0 0.1476743202
7.648 0 0.147813118242
7.66 0 0.148094691752
7.667 0 0.148520327339
7.679 0 0.148768981214
7.689 0 0.148584567976
7.7 0 0.149086217445
7.708 0 0.149011520139
7.719 0 0.148719823354
7.728 0 0.149876672852
7.742 0 0.151601668627
7.748 0 0.152284079346
7.757 0 0.153604172646
7.767 0 0.155425399765
7.778 0 0.15685885449
7.788 0 0.15958904612
7.802 0 0.160952338495
7.807 0 0.161313954231
7.819 0 0.160647873258
7.828 0 0.162360757056
7.839 0 0.162002731263
7.847 0 0.165388169885
7.856 0 0.165909256322
7.867 0 0.168628681649
7.879 0 0.170399780523
7.89 0 0.171584536782
7.899 0 0.171793623283
7.906 0 0.172765375376
7.918 0 0.177214660685
7.928 0 0.178840622159
7.938 0 0.178567913967
7.948 0 0.179959961416
7.957 0 0.182679728931
7.969 0 0.184646434011
7.979 0 0.186945492769
7.989 0 0.189194211926
7.997 0 0.190713997083
8.006 0 0.190063267246
8.019 0 0.193538890184
8.03 0 0.194383834903
8.041 0 0.195626833492
8.048 0 0.195233221747
8.06 0 0.195687040482
8.069 0 0.19464648338
8.08 0 0.19286580031
8.089 0 0.191435725808
8.098 0 0.188193551183
8.11 0 0.185276014981
8.12 0 0.18298940735
8.134 0 0.181346343196
8.144 0 0.179404949289
8.15 0 0.178789854006
8.158 0 0.177353648873
8.171 0 0.173391321185
8.178 0 0.171942593646
8.189 0 0.171027210168
8.2 0 0.171132494048
8.205 0 0.171899856798
8.218 0 0.17287718731
8.227 0 0.173368595396
8.236 0 0.173398715609
8.249 0 0.173440129522
8.258 0 0.174060527098
8.269 0 0.173633566608
8.28 0 0.174314301047
8.288 0 0.174956646895
8.301 0 0.174264496321
8.309 0 0.17343146711
8.319 0 0.17363861184
8.327 0 0.173615498039
8.34 0 0.173623508657
8.352 0 0.173916143579
8.358 0 0.174111740374
8.368 0 0.174214534746
8.377 0 0.174281076703
8.387 0 0.174346987138
8.4 0 0.174695017768
8.409 0 0.17499118647
8.416 0 0.175587420622
8.43 0 0.176138891854
8.442 0 0.176800876721
8.448 0 0.177086787745
8.461 0 0.17790648566
8.468 0 0.178156837648
8.479 0 0.177920211759
8.488 0 0.179974736426
8.497 0 0.181486579746
8.511 0 0.184420569914
8.518 0 0.185749498563
8.528 0 0.186928426305
8.541 0 0.188411837537
8.548 0 0.189138494231
8.559 0 0.190794325746
8.569 0 0.192382415133
8.577 0 0.193522001643
8.588 0 0.194154896117
8.599 0 0.195985069871
8.606 0 0.196358678307
8.618 0 0.197996360945
8.63 0 0.199137666774
8.637 0 0.202329392442
8.647 0 0.205336997015
8.657 0 0.206377096194
8.667 0 0.205901406286
8.678 0 0.207645439308
8.689 0 0.206919126805
8.699 0 0.208994937749
8.707 0 0.210896591385
8.716 0 0.215093948055
8.729 0 0.218944921517
8.739 0 0.22036401487
8.749 0 0.222774492313
8.761 0 0.223347249452
8.766 0 0.223465874917
8.777 0 0.224501897358
8.788 0 0.224402292222
8.797 0 0.22473040269
8.809 0 0.226005590364
8.819 0 0.225391657523
8.826 0 0.224775428275
8.836 0 0.223768196346
8.849 0 0.221021920448
8.858 0 0.219891996707
8.867 0 0.21905538488
8.878 0 0.217841746804
8.889 0 0.218960936381
8.898 0 0.219825365
8.909 0 0.221050912948
8.918 0 0.22201546941
8.931 0 0.224089490448
8.936 0 0.224676704592
8.951 0 0.226272204524
8.964 0 0.226096391961
8.967 0 0.225849903012
8.979 0 0.225267937263
8.99 0 0.222467584653
8.998 0 0.220161889097
9.008 0 0.215923585565
9.018 0 0.212509377442
9.03 0 0.210038210647
9.04 0 0.208514555801
9.049 0 0.207926589715
9.06 0 0.206905364865
9.067 0 0.20507297903
9.078 0 0.202693953634
9.087 0 0.199801043386
9.097 0 0.197818720982
9.108 0 0.196094682298
9.119 0 0.195181119976
9.128 0 0.194623069865
9.141 0 0.193301710869
9.151 0 0.191289877451
9.157 0 0.190984480897
9.169 0 0.190958522813
9.175 0 0.191008774403
9.188 0 0.191272543441
9.198 0 0.192062604963
9.207 0 0.192466980002
9.218 0 0.19504167731
9.228 0 0.196429259366
9.239 0 0.197898340421
9.248 0 0.199574398257
9.257 0 0.201465755244
9.268 0 0.203170289379
9.279 0 0.204089454467
9.286 0 0.205744915926
9.298 0 0.206942252772
9.309 0 0.208283353264
9.318 0 0.209064532716
9.327 0 0.210453500416
9.338 0 0.212233137089
9.348 0 0.211618038314
9.358 0 0.211729362365
9.369 0 0.213634745936
9.378 0 0.214383714853
9.388 0 0.215118994781
9.399 0 0.217293937396
9.407 0 0.217026123761
9.418 0 0.219845689219
9.427 0 0.220327963665
9.438 0 0.22054194594
9.448 0 0.222665719237
9.459 0 0.223999539803
9.469 0 0.225539780944
9.48 0 0.225588795013
9.488 0 0.226221341145
9.498 0 0.226681150873
9.509 0 0.230688389754
9.518 0 0.23141503948
9.527 0 0.234768916834
9.538 0 0.23629502546
9.547 0 0.23794344097
9.563 0 0.238254669554
9.57 0 0.238692823854
9.579 0 0.238163280544
9.588 0 0.23733223933
9.599 0 0.235286339999
9.609 0 0.233963247531
9.618 0 0.233050414302
9.626 0 0.232783705136
9.637 0 0.231555398619
9.649 0 0.23042999462
9.662 0 0.228325578129
9.667 0 0.227421026985
9.678 0 0.226099529032
9.688 0 0.224624297632
9.698 0 0.223979240464
9.709 0 0.222999140758
9.719 0 0.222305780278
9.727 0 0.221913872547
9.739 0 0.221074408212
9.75 0 0.220203490185
9.759 0 0.220339803268
9.767 0 0.22001211453
9.779 0 0.220256540108
9.79 0 0.220049247583
9.801 0 0.219796667287
9.807 0 0.219102182254
9.819 0 0.218299378881
9.828 0 0.218011253618
9.84 0 0.218035065217
9.848 0 0.217647553973
9.859 0 0.216004273953
9.869 0 0.214907999359
9.879 0 0.214408177061
9.891 0 0.213431573238
9.901 0 0.212749306682
9.908 0 0.212059605398
9.918 0 0.211664625108
9.928 0 0.211394083777
9.938 0 0.212330769185
9.949 0 0.213317970589
9.958 0 0.214114836576
9.968 0 0.215649990264
9.979 0 0.217782179794
9.989 0 0.218737948714
9.997 0 0.21988236243
10.009 0 0.219795785036
10.018 0 0.220336405926
10.034 0 0.220843310985
10.042 0 0.223249924843
10.048 0 0.224376240699
10.06 0 0.226362878929
10.069 0 0.22804065519
10.076 0 0.230788213486
10.088 0 0.232595025588
10.097 0 0.233918749601
10.108 0 0.236757098511
10.119 0 0.239768333765
10.132 0 0.243400440477
10.139 0 0.245436920447
10.15 0 0.246233044677
10.157 0 0.24902409047
10.168 0 0.25093136612
10.179 0 0.251005745661
10.189 0 0.248940171701
10.2 0 0.2523978766
10.206 0 0.253926659665
10.222 0 0.253913769574
10.229 0 0.255670390124
10.238 0 0.25530757771
10.248 0 0.255933178817
10.259 0 0.25683484061
10.267 0 0.256198744108
10.279 0 0.258656297272
10.289 0 0.259021385233
10.298 0 0.259968803252
10.309 0 0.261874903058
10.316 0 0.264111123806
10.328 0 0.264992184657
10.342 0 0.263384289509
10.348 0 0.264249313021
10.357 0 0.265734471335
10.367 0 0.264698252665
10.379 0 0.264131940615
10.39 0 0.264119101346
10.395 0 0.264121187633
10.41 0 0.262666988408
10.42 0 0.261470910705
10.429 0 0.259243072651
10.438 0 0.256258247832
10.448 0 0.25330104788
10.459 0 0.25086850577
10.471 0 0.248233592994
10.476 0 0.247714056581
10.487 0 0.246738444624
10.499 0 0.245924203751
10.507 0 0.246206594755
10.518 0 0.247951250836
10.53 0 0.250378898055
10.538 0 0.251232504293
10.549 0 0.250924192555
10.561 0 0.250084530832
10.57 0 0.248994641861
10.578 0 0.247681239061
10.591 0 0.246845694798
10.598 0 0.246033612042
10.607 0 0.244918303948
10.618 0 0.243007493657
10.629 0 0.241330167729
10.639 0 0.23994863497
10.648 0 0.238599441608
10.658 0 0.237336746607
10.67 0 0.2365211503
10.68 0 0.235397643672
10.689 0 0.233209280211
10.701 0 0.229875978268
10.709 0 0.228831232448
10.719 0 0.22523735582
10.727 0 0.223913772179
10.739 0 0.223432149647
10.75 0 0.222299296101
10.761 0 0.221905052192
10.769 0 0.22214135688
10.781 0 0.223036180508
10.791 0 0.223475506902
10.797 0 0.224598091008
10.808 0 0.22661326479
10.818 0 0.228136796144
10.828 0 0.228939532145
10.839 0 0.231208305129
10.847 0 0.231756803163
10.858 0 0.232936863219
10.87 0 0.233350044469
10.878 0 0.232814964437
10.892 0 0.233706458745
10.899 0 0.234394788319
10.908 0 0.237905214049
10.918 0 0.239413179061
10.928 0 0.239924068102
10.941 0 0.244207388896
10.948 0 0.245382701939
10.959 0 0.251392555067
10.965 0 0.249135200598
10.981 0 0.255012715522
10.988 0 0.255388176644
10.999 0 0.257066508796
11.008 0 0.25497515102
11.021 0 0.256623149514
11.028 0 0.256748856289
11.038 0 0.2563369529
11.047 0 0.255821108196
11.063 0 0.256561200184
11.074 0 0.259469781632
11.08 0 0.26305484678
11.089 0 0.26707989107
11.097 0 0.268398727713
11.109 0 0.271135787905
11.116 0 0.273768460795
11.13 0 0.277493911595
11.14 0 0.278310158047
11.148 0 0.278520587778
11.161 0 0.276428998742
11.17 0 0.274227066379
11.178 0 0.273744576535
11.187 0 0.272578961618
11.198 0 0.272191810692
11.207 0 0.268945370061
11.219 0 0.266487349717
11.227 0 0.263469346749
11.238 0 0.260245095223
11.249 0 0.255590404961
11.258 0 0.254216526401
11.267 0 0.25373331467
11.278 0 0.253753427258
11.288 0 0.254736325321
11.302 0 0.254796743504
11.31 0 0.255625498741
11.319 0 0.257701938085
11.327 0 0.258811512323
11.338 0 0.259419326704
11.349 0 0.259460777284
11.359 0 0.260012895128
11.367 0 0.26101933682
11.377 0 0.261901312152
11.389 0 0.261771302853
11.398 0 0.261130593365
11.406 0 0.259606060951
11.416 0 0.257316744053
11.431 0 0.253022218655
11.439 0 0.252428268036
11.447 0 0.252664243455
11.459 0 0.253651714197
11.469 0 0.254883873169
11.478 0 0.254801811155
11.494 0 0.254871027594
11.499 0 0.254978618869
11.507 0 0.255952583279
11.518 0 0.257555114703
11.531 0 0.258855888619
11.536 0 0.259193820985
11.548 0 0.25948491467
11.558 0 0.259175622934
11.569 0 0.258946808673
11.577 0 0.259198568689
11.587 0 0.260173983913
11.599 0 0.262397840417
11.608 0 0.264282305844
11.622 0 0.267598171867
11.628 0 0.269404289303
11.639 0 0.270976082155
11.648 0 0.271604268185
11.658 0 0.275656961775
11.666 0 0.277807603566
11.68 0 0.28146233617
11.688 0 0.283249170552
11.698 0 0.283510543728
11.709 0 0.283429746643
11.719 0 0.282864659086
11.729 0 0.283666801627
11.738 0 0.285959585331
11.748 0 0.2861971841
11.759 0 0.2858291677
11.769 0 0.285982066102
11.78 0 0.290793149444
11.788 0 0.292286027212
11.798 0 0.29243373301
11.813 0 0.298046138153
11.818 0 0.302668623868
11.829 0 0.304121004107
11.837 0 0.304836188069
11.85 0 0.305729041209
11.856 0 0.306227280152
11.867 0 0.306759347028
11.88 0 0.306012442802
11.886 0 0.30532925791
11.9 0 0.307743054761
11.91 0 0.308467572881
11.918 0 0.309646975439
11.928 0 0.310676095272
11.938 0 0.311095438945
11.948 0 0.3106096321
11.956 0 0.310183610343
11.966 0 0.308431996222
11.979 0 0.305725619634
11.989 0 0.303240248427
11.997 0 0.301074854067
12.008 0 0.299040752747
12.018 0 0.296517798356
12.026 0 0.294796753147
12.039 0 0.290840106692
12.049 0 0.289001905305
12.058 0 0.288846139242
12.068 0 0.288579562527
12.078 0 0.288471433662
12.089 0 0.287336406578
12.097 0 0.286354717335
12.109 0 0.286590266291
12.118 0 0.286917072584
12.13 0 0.287473296611
12.139 0 0.288119899736
12.147 0 0.288397836344
12.159 0 0.289073525376
12.168 0 0.28905522478
12.182 0 0.288518648941
12.189 0 0.288630259589
12.199 0 0.288579201851
12.207 0 0.288013875097
12.218 0 0.287880408818
12.229 0 0.287687130647
12.238 0 0.288317126175
12.248 0 0.288574196488
12.257 0 0.287827424783
12.269 0 0.288309229063
12.278 0 0.289076245529
12.288 0 0.289630314132
12.296 0 0.289197618535
12.309 0 0.286157701231
12.321 0 0.281803229648
12.333 0 0.277858548054
12.34 0 0.274906680205
12.349 0 0.270683706063
12.36 0 0.269641002797
12.368 0 0.270464244481
12.379 0 0.27167418238
12.388 0 0.274192340399
12.4 0 0.275859636296
12.406 0 0.277092201972
12.419 0 0.27933380225
12.427 0 0.280165688054
12.439 0 0.280719225664
12.449 0 0.283429563503
12.459 0 0.287022585261
12.466 0 0.287281999694
12.479 0 0.290786785929
12.49 0 0.295611249907
12.499 0 0.296793026525
12.51 0 0.302356862676
12.522 0 0.306861587396
12.53 0 0.308182179091
12.539 0 0.308647491885
12.548 0 0.311939372606
12.56 0 0.314037571346
12.57 0 0.313791075831
12.578 0 0.316617176546
12.589 0 0.316136897263
12.596 0 0.31531215331
12.608 0 0.31687004232
12.617 0 0.31761432092
12.627 0 0.31854845136
12.638 0 0.31964042739
12.649 0 0.322469377346
12.659 0 0.32359422922
12.668 0 0.323936495236
12.678 0 0.325361175057
12.688 0 0.326469087557
12.697 0 0.327118628745
12.707 0 0.327219932766
12.718 0 0.326541814442
12.727 0 0.326250947261
12.737 0 0.325807070883
12.749 0 0.324449833637
12.759 0 0.323982126127
12.768 0 0.322665264219
12.777 0 0.321791528513
12.787 0 0.320182072164
12.796 0 0.319758599209
12.808 0 0.31745498789
12.819 0 0.314787419454
12.825 0 0.311910668966
12.838 0 0.309628022818
12.848 0 0.308701369025
12.857 0 0.307703314912
12.867 0 0.305791466314
12.875 0 0.304144159195
12.888 0 0.300267656528
12.898 0 0.298144375802
12.908 0 0.295740910803
12.919 0 0.294044971382
12.928 0 0.293520210927
12.939 0 0.29289746097
12.949 0 0.292570229529
12.958 0 0.292775168125
12.968 0 0.293329188537
12.979 0 0.29279127616
12.988 0 0.293063250235
12.998 0 0.293441780944
13.008 0 0.293265954879
13.019 0 0.292226187129
13.028 0 0.292915571611
13.037 0 0.294251191211
13.048 0 0.295035172873
13.057 0 0.295593720411
13.071 0 0.296762708444
13.079 0 0.297206581588
13.088 0 0.297301430792
13.099 0 0.298323025291
13.106 0 0.299197660541
13.119 0 0.299419896031
13.128 0 0.300216368294
13.137 0 0.301115565991
13.149 0 0.301645711402
13.159 0 0.301594469866
13.169 0 0.302402264972
13.178 0 0.302424149279
13.188 0 0.302587401213
13.197 0 0.304393814288
13.207 0 0.305262841552
13.216 0 0.308941339094
13.228 0 0.310875821037
13.238 0 0.312728695857
13.249 0 0.317009072021
13.257 0 0.319530306769
13.27 0 0.321382409548
13.277 0 0.324109745478
13.288 0 0.326081231201
13.298 0 0.325491853932
13.311 0 0.327615296719
13.318 0 0.329688047595
13.329 0 0.336502699871
13.338 0 0.336669033085
13.348 0 0.341413962639
13.358 0 0.338742124133
13.368 0 0.339547869444
13.378 0 0.338202346761
13.387 0 0.338756292653
13.397 0 0.340407566587
13.411 0 0.338851242576
13.417 0 0.342106800057
13.428 0 0.343624969981
13.438 0 0.34232105255
13.449 0 0.34543038237
13.458 0 0.346985289536
13.467 0 0.348945846744
13.478 0 0.350507356542
13.49 0 0.351988874482
13.501 0 0.354732993631
13.508 0 0.354798582911
13.518 0 0.354224886434
13.529 0 0.352974305069
13.538 0 0.352869737165
13.547 0 0.351994277528
13.559 0 0.350543843731
13.568 0 0.35017550846
13.577 0 0.349344672358
13.587 0 0.348600200753
13.597 0 0.347454058277
13.607 0 0.346260506302
13.617 0 0.343599321129
13.629 0 0.341975678466
13.636 0 0.34147193519
13.649 0 0.340815150404
13.656 0 0.341487881679
13.667 0 0.342404571979
13.676 0 0.342672099265
13.692 0 0.342626090319
13.697 0 0.342377245016
13.707 0 0.34106089104
13.718 0 0.339345763851
13.728 0 0.337924369879
13.737 0 0.337398690691
13.748 0 0.336262128454
13.757 0 0.334197492005
13.769 0 0.331067878155
13.78 0 0.328743768083
13.787 0 0.328235527816
13.798 0 0.327578720883
13.809 0 0.326665002559
13.819 0 0.325315062823
13.832 0 0.324307555099
13.839 0 0.323938762299
13.848 0 0.324197146508
13.86 0 0.324033684993
13.867 0 0.323600810313
13.879 0 0.322411527682
13.888 0 0.322204721593
13.897 0 0.321874073801
13.909 0 0.322228937958
13.921 0 0.322586045754
13.929 0 0.322959498121
13.938 0 0.322841499041
13.947 0 0.323800610181
13.958 0 0.323883796708
13.969 0 0.324933559129
13.979 0 0.326757391102
13.988 0 0.327928147587
13.999 0 0.328854622117
14.013 0 0.330296258963
14.018 0 0.331788035848
14.028 0 0.33065827482
14.038 0 0.334593373439
14.052 0 0.337588380087
14.057 0 0.339452661162
14.068 0 0.342242804255
14.078 0 0.343784662441
14.089 0 0.348229199083
14.1 0 0.347238137439
14.111 0 0.351429857586
14.119 0 0.352685772089
14.129 0 0.358901091388
14.138 0 0.361099672603
14.147 0 0.362669642776
14.158 0 0.362223080137
14.17 0 0.36187441556
14.179 0 0.361412335176
14.188 0 0.357415800934
14.204 0 0.353874066282
14.208 0 0.352925892482
14.219 0 0.351949939435
14.229 0 0.355217355985
14.24 0 0.351871943685
14.248 0 0.345813337861
14.256 0 0.346779720363
14.27 0 0.363233825776
14.277 0 0.364027864271
14.288 0 0.363551494893
14.301 0 0.362141260941
14.308 0 0.361307652645
14.318 0 0.360728649294
14.327 0 0.3606078873
14.337 0 0.35952211959
14.347 0 0.358526959281
14.357 0 0.357961601912
14.369 0 0.358049997406
14.379 0 0.357611694845
14.39 0 0.357310482462
14.4 0 0.357185005215
14.411 0 0.355692255283
14.415 0 0.354629363982
14.428 0 0.351556736728
14.437 0 0.349268711504
14.448 0 0.348281887351
14.459 0 0.347862990677
14.47 0 0.347819431591
14.477 0 0.346777219313
14.488 0 0.34390139188
14.5 0 0.342163328067
14.506 0 0.341114900844
14.519 0 0.33975754414
14.532 0 0.337036444296
14.538 0 0.334250711958
14.548 0 0.332832292227
14.56 0 0.332202150184
14.567 0 0.332340161046
14.579 0 0.332245914067
14.587 0 0.331998241674
14.597 0 0.331688607972
14.609 0 0.331787872729
14.62 0 0.331713410679
14.631 0 0.332622479742
14.638 0 0.333155554273
14.648 0 0.333839379349
14.66 0 0.334228448836
14.667 0 0.334328603389
14.678 0 0.334328603389
14.688 0 0.335291447004
14.697 0 0.3358076568
14.709 0 0.335859742618
14.719 0 0.336136575581
14.728 0 0.336760719847
14.737 0 0.33789720972
14.748 0 0.338882738091
14.76 0 0.339942695549
14.769 0 0.341965232213
14.777 0 0.342477378594
14.79 0 0.344096707474
14.798 0 0.345458177811
14.812 0 0.346173228351
14.818 0 0.347953476022
14.825 0 0.348377385358
14.838 0 0.353414796389
14.848 0 0.35646696006
14.859 0 0.359624014635
14.868 0 0.362281226544
14.879 0 0.364103272941
14.888 0 0.364921371556
14.9 0 0.36332396279
14.906 0 0.366169852649
14.919 0 0.368856240414
14.927 0 0.374118121406
14.937 0 0.377313920462
14.949 0 0.379321787513
14.958 0 0.377667756061
14.968 0 0.378483644615
14.979 0 0.374906618421
14.987 0 0.374647489616
14.998 0 0.376706980526
15.007 0 0.372545369285
15.018 0 0.371305107535
15.029 0 0.361381826603
15.038 0 0.361291748369
15.052 0 0.366921166928
15.059 0 0.363276501709
15.065 0 0.36538284405
15.078 0 0.37611735566
15.091 0 0.374444189881
15.097 0 0.373659527655
15.108 0 0.373425386232
15.118 0 0.373467506904
15.128 0 0.373270438371
15.139 0 0.373502075199
15.151 0 0.373617391478
15.159 0 0.373608739638
15.168 0 0.373481585466
15.177 0 0.372822577301
15.19 0 0.371932919348
15.197 0 0.371791003866
15.209 0 0.370373827742
15.216 0 0.369270186351
15.227 0 0.36711616427
15.239 0 0.366734397903
15.249 0 0.366248027455
15.258 0 0.366030505348
15.268 0 0.365276545533
15.282 0 0.364957246293
15.289 0 0.364400518034
15.298 0 0.363363489239
15.309 0 0.363056748398
15.32 0 0.361886972925
15.328 0 0.360880785522
15.337 0 0.359591712605
15.348 0 0.358399265485
15.359 0 0.356807476019
15.367 0 0.356331901279
15.377 0 0.355840687959
15.388 0 0.355519258377
15.397 0 0.355912371116
15.407 0 0.355300522977
15.419 0 0.356929044456
15.43 0 0.358177177571
15.438 0 0.359324487869
15.446 0 0.360601502928
15.457 0 0.361324971192
15.47 0 0.361355897472
15.478 0 0.362344823545
15.487 0 0.363670525207
15.499 0 0.365305321832
15.512 0 0.366051118495
15.523 0 0.366758284621
15.529 0 0.367338391973
15.539 0 0.367293515434
15.547 0 0.368711525657
15.559 0 0.369319215447
15.568 0 0.370719156552
15.578 0 0.373118185874
15.589 0 0.374887737309
15.599 0 0.3759535495
15.612 0 0.379383453327
15.617 0 0.38267725568
15.627 0 0.384805430416
15.635 0 0.389012870902
15.646 0 0.390907222904
15.657 0 0.389812284362
15.666 0 0.390378449523
15.679 0 0.393633925662
15.688 0 0.392728414209
15.697 0 0.395593914353
15.708 0 0.395156994974
15.716 0 0.397359260766
15.728 0 0.397707079522
15.74 0 0.398516662211
15.748 0 0.398787863977
15.757 0 0.399163423886
15.768 0 0.399029975747
15.779 0 0.402183120888
15.79 0 0.403598722589
15.798 0 0.404749072257
15.808 0 0.40109632262
15.818 0 0.404413881081
15.828 0 0.406149684956
15.842 0 0.408676759668
15.849 0 0.409607207867
15.86 0 0.411468643521
15.87 0 0.414502415042
15.88 0 0.415832804352
15.892 0 0.416293185862
15.899 0 0.415558252876
15.908 0 0.41501865932
15.918 0 0.415648167271
15.93 0 0.416896130613
15.935 0 0.41687728972
15.951 0 0.415450221586
15.959 0 0.414753690323
15.974 0 0.410058836183
15.978 0 0.408906914305
15.989 0 0.406934663148
15.998 0 0.40533074174
16.008 0 0.404393634483
16.016 0 0.404661746637
16.03 0 0.40408171898
16.038 0 0.403557039522
16.049 0 0.403335395072
16.057 0 0.402838888868
16.07 0 0.401737098445
16.078 0 0.400494075655
16.088 0 0.398153315304
16.098 0 0.39553192324
16.109 0 0.393130814339
16.12 0 0.390713210863
16.132 0 0.387241072794
16.139 0 0.386708540152
16.149 0 0.387598458797
16.161 0 0.387765999015
16.169 0 0.387859074977
16.178 0 0.388029971276
16.189 0 0.388636187168
16.196 0 0.389778983459
16.212 0 0.392909949553
16.226 0 0.394972013943
16.229 0 0.395486903024
16.237 0 0.396471654822
16.25 0 0.399201824568
16.259 0 0.399849610499
16.266 0 0.400303819686
16.279 0 0.400776048567
16.288 0 0.400566813505
16.297 0 0.400678365173
16.313 0 0.40172287755
16.319 0 0.401666648893
16.329 0 0.403392080918
16.341 0 0.406300057881
16.346 0 0.408796687512
16.361 0 0.40940172574
16.367 0 0.41011709729
16.379 0 0.413207045759
16.39 0 0.414789502112
16.399 0 0.417679186377
16.406 0 0.41944899388
16.42 0 0.422559048317
16.428 0 0.421967394665
16.438 0 0.423674569511
16.449 0 0.427449338471
16.461 0 0.42875712866
16.471 0 0.430290864777
16.479 0 0.433408949843
16.488 0 0.432444532952
16.499 0 0.434726994433
16.509 0 0.436743916894
16.518 0 0.438346889673
16.529 0 0.439589196484
16.545 0 0.4421254512
16.551 0 0.440893322977
16.558 0 0.442068887145
16.57 0 0.444373270901
16.58 0 0.441859942507
16.59 0 0.441744017917
16.598 0 0.441169083206
16.611 0 0.444453397774
16.618 0 0.44532557133
16.635 0 0.441895322136
16.643 0 0.443273765844
16.65 0 0.442853762896
16.66 0 0.443256349805
16.667 0 0.44424026363
16.681 0 0.443391111428
16.69 0 0.444130174773
16.701 0 0.445746204422
16.708 0 0.445889952056
16.721 0 0.445664698642
16.732 0 0.445730131436
16.74 0 0.446261326896
16.749 0 0.446770930754
16.759 0 0.447786209248
16.771 0 0.447753790151
16.782 0 0.446972991446
16.787 0 0.445770664833
16.8 0 0.441782074674
16.81 0 0.440265572916
16.82 0 0.436767797695
16.83 0 0.435298598029
16.838 0 0.434365820628
16.852 0 0.434600209703
16.859 0 0.43522735904
16.868 0 0.435476796174
16.878 0 0.435504437193
16.893 0 0.434495842686
16.9 0 0.43357490724
16.909 0 0.431479761968
16.919 0 0.429463487804
16.93 0 0.427272552688
16.949 0 0.425408057938
16.957 0 0.425629929625
16.963 0 0.42631208765
16.973 0 0.427085504946
16.98 0 0.42776313269
16.99 0 0.427928898853
16.999 0 0.427439025824
17.009 0 0.427644471691
17.021 0 0.428124571398
17.03 0 0.428142234348
17.045 0 0.43030036337
17.054 0 0.431507618383
17.062 0 0.431772025448
17.068 0 0.431705435554
17.083 0 0.431824702355
17.091 0 0.431585033036
17.104 0 0.432809601374
17.113 0 0.433934287043
17.119 0 0.435618525848
17.134 0 0.435379137891
17.142 0 0.437245910615
17.147 0 0.43714772984
17.165 0 0.441673269179
17.178 0 0.441629607931
17.18 0 0.441629607931
17.188 0 0.448927434695
17.2 0 0.451164921187
17.207 0 0.451282046296
17.218 0 0.451949337814
17.231 0 0.456338385381
17.239 0 0.454299605
17.25 0 0.457023431119
17.261 0 0.45440644478
17.268 0 0.458436302592
17.282 0 0.459992755899
17.297 0 0.460084675003
17.305 0 0.460084675003
17.309 0 0.460084675003
17.321 0 0.467813642146
17.331 0 0.468448107104
17.347 0 0.470710546705
17.354 0 0.472096956152
17.357 0 0.472096956152
17.369 0 0.473117264584
17.379 0 0.475528915428
17.39 0 0.476397116672
17.399 0 0.477601740926
17.408 0 0.478452137403
17.42 0 0.478467328606
17.429 0 0.480752290542
17.442 0 0.481949794557
17.45 0 0.481714289548
17.46 0 0.480817737905
17.476 0 0.479364887192
17.483 0 0.480205104878
17.492 0 0.479748904978
17.5 0 0.478272194993
17.513 0 0.479859783734
17.526 0 0.479325317256
17.536 0 0.479525613687
17.541 0 0.478023047704
17.553 0 0.475318662928
17.557 0 0.474162424583
17.567 0 0.475587814792
17.578 0 0.475270571077
17.586 0 0.475185248666
17.597 0 0.47473547518
17.609 0 0.474089272145
17.62 0 0.473491462113
17.627 0 0.473376763777
17.637 0 0.472589169466
17.648 0 0.471393240306
17.661 0 0.469561436198
17.667 0 0.468994987131
17.678 0 0.467872530568
17.686 0 0.46667540137
17.697 0 0.466477053989
17.713 0 0.466229083209
17.717 0 0.466127350672
17.733 0 0.465345922222
17.745 0 0.464847235607
17.747 0 0.464520803164
17.758 0 0.463318131101
17.773 0 0.461895270753
17.782 0 0.462334766717
17.792 0 0.462995026785
17.801 0 0.463330400341
17.809 0 0.463896741448
17.821 0 0.46459732175
17.833 0 0.464505202123
17.838 0 0.464524929303
17.847 0 0.464816343186
17.855 0 0.465300540003
17.869 0 0.464708913045
17.878 0 0.464714644345
17.886 0 0.465494410185
17.899 0 0.46595544059
17.907 0 0.467046965916
17.915 0 0.468612443688
17.929 0 0.469988198769
17.939 0 0.473514190766
17.949 0 0.474973068072
17.963 0 0.478342655646
17.965 0 0.478998089869
17.978 0 0.481685564482
17.987 0 0.484968928437
17.999 0 0.488179289538
18.007 0 0.492672264817
18.019 0 0.494205141002
18.026 0 0.494205141002
18.037 0 0.494606342115
18.047 0 0.495766886367
18.056 0 0.49427128149
18.07 0 0.501490897321
18.079 0 0.504475921198
18.087 0 0.505271163785
18.098 0 0.50635596171
18.111 0 0.507929894163
18.12 0 0.507767694386
18.129 0 0.508796374727
18.135 0 0.508224188805
18.151 0 0.509454102373
18.161 0 0.511617746932
18.167 0 0.51144058886
18.179 0 0.513860840838
18.19 0 0.515832158841
18.199 0 0.518135981518
18.21 0 0.519261871823
18.222 0 0.519220135697
18.228 0 0.51913561672
18.237 0 0.518835755035
18.249 0 0.517515547311
18.257 0 0.518439721181
18.269 0 0.517842835683
18.277 0 0.517318589634
18.288 0 0.515154480793
18.298 0 0.515200876246
18.308 0 0.515731340991
18.318 0 0.516272394976
18.328 0 0.51354858968
18.337 0 0.510750641473
18.351 0 0.509085612483
18.363 0 0.508201760608
18.368 0 0.508500313224
18.381 0 0.508330363285
18.393 0 0.507866613346
18.399 0 0.508333481928
18.408 0 0.507664507975
18.418 0 0.506609181344
18.43 0 0.505281128826
18.443 0 0.504096761553
18.447 0 0.503858706971
18.46 0 0.502728554828
18.468 0 0.501762853741
18.482 0 0.501074791213
18.49 0 0.500345973772
18.496 0 0.499874964431
18.509 0 0.499234922283
18.519 0 0.499112630285
18.534 0 0.500382829333
18.539 0 0.500515474089
18.549 0 0.499946466194
18.56 0 0.499612858788
18.57 0 0.500129837776
18.582 0 0.500948635281
18.589 0 0.501942904183
18.599 0 0.502354187254
18.609 0 0.503796316889
18.618 0 0.505667745132
18.632 0 0.50776259104
18.639 0 0.507350590993
18.648 0 0.507799279612
18.658 0 0.507586089968
18.672 0 0.508588010362
18.682 0 0.509529564613
18.688 0 0.50976405178
18.699 0 0.51191655658
18.708 0 0.512642037732
18.718 0 0.515964284985
18.727 0 0.517305528304
18.74 0 0.521974026037
18.75 0 0.522783511147
18.76 0 0.523710627784
18.775 0 0.525242238078
18.779 0 0.523690687175
18.788 0 0.527962195541
18.798 0 0.528821228152
18.807 0 0.528382593585
18.819 0 0.528036869168
18.831 0 0.532291185032
18.84 0 0.528412828778
18.85 0 0.531991445553
18.856 0 0.526076614756
18.869 0 0.527402762514
18.878 0 0.528688409303
18.89 0 0.533466699543
18.902 0 0.533286546173
18.911 0 0.541041748757
18.917 0 0.541179404778
18.93 0 0.538381056802
18.939 0 0.540802837289
18.951 0 0.546026469054
18.959 0 0.550962759391
18.966 0 0.555142241263
18.979 0 0.557540395177
18.996 0 0.557259905316
19.007 0 0.557259905316
19.012 0 0.557259905316
19.021 0 0.556108055149
19.03 0 0.55531917349
19.038 0 0.554437778576
19.046 0 0.554440845151
19.058 0 0.554900951999
19.07 0 0.554028689595
19.077 0 0.553761593211
19.088 0 0.550697120085
19.102 0 0.546435598462
19.109 0 0.543736219855
19.117 0 0.542115315023
19.129 0 0.541513272407
19.137 0 0.54207269169
19.147 0 0.543868014101
19.158 0 0.544334365272
19.168 0 0.544389578475
19.186 0 0.543739036225
19.193 0 0.543515671689
19.198 0 0.543156997677
19.211 0 0.54214689083
19.221 0 0.54099790326
19.229 0 0.540039326639
19.238 0 0.538562894147
19.249 0 0.536832822302
19.259 0 0.535419952702
19.27 0 0.534115446508
19.279 0 0.533526829208
19.288 0 0.532654413898
19.3 0 0.532414332007
19.307 0 0.532260143693
19.32 0 0.533435476929
19.333 0 0.534851134691
19.34 0 0.535665299853
19.349 0 0.536431812317
19.362 0 0.538450766657
19.374 0 0.540616912341
19.379 0 0.541088528002
19.389 0 0.541983048762
19.398 0 0.542302651983
19.409 0 0.543338389002
19.421 0 0.543788508892
19.429 0 0.544259950585
19.438 0 0.544097714051
19.453 0 0.544376847505
19.459 0 0.54403813332
19.467 0 0.544873692279
19.478 0 0.546111723752
19.49 0 0.54723120909
19.5 0 0.548413116784
19.509 0 0.553148427858
19.52 0 0.557567432319
19.53 0 0.561743637877
19.54 0 0.565060927227
19.55 0 0.565613323658
19.559 0 0.571427856408
19.571 0 0.571662179715
19.58 0 0.569939161675
19.588 0 0.568437448309
19.598 0 0.56722158174
19.609 0 0.571254684101
19.62 0 0.570238186569
19.628 0 0.571674650053
19.64 0 0.574042040208
19.649 0 0.575167178448
19.66 0 0.578312722124
19.669 0 0.579226543753
19.682 0 0.580374031279
19.69 0 0.580253633839
19.698 0 0.580178209214
19.71 0 0.581519333628
19.717 0 0.580748820647
19.728 0 0.583404966701
19.741 0 0.584032079379
19.749 0 0.586061242172
19.759 0 0.586654579978
19.768 0 0.587555354648
19.78 0 0.590017491842
19.791 0 0.590595783435
19.798 0 0.590918729567
19.808 0 0.590567152675
19.819 0 0.589888788447
19.838 0 0.591261421658
19.838 0 0.591261421658
19.848 0 0.59134932111
19.859 0 0.590939117202
19.868 0 0.591659787754
19.878 0 0.591236896161
19.889 0 0.589983572539
19.899 0 0.58878829925
19.909 0 0.587662072601
19.918 0 0.586659132306
19.929 0 0.585884428905
19.938 0 0.585486196974
19.948 0 0.585298435411
19.958 0 0.584277847257
19.973 0 0.582655816769
19.979 0 0.581854685532
19.988 0 0.581146424878
19.998 0 0.580209035549
20.007 0 0.578753737606
20.02 0 0.576698698763
20.029 0 0.573408200171
20.039 0 0.571305351212
20.05 0 0.56750743454
20.058 0 0.565595698551
20.069 0 0.564423894701
20.08 0 0.56449356764
20.085 0 0.56494191379
20.102 0 0.56302976246
20.113 0 0.562951036856
20.119 0 0.562888343306
20.128 0 0.563577684178
20.139 0 0.566967440568
20.153 0 0.568409149928
20.159 0 0.569147692711
20.168 0 0.57087891302
20.178 0 0.571336095885
20.189 0 0.572130755283
20.201 0 0.573723575956
20.211 0 0.574497771953
20.22 0 0.575438614354
20.229 0 0.57573746161
20.239 0 0.576343612509
20.253 0 0.576865211461
20.261 0 0.576893645075
20.268 0 0.578526990227
20.279 0 0.57931904052
20.29 0 0.580630636911
20.3 0 0.584195245353
20.309 0 0.583516170226
20.319 0 0.586520924436
20.33 0 0.590545268064
20.338 0 0.594442621974
20.352 0 0.596572770878
20.36 0 0.594365008346
20.367 0 0.595942790863
20.378 0 0.59817868647
20.389 0 0.598955687132
20.399 0 0.601096833388
20.408 0 0.601668201941
20.416 0 0.605810064845
20.429 0 0.608210610587
20.439 0 0.609567237669
20.447 0 0.610393554655
20.459 0 0.611705965192
20.468 0 0.612939028242
20.48 0 0.613771045371
20.489 0 0.615933319307
20.499 0 0.616835154887
20.51 0 0.616506702399
20.525 0 0.6131078458
20.53 0 0.611165468516
20.541 0 0.612401323942
20.547 0 0.61309814441
20.559 0 0.617308082976
20.57 0 0.620252062377
20.58 0 0.622219391031
20.589 0 0.622917110436
20.599 0 0.622325673176
20.606 0 0.621819783044
20.62 0 0.621173959929
20.631 0 0.620860989096
20.636 0 0.620402814078
20.648 0 0.620594322971
20.658 0 0.621608685285
20.669 0 0.621556138046
20.68 0 0.620219566607
20.688 0 0.619154836966
20.698 0 0.618120728188
20.712 0 0.616204775122
20.717 0 0.615690880764
20.726 0 0.615340474056
20.738 0 0.613502988688
20.748 0 0.612398961155
20.763 0 0.611380378947
20.767 0 0.610848524771
20.781 0 0.609201079719
20.787 0 0.606444897827
20.797 0 0.605231336006
20.807 0 0.603145059922
20.82 0 0.600363971242
20.828 0 0.598422434189
20.837 0 0.596963781986
20.851 0 0.593484013425
20.862 0 0.592505913394
20.872 0 0.592523333038
20.882 0 0.59255044968
20.888 0 0.592877685457
20.899 0 0.592358985091
20.908 0 0.591839108494
20.92 0 0.591392992127
20.927 0 0.590429782075
20.938 0 0.589495149717
20.953 0 0.589499333464
20.962 0 0.590197076938
20.969 0 0.591028935331
20.978 0 0.592739852315
20.989 0 0.59452790151
20.999 0 0.595946898919
21.01 0 0.596928788673
21.02 0 0.597816268552
21.032 0 0.597620055212
21.037 0 0.597766847792
21.049 0 0.598487896359
21.056 0 0.600443457337
21.069 0 0.602184700322
21.08 0 0.604737349431
21.087 0 0.60742531779
21.103 0 0.609108870842
21.112 0 0.613569926866
21.115 0 0.61169979658
21.127 0 0.613769410536
21.138 0 0.611370625453
21.147 0 0.611342129734
21.158 0 0.609994742489
21.169 0 0.610323635352
21.18 0 0.611884415919
21.189 0 0.61398315694
21.199 0 0.614026970605
21.21 0 0.614504623457
21.223 0 0.618243966441
21.228 0 0.615283467366
21.24 0 0.624835145897
21.25 0 0.625951265234
21.262 0 0.627299837729
21.269 0 0.627228595327
21.282 0 0.626777191017
21.29 0 0.627652569652
21.299 0 0.628350693759
21.307 0 0.628426442401
21.318 0 0.629595192338
21.331 0 0.630023123127
21.34 0 0.632743812761
21.349 0 0.633952611024
21.358 0 0.63452751577
21.367 0 0.634130767406
21.379 0 0.634762603958
21.39 0 0.633959482213
21.403 0 0.634203038041
21.411 0 0.634112362599
21.417 0 0.634918583382
21.429 0 0.633339615527
21.441 0 0.633852168755
21.45 0 0.6336211745
21.458 0 0.631585168019
21.471 0 0.625793461797
21.476 0 0.624076540307
21.49 0 0.621957412052
21.497 0 0.6223548248
21.508 0 0.623071410957
21.518 0 0.624259056488
21.543 0 0.625599528353
21.548 0 0.625718100755
21.553 0 0.625976500147
21.566 0 0.62513920772
21.572 0 0.624233755688
21.584 0 0.622832248875
21.589 0 0.622307133168
21.604 0 0.621752839362
21.611 0 0.621172585493
21.628 0 0.620285832556
21.639 0 0.62044679539
21.645 0 0.620864860682
21.653 0 0.621342650658
21.659 0 0.621325834954
21.675 0 0.620762874065
21.686 0 0.621855551747
21.693 0 0.622680723942
21.702 0 0.623693229068
21.715 0 0.626110698946
21.724 0 0.627621163843
21.729 0 0.627614075332
21.74 0 0.628155423029
21.753 0 0.629169388572
21.761 0 0.630277284985
21.771 0 0.63108976923
21.781 0 0.631699693293
21.789 0 0.631834324553
21.801 0 0.632349301245
21.811 0 0.632136804131
21.816 0 0.632878014882
21.831 0 0.633721889241
21.842 0 0.634961605225
21.855 0 0.637673321438
21.861 0 0.638551551666
21.87 0 0.641203427519
21.878 0 0.64411442718
21.892 0 0.645284592517
21.906 0 0.648815946872
21.911 0 0.648642861005
21.92 0 0.652566236022
21.928 0 0.653795324503
21.938 0 0.651936195223
21.95 0 0.654350883468
21.96 0 0.654571546062
21.968 0 0.655513963001
21.978 0 0.656009641654
21.991 0 0.657629919188
21.999 0 0.658480020674
22.009 0 0.658959954476
22.021 0 0.662967034179
22.032 0 0.65822657844
22.04 0 0.657937502784
22.049 0 0.662858916044
22.059 0 0.664310147634
22.071 0 0.664344925492
22.08 0 0.669126990395
22.088 0 0.670001848051
22.098 0 0.669712081746
22.115 0 0.67081614495
22.119 0 0.67081614495
22.129 0 0.67081614495
22.142 0 0.672363533536
22.149 0 0.672435059404
22.159 0 0.671832283581
22.173 0 0.670996897571
22.185 0 0.669917118479
22.191 0 0.670342245478
22.198 0 0.67033802753
22.209 0 0.669288636984
22.224 0 0.669243401697
22.229 0 0.670865600223
22.24 0 0.671721763832
22.25 0 0.670523097731
22.263 0 0.670523555233
22.271 0 0.66940060728
22.277 0 0.668301204291
22.29 0 0.668469374885
22.301 0 0.66858000659
22.312 0 0.66873630451
22.319 0 0.667585493158
22.331 0 0.666115448156
22.34 0 0.665044189918
22.355 0 0.662712259842
22.362 0 0.662712259842
22.366 0 0.662712259842
22.38 0 0.659413308568
22.386 0 0.659026619891
22.399 0 0.658178151865
22.409 0 0.657649234334
22.42 0 0.657038329864
22.43 0 0.655393733776
22.442 0 0.654614101381
22.45 0 0.654077065698
22.46 0 0.653171594407
22.467 0 0.652916031002
22.477 0 0.653428756544
22.495 0 0.654772945989
22.503 0 0.656555486876
22.507 0 0.657362060191
22.519 0 0.658372209652
22.529 0 0.659014824029
22.541 0 0.659692706098
22.549 0 0.65995918126
22.56 0 0.660423489857
22.571 0 0.661462233103
22.584 0 0.662551980008
22.593 0 0.663111686805
22.596 0 0.663979038248
22.611 0 0.665416783692
22.617 0 0.667328066728
22.63 0 0.667023715871
22.641 0 0.668198682423
22.65 0 0.668960616636
22.66 0 0.6713031684
22.669 0 0.677576612532
22.682 0 0.678669051042
22.69 0 0.6787158112
22.698 0 0.677727736305
22.713 0 0.678345796553
22.724 0 0.677927024718
22.734 0 0.677482323891
22.74 0 0.677625585747
22.752 0 0.680389031163
22.759 0 0.682867377335
22.778 0 0.679031107031
22.778 0 0.680334206942
22.789 0 0.6796046921
22.799 0 0.680609092626
22.807 0 0.678002772765
22.826 0 0.679032913015
22.834 0 0.683698625838
22.839 0 0.684625477948
22.852 0 0.687306973273
22.858 0 0.690940451884
22.87 0 0.691263552391
22.88 0 0.692084709093
22.888 0 0.692454888807
22.898 0 0.691625091436
22.909 0 0.694750979551
22.92 0 0.694562225813
22.929 0 0.693470091016
22.937 0 0.694080733628
22.946 0 0.694004407616
22.962 0 0.692871239614
22.971 0 0.692102967104
22.978 0 0.69108733371
22.989 0 0.691357582351
23.0 0 0.693333062237
23.008 0 0.693926673923
23.019 0 0.695633675061
23.029 0 0.694008623092
23.035 0 0.695438430482
23.055 0 0.696122119513
23.059 0 0.696104528404
23.068 0 0.696127925996
23.08 0 0.695861669067
23.09 0 0.695247763912
23.101 0 0.694920687507
23.111 0 0.694533620397
23.12 0 0.693870177955
23.129 0 0.691490964822
23.138 0 0.690209666159
23.151 0 0.687455942619
23.159 0 0.686415476144
23.17 0 0.684699508988
23.18 0 0.681930299132
23.188 0 0.67967158635
23.197 0 0.675695838809
23.209 0 0.672567415846
23.22 0 0.670742804051
23.232 0 0.670628852377
23.241 0 0.671514481809
23.253 0 0.672054175003
23.257 0 0.672054175003
23.268 0 0.672054175003
23.282 0 0.673273624005
23.29 0 0.672876156709
23.299 0 0.673103265306
23.308 0 0.673489243362
23.32 0 0.674970958201
23.331 0 0.676445495845
23.336 0 0.676809826081
23.348 0 0.678181305804
23.358 0 0.678573399736
23.372 0 0.678912088152
23.38 0 0.679097178622
23.393 0 0.678535744384
23.4 0 0.678145154239
23.408 0 0.678491578317
23.423 0 0.680569661018
23.429 0 0.683591427609
23.441 0 0.684513308896
23.45 0 0.687728303143
23.456 0 0.688606589584
23.469 0 0.689123767006
23.482 0 0.691122382448
23.491 0 0.690576404201
23.499 0 0.689664391666
23.508 0 0.690274138926
23.52 0 0.689975551009
23.527 0 0.690352508002
23.539 0 0.690544618489
23.55 0 0.689666080162
23.558 0 0.689663546892
23.57 0 0.694801897611
23.581 0 0.701476661125
23.59 0 0.699716091836
23.598 0 0.697831678941
23.611 0 0.698999648161
23.621 0 0.701447561878
23.628 0 0.698988121447
23.639 0 0.699415211604
23.65 0 0.702670650617
23.66 0 0.703038340257
23.667 0 0.704517120846
23.679 0 0.708894253334
23.691 0 0.712890747637
23.701 0 0.713183900222
23.709 0 0.713042778488
23.718 0 0.71217840955
23.729 0 0.711806965728
23.741 0 0.710761596485
23.749 0 0.710516706546
23.761 0 0.711045700687
23.77 0 0.712036148041
23.78 0 0.711973768588
23.792 0 0.711863476631
23.799 0 0.710937926748
23.809 0 0.712086416348
23.82 0 0.710766413571
23.832 0 0.71093414671
23.841 0 0.709408650738
23.849 0 0.707965228948
23.858 0 0.708407567815
23.87 0 0.707987554724
23.88 0 0.707316241198
23.889 0 0.706937079959
23.902 0 0.706052940374
23.91 0 0.705552055629
23.919 0 0.702440394007
23.932 0 0.700571346478
23.939 0 0.699687666001
23.949 0 0.697763868577
23.96 0 0.696838069763
23.968 0 0.696262486237
23.978 0 0.694489737012
23.99 0 0.693645924884
23.999 0 0.693100716464
24.01 0 0.692232066788
24.018 0 0.692719644893
24.028 0 0.692553771556
24.038 0 0.69243111498
24.05 0 0.692986019071
24.062 0 0.692954409529
24.068 0 0.692973980875
24.08 0 0.692737205029
24.088 0 0.692663396642
24.101 0 0.692728023322
24.112 0 0.693717153224
24.123 0 0.694444186809
24.13 0 0.69568256811
24.139 0 0.695168298237
24.149 0 0.694098509898
24.156 0 0.693432434397
24.168 0 0.692962897161
24.18 0 0.692859718479
24.189 0 0.692658632519
24.197 0 0.693507620025
24.219 0 0.698522613504
24.224 0 0.698918030473
24.233 0 0.702151745277
24.24 0 0.700420336026
24.248 0 0.703497063928
24.259 0 0.703874873627
24.268 0 0.702090447749
24.285 0 0.698092501579
24.292 0 0.699002614327
24.299 0 0.697202431443
24.308 0 0.701231707477
24.318 0 0.698768248224
24.328 0 0.69936399545
24.338 0 0.697356214557
24.352 0 0.702424957854
24.363 0 0.705089557925
24.37 0 0.707177331503
24.377 0 0.704614292946
24.389 0 0.704937816855
24.402 0 0.709392606416
24.411 0 0.706289279414
24.417 0 0.710173070033
24.427 0 0.708144924172
24.439 0 0.71183950986
24.454 0 0.717900740266
24.462 0 0.719507766837
24.468 0 0.720613808337
24.478 0 0.721418524966
24.493 0 0.720558342995
24.501 0 0.720368623807
24.509 0 0.719827321644
24.518 0 0.719182300806
24.532 0 0.718223295632
24.539 0 0.718223295632
24.548 0 0.718223295632
24.558 0 0.718576203893
24.569 0 0.718444177687
24.579 0 0.718742267635
24.592 0 0.71809252164
24.599 0 0.718049383854
24.612 0 0.716419843617
24.619 0 0.715738612491
24.629 0 0.714997851897
24.641 0 0.713584076505
24.653 0 0.712872003167
24.666 0 0.713353424739
24.673 0 0.713643796173
24.681 0 0.713966237599
24.688 0 0.714435231312
24.703 0 0.713615500449
24.708 0 0.713615500449
24.717 0 0.713615500449
24.735 0 0.709021251385
24.741 0 0.707302521076
24.749 0 0.705976220269
24.764 0 0.704509197727
24.771 0 0.703826488131
24.778 0 0.703907588667
24.789 0 0.703123274139
24.8 0 0.70345024566
24.808 0 0.703814013487
24.819 0 0.704269071144
24.828 0 0.703286589883
24.841 0 0.702876418728
24.851 0 0.701649518794
24.858 0 0.700583784497
24.868 0 0.699529200808
24.877 0 0.699533498379
24.89 0 0.701002553102
24.901 0 0.702432238574
24.907 0 0.703282940967
24.921 0 0.703667200862
24.933 0 0.705941127812
24.937 0 0.705999524495
24.948 0 0.705891388351
24.958 0 0.704922661027
24.969 0 0.703808678099
24.985 0 0.706671440299
24.992 0 0.708083502425
25.0 0 0.709841284623
25.009 0 0.711983236659
25.018 0 0.716347155975
25.027 0 0.721692810344
25.045 0 0.722695268993
25.048 0 0.722056408787
25.064 0 0.72112894775
25.073 0 0.718191354274
25.079 0 0.718217642286
25.087 0 0.712923557136
25.1 0 0.712698599633
25.114 0 0.712325052175
25.119 0 0.716814893996
25.127 0 0.720419002806
25.136 0 0.721071589783
25.165 0 0.725703695957
25.172 0 0.723405004045
25.18 0 0.72327904382
25.18 0 0.72327904382
25.192 0 0.729192692273
25.2 0 0.726496122555
25.216 0 0.727739458622
25.222 0 0.727739458622
25.231 0 0.727739458622
25.241 0 0.728448105923
25.25 0 0.7283481214
25.261 0 0.731545212267
25.272 0 0.733406333746
25.277 0 0.733401216392
25.291 0 0.732669175579
25.301 0 0.731840804293
25.312 0 0.731153681267
25.319 0 0.73108261582
25.328 0 0.732082768956
25.339 0 0.732479868829
25.354 0 0.731564866558
25.365 0 0.731316011138
25.371 0 0.730910072034
25.38 0 0.730910072034
25.386 0 0.730910072034
25.398 0 0.727036606291
25.41 0 0.727091335969
25.42 0 0.725423168962
25.428 0 0.725064851724
25.439 0 0.725530693951
25.45 0 0.725027017745
25.461 0 0.723822320358
25.469 0 0.723350417308
25.477 0 0.722845475032
25.486 0 0.721886152953
25.499 0 0.720356798556
25.507 0 0.719114040286
25.52 0 0.715871406782
25.533 0 0.714228006294
25.545 0 0.713211152484
25.555 0 0.71303412212
25.561 0 0.713277568907
25.568 0 0.713692091758
25.578 0 0.713821762098
25.59 0 0.712634234588
25.6 0 0.713692323847
25.606 0 0.713523459101
25.619 0 0.713129946063
25.636 0 0.712911136339
25.641 0 0.713178061593
25.646 0 0.71326018043
25.658 0 0.713145694657
25.666 0 0.713484920588
25.68 0 0.714574595227
25.69 0 0.715051163579
25.699 0 0.715272081564
25.709 0 0.715639147717
25.72 0 0.716613059997
25.73 0 0.715921812692
25.738 0 0.71530158427
25.747 0 0.713821648313
25.761 0 0.715041205169
25.769 0 0.717425961031
25.783 0 0.721015236114
25.785 0 0.721739615668
25.801 0 0.728592109762
25.809 0 0.729430619539
25.817 0 0.729729597053
25.83 0 0.729163383913
25.841 0 0.729716656895
25.85 0 0.7302745295
25.862 0 0.728289909259
25.869 0 0.727119296834
25.881 0 0.726515027036
25.889 0 0.728050704377
25.902 0 0.727038867078
25.91 0 0.731465217624
25.919 0 0.731563666623
25.934 0 0.728297206697
25.947 0 0.731019148619
25.952 0 0.728711707136
25.96 0 0.730932355095
25.965 0 0.731808786087
25.979 0 0.731398532026
25.992 0 0.734455382647
25.996 0 0.738692977636
26.01 0 0.741780223511
26.018 0 0.743882691258
26.034 0 0.743800000248
26.045 0 0.744396973983
26.049 0 0.744396973983
26.059 0 0.743193187544
26.069 0 0.744315179538
26.081 0 0.744013751647
26.087 0 0.743107511462
26.098 0 0.742380709269
26.11 0 0.739892209315
26.12 0 0.740540477088
26.132 0 0.739108912235
26.148 0 0.735751911394
26.154 0 0.734256799143
26.162 0 0.73365943067
26.169 0 0.730719216083
26.18 0 0.730821153303
26.191 0 0.731337980313
26.2 0 0.733411547173
26.206 0 0.734411140335
26.217 0 0.736699453405
26.229 0 0.738146422553
26.241 0 0.738247063686
26.25 0 0.738343637105
26.258 0 0.737530881293
26.272 0 0.736349273153
26.281 0 0.734568422529
26.287 0 0.73254592977
26.298 0 0.731300936687
26.312 0 0.72974055506
26.321 0 0.72892701238
26.331 0 0.727454284811
26.342 0 0.726303027562
26.346 0 0.725467797509
26.363 0 0.723730607624
26.373 0 0.722399930805
26.378 0 0.721789474955
26.389 0 0.72088116753
26.397 0 0.720776194344
26.413 0 0.721525855764
26.426 0 0.722651894
26.435 0 0.723694857963
26.442 0 0.723920370216
26.45 0 0.724942303711
26.46 0 0.726142079921
26.47 0 0.729213125149
26.48 0 0.731901017699
26.489 0 0.733079891888
26.498 0 0.733519967403
26.509 0 0.735113641082
26.52 0 0.735197692169
26.528 0 0.735902838294
26.539 0 0.737402333653
26.546 0 0.737631245089
26.559 0 0.738001761081
26.568 0 0.738888929562
26.579 0 0.741974941469
26.587 0 0.742878674446
26.599 0 0.74939442147
26.612 0 0.750384578367
26.621 0 0.750728292015
26.627 0 0.751881562635
26.642 0 0.751413744923
26.652 0 0.751082379975
26.659 0 0.751082379975
26.668 0 0.751082379975
26.678 0 0.751220774686
26.69 0 0.750783670981
26.701 0 0.750452971746
26.707 0 0.75981469268
26.719 0 0.759528919855
26.731 0 0.764041074998
26.743 0 0.759386411222
26.756 0 0.760484248271
26.763 0 0.763528917475
26.769 0 0.767471745456
26.777 0 0.769579219624
26.79 0 0.77153744934
26.8 0 0.773361667879
26.808 0 0.774867010183
26.819 0 0.777017322162
26.83 0 0.779049163647
26.841 0 0.780105829429
26.851 0 0.780042791605
26.859 0 0.779800115774
26.874 0 0.778767454693
26.881 0 0.777559965532
26.889 0 0.777217564591
26.9 0 0.776333693797
26.906 0 0.775556477741
26.921 0 0.775002840997
26.931 0 0.777515168954
26.937 0 0.777657005007
26.951 0 0.777116353926
26.958 0 0.776744206369
26.971 0 0.775658564372
26.98 0 0.774923943284
26.988 0 0.774158223322
26.999 0 0.773474783416
27.009 0 0.773961117496
27.017 0 0.773334228302
27.03 0 0.772467748393
27.04 0 0.772800282364
27.051 0 0.773051610333
27.063 0 0.771327640928
27.072 0 0.769434938699
27.078 0 0.767811405046
27.088 0 0.765155188949
27.104 0 0.760928068273
27.118 0 0.757251836047
27.121 0 0.756979004634
27.129 0 0.755933786902
27.136 0 0.755026848165
27.149 0 0.75309768281
27.163 0 0.751818094315
27.168 0 0.751774555789
27.18 0 0.752507537351
27.189 0 0.753089928402
27.2 0 0.752174807202
27.21 0 0.751004604477
27.22 0 0.750837736475
27.229 0 0.750028819183
27.24 0 0.749870146779
27.248 0 0.750660764599
27.262 0 0.750926391042
27.268 0 0.750926391042
27.279 0 0.754153778621
27.292 0 0.755034250088
27.304 0 0.754149780437
27.307 0 0.753721826363
27.32 0 0.753319340487
27.327 0 0.752110112479
27.338 0 0.754625022463
27.348 0 0.756049119533
27.357 0 0.757580062415
27.367 0 0.759003061105
27.378 0 0.764512270595
27.388 0 0.771919761588
27.402 0 0.772650886527
27.41 0 0.772681474851
27.418 0 0.773910237041
27.431 0 0.773900181287
27.444 0 0.770735205973
27.453 0 0.766799884839
27.46 0 0.765702541968
27.469 0 0.764889854985
27.478 0 0.767366493526
27.487 0 0.774532321387
27.499 0 0.778505084559
27.506 0 0.77840774762
27.518 0 0.78073753009
27.529 0 0.779478998805
27.539 0 0.779978016296
27.55 0 0.781422915768
27.559 0 0.782264283318
27.57 0 0.78279283977
27.587 0 0.781064107664
27.588 0 0.781064107664
27.602 0 0.775349380256
27.609 0 0.777284812551
27.622 0 0.77265712561
27.634 0 0.783185106694
27.64 0 0.783496626006
27.648 0 0.78284553302
27.658 0 0.782862079147
27.667 0 0.782505795803
27.682 0 0.781881725013
27.69 0 0.781601775695
27.699 0 0.78132762919
27.709 0 0.781077658206
27.719 0 0.782275293918
27.731 0 0.783024484332
27.738 0 0.783168572452
27.75 0 0.782149627658
27.761 0 0.781050018643
27.768 0 0.778666306105
27.783 0 0.776252457189
27.793 0 0.774948263545
27.801 0 0.773885374348
27.808 0 0.773885374348
27.817 0 0.773885374348
27.833 0 0.767442987356
27.842 0 0.766553633998
27.85 0 0.765859999595
27.859 0 0.763829470057
27.868 0 0.761920235351
27.881 0 0.758647082837
27.889 0 0.758038305015
27.899 0 0.756927241695
27.909 0 0.755965472698
27.924 0 0.753511847843
27.934 0 0.752755389963
27.936 0 0.752915122388
27.947 0 0.75178784402
27.958 0 0.751703061838
27.969 0 0.753879612861
27.981 0 0.753938041621
27.991 0 0.755229925647
28.0 0 0.75641761066
28.008 0 0.757006265988
28.021 0 0.757647667595
28.035 0 0.759141273359
28.042 0 0.760060927048
28.049 0 0.761245167754
28.059 0 0.763186944275
28.07 0 0.763898484265
28.076 0 0.764015882178
28.088 0 0.764560114939
28.099 0 0.76478748555
28.109 0 0.766562015352
28.123 0 0.766404352344
28.135 0 0.767240201817
28.14 0 0.767099400206
28.15 0 0.768838899316
28.16 0 0.773327379285
28.167 0 0.775302795825
28.179 0 0.775786039672
28.19 0 0.77863375146
28.199 0 0.780409676415
28.208 0 0.784164936412
28.219 0 0.783693467065
28.226 0 0.783461265791
28.238 0 0.783320376548
28.25 0 0.783060618334
28.26 0 0.786575043353
28.27 0 0.78593020698
28.278 0 0.788630978494
28.292 0 0.792859465121
28.304 0 0.794040800106
28.312 0 0.79876585481
28.318 0 0.800149429661
28.33 0 0.801356116789
28.347 0 0.80378558283
28.357 0 0.803921822406
28.362 0 0.803921822406
28.365 0 0.803921822406
28.381 0 0.805595795192
28.39 0 0.807329875998
28.399 0 0.807907575661
28.409 0 0.809908250077
28.421 0 0.812186106865
28.428 0 0.812186106865
28.441 0 0.81149645814
28.454 0 0.809488320078
28.463 0 0.808750807359
28.473 0 0.808750807359
28.482 0 0.808750807359
28.489 0 0.8084005578
28.501 0 0.809923734699
28.511 0 0.810011275149
28.518 0 0.810011275149
28.528 0 0.810981141638
28.54 0 0.811065178452
28.548 0 0.811320597422
28.557 0 0.81164821884
28.571 0 0.810381301346
28.581 0 0.80936060743
28.589 0 0.808502891655
28.603 0 0.804819630655
28.608 0 0.802883393163
28.62 0 0.800706363085
28.627 0 0.799119849577
28.641 0 0.795701337288
28.649 0 0.793363069823
28.661 0 0.790962569692
28.666 0 0.79023948322
28.684 0 0.78701853664
28.697 0 0.786469925211
28.703 0 0.785732371166
28.711 0 0.785186243105
28.721 0 0.783705559126
28.731 0 0.780219356078
28.74 0 0.780831978263
28.75 0 0.781410517801
28.768 0 0.780726980383
28.774 0 0.779990818181
28.785 0 0.777850431123
28.796 0 0.776686685244
28.8 0 0.775610975416
28.809 0 0.77405000271
28.823 0 0.770959901058
28.837 0 0.77078882169
28.841 0 0.772171799639
28.847 0 0.774300405378
28.866 0 0.777143560287
28.876 0 0.778110624362
28.876 0 0.77935693208
28.892 0 0.780034445243
28.904 0 0.780597932629
28.909 0 0.780150982662
28.926 0 0.780244922715
28.938 0 0.781187842086
28.94 0 0.784355203914
28.945 0 0.784717905094
28.958 0 0.788764411508
28.973 0 0.78991627727
28.986 0 0.793501923971
28.995 0 0.795733538316
29.004 0 0.795845934493
29.012 0 0.79680733613
29.024 0 0.794175267393
29.035 0 0.798797866797
29.046 0 0.797098474138
29.054 0 0.79761445924
29.066 0 0.797902537575
29.073 0 0.800627743983
29.084 0 0.805226230374
29.095 0 0.806946775402
29.105 0 0.805660553825
29.112 0 0.805273033033
29.121 0 0.805089260794
29.128 0 0.806396044966
29.14 0 0.806757932258
29.148 0 0.807801704529
29.158 0 0.807296469786
29.169 0 0.807583841348
29.178 0 0.805373258364
29.189 0 0.810306646985
29.199 0 0.817553231961
29.208 0 0.818190357991
29.221 0 0.819413474559
29.231 0 0.81874118857
29.24 0 0.817904632368
29.252 0 0.816025211564
29.261 0 0.815233145934
29.278 0 0.81508354953
29.284 0 0.814476831456
29.29 0 0.813826853939
29.298 0 0.814756843138
29.308 0 0.814631359009
29.322 0 0.813277246616
29.327 0 0.813352625297
29.341 0 0.81232831006
29.351 0 0.812235448887
29.365 0 0.810931003365
29.37 0 0.810614766908
29.38 0 0.809815056245
29.395 0 0.808433718769
29.399 0 0.806702303213
29.416 0 0.805849616748
29.421 0 0.805849616748
29.429 0 0.805849616748
29.439 0 0.801643071096
29.452 0 0.799744594235
29.46 0 0.797536972914
29.467 0 0.796589555216
29.475 0 0.794551265491
29.496 0 0.792866699125
29.504 0 0.790400863994
29.507 0 0.790400863994
29.518 0 0.790400863994
29.53 0 0.790685551765
29.541 0 0.789677160421
29.554 0 0.789624795052
29.561 0 0.789503181917
29.568 0 0.788957954407
29.579 0 0.788767005221
29.591 0 0.78813941729
29.601 0 0.788206059851
29.609 0 0.788206059851
29.62 0 0.790962636222
29.632 0 0.791908249162
29.64 0 0.791861156808
29.65 0 0.790866296561
29.659 0 0.790940871505
29.668 0 0.791056626592
29.679 0 0.792694346723
29.69 0 0.795461197854
29.699 0 0.796940413867
29.713 0 0.798778619089
29.723 0 0.804788996721
29.731 0 0.810021696152
29.74 0 0.810850526269
29.747 0 0.810521654034
29.762 0 0.807674061848
29.773 0 0.807752593777
29.783 0 0.802734187448
29.79 0 0.801879979523
29.8 0 0.802912405962
29.809 0 0.804010692417
29.819 0 0.805759429399
29.83 0 0.807446724571
29.836 0 0.810989309623
29.85 0 0.811690602847
29.859 0 0.813523006573
29.874 0 0.816162348941
29.879 0 0.814983556996
29.888 0 0.816597998014
29.902 0 0.814798420307
29.913 0 0.813450008845
29.92 0 0.8135531743
29.93 0 0.813933891933
29.941 0 0.81452705017
29.952 0 0.817738525904
29.961 0 0.817205188446
29.973 0 0.820725561304
29.977 0 0.82164007823
29.992 0 0.824070779517
30.004 0 0.825258035055
30.007 0 0.825031776219
30.019 0 0.824277923398
30.026 0 0.823489441926
30.036 0 0.821865921268
30.048 0 0.821741804481
30.058 0 0.821593940483
30.069 0 0.822307218976
30.08 0 0.821720241553
30.091 0 0.821716487093
30.1 0 0.82051668185
30.11 0 0.817304257488
30.125 0 0.814430010521
30.129 0 0.81436622257
30.14 0 0.814774800616
30.149 0 0.815315818517
30.157 0 0.816130127452
30.168 0 0.816975255741
30.177 0 0.816511170559
30.19 0 0.815304358182
30.201 0 0.813038650699
30.213 0 0.811977859745
30.229 0 0.811216912972
30.237 0 0.811149805236
30.242 0 0.810957541567
30.252 0 0.810810199403
30.258 0 0.811086276192
30.27 0 0.810686558643
30.28 0 0.808569328572
30.29 0 0.80614973441
30.299 0 0.803154996342
30.31 0 0.800957190511
30.323 0 0.800240560044
30.33 0 0.799253607721
30.339 0 0.798011952161
30.351 0 0.796844533404
30.361 0 0.795942494121
30.376 0 0.796412823977
30.382 0 0.796585354229
30.391 0 0.796877884489
30.401 0 0.796704303341
30.41 0 0.796056480014
30.419 0 0.796841886726
30.429 0 0.796418037545
30.439 0 0.795006132505
30.449 0 0.793880959831
30.46 0 0.793031066541
30.467 0 0.794764931513
30.477 0 0.796878989633
30.487 0 0.797293370783
30.498 0 0.8048536115
30.511 0 0.8077516101
30.516 0 0.808307023748
30.53 0 0.809034859124
30.539 0 0.809685558934
30.55 0 0.8087171497
30.561 0 0.807550892426
30.571 0 0.804584194962
30.578 0 0.802569056877
30.589 0 0.803531594487
30.6 0 0.804109520131
30.609 0 0.803346991567
30.618 0 0.807861094648
30.626 0 0.807290197789
30.64 0 0.806230018951
30.654 0 0.806536207807
30.657 0 0.806536207807
30.668 0 0.806536207807
30.678 0 0.810373735313
30.688 0 0.804342371871
30.704 0 0.811730896567
30.713 0 0.812228280427
30.721 0 0.815439128079
30.728 0 0.814906577508
30.736 0 0.815912988837
30.752 0 0.818070561073
30.76 0 0.818269566419
30.771 0 0.819384719535
30.779 0 0.820058895705
30.789 0 0.819094982064
30.802 0 0.819955602051
30.81 0 0.820528822389
30.818 0 0.820528822389
30.831 0 0.817113663149
30.845 0 0.818426159321
30.846 0 0.818426159321
30.861 0 0.814979833899
30.87 0 0.81181802023
30.88 0 0.809380738507
30.889 0 0.807487636724
30.9 0 0.805372319843
30.908 0 0.805158920634
30.92 0 0.806292102294
30.931 0 0.806552855163
30.94 0 0.806850505544
30.949 0 0.806999555362
30.96 0 0.807162035581
30.968 0 0.806920408244
30.982 0 0.805835854658
30.99 0 0.804293993894
30.999 0 0.803209543169
31.009 0 0.800776282524
31.02 0 0.799417532303
31.028 0 0.798331750001
31.037 0 0.797742241691
31.048 0 0.796013598035
31.056 0 0.794922212329
31.069 0 0.79246852102
31.079 0 0.792383553299
31.093 0 0.79181700499
31.098 0 0.792331046982
31.109 0 0.79240938882
31.126 0 0.793634946877
31.133 0 0.79372782161
31.14 0 0.794107363326
31.145 0 0.793581932913
31.161 0 0.794666009662
31.171 0 0.795310811219
31.177 0 0.796211609996
31.187 0 0.795641528205
31.197 0 0.797782985683
31.209 0 0.799243383987
31.219 0 0.801117504321
31.227 0 0.800983455683
31.241 0 0.801783543849
31.248 0 0.80220395271
31.266 0 0.803828189589
31.272 0 0.804951732714
31.279 0 0.806892044287
31.292 0 0.807884020701
31.3 0 0.810846670739
31.317 0 0.815390756422
31.32 0 0.815909328341
31.331 0 0.817194747688
31.341 0 0.820572094202
31.349 0 0.821719962519
31.365 0 0.821052966295
31.374 0 0.820905842244
31.378 0 0.824907154839
31.393 0 0.824723063512
31.399 0 0.821945994967
31.411 0 0.827859546324
31.42 0 0.83505675492
31.43 0 0.837939742876
31.441 0 0.838959388289
31.451 0 0.838285750982
31.458 0 0.840171400315
31.468 0 0.841473128975
31.478 0 0.843352244425
31.488 0 0.844281001162
31.498 0 0.845297824799
31.515 0 0.844042025287
31.521 0 0.842588779321
31.529 0 0.842989562879
31.54 0 0.839848919034
31.552 0 0.839180213715
31.561 0 0.838758268263
31.571 0 0.839993804759
31.578 0 0.836910910091
31.589 0 0.833993224491
31.603 0 0.832628969283
31.612 0 0.83198463709
31.619 0 0.832015475751
31.63 0 0.831906516758
31.641 0 0.832839213595
31.651 0 0.833128277149
31.663 0 0.833466433179
31.666 0 0.833899508495
31.679 0 0.833939380587
31.692 0 0.832002626137
31.701 0 0.831186459823
31.711 0 0.82818543293
31.72 0 0.826181387926
31.729 0 0.824942289073
31.741 0 0.823294724394
31.753 0 0.822845701166
31.757 0 0.822485036911
31.768 0 0.820955390009
31.789 0 0.819885187207
31.794 0 0.819885187207
31.8 0 0.819885187207
31.809 0 0.815819658902
31.824 0 0.815973995212
31.836 0 0.814982598149
31.842 0 0.814244109596
31.853 0 0.812918030868
31.861 0 0.811836682574
31.872 0 0.811719373018
31.879 0 0.811666794183
31.891 0 0.812872925668
31.897 0 0.812716836711
31.913 0 0.813587672733
31.919 0 0.813587672733
31.927 0 0.813887403938
31.939 0 0.813345181767
31.953 0 0.812751615117
31.958 0 0.812514384509
31.969 0 0.814093974843
31.981 0 0.817297131811
31.991 0 0.819594676066
32.0 0 0.82086362613
32.011 0 0.821300632274
32.026 0 0.821958502355
32.03 0 0.8228405623
32.038 0 0.822444726935
32.05 0 0.823427103053
32.059 0 0.825386961507
32.068 0 0.827260167821
32.08 0 0.83094640979
32.091 0 0.834195628233
32.099 0 0.833693787282
32.111 0 0.838196571243
32.12 0 0.839805961714
32.13 0 0.839857538315
32.141 0 0.83894829706
32.148 0 0.837745906267
32.162 0 0.836383833383
32.17 0 0.836383833383
32.181 0 0.836293467094
32.19 0 0.837565350722
32.196 0 0.841048769733
32.209 0 0.840298107314
32.221 0 0.845422923799
32.23 0 0.848247963136
32.237 0 0.847531552123
32.25 0 0.848569496555
32.261 0 0.849916477543
32.267 0 0.850469753311
32.28 0 0.854534665798
32.294 0 0.855394943326
32.313 0 0.857790908222
32.321 0 0.859168900952
32.323 0 0.859168900952
32.34 0 0.859168900952
32.347 0 0.868067813941
32.354 0 0.86857573592
32.363 0 0.86882042565
32.369 0 0.868841834699
32.387 0 0.868155107243
32.391 0 0.868155107243
32.397 0 0.868155107243
32.409 0 0.865820846373
32.424 0 0.864130407881
32.44 0 0.864214494913
32.448 0 0.86386125324
32.455 0 0.863321401648
32.459 0 0.863107680421
32.468 0 0.862002573402
32.482 0 0.860426882228
32.487 0 0.859353317496
32.504 0 0.856915119968
32.511 0 0.855212870577
32.519 0 0.853828722719
32.53 0 0.853096751439
32.541 0 0.852127724442
32.549 0 0.851495703409
32.559 0 0.850106585795
32.576 0 0.848223707775
32.581 0 0.847049284727
32.591 0 0.845885531128
32.598 0 0.845308920735
32.608 0 0.844067886478
32.619 0 0.842381792482
32.627 0 0.841426048056
32.64 0 0.839360556313
32.655 0 0.836391731231
32.66 0 0.835951089604
32.669 0 0.835814391214
32.685 0 0.834830453189
32.691 0 0.834830453189
32.699 0 0.834830453189
32.71 0 0.834007304916
32.717 0 0.833409108459
32.735 0 0.830606274464
32.74 0 0.830777154814
32.747 0 0.830743297998
32.76 0 0.831113067952
32.775 0 0.831113067952
32.783 0 0.835001408559
32.794 0 0.836020771442
32.801 0 0.836020771442
32.809 0 0.836020771442
32.823 0 0.836850397085
32.838 0 0.837094085893
32.842 0 0.837094085893
32.849 0 0.837094085893
32.861 0 0.838143130899
32.871 0 0.839902366383
32.888 0 0.841413377117
32.892 0 0.841413377117
32.899 0 0.843053990306
32.913 0 0.847918289811
32.924 0 0.845639212545
32.926 0 0.845170137881
32.941 0 0.844046490733
32.952 0 0.846240384556
32.962 0 0.844215517556
32.967 0 0.844215517556
32.978 0 0.844215517556
32.996 0 0.858775137233
32.999 0 0.859642235111
33.014 0 0.858698719659
33.021 0 0.859991253251
33.032 0 0.858100475727
33.044 0 0.860731389147
33.053 0 0.85872361609
33.06 0 0.862687772461
33.069 0 0.865389833437
33.08 0 0.864052283739
33.086 0 0.860225107607
33.099 0 0.862644577503
33.111 0 0.85865397049
33.124 0 0.862811620185
33.128 0 0.866835692305
33.139 0 0.866192410176
33.151 0 0.865311938633
33.161 0 0.86403945458
33.167 0 0.863683922898
33.18 0 0.863299436201
33.187 0 0.863070464436
33.197 0 0.862313294441
33.208 0 0.862368383467
33.221 0 0.862650662084
33.228 0 0.862369581497
33.239 0 0.861427311619
33.252 0 0.859558290388
33.261 0 0.858175808635
33.27 0 0.855533991672
33.282 0 0.853593591888
33.29 0 0.849408290595
33.299 0 0.848397964855
33.31 0 0.84683930258
33.324 0 0.845570376437
33.336 0 0.844398835842
33.345 0 0.842775288462
33.35 0 0.84164017205
33.363 0 0.838768545497
33.368 0 0.838343833719
33.389 0 0.83723641664
33.397 0 0.837404258691
33.401 0 0.837085105711
33.41 0 0.83620059801
33.426 0 0.83427092701
33.437 0 0.832019105388
33.446 0 0.831755363831
33.449 0 0.831755363831
33.465 0 0.833022983267
33.476 0 0.834778174955
33.485 0 0.835803353906
33.49 0 0.8359477145
33.5 0 0.835301164509
33.51 0 0.835029375682
33.518 0 0.835074809369
33.532 0 0.837262114485
33.544 0 0.840718745802
33.548 0 0.841299597101
33.561 0 0.843006490535
33.565 0 0.843006490535
33.58 0 0.845588377996
33.586 0 0.845494702954
33.599 0 0.845494702954
33.61 0 0.846112426196
33.624 0 0.848000773428
33.626 0 0.852880643987
33.64 0 0.853793679357
33.653 0 0.858746078252
33.66 0 0.863776188892
33.673 0 0.865373687
33.681 0 0.865484923476
33.687 0 0.865553505301
33.7 0 0.8643820908
33.714 0 0.85976278144
33.724 0 0.858552388406
33.731 0 0.860887415011
33.735 0 0.861817028915
33.747 0 0.86440305465
33.758 0 0.871282781062
33.769 0 0.872628878691
33.778 0 0.873577010706
33.795 0 0.872783060261
33.799 0 0.872149506759
33.809 0 0.871401581452
33.817 0 0.871498842326
33.831 0 0.871964411758
33.838 0 0.875466090039
33.849 0 0.875061749044
33.857 0 0.87468509981
33.87 0 0.877969494944
33.879 0 0.879380410762
33.889 0 0.88317256346
33.899 0 0.885869939393
33.908 0 0.886662290421
33.92 0 0.888318811608
33.927 0 0.888318811608
33.94 0 0.889958494363
33.952 0 0.889566110878
33.969 0 0.888637462855
33.969 0 0.888637462855
33.981 0 0.888057446398
33.995 0 0.886798201074
34.006 0 0.887601604219
34.01 0 0.88723364829
34.021 0 0.886839488607
34.028 0 0.886640890545
34.04 0 0.885966898772
34.049 0 0.885916962303
34.058 0 0.88524148978
34.071 0 0.884007769012
34.081 0 0.88143116757
34.089 0 0.877466359568
34.103 0 0.873556181863
34.107 0 0.871464305147
34.12 0 0.869221767734
34.128 0 0.86767712929
34.139 0 0.865484877009
34.15 0 0.862126418028
34.158 0 0.861454203818
34.168 0 0.861454203818
34.18 0 0.859522724522
34.198 0 0.858966226588
34.203 0 0.858966226588
34.208 0 0.858966226588
34.219 0 0.853661567805
34.235 0 0.850594195424
34.24 0 0.850024004115
34.254 0 0.848762408372
34.259 0 0.848532311732
34.277 0 0.84684928761
34.285 0 0.845228054517
34.295 0 0.844866429582
34.298 0 0.844923211747
34.312 0 0.844189612105
34.323 0 0.842429878647
34.331 0 0.842429878647
34.337 0 0.842429878647
34.35 0 0.843983144981
34.367 0 0.843921899444
34.371 0 0.843391045811
34.384 0 0.843755867916
34.388 0 0.843755867916
34.409 0 0.844949895538
34.414 0 0.845069397089
34.426 0 0.848853640042
34.432 0 0.850095476144
34.437 0 0.849553268754
34.446 0 0.850701339117
34.459 0 0.853302379286
34.468 0 0.853968373472
34.479 0 0.856287348769
34.494 0 0.853729629313
34.5 0 0.853959879282
34.509 0 0.854960363164
34.52 0 0.85960447247
34.525 0 0.862505488229
34.541 0 0.869024250746
34.548 0 0.872474236178
34.56 0 0.873531095966
34.568 0 0.874048853613
34.577 0 0.87480863349
34.586 0 0.874065850516
34.597 0 0.873185667206
34.61 0 0.872785215162
34.62 0 0.875105997933
34.633 0 0.877246841899
34.639 0 0.878338966314
34.652 0 0.88021820608
34.664 0 0.881510318106
34.675 0 0.884309840933
34.681 0 0.885782284057
34.693 0 0.886451846337
34.699 0 0.88804790472
34.708 0 0.888360265503
34.716 0 0.888128562135
34.731 0 0.887308155831
34.74 0 0.887010090529
34.756 0 0.886284534793
34.762 0 0.885794759782
34.769 0 0.886347119317
34.779 0 0.885890417622
34.788 0 0.884377280563
34.8 0 0.882405918595
34.808 0 0.881016116117
34.82 0 0.879292105926
34.828 0 0.877435163723
34.836 0 0.877199930401
34.849 0 0.876419842711
34.863 0 0.876214873925
34.868 0 0.876566015419
34.881 0 0.877067165541
34.89 0 0.875629333526
34.901 0 0.873977621459
34.91 0 0.871907508793
34.921 0 0.86821810471
34.938 0 0.866491917059
34.942 0 0.866169752004
34.95 0 0.864284806095
34.959 0 0.861885094253
34.968 0 0.859858805162
34.977 0 0.858829378096
34.987 0 0.858253045629
34.999 0 0.855367275154
35.008 0 0.855294704428
35.02 0 0.856475632664
35.028 0 0.855697915009
35.039 0 0.855725121514
35.048 0 0.855638566595
35.059 0 0.856040049782
35.075 0 0.856753364349
35.082 0 0.856684197727
35.095 0 0.858124894442
35.104 0 0.858538514891
35.112 0 0.859762658552
35.121 0 0.860678303505
35.128 0 0.861273280379
35.14 0 0.862634392125
35.148 0 0.862696905876
35.164 0 0.861282692529
35.169 0 0.860999589229
35.176 0 0.862232158791
35.187 0 0.86587407034
35.2 0 0.869260949804
35.209 0 0.871404084177
35.218 0 0.873601670776
35.233 0 0.877498943666
35.237 0 0.877007685794
35.253 0 0.876231276203
35.258 0 0.876071813691
35.276 0 0.873631144674
35.283 0 0.870846501047
35.292 0 0.867592697526
35.301 0 0.87202902173
35.307 0 0.870309042157
35.319 0 0.870442574787
35.328 0 0.869079956501
35.337 0 0.87913011996
35.351 0 0.87864226919
35.368 0 0.87813497465
35.369 0 0.884596260893
35.381 0 0.886407882878
35.391 0 0.885075085474
35.399 0 0.887685630938
35.409 0 0.888505488341
35.42 0 0.890801747219
35.429 0 0.891198118664
35.439 0 0.89229396191
35.449 0 0.892331279808
35.459 0 0.895018475799
35.47 0 0.896786959145
35.485 0 0.89847533579
35.488 0 0.898814725956
35.5 0 0.898175407076
35.51 0 0.897135559974
35.521 0 0.896474933126
35.529 0 0.895817254202
35.539 0 0.895009566765
35.547 0 0.895194288012
35.56 0 0.894496915081
35.568 0 0.893447593704
35.579 0 0.892012189855
35.586 0 0.891722913908
35.6 0 0.891004400061
35.611 0 0.889412513932
35.619 0 0.888046990029
35.627 0 0.886288475346
35.641 0 0.882811688398
35.649 0 0.882813642876
35.658 0 0.882016571342
35.669 0 0.880787613006
35.683 0 0.877469823887
35.688 0 0.877240001528
35.7 0 0.87404682799
35.711 0 0.870664741729
35.719 0 0.868656086852
35.732 0 0.866107382323
35.737 0 0.865010460413
35.748 0 0.863445620221
35.757 0 0.861627220454
35.767 0 0.860226945055
35.779 0 0.858412153349
35.789 0 0.858521052265
35.795 0 0.85887915436
35.809 0 0.860107028559
35.821 0 0.860604885939
35.829 0 0.860975539868
35.838 0 0.861057731269
35.847 0 0.860656085819
35.859 0 0.861152422782
35.868 0 0.861518106648
35.876 0 0.86241819604
35.889 0 0.863516253127
35.899 0 0.864488233313
35.909 0 0.865699897031
35.92 0 0.865675280704
35.928 0 0.865312587525
35.938 0 0.866053769671
35.958 0 0.865924874372
35.961 0 0.865729530672
35.974 0 0.868828789609
35.983 0 0.872982551785
35.995 0 0.873359052276
36.001 0 0.874434453026
36.007 0 0.877359736022
36.02 0 0.878191948676
36.028 0 0.879209114582
36.039 0 0.878298139392
36.05 0 0.877389761957
36.061 0 0.875420250109
36.074 0 0.874056598145
36.082 0 0.871739625739
36.095 0 0.876933797601
36.099 0 0.877544377918
36.111 0 0.879311846729
36.119 0 0.883379520497
36.128 0 0.885247905407
36.142 0 0.886376609044
36.148 0 0.883352786167
36.16 0 0.884217924787
36.168 0 0.879453020508
36.183 0 0.8818028247
36.187 0 0.881898090165
36.199 0 0.882456770451
36.21 0 0.880753525297
36.215 0 0.883242095289
36.233 0 0.890437906754
36.241 0 0.892429262482
36.25 0 0.896342635451
36.258 0 0.898676140671
36.273 0 0.898792848781
36.282 0 0.898634184397
36.288 0 0.89825532798
36.301 0 0.897214836132
36.309 0 0.89636663277
36.32 0 0.896056789486
36.327 0 0.896512303836
36.339 0 0.896059799685
36.349 0 0.896117852994
36.357 0 0.895082799915
36.365 0 0.894184878602
36.378 0 0.892359708221
36.388 0 0.891920366163
36.4 0 0.891203193692
36.414 0 0.890627678664
36.422 0 0.889328542768
36.43 0 0.887535383808
36.439 0 0.885694965169
36.453 0 0.883164395995
36.464 0 0.880123474243
36.47 0 0.878769515913
36.482 0 0.87527863038
36.494 0 0.873531838267
36.509 0 0.870475957988
36.518 0 0.869976406564
36.524 0 0.869553932228
36.531 0 0.868912705974
36.539 0 0.867058556247
36.551 0 0.863622752889
36.561 0 0.861260702657
36.568 0 0.859449019398
36.579 0 0.857006137267
36.591 0 0.85718235408
36.603 0 0.857858091473
36.609 0 0.857495952352
36.619 0 0.856577512733
36.63 0 0.854259806414
36.644 0 0.852318727928
36.65 0 0.851314211194
36.666 0 0.850302331403
36.679 0 0.851441296672
36.683 0 0.853658348558
36.695 0 0.854772555613
36.701 0 0.854931087635
36.711 0 0.855841874861
36.715 0 0.856079475987
36.732 0 0.855948261656
36.741 0 0.855753591308
36.746 0 0.855924751653
36.76 0 0.857954981082
36.773 0 0.861473969913
36.783 0 0.862983711467
36.791 0 0.865795105016
36.796 0 0.865154266538
36.805 0 0.866725314856
36.821 0 0.86756034332
36.831 0 0.870159830161
36.837 0 0.869462874901
36.853 0 0.86849905297
36.861 0 0.869720012492
36.867 0 0.870411362049
36.879 0 0.875011053318
36.893 0 0.87706915299
36.905 0 0.879505079805
36.911 0 0.881412424279
36.92 0 0.882264228537
36.927 0 0.883612741656
36.94 0 0.883808447136
36.949 0 0.883818641352
36.959 0 0.883416781689
36.969 0 0.884023914575
36.98 0 0.88394836062
36.991 0 0.883669990664
37.0 0 0.886209383345
37.01 0 0.889726444434
37.018 0 0.893726764727
37.029 0 0.896004981822
37.039 0 0.899685987007
37.047 0 0.900816656361
37.063 0 0.902905703359
37.075 0 0.902213842148
37.082 0 0.90186019773
37.091 0 0.90040423095
37.101 0 0.898942853998
37.113 0 0.898184609724
37.127 0 0.897813047376
37.133 0 0.897284638233
37.145 0 0.896157904546
37.15 0 0.89602823037
37.159 0 0.896495957225
37.168 0 0.896495957225
37.182 0 0.893659123078
37.187 0 0.892215632601
37.203 0 0.890498602276
37.211 0 0.890412378498
37.22 0 0.889173154782
37.23 0 0.888374471128
37.241 0 0.887194851807
37.249 0 0.884961763083
37.263 0 0.884117322286
37.266 0 0.882914416108
37.28 0 0.879942736053
37.288 0 0.877622136332
37.303 0 0.875601943304
37.31 0 0.874424330765
37.32 0 0.872273256521
37.33 0 0.870289237143
37.341 0 0.868880920496
37.351 0 0.867009486478
37.359 0 0.866175544448
37.37 0 0.866532789992
37.386 0 0.867053744825
37.39 0 0.867053744825
37.398 0 0.867359797517
37.407 0 0.867528301886
37.423 0 0.866728906609
37.43 0 0.866418256749
37.438 0 0.866566971181
37.45 0 0.867542187613
37.461 0 0.868299784256
37.479 0 0.870388115022
37.483 0 0.870804456676
37.491 0 0.871377360201
37.502 0 0.869461139557
37.518 0 0.868870614709
37.524 0 0.869340382912
37.53 0 0.871616767066
37.542 0 0.874897893602
37.556 0 0.879836017
37.56 0 0.880619838828
37.567 0 0.881892022546
37.582 0 0.89318488433
37.59 0 0.894300083846
37.6 0 0.89484588634
37.607 0 0.894828252528
37.618 0 0.8946616373
37.628 0 0.892662129204
37.636 0 0.887369978788
37.648 0 0.887583811279
37.658 0 0.885083750197
37.668 0 0.882993663333
37.678 0 0.882450716297
37.692 0 0.888172729095
37.7 0 0.892649281054
37.71 0 0.895673686097
37.717 0 0.895247505605
37.731 0 0.894286578629
37.737 0 0.894387190711
37.75 0 0.894130916937
37.76 0 0.89484858694
37.77 0 0.89555697133
37.784 0 0.897946801534
37.789 0 0.897946801534
37.797 0 0.897946801534
37.81 0 0.897311494428
37.823 0 0.901170309202
37.829 0 0.901136199719
37.843 0 0.904128931086
37.847 0 0.904861887897
37.862 0 0.904639438541
37.869 0 0.904064623218
37.877 0 0.903433334853
37.89 0 0.902400587139
37.902 0 0.90255783892
37.908 0 0.902803861998
37.918 0 0.902774501845
37.936 0 0.90211994401
37.946 0 0.90211994401
37.949 0 0.90211994401
37.958 0 0.900284786831
37.969 0 0.898803226576
37.982 0 0.897676421156
37.989 0 0.897433515198
37.998 0 0.897433515198
38.008 0 0.895021054698
38.023 0 0.894213376605
38.032 0 0.894681428821
38.038 0 0.895007426742
38.049 0 0.894716030413
38.059 0 0.893655881504
38.067 0 0.892914483381
38.08 0 0.891494552656
38.085 0 0.890305596181
38.099 0 0.888786865063
38.107 0 0.887291919519
38.118 0 0.886493860423
38.132 0 0.886160005091
38.139 0 0.885758633104
38.151 0 0.883660763709
38.16 0 0.882829680134
38.166 0 0.882867765437
38.179 0 0.88365376236
38.19 0 0.88341911137
38.199 0 0.882951840781
38.211 0 0.882073433785
38.217 0 0.881435609319
38.227 0 0.881072893353
38.237 0 0.881282659393
38.252 0 0.882785283395
38.258 0 0.882785283395
38.269 0 0.882785283395
38.279 0 0.886613550153
38.291 0 0.887801899887
38.297 0 0.887779445237
38.311 0 0.885994605038
38.316 0 0.885992723785
38.33 0 0.88647256988
38.339 0 0.887631931098
38.349 0 0.888327317863
38.359 0 0.88999161885
38.371 0 0.895088508477
38.379 0 0.895434451734
38.389 0 0.8962672139
38.399 0 0.896327821275
38.407 0 0.89459241632
38.418 0 0.894179819879
38.432 0 0.889165009486
38.445 0 0.888457944552
38.451 0 0.887463804782
38.458 0 0.889545225608
38.47 0 0.887621741265
38.48 0 0.893737931216
38.493 0 0.897286578087
38.502 0 0.903380428353
38.509 0 0.90206320348
38.52 0 0.903716883738
38.529 0 0.903691323785
38.539 0 0.903691323785
38.547 0 0.911514864458
38.558 0 0.913349572325
38.572 0 0.916352040075
38.581 0 0.917234817245
38.593 0 0.917647774367
38.599 0 0.918012430326
38.609 0 0.918651635833
38.617 0 0.919159102782
38.633 0 0.918604574193
38.641 0 0.917189085842
38.648 0 0.917375809991
38.66 0 0.916444823861
38.676 0 0.91357411126
38.682 0 0.913141890848
38.689 0 0.913686943711
38.699 0 0.914996213214
38.709 0 0.915253891207
38.717 0 0.915253891207
38.73 0 0.915571173132
38.738 0 0.915890738454
38.758 0 0.913697584298
38.763 0 0.910920759068
38.771 0 0.909963559222
38.78 0 0.9084713044
38.791 0 0.908951559453
38.802 0 0.908633175069
38.812 0 0.909151424924
38.818 0 0.909231497364
38.831 0 0.908510556475
38.841 0 0.906384005083
38.853 0 0.902376918931
38.863 0 0.900396768057
38.87 0 0.899672036742
38.881 0 0.898331787101
38.892 0 0.897854243076
38.902 0 0.897006514335
38.917 0 0.895302594916
38.929 0 0.894597698507
38.936 0 0.894028008365
38.942 0 0.89357585014
38.954 0 0.893453728661
38.959 0 0.893453728661
38.969 0 0.893427994732
38.981 0 0.892888622422
38.992 0 0.892449319079
39.0 0 0.892051041044
39.01 0 0.891195814781
