time index height
0.01 0 0.0
0.02 0 0.0260083113843
0.03 0 0.0260083113843
0.04 0 0.0278515616967
0.05 0 0.0278515616967
0.06 0 0.0366684865985
0.07 0 0.0442230736491
0.08 0 0.0449044084145
0.09 0 0.0495147354659
0.1 0 0.0534970825642
0.11 0 0.0586906501393
0.12 0 0.0651237673925
0.13 0 0.0660839625877
0.14 0 0.0701896887222
0.15 0 0.0754562014724
0.16 0 0.0782390878562
0.17 0 0.080740818983
0.18 0 0.083850569668
0.19 0 0.0867790382092
0.2 0 0.0888800242008
0.21 0 0.0905859991035
0.22 0 0.0919661554976
0.23 0 0.0923695019819
0.24 0 0.0921583991295
0.25 0 0.0917886838919
0.26 0 0.0916524267549
0.27 0 0.0910491102143
0.28 0 0.0902538041248
0.29 0 0.0894431266134
0.3 0 0.0885781904661
0.31 0 0.0883365597908
0.32 0 0.0877491407158
0.33 0 0.086852833523
0.34 0 0.0867652162027
0.35 0 0.0865974948044
0.36 0 0.0865269196096
0.37 0 0.0863853088675
0.38 0 0.0859006892464
0.39 0 0.0849119148199
0.4 0 0.0836436536367
0.41 0 0.0825090761168
0.42 0 0.0810041549892
0.43 0 0.0802898100155
0.44 0 0.0778384225499
0.45 0 0.0754087338147
0.46 0 0.070481192752
0.47 0 0.0685622846465
0.48 0 0.0632969446865
0.49 0 0.057828651742
0.5 0 0.0550376814609
0.51 0 0.0493997587908
0.52 0 0.0439984261139
0.53 0 0.037035529873
0.54 0 0.0319954230877
0.55 0 0.0317166383244
0.56 0 0.0314673720133
0.57 0 0.0326567659053
0.58 0 0.034032564326
0.59 0 0.0355855050364
0.6 0 0.0362243094158
0.61 0 0.0363928058597
0.62 0 0.0369153561878
0.63 0 0.037641926877
0.64 0 0.0384899864799
0.65 0 0.0389301774574
0.66 0 0.0394380564569
0.67 0 0.0398648528044
0.68 0 0.0401817765522
0.69 0 0.0403905241602
0.7 0 0.0407734289269
0.71 0 0.0412243310998
0.72 0 0.0414930685279
0.73 0 0.041625721227
0.74 0 0.0416405035509
0.75 0 0.041618059011
0.76 0 0.041559390493
0.77 0 0.0415085187367
0.78 0 0.0414496334868
0.79 0 0.041230133122
0.8 0 0.041230133122
0.81 0 0.041230133122
0.82 0 0.0409089353647
0.83 0 0.0408239438962
0.84 0 0.0404185132647
0.85 0 0.0402446927707
0.86 0 0.04010446479
0.87 0 0.0397052487502
0.88 0 0.0392681413808
0.89 0 0.0387246920261
0.9 0 0.0384152184595
0.91 0 0.0379829444286
0.92 0 0.0381678579194
0.93 0 0.038949531712
0.94 0 0.0412295326891
0.95 0 0.0427675139643
0.96 0 0.0455773301845
0.97 0 0.0477465625961
0.98 0 0.0486167797256
0.99 0 0.0506336253016
1.0 0 0.0522283924279
1.01 0 0.052939273342
1.02 0 0.0532994560242
1.03 0 0.0535961512687
1.04 0 0.0536665366142
1.05 0 0.0538404506483
1.06 0 0.0541043350516
1.07 0 0.0544143680845
1.08 0 0.0547708358774
1.09 0 0.0554178390403
1.1 0 0.0555532743355
1.11 0 0.0558644111289
1.12 0 0.0561679098151
1.13 0 0.0563922981488
1.14 0 0.0568423645857
1.15 0 0.0570351568309
1.16 0 0.0569377176962
1.17 0 0.0570039014197
1.18 0 0.0572982909207
1.19 0 0.0569628971297
1.2 0 0.0569145859402
1.21 0 0.0565211285879
1.22 0 0.0561344088612
1.23 0 0.0557499084745
1.24 0 0.0550165255426
1.25 0 0.0544535508107
1.26 0 0.0536856138456
1.27 0 0.0533005801155
1.28 0 0.0526955885975
1.29 0 0.0518412862014
1.3 0 0.0508729779384
1.31 0 0.0495869590949
1.32 0 0.0476676153465
1.33 0 0.0463161598757
1.34 0 0.045209958777
1.35 0 0.0435404498183
1.36 0 0.0418686016294
1.37 0 0.0412871291204
1.38 0 0.0426794303982
1.39 0 0.0443223601962
1.4 0 0.045978358458
1.41 0 0.0464585681383
1.42 0 0.0469899931751
1.43 0 0.047417342955
1.44 0 0.0481444003996
1.45 0 0.0487814207245
1.46 0 0.0496307744179
1.47 0 0.0503959184977
1.48 0 0.0508922486005
1.49 0 0.05095285934
1.5 0 0.0514741020186
1.51 0 0.0517894956265
1.52 0 0.0522336393202
1.53 0 0.0522336393202
1.54 0 0.0532376861659
1.55 0 0.0531821397651
1.56 0 0.053795252619
1.57 0 0.0549968381277
1.58 0 0.0549392853489
1.59 0 0.0552207500081
1.6 0 0.0551265357105
1.61 0 0.0565413011369
1.62 0 0.0563107245598
1.63 0 0.05651320855
1.64 0 0.0571385810584
1.65 0 0.0569883708971
1.66 0 0.056971667439
1.67 0 0.0565342097306
1.68 0 0.0557217432235
1.69 0 0.0557427663827
1.7 0 0.0543515900322
1.71 0 0.0543264147762
1.72 0 0.0535392418547
1.73 0 0.0534627188652
1.74 0 0.0544943107922
1.75 0 0.0557531258017
1.76 0 0.0557531258017
1.77 0 0.0557531258017
1.78 0 0.0557531258017
1.79 0 0.0620339259376
1.8 0 0.0634367016173
1.81 0 0.0661679069867
1.82 0 0.0669587691863
1.83 0 0.0683179929858
1.84 0 0.0691308787262
1.85 0 0.0701972647249
1.86 0 0.0709868632025
1.87 0 0.0714352121112
1.88 0 0.0720601879127
1.89 0 0.0728310603506
1.9 0 0.0734541592513
1.91 0 0.0737074974265
1.92 0 0.0740604999864
1.93 0 0.074234632332
1.94 0 0.0744416609505
1.95 0 0.0745929227293
1.96 0 0.0745736800715
1.97 0 0.0744101093839
1.98 0 0.0746639332194
1.99 0 0.0749558738478
2.0 0 0.0755409032582
2.01 0 0.0757593163234
2.02 0 0.076000206274
2.03 0 0.0756849377083
2.04 0 0.0755439464107
2.05 0 0.0752549294278
2.06 0 0.0750244027546
2.07 0 0.0748136650864
2.08 0 0.0744113403061
2.09 0 0.0739108655084
2.1 0 0.0728290818173
2.11 0 0.0719354982501
2.12 0 0.0702607505927
2.13 0 0.0688917541448
2.14 0 0.0672107127888
2.15 0 0.0660490050817
2.16 0 0.0656131799564
2.17 0 0.0654677377871
2.18 0 0.0658377547719
2.19 0 0.0663228874889
2.2 0 0.0661963452334
2.21 0 0.0660883846686
2.22 0 0.0660801859949
2.23 0 0.0659713958831
2.24 0 0.0659718249569
2.25 0 0.0662097791275
2.26 0 0.0667778065586
2.27 0 0.0675719821289
2.28 0 0.0681359309931
2.29 0 0.069505861467
2.3 0 0.0703008131048
2.31 0 0.0715127649808
2.32 0 0.0723872376791
2.33 0 0.0741348192747
2.34 0 0.0745438114552
2.35 0 0.0771875312336
2.36 0 0.0785327997266
2.37 0 0.082176896406
2.38 0 0.0823087518579
2.39 0 0.0859259192536
2.4 0 0.0877393103643
2.41 0 0.0883151605502
2.42 0 0.0901641026466
2.43 0 0.0916984187051
2.44 0 0.092827117535
2.45 0 0.0950252286797
2.46 0 0.0960617121165
2.47 0 0.0969616303361
2.48 0 0.0976239346455
2.49 0 0.0974992720123
2.5 0 0.0987572819269
2.51 0 0.0991175803901
2.52 0 0.0992462366157
2.53 0 0.0987216426278
2.54 0 0.0992354686382
2.55 0 0.0993473686514
2.56 0 0.0994669770997
2.57 0 0.0998330419211
2.58 0 0.100196615722
2.59 0 0.100939780575
2.6 0 0.100851502354
2.61 0 0.101279216372
2.62 0 0.101171547891
2.63 0 0.100761792209
2.64 0 0.100644317968
2.65 0 0.10004705976
2.66 0 0.0997007774951
2.67 0 0.0998855502197
2.68 0 0.100090967481
2.69 0 0.100414889562
2.7 0 0.100395847298
2.71 0 0.100464422597
2.72 0 0.100454015517
2.73 0 0.10038527388
2.74 0 0.100467327737
2.75 0 0.10035935728
2.76 0 0.100558162637
2.77 0 0.100679455341
2.78 0 0.100679455341
2.79 0 0.100679455341
2.8 0 0.100679455341
2.81 0 0.100751741074
2.82 0 0.100585479931
2.83 0 0.0998478102849
2.84 0 0.0987632079405
2.85 0 0.0984423841004
2.86 0 0.0976695116456
2.87 0 0.0964044457604
2.88 0 0.095321401962
2.89 0 0.0952514410827
2.9 0 0.0940266604795
2.91 0 0.0939153714033
2.92 0 0.093154016477
2.93 0 0.0929682913573
2.94 0 0.0926501911638
2.95 0 0.0925329663766
2.96 0 0.0921377111806
2.97 0 0.091503336837
2.98 0 0.0909380168762
2.99 0 0.0910656390169
3.0 0 0.0914253579947
3.01 0 0.0925934647941
3.02 0 0.0935335233939
3.03 0 0.0951125376361
3.04 0 0.0954357046096
3.05 0 0.0982488498326
3.06 0 0.100404207266
3.07 0 0.104171665412
3.08 0 0.108049377819
3.09 0 0.110006909443
3.1 0 0.113086117111
3.11 0 0.116609416677
3.12 0 0.118488753084
3.13 0 0.122057826322
3.14 0 0.125749657386
3.15 0 0.128507897661
3.16 0 0.131025648976
3.17 0 0.134072313237
3.18 0 0.135109486996
3.19 0 0.138632636182
3.2 0 0.141539644319
3.21 0 0.143198405489
3.22 0 0.144067031927
3.23 0 0.144575208348
3.24 0 0.145922830773
3.25 0 0.145434591537
3.26 0 0.145175155525
3.27 0 0.144232406119
3.28 0 0.14366907965
3.29 0 0.14399844182
3.3 0 0.142778815576
3.31 0 0.141779242368
3.32 0 0.140542184228
3.33 0 0.13909950108
3.34 0 0.137042876903
3.35 0 0.134223116479
3.36 0 0.133174267178
3.37 0 0.13118027329
3.38 0 0.129056760254
3.39 0 0.127809631802
3.4 0 0.127809631802
3.41 0 0.127809631802
3.42 0 0.118762430459
3.43 0 0.115931229566
3.44 0 0.113808671377
3.45 0 0.112788424183
3.46 0 0.112932979131
3.47 0 0.114751244933
3.48 0 0.116215739207
3.49 0 0.117046239821
3.5 0 0.11806001484
3.51 0 0.11911092579
3.52 0 0.119641100939
3.53 0 0.12069560037
3.54 0 0.120858532806
3.55 0 0.122157783927
3.56 0 0.12286448756
3.57 0 0.123426698154
3.58 0 0.125988668688
3.59 0 0.126684907553
3.6 0 0.128859222604
3.61 0 0.131595880703
3.62 0 0.133205962411
3.63 0 0.135693821728
3.64 0 0.135693821728
3.65 0 0.135693821728
3.66 0 0.141694392284
3.67 0 0.142367604973
3.68 0 0.142754302662
3.69 0 0.143560370954
3.7 0 0.143844984705
3.71 0 0.144390300622
3.72 0 0.14338855664
3.73 0 0.142057616386
3.74 0 0.141363520291
3.75 0 0.140747416062
3.76 0 0.140393569159
3.77 0 0.140495420439
3.78 0 0.140699335736
3.79 0 0.141029896676
3.8 0 0.141875186114
3.81 0 0.143038880117
3.82 0 0.144958906959
3.83 0 0.147031805566
3.84 0 0.149908694431
3.85 0 0.150922141455
3.86 0 0.155762858621
3.87 0 0.158309580855
3.88 0 0.162121877607
3.89 0 0.165767286767
3.9 0 0.16986762061
3.91 0 0.171550805218
3.92 0 0.17367960682
3.93 0 0.178536981578
3.94 0 0.181380156808
3.95 0 0.183586466362
3.96 0 0.187683086417
3.97 0 0.188529837257
3.98 0 0.191118415085
3.99 0 0.195906859085
4.0 0 0.196632991922
4.01 0 0.197740110924
4.02 0 0.197353399614
4.03 0 0.195911367757
4.04 0 0.194284708069
4.05 0 0.191995446189
4.06 0 0.190617721823
4.07 0 0.188961860158
4.08 0 0.188774370228
4.09 0 0.187225132166
4.1 0 0.184645644366
4.11 0 0.183420892936
4.12 0 0.180955838485
4.13 0 0.177763648345
4.14 0 0.173168536097
4.15 0 0.173039440133
4.16 0 0.169772280969
4.17 0 0.166495785964
4.18 0 0.164970240448
4.19 0 0.162183224277
4.2 0 0.160065735425
4.21 0 0.158448618065
4.22 0 0.157990502537
4.23 0 0.15706270874
4.24 0 0.156321470769
4.25 0 0.155170415372
4.26 0 0.153875300044
4.27 0 0.152043673218
4.28 0 0.14922946811
4.29 0 0.147564634717
4.3 0 0.144257653251
4.31 0 0.142726441409
4.32 0 0.140010216185
4.33 0 0.139134449791
4.34 0 0.137347499559
4.35 0 0.13653385395
4.36 0 0.135989970897
4.37 0 0.135527525554
4.38 0 0.13512953383
4.39 0 0.13517223422
4.4 0 0.135122104443
4.41 0 0.13594626945
4.42 0 0.136819248735
4.43 0 0.136359794606
4.44 0 0.135640264083
4.45 0 0.133828678821
4.46 0 0.132192377986
4.47 0 0.131356267626
4.48 0 0.130063247152
4.49 0 0.129859321308
4.5 0 0.129369714561
4.51 0 0.127630394862
4.52 0 0.126614336074
4.53 0 0.124333685865
4.54 0 0.122427038246
4.55 0 0.119928803468
4.56 0 0.117631321182
4.57 0 0.114801568919
4.58 0 0.114092710058
4.59 0 0.112209453971
4.6 0 0.109438332796
4.61 0 0.108900347368
4.62 0 0.106870000158
4.63 0 0.106773572221
4.64 0 0.107616035206
4.65 0 0.107490477551
4.66 0 0.10890266195
4.67 0 0.109708378679
4.68 0 0.111169525074
4.69 0 0.113118184109
4.7 0 0.116938087992
4.71 0 0.121637610493
4.72 0 0.120941489244
4.73 0 0.1246380513
4.74 0 0.126944899099
4.75 0 0.132307676216
4.76 0 0.134062031129
4.77 0 0.138216782738
4.78 0 0.14168111998
4.79 0 0.144536029325
4.8 0 0.146635285362
4.81 0 0.150409220991
4.82 0 0.153672008218
4.83 0 0.15314188215
4.84 0 0.156465540827
4.85 0 0.156912857785
4.86 0 0.15469547772
4.87 0 0.154564783981
4.88 0 0.152237368408
4.89 0 0.151619466509
4.9 0 0.149919406226
4.91 0 0.148390295049
4.92 0 0.14822786534
4.93 0 0.147900404696
4.94 0 0.14647370953
4.95 0 0.146144766185
4.96 0 0.145112068115
4.97 0 0.144090234178
4.98 0 0.142353381238
4.99 0 0.141053327522
5.0 0 0.140345748005
5.01 0 0.137642393956
5.02 0 0.137339264942
5.03 0 0.136784278306
5.04 0 0.136446647307
5.05 0 0.136348338928
5.06 0 0.135313098504
5.07 0 0.135078003014
5.08 0 0.1344567265
5.09 0 0.134562019988
5.1 0 0.13475262774
5.11 0 0.135472713176
5.12 0 0.137833186906
5.13 0 0.137833186906
5.14 0 0.140619706946
5.15 0 0.140880018459
5.16 0 0.141327878339
5.17 0 0.142141216808
5.18 0 0.14289167994
5.19 0 0.143138375915
5.2 0 0.144342845982
5.21 0 0.144425904682
5.22 0 0.143920013915
5.23 0 0.143785670015
5.24 0 0.144140928065
5.25 0 0.145121999776
5.26 0 0.145121999776
5.27 0 0.14596209117
5.28 0 0.145921096491
5.29 0 0.144966221998
5.3 0 0.143924554121
5.31 0 0.143246677059
5.32 0 0.141439521407
5.33 0 0.141212108974
5.34 0 0.137234643198
5.35 0 0.137234643198
5.36 0 0.134352156076
5.37 0 0.134352156076
5.38 0 0.134352156076
5.39 0 0.134695386097
5.4 0 0.134880884179
5.41 0 0.134880884179
5.42 0 0.137944793947
5.43 0 0.140166810164
5.44 0 0.14070880901
5.45 0 0.140764816873
5.46 0 0.142618328641
5.47 0 0.143016037782
5.48 0 0.14375960737
5.49 0 0.144971148855
5.5 0 0.143667109406
5.51 0 0.145978141093
5.52 0 0.146639456775
5.53 0 0.148970500835
5.54 0 0.148416001581
5.55 0 0.148965402428
5.56 0 0.14966421293
5.57 0 0.150456039175
5.58 0 0.153287394868
5.59 0 0.152480464524
5.6 0 0.155553643648
5.61 0 0.157071214444
5.62 0 0.160276537763
5.63 0 0.160978419642
5.64 0 0.165282599959
5.65 0 0.165466455018
5.66 0 0.170382975145
5.67 0 0.169788959657
5.68 0 0.171677520878
5.69 0 0.171964770232
5.7 0 0.173003375586
5.71 0 0.173010591364
5.72 0 0.172699702188
5.73 0 0.171100473849
5.74 0 0.172118140769
5.75 0 0.170701742274
5.76 0 0.171026655862
5.77 0 0.169081028488
5.78 0 0.169081028488
5.79 0 0.169081028488
5.8 0 0.163164140813
5.81 0 0.163164140813
5.82 0 0.163164140813
5.83 0 0.163164140813
5.84 0 0.158099963051
5.85 0 0.158093358616
5.86 0 0.158394843966
5.87 0 0.158503916342
5.88 0 0.159070315398
5.89 0 0.159643414975
5.9 0 0.159259700916
5.91 0 0.159186191524
5.92 0 0.159186191524
5.93 0 0.159186191524
5.94 0 0.155019074614
5.95 0 0.152938752463
5.96 0 0.15205483992
5.97 0 0.150369227936
5.98 0 0.149906465091
5.99 0 0.149211694265
6.0 0 0.149001774025
6.01 0 0.148658257997
6.02 0 0.147647670915
6.03 0 0.146793582564
6.04 0 0.145097894683
6.05 0 0.143166384322
6.06 0 0.139591001175
6.07 0 0.138388475968
6.08 0 0.137192146031
6.09 0 0.136363340504
6.1 0 0.135958053731
6.11 0 0.135901114839
6.12 0 0.135187414269
6.13 0 0.135306099188
6.14 0 0.135269940602
6.15 0 0.135337762717
6.16 0 0.135857714947
6.17 0 0.136229220898
6.18 0 0.137509588918
6.19 0 0.13946245381
6.2 0 0.140312548317
6.21 0 0.1411238362
6.22 0 0.143113683521
6.23 0 0.147339504601
6.24 0 0.147082705748
6.25 0 0.149414632093
6.26 0 0.15378043685
6.27 0 0.155334597924
6.28 0 0.15613821624
6.29 0 0.160220501659
6.3 0 0.164663678798
6.31 0 0.165378269946
6.32 0 0.165022019189
6.33 0 0.167225632764
6.34 0 0.167391516984
6.35 0 0.170769466592
6.36 0 0.171228359131
6.37 0 0.171758754668
6.38 0 0.169608455066
6.39 0 0.171920942538
6.4 0 0.169668562959
6.41 0 0.172654457955
6.42 0 0.171823700501
6.43 0 0.169147587504
6.44 0 0.169147587504
6.45 0 0.169147587504
6.46 0 0.168311551214
6.47 0 0.165851262102
6.48 0 0.164553537909
6.49 0 0.163748404429
6.5 0 0.163748404429
6.51 0 0.163748404429
6.52 0 0.162519319705
6.53 0 0.16182360058
6.54 0 0.160717309557
6.55 0 0.160826266666
6.56 0 0.160209885793
6.57 0 0.159740534441
6.58 0 0.159618372325
6.59 0 0.157715395859
6.6 0 0.155658639271
6.61 0 0.154896330513
6.62 0 0.154004751836
6.63 0 0.152793099562
6.64 0 0.148583653651
6.65 0 0.1485662269
6.66 0 0.147946301386
6.67 0 0.147584026903
6.68 0 0.147216146571
6.69 0 0.147231905465
6.7 0 0.146566649387
6.71 0 0.145424344787
6.72 0 0.146361810563
6.73 0 0.146531934567
6.74 0 0.146781091187
6.75 0 0.147027564028
6.76 0 0.147098846687
6.77 0 0.147169006215
6.78 0 0.146299714843
6.79 0 0.144809820723
6.8 0 0.144033140001
6.81 0 0.143087138944
6.82 0 0.140726453727
6.83 0 0.140030213033
6.84 0 0.138058123222
6.85 0 0.137360473058
6.86 0 0.137700588135
6.87 0 0.137999675181
6.88 0 0.138546809678
6.89 0 0.138644599878
6.9 0 0.138246141401
6.91 0 0.138246141401
6.92 0 0.138332836346
6.93 0 0.138568739366
6.94 0 0.138470196976
6.95 0 0.137687493941
6.96 0 0.137843521293
6.97 0 0.137914292163
6.98 0 0.136583496205
6.99 0 0.136044294363
7.0 0 0.137000014019
7.01 0 0.138134293179
7.02 0 0.139704530723
7.03 0 0.141090032197
7.04 0 0.141662230275
7.05 0 0.141685115848
7.06 0 0.141038138189
7.07 0 0.141721240249
7.08 0 0.142788820877
7.09 0 0.142635879642
7.1 0 0.143989647979
7.11 0 0.14395168379
7.12 0 0.14395168379
7.13 0 0.145786694377
7.14 0 0.147545084992
7.15 0 0.149505380407
7.16 0 0.151102313077
7.17 0 0.154284269794
7.18 0 0.154284269794
7.19 0 0.161473737025
7.2 0 0.162169719786
7.21 0 0.162169719786
7.22 0 0.1617447481
7.23 0 0.162383729871
7.24 0 0.162383729871
7.25 0 0.164558476072
7.26 0 0.166557292549
7.27 0 0.168866019425
7.28 0 0.170373166494
7.29 0 0.171038478227
7.3 0 0.171428936085
7.31 0 0.169664016078
7.32 0 0.167994751058
7.33 0 0.165246075361
7.34 0 0.164764119752
7.35 0 0.159446589921
7.36 0 0.15721380533
7.37 0 0.157016879269
7.38 0 0.153977574214
7.39 0 0.153298539399
7.4 0 0.152980874804
7.41 0 0.149157490507
7.42 0 0.149157490507
7.43 0 0.141651059919
7.44 0 0.138600278203
7.45 0 0.133968748334
7.46 0 0.131712123961
7.47 0 0.130663200864
7.48 0 0.130739316859
7.49 0 0.131236095951
7.5 0 0.132887259288
7.51 0 0.134112054687
7.52 0 0.1350170294
7.53 0 0.1350170294
7.54 0 0.1350170294
7.55 0 0.135674084908
7.56 0 0.135859020858
7.57 0 0.136002724811
7.58 0 0.137010642945
7.59 0 0.138476029683
7.6 0 0.138989565124
7.61 0 0.140263505105
7.62 0 0.140263505105
7.63 0 0.140786177705
7.64 0 0.141197233133
7.65 0 0.141539508086
7.66 0 0.141550135055
7.67 0 0.141558670519
7.68 0 0.141085671565
7.69 0 0.141085671565
7.7 0 0.141085671565
7.71 0 0.141085671565
7.72 0 0.138203832302
7.73 0 0.138342255025
7.74 0 0.139765529239
7.75 0 0.13921149449
7.76 0 0.13921149449
7.77 0 0.137289075544
7.78 0 0.137862578108
7.79 0 0.138321691851
7.8 0 0.138892647874
7.81 0 0.141692740692
7.82 0 0.140724095569
7.83 0 0.141726996011
7.84 0 0.141161888918
7.85 0 0.14272921529
7.86 0 0.143887042414
7.87 0 0.147770952346
7.88 0 0.146598386707
7.89 0 0.147063351047
7.9 0 0.146876553832
7.91 0 0.148816105344
7.92 0 0.149280711681
7.93 0 0.149725117359
7.94 0 0.14963720316
7.95 0 0.152004025552
7.96 0 0.153523280279
7.97 0 0.157748755961
7.98 0 0.159026663383
7.99 0 0.158297438098
8.0 0 0.158824664507
8.01 0 0.158958258663
8.02 0 0.159129852051
8.03 0 0.16134915943
8.04 0 0.162433428253
8.05 0 0.162150160025
8.06 0 0.164229906759
8.07 0 0.163330922365
8.08 0 0.163514570836
8.09 0 0.164371758307
8.1 0 0.16193875677
8.11 0 0.160529926939
8.12 0 0.157618412925
8.13 0 0.155563133743
8.14 0 0.155563133743
8.15 0 0.152407604644
8.16 0 0.151574037149
8.17 0 0.150967238335
8.18 0 0.14940506247
8.19 0 0.147898056535
8.2 0 0.145990494773
8.21 0 0.145155416586
8.22 0 0.142341654654
8.23 0 0.14109557169
8.24 0 0.141204962874
8.25 0 0.141895580757
8.26 0 0.142301595622
8.27 0 0.142781278802
8.28 0 0.14218758534
8.29 0 0.141518876318
8.3 0 0.141847758158
8.31 0 0.142721520545
8.32 0 0.142948911091
8.33 0 0.142948911091
8.34 0 0.142948911091
8.35 0 0.142948911091
8.36 0 0.144577237829
8.37 0 0.144376871937
8.38 0 0.144206326037
8.39 0 0.143945313632
8.4 0 0.143662428603
8.41 0 0.143491879508
8.42 0 0.14309136889
8.43 0 0.14150852679
8.44 0 0.141000473618
8.45 0 0.141007276663
8.46 0 0.140987032919
8.47 0 0.141334485068
8.48 0 0.142157455765
8.49 0 0.144939440571
8.5 0 0.14515398375
8.51 0 0.146572973453
8.52 0 0.147325017546
8.53 0 0.149225343675
8.54 0 0.149213292017
8.55 0 0.150950871121
8.56 0 0.153124356173
8.57 0 0.153959106224
8.58 0 0.153772957101
8.59 0 0.15674823356
8.6 0 0.158249466569
8.61 0 0.160104038459
8.62 0 0.162959799646
8.63 0 0.166475532541
8.64 0 0.166595292733
8.65 0 0.168437381408
8.66 0 0.168415620761
8.67 0 0.170341814777
8.68 0 0.169262100408
8.69 0 0.169808696599
8.7 0 0.171936481464
8.71 0 0.171399301392
8.72 0 0.175884342349
8.73 0 0.179437778096
8.74 0 0.181693833984
8.75 0 0.184404467344
8.76 0 0.186457488905
8.77 0 0.1896664471
8.78 0 0.1902936366
8.79 0 0.190537272739
8.8 0 0.190771102949
8.81 0 0.190338921972
8.82 0 0.190530003104
8.83 0 0.191123323339
8.84 0 0.189220598913
8.85 0 0.185997968421
8.86 0 0.185997968421
8.87 0 0.183061801796
8.88 0 0.179957822719
8.89 0 0.179957822719
8.9 0 0.179957822719
8.91 0 0.179957822719
8.92 0 0.172598106743
8.93 0 0.172598106743
8.94 0 0.161906089081
8.95 0 0.156257682709
8.96 0 0.15547709935
8.97 0 0.152108947623
8.98 0 0.149622308599
8.99 0 0.146572655342
9.0 0 0.144537680444
9.01 0 0.144122503039
9.02 0 0.143150349648
9.03 0 0.142959760735
9.04 0 0.142214422849
9.05 0 0.141394480703
9.06 0 0.140973001888
9.07 0 0.142006449929
9.08 0 0.142372538202
9.09 0 0.141783932137
9.1 0 0.142615229792
9.11 0 0.144460514863
9.12 0 0.145457453086
9.13 0 0.146182871282
9.14 0 0.146754475238
9.15 0 0.146823875232
9.16 0 0.147134369603
9.17 0 0.147172961846
9.18 0 0.147221275627
9.19 0 0.147089379483
9.2 0 0.146953397509
9.21 0 0.147084880606
9.22 0 0.145722471337
9.23 0 0.145011634965
9.24 0 0.144745977435
9.25 0 0.144422258291
9.26 0 0.144059240568
9.27 0 0.143823953057
9.28 0 0.143968367963
9.29 0 0.144917543889
9.3 0 0.145928945631
9.31 0 0.148882590074
9.32 0 0.149105999126
9.33 0 0.150158182204
9.34 0 0.152469146076
9.35 0 0.153793742968
9.36 0 0.154969724513
9.37 0 0.157221180508
9.38 0 0.157892216348
9.39 0 0.157591601302
9.4 0 0.160191524831
9.41 0 0.161995547597
9.42 0 0.16355307499
9.43 0 0.1674249768
9.44 0 0.17001448917
9.45 0 0.17073710758
9.46 0 0.170270116406
9.47 0 0.171428794603
9.48 0 0.173156282716
9.49 0 0.178048039389
9.5 0 0.178602393599
9.51 0 0.183042696874
9.52 0 0.187318070201
9.53 0 0.1912397891
9.54 0 0.192463828555
9.55 0 0.196454634095
9.56 0 0.197002085412
9.57 0 0.196359530657
9.58 0 0.196974105844
9.59 0 0.199302932888
9.6 0 0.198201527787
9.61 0 0.196548736484
9.62 0 0.195006647604
9.63 0 0.191603072171
9.64 0 0.191452518655
9.65 0 0.190623296483
9.66 0 0.190623296483
9.67 0 0.190623296483
9.68 0 0.190623296483
9.69 0 0.189272101189
9.7 0 0.189272101189
9.71 0 0.181039633637
9.72 0 0.177269128581
9.73 0 0.173331488267
9.74 0 0.171530163594
9.75 0 0.171530163594
9.76 0 0.165241131015
9.77 0 0.16416369236
9.78 0 0.164858793831
9.79 0 0.165919890257
9.8 0 0.165924860222
9.81 0 0.166643477087
9.82 0 0.168984835283
9.83 0 0.169088551495
9.84 0 0.171164433499
9.85 0 0.171946637744
9.86 0 0.171677491987
9.87 0 0.170283743294
9.88 0 0.170304460042
9.89 0 0.170304460042
9.9 0 0.170304460042
9.91 0 0.169687747969
9.92 0 0.169001136013
9.93 0 0.169155254472
9.94 0 0.169366377253
9.95 0 0.169063416967
9.96 0 0.169063416967
9.97 0 0.169063416967
9.98 0 0.169065296137
9.99 0 0.169065296137
10.0 0 0.169065296137
10.01 0 0.165737250596
10.02 0 0.16431139518
10.03 0 0.16286214508
10.04 0 0.162775231201
10.05 0 0.162669108106
10.06 0 0.163156859384
10.07 0 0.163222054094
10.08 0 0.16249237403
10.09 0 0.161980907547
10.1 0 0.162417633423
10.11 0 0.163428693446
10.12 0 0.163439866486
10.13 0 0.165139254769
10.14 0 0.165139254769
10.15 0 0.168178434096
10.16 0 0.169238677579
10.17 0 0.169088026419
10.18 0 0.169822362474
10.19 0 0.169596518827
10.2 0 0.169877056684
10.21 0 0.169877056684
10.22 0 0.169877056684
10.23 0 0.168229827512
10.24 0 0.168229827512
10.25 0 0.168229827512
10.26 0 0.17729630542
10.27 0 0.176539816672
10.28 0 0.183147867772
10.29 0 0.183759893789
10.3 0 0.18285158639
10.31 0 0.186861859246
10.32 0 0.188522994207
10.33 0 0.194463133564
10.34 0 0.193874761504
10.35 0 0.195721881534
10.36 0 0.198519406364
10.37 0 0.200953190801
10.38 0 0.202763156443
10.39 0 0.203066864998
10.4 0 0.20200470885
10.41 0 0.20200470885
10.42 0 0.20200470885
10.43 0 0.20200470885
10.44 0 0.200841432012
10.45 0 0.200841432012
10.46 0 0.19840819979
10.47 0 0.19840819979
10.48 0 0.19840819979
10.49 0 0.19840819979
10.5 0 0.190809468523
10.51 0 0.190809468523
10.52 0 0.190809468523
10.53 0 0.190809468523
10.54 0 0.173607751414
10.55 0 0.171663902482
10.56 0 0.171663902482
10.57 0 0.170190794248
10.58 0 0.169576430818
10.59 0 0.169730841569
10.6 0 0.170377203943
10.61 0 0.170709623479
10.62 0 0.170883180711
10.63 0 0.170815076792
10.64 0 0.171195909124
10.65 0 0.171012290531
10.66 0 0.171161539764
10.67 0 0.171161539764
10.68 0 0.171785396717
10.69 0 0.171187885407
10.7 0 0.169749438338
10.71 0 0.168413802741
10.72 0 0.167175557865
10.73 0 0.166937991347
10.74 0 0.166541740363
10.75 0 0.165779260501
10.76 0 0.165779260501
10.77 0 0.165779260501
10.78 0 0.164231398127
10.79 0 0.164231398127
10.8 0 0.164231398127
10.81 0 0.162940053058
10.82 0 0.162940053058
10.83 0 0.162940053058
10.84 0 0.165979232538
10.85 0 0.16669050542
10.86 0 0.167958995337
10.87 0 0.169519744732
10.88 0 0.17068318781
10.89 0 0.172394834984
10.9 0 0.172832555214
10.91 0 0.175413577913
10.92 0 0.17719106066
10.93 0 0.17815711657
10.94 0 0.182956584555
10.95 0 0.183101280807
10.96 0 0.188050270793
10.97 0 0.192298972045
10.98 0 0.192610785981
10.99 0 0.193575696294
11.0 0 0.193575696294
11.01 0 0.194156515194
11.02 0 0.197319462588
11.03 0 0.197740704068
11.04 0 0.196221158585
11.05 0 0.198089766116
11.06 0 0.198569906533
11.07 0 0.199783069634
11.08 0 0.202520460574
11.09 0 0.201789810769
11.1 0 0.202529929185
11.11 0 0.203794524046
11.12 0 0.201056779898
11.13 0 0.202049138504
11.14 0 0.202499757927
11.15 0 0.201884480161
11.16 0 0.204099013778
11.17 0 0.202149985799
11.18 0 0.204094575954
11.19 0 0.203558014885
11.2 0 0.203558014885
11.21 0 0.204692324072
11.22 0 0.203564746456
11.23 0 0.202771260268
11.24 0 0.202117333898
11.25 0 0.197704396687
11.26 0 0.197704396687
11.27 0 0.193647745159
11.28 0 0.192377040276
11.29 0 0.191390696056
11.3 0 0.186765818816
11.31 0 0.185620710159
11.32 0 0.184320610156
11.33 0 0.18354325119
11.34 0 0.183431879636
11.35 0 0.183379578073
11.36 0 0.184010695376
11.37 0 0.183073677442
11.38 0 0.183073677442
11.39 0 0.182420925562
11.4 0 0.181750106255
11.41 0 0.180982448008
11.42 0 0.180588873892
11.43 0 0.180523039239
11.44 0 0.180399240354
11.45 0 0.181268296934
11.46 0 0.179708903401
11.47 0 0.179678353897
11.48 0 0.178366884835
11.49 0 0.178366884835
11.5 0 0.177764354433
11.51 0 0.177192442855
11.52 0 0.177420423592
11.53 0 0.177463465971
11.54 0 0.177578782399
11.55 0 0.177205613432
11.56 0 0.176891309829
11.57 0 0.176521311649
11.58 0 0.176467727708
11.59 0 0.175513885613
11.6 0 0.175717366754
11.61 0 0.176033492236
11.62 0 0.176555782995
11.63 0 0.177338178161
11.64 0 0.178429573601
11.65 0 0.178770296461
11.66 0 0.180110394414
11.67 0 0.180110394414
11.68 0 0.180110394414
11.69 0 0.186431783822
11.7 0 0.187430235715
11.71 0 0.187430235715
11.72 0 0.187430235715
11.73 0 0.192568593514
11.74 0 0.192568593514
11.75 0 0.192568593514
11.76 0 0.192568593514
11.77 0 0.194950028362
11.78 0 0.194950028362
11.79 0 0.194950028362
11.8 0 0.202166776731
11.81 0 0.202166776731
11.82 0 0.202166776731
11.83 0 0.208891990906
11.84 0 0.210372209642
11.85 0 0.210134997092
11.86 0 0.211299449942
11.87 0 0.213101862076
11.88 0 0.212880762667
11.89 0 0.217217325276
11.9 0 0.217802595954
11.91 0 0.219780636499
11.92 0 0.21949372445
11.93 0 0.219342445342
11.94 0 0.218992938517
11.95 0 0.217893635104
11.96 0 0.2177046166
11.97 0 0.216067064618
11.98 0 0.21627305909
11.99 0 0.215612970274
12.0 0 0.214332972458
12.01 0 0.21349909721
12.02 0 0.212130579272
12.03 0 0.210718575032
12.04 0 0.209691429191
12.05 0 0.209388206608
12.06 0 0.208609825024
12.07 0 0.205944738213
12.08 0 0.200658042352
12.09 0 0.199162984308
12.1 0 0.195431507446
12.11 0 0.194856801456
12.12 0 0.191978187556
12.13 0 0.191434692138
12.14 0 0.19063778588
12.15 0 0.191443000208
12.16 0 0.19211054945
12.17 0 0.192434454065
12.18 0 0.192408500062
12.19 0 0.193680629282
12.2 0 0.19399080921
12.21 0 0.193520661955
12.22 0 0.193572399944
12.23 0 0.193469879468
12.24 0 0.1937442858
12.25 0 0.193463582985
12.26 0 0.193675267299
12.27 0 0.194131362753
12.28 0 0.196234947492
12.29 0 0.196851814679
12.3 0 0.19807385865
12.31 0 0.200117585558
12.32 0 0.200428139674
12.33 0 0.201620545128
12.34 0 0.203253249813
12.35 0 0.20371047172
12.36 0 0.20411089869
12.37 0 0.204758392681
12.38 0 0.205726123689
12.39 0 0.207046098742
12.4 0 0.208002199084
12.41 0 0.208594320189
12.42 0 0.208594320189
12.43 0 0.21173341836
12.44 0 0.21173341836
12.45 0 0.21173341836
12.46 0 0.21173341836
12.47 0 0.218173318899
12.48 0 0.218173318899
12.49 0 0.22256891696
12.5 0 0.223448448974
12.51 0 0.226071099097
12.52 0 0.227174057907
12.53 0 0.228338665181
12.54 0 0.229070782239
12.55 0 0.228592839936
12.56 0 0.230088488368
12.57 0 0.231171058518
12.58 0 0.234128312285
12.59 0 0.236160011863
12.6 0 0.238228150803
12.61 0 0.24004540355
12.62 0 0.241363755723
12.63 0 0.242578757782
12.64 0 0.24230099462
12.65 0 0.243838541271
12.66 0 0.243838541271
12.67 0 0.243838541271
12.68 0 0.250426563584
12.69 0 0.250426563584
12.7 0 0.250426563584
12.71 0 0.25119549645
12.72 0 0.25119549645
12.73 0 0.25119549645
12.74 0 0.25119549645
12.75 0 0.249070940251
12.76 0 0.247565460511
12.77 0 0.24605354957
12.78 0 0.24605354957
12.79 0 0.24540569875
12.8 0 0.244786717428
12.81 0 0.244786717428
12.82 0 0.240985598481
12.83 0 0.240599655479
12.84 0 0.239823424588
12.85 0 0.240622035305
12.86 0 0.240589724162
12.87 0 0.240348592321
12.88 0 0.239589408996
12.89 0 0.239197880932
12.9 0 0.239091533779
12.91 0 0.23849130858
12.92 0 0.238386940212
12.93 0 0.238186064841
12.94 0 0.238186064841
12.95 0 0.238186064841
12.96 0 0.238186064841
12.97 0 0.236442972404
12.98 0 0.236442972404
12.99 0 0.226836291396
13.0 0 0.226164221448
13.01 0 0.221548601986
13.02 0 0.217521722918
13.03 0 0.21531236861
13.04 0 0.213717589707
13.05 0 0.209222358768
13.06 0 0.207790182173
13.07 0 0.207591103905
13.08 0 0.20492539025
13.09 0 0.202993741617
13.1 0 0.201896402743
13.11 0 0.199685911872
13.12 0 0.199499238977
13.13 0 0.199343218766
13.14 0 0.198774894097
13.15 0 0.198774894097
13.16 0 0.198774894097
13.17 0 0.198774894097
13.18 0 0.19820532463
13.19 0 0.19820532463
13.2 0 0.19820532463
13.21 0 0.19868298012
13.22 0 0.19868298012
13.23 0 0.19868298012
13.24 0 0.200477086984
13.25 0 0.200477086984
13.26 0 0.200477086984
13.27 0 0.210452364623
13.28 0 0.210691799574
13.29 0 0.210691799574
13.3 0 0.212563292457
13.31 0 0.213920802825
13.32 0 0.215893259546
13.33 0 0.218686030926
13.34 0 0.21797515506
13.35 0 0.220983517659
13.36 0 0.220421504982
13.37 0 0.222674944029
13.38 0 0.221826845654
13.39 0 0.224605297092
13.4 0 0.224178453974
13.41 0 0.226453594723
13.42 0 0.227796889004
13.43 0 0.228866675534
13.44 0 0.229144128345
13.45 0 0.23180598092
13.46 0 0.233210649794
13.47 0 0.233796644658
13.48 0 0.236358379166
13.49 0 0.237691792528
13.5 0 0.23792416041
13.51 0 0.238254219337
13.52 0 0.237991785546
13.53 0 0.237526551902
13.54 0 0.236364327073
13.55 0 0.236290949371
13.56 0 0.235492111425
13.57 0 0.234610725342
13.58 0 0.234541127095
13.59 0 0.234164830678
13.6 0 0.234938782812
13.61 0 0.234745825199
13.62 0 0.234654866063
13.63 0 0.234832509842
13.64 0 0.234653242054
13.65 0 0.234188959896
13.66 0 0.23329916193
13.67 0 0.233093359198
13.68 0 0.231929652263
13.69 0 0.231807867282
13.7 0 0.229955913371
13.71 0 0.229809582343
13.72 0 0.229821449539
13.73 0 0.229887042327
13.74 0 0.229768081299
13.75 0 0.229648705178
13.76 0 0.226710830973
13.77 0 0.225442539471
13.78 0 0.2245768021
13.79 0 0.219486576129
13.8 0 0.218349506948
13.81 0 0.217751411184
13.82 0 0.216068333576
13.83 0 0.215093330554
13.84 0 0.213390992034
13.85 0 0.212048156764
13.86 0 0.210359610685
13.87 0 0.209120051266
13.88 0 0.208577194536
13.89 0 0.208577194536
13.9 0 0.208279960873
13.91 0 0.208310460708
13.92 0 0.208503615369
13.93 0 0.208457513565
13.94 0 0.209024505194
13.95 0 0.209070023867
13.96 0 0.210457918297
13.97 0 0.211286241292
13.98 0 0.211900135234
13.99 0 0.211900135234
14.0 0 0.211900135234
14.01 0 0.212130309951
14.02 0 0.212130309951
14.03 0 0.212130309951
14.04 0 0.212130309951
14.05 0 0.217559737986
14.06 0 0.218868600489
14.07 0 0.222739163645
14.08 0 0.224648279539
14.09 0 0.228091222242
14.1 0 0.231347819652
14.11 0 0.234549577016
14.12 0 0.237651822281
14.13 0 0.240070975565
14.14 0 0.240595272509
14.15 0 0.24081291187
14.16 0 0.242112117925
14.17 0 0.241922466552
14.18 0 0.241788437023
14.19 0 0.243332444129
14.2 0 0.240864379426
14.21 0 0.241969498568
14.22 0 0.242094262778
14.23 0 0.2470905823
14.24 0 0.248654044128
14.25 0 0.251662568356
14.26 0 0.252694100249
14.27 0 0.253682254506
14.28 0 0.254164488831
14.29 0 0.253826800304
14.3 0 0.252655324011
14.31 0 0.251267007728
14.32 0 0.249254660021
14.33 0 0.245470482326
14.34 0 0.242054389649
14.35 0 0.239965541821
14.36 0 0.239519299568
14.37 0 0.237245856818
14.38 0 0.236935364819
14.39 0 0.235584611978
14.4 0 0.235015584188
14.41 0 0.235189591602
14.42 0 0.235889786365
14.43 0 0.237136649082
14.44 0 0.239955235959
14.45 0 0.242835131301
14.46 0 0.245138737826
14.47 0 0.248339362344
14.48 0 0.250291191668
14.49 0 0.250759300625
14.5 0 0.251427307858
14.51 0 0.253533750894
14.52 0 0.253419952109
14.53 0 0.253193566501
14.54 0 0.2532274059
14.55 0 0.25244238213
14.56 0 0.250888507076
14.57 0 0.249345294549
14.58 0 0.247352666472
14.59 0 0.244197473824
14.6 0 0.238768804226
14.61 0 0.238550922186
14.62 0 0.235260589751
14.63 0 0.233446242636
14.64 0 0.23075639183
14.65 0 0.225295011801
14.66 0 0.221874599177
14.67 0 0.221305262717
14.68 0 0.219377475031
14.69 0 0.21886576038
14.7 0 0.218888073896
14.71 0 0.219112824119
14.72 0 0.219886164331
14.73 0 0.220310399139
14.74 0 0.220829933715
14.75 0 0.221893150478
14.76 0 0.222152316831
14.77 0 0.2235672686
14.78 0 0.224610471834
14.79 0 0.226652802078
14.8 0 0.228594129676
14.81 0 0.230367450243
14.82 0 0.230908635983
14.83 0 0.231178215162
14.84 0 0.231544007363
14.85 0 0.236097938357
14.86 0 0.237455094159
14.87 0 0.238141153314
14.88 0 0.240308292469
14.89 0 0.240308292469
14.9 0 0.240308292469
14.91 0 0.240308292469
14.92 0 0.240336257048
14.93 0 0.240336257048
14.94 0 0.240336257048
14.95 0 0.244210725242
14.96 0 0.244210725242
14.97 0 0.244210725242
14.98 0 0.249162145141
14.99 0 0.249943544825
15.0 0 0.251363428897
15.01 0 0.254521540715
15.02 0 0.255621515773
15.03 0 0.257181895515
15.04 0 0.258433495313
15.05 0 0.259473477385
15.06 0 0.25915058629
15.07 0 0.260685139591
15.08 0 0.260912140672
15.09 0 0.259685178154
15.1 0 0.258766265593
15.11 0 0.259118838594
15.12 0 0.259383507328
15.13 0 0.259086339017
15.14 0 0.258792589506
15.15 0 0.259320281342
15.16 0 0.25734805444
15.17 0 0.254990447631
15.18 0 0.251948800251
15.19 0 0.248025873075
15.2 0 0.246044524492
15.21 0 0.243556723262
15.22 0 0.243439837017
15.23 0 0.24319828624
15.24 0 0.243194269396
15.25 0 0.242377416356
15.26 0 0.242220987496
15.27 0 0.240783906249
15.28 0 0.240329782286
15.29 0 0.239540330932
15.3 0 0.239319682927
15.31 0 0.237901744355
15.32 0 0.236529791451
15.33 0 0.236033366883
15.34 0 0.236033366883
15.35 0 0.236033366883
15.36 0 0.232983837352
15.37 0 0.232761231294
15.38 0 0.232362254736
15.39 0 0.232273075432
15.4 0 0.231465571949
15.41 0 0.230757120424
15.42 0 0.230576568321
15.43 0 0.231591440396
15.44 0 0.231865317963
15.45 0 0.231775738268
15.46 0 0.231404775591
15.47 0 0.232325610308
15.48 0 0.232877862987
15.49 0 0.232877862987
15.5 0 0.232877862987
15.51 0 0.232877862987
15.52 0 0.236611898189
15.53 0 0.236611898189
15.54 0 0.236611898189
15.55 0 0.24233055889
15.56 0 0.24233055889
15.57 0 0.24233055889
15.58 0 0.251708903731
15.59 0 0.253132415541
15.6 0 0.255097689069
15.61 0 0.255628743434
15.62 0 0.25731205381
15.63 0 0.259423576135
15.64 0 0.262302739516
15.65 0 0.261676648706
15.66 0 0.264925474763
15.67 0 0.264956187415
15.68 0 0.266076413149
15.69 0 0.268525196377
15.7 0 0.275386978934
15.71 0 0.275830682514
15.72 0 0.277761219235
15.73 0 0.280603708244
15.74 0 0.281449077102
15.75 0 0.279546645052
15.76 0 0.281042348536
15.77 0 0.278399578977
15.78 0 0.276993598983
15.79 0 0.275358670395
15.8 0 0.276599453691
15.81 0 0.277457384672
15.82 0 0.277973435827
15.83 0 0.27977155866
15.84 0 0.280507889842
15.85 0 0.280752670777
15.86 0 0.280752670777
15.87 0 0.278354256047
15.88 0 0.275935038727
15.89 0 0.27424328138
15.9 0 0.271538979383
15.91 0 0.271538979383
15.92 0 0.271538979383
15.93 0 0.266189523712
15.94 0 0.264086974704
15.95 0 0.263713164232
15.96 0 0.262693851992
15.97 0 0.260263488256
15.98 0 0.260263488256
15.99 0 0.259904760166
16.0 0 0.260217840181
16.01 0 0.260398033334
16.02 0 0.260962658309
16.03 0 0.259965439505
16.04 0 0.257585671312
16.05 0 0.256584841554
16.06 0 0.257108437496
16.07 0 0.257073057105
16.08 0 0.256877502139
16.09 0 0.256351177357
16.1 0 0.255592186705
16.11 0 0.252958678196
16.12 0 0.252839053109
16.13 0 0.25408234645
16.14 0 0.256097598163
16.15 0 0.256097598163
16.16 0 0.25673267162
16.17 0 0.257239284333
16.18 0 0.258011671626
16.19 0 0.258045760657
16.2 0 0.259113028228
16.21 0 0.259519954008
16.22 0 0.260705436219
16.23 0 0.262251005105
16.24 0 0.262113822601
16.25 0 0.262335353648
16.26 0 0.262837292944
16.27 0 0.264135331735
16.28 0 0.264862588379
16.29 0 0.265641981029
16.3 0 0.265845382418
16.31 0 0.267790784142
16.32 0 0.267852235708
16.33 0 0.268667917802
16.34 0 0.272364288162
16.35 0 0.273405951857
16.36 0 0.274835420719
16.37 0 0.27368185997
16.38 0 0.280300601067
16.39 0 0.280984035068
16.4 0 0.285179167684
16.41 0 0.286146071
16.42 0 0.287282403014
16.43 0 0.287417659035
16.44 0 0.291527109637
16.45 0 0.290940228436
16.46 0 0.291046098637
16.47 0 0.291629123824
16.48 0 0.295681029035
16.49 0 0.297600541704
16.5 0 0.291589615385
16.51 0 0.300417226468
16.52 0 0.299142794484
16.53 0 0.305399470347
16.54 0 0.30274422745
16.55 0 0.31271101594
16.56 0 0.31281376431
16.57 0 0.316296922731
16.58 0 0.317878506524
16.59 0 0.320620135944
16.6 0 0.320160202028
16.61 0 0.320176396711
16.62 0 0.320893926118
16.63 0 0.321053033595
16.64 0 0.320485767925
16.65 0 0.318691432355
16.66 0 0.317526184058
16.67 0 0.314633142486
16.68 0 0.310782337596
16.69 0 0.307550717037
16.7 0 0.305227903376
16.71 0 0.304455702436
16.72 0 0.304455702436
16.73 0 0.304455702436
16.74 0 0.298438765102
16.75 0 0.298438765102
16.76 0 0.298438765102
16.77 0 0.295624196084
16.78 0 0.283526717402
16.79 0 0.281241571081
16.8 0 0.280489591043
16.81 0 0.280021121853
16.82 0 0.279479895609
16.83 0 0.279000768565
16.84 0 0.279200655159
16.85 0 0.279722106964
16.86 0 0.279304871981
16.87 0 0.278962415108
16.88 0 0.278297151091
16.89 0 0.277382437003
16.9 0 0.277327851235
16.91 0 0.278384238954
16.92 0 0.279153127337
16.93 0 0.27929806814
16.94 0 0.27929806814
16.95 0 0.278709484401
16.96 0 0.278476919679
16.97 0 0.278034942235
16.98 0 0.278492668549
16.99 0 0.278614405751
17.0 0 0.278370846564
17.01 0 0.278022109427
17.02 0 0.278022109427
17.03 0 0.273509889851
17.04 0 0.273112073659
17.05 0 0.272180387835
17.06 0 0.272691693729
17.07 0 0.272122001068
17.08 0 0.271843729254
17.09 0 0.272502262323
17.1 0 0.272660975453
17.11 0 0.273319786327
17.12 0 0.274521264022
17.13 0 0.275019268093
17.14 0 0.274016199096
17.15 0 0.277203112135
17.16 0 0.277779898501
17.17 0 0.283091051624
17.18 0 0.283794429984
17.19 0 0.285640415726
17.2 0 0.28865136934
17.21 0 0.289609158487
17.22 0 0.292616080707
17.23 0 0.291556943173
17.24 0 0.293599327089
17.25 0 0.294476761221
17.26 0 0.293658032973
17.27 0 0.292331572024
17.28 0 0.29656816828
17.29 0 0.29656816828
17.3 0 0.300155219068
17.31 0 0.302271368478
17.32 0 0.30535321001
17.33 0 0.307118716115
17.34 0 0.315680575621
17.35 0 0.319027074316
17.36 0 0.319643505108
17.37 0 0.324738125416
17.38 0 0.326981577921
17.39 0 0.328745852465
17.4 0 0.329635052968
17.41 0 0.329638367572
17.42 0 0.328614043021
17.43 0 0.328614043021
17.44 0 0.326907348048
17.45 0 0.325016026725
17.46 0 0.324223956306
17.47 0 0.323416679876
17.48 0 0.322831755879
17.49 0 0.320703993721
17.5 0 0.319155399334
17.51 0 0.316162755389
17.52 0 0.313761300625
17.53 0 0.307672582699
17.54 0 0.303341488918
17.55 0 0.302841735831
17.56 0 0.300715274411
17.57 0 0.299217615871
17.58 0 0.298937198142
17.59 0 0.297311805562
17.6 0 0.296711850468
17.61 0 0.296721442965
17.62 0 0.294549511149
17.63 0 0.294561345838
17.64 0 0.295095510901
17.65 0 0.296630933605
17.66 0 0.297475145128
17.67 0 0.297582968096
17.68 0 0.297614635608
17.69 0 0.297813316355
17.7 0 0.298041441833
17.71 0 0.298397605581
17.72 0 0.299323906629
17.73 0 0.299601656997
17.74 0 0.299909372044
17.75 0 0.299796102467
17.76 0 0.300701900557
17.77 0 0.301209525209
17.78 0 0.301502680755
17.79 0 0.302030538947
17.8 0 0.303212443078
17.81 0 0.302895803625
17.82 0 0.3032949021
17.83 0 0.302728847594
17.84 0 0.302422237732
17.85 0 0.299198471717
17.86 0 0.299198471717
17.87 0 0.298644209112
17.88 0 0.299487627524
17.89 0 0.300004862945
17.9 0 0.300513353638
17.91 0 0.300659761262
17.92 0 0.302882937081
17.93 0 0.3022937266
17.94 0 0.302426913343
17.95 0 0.303156799842
17.96 0 0.305719859253
17.97 0 0.309290060825
17.98 0 0.309083995229
17.99 0 0.310178106403
18.0 0 0.314978707077
18.01 0 0.31995614232
18.02 0 0.326278595048
18.03 0 0.327540935811
18.04 0 0.329698981113
18.05 0 0.330495486075
18.06 0 0.332218899886
18.07 0 0.331706289016
18.08 0 0.336371384753
18.09 0 0.338284257533
18.1 0 0.341687188688
18.11 0 0.342889189271
18.12 0 0.342028873904
18.13 0 0.34517867534
18.14 0 0.345402286697
18.15 0 0.344670230713
18.16 0 0.348719967114
18.17 0 0.348719967114
18.18 0 0.346177917018
18.19 0 0.346177917018
18.2 0 0.346702599717
18.21 0 0.348164961649
18.22 0 0.34718015161
18.23 0 0.34718015161
18.24 0 0.34718015161
18.25 0 0.351216296142
18.26 0 0.351216296142
18.27 0 0.351216296142
18.28 0 0.349614068074
18.29 0 0.349470538386
18.3 0 0.346931172492
18.31 0 0.346931172492
18.32 0 0.345983917253
18.33 0 0.345667693964
18.34 0 0.345159026667
18.35 0 0.344508705105
18.36 0 0.340886018798
18.37 0 0.339093500076
18.38 0 0.336320948683
18.39 0 0.336275524886
18.4 0 0.336851341594
18.41 0 0.336965955541
18.42 0 0.336965955541
18.43 0 0.336965955541
18.44 0 0.336965955541
18.45 0 0.336693457065
18.46 0 0.336910503552
18.47 0 0.337079772857
18.48 0 0.336877936301
18.49 0 0.336020987692
18.5 0 0.33450992476
18.51 0 0.332482191539
18.52 0 0.332418528339
18.53 0 0.332418528339
18.54 0 0.332418528339
18.55 0 0.332418528339
18.56 0 0.32925663608
18.57 0 0.32925663608
18.58 0 0.32925663608
18.59 0 0.329971496361
18.6 0 0.329971496361
18.61 0 0.329971496361
18.62 0 0.329971496361
18.63 0 0.328979825417
18.64 0 0.32881558268
18.65 0 0.330101482687
18.66 0 0.330305379696
18.67 0 0.330305379696
18.68 0 0.33222768909
18.69 0 0.333146638202
18.7 0 0.335937848093
18.71 0 0.334952286305
18.72 0 0.335771734688
18.73 0 0.338677357053
18.74 0 0.340865929827
18.75 0 0.343191458324
18.76 0 0.344696268723
18.77 0 0.348792638559
18.78 0 0.348657509499
18.79 0 0.352322746343
18.8 0 0.353402416595
18.81 0 0.354660519095
18.82 0 0.356893187146
18.83 0 0.355843894588
18.84 0 0.356764580603
18.85 0 0.360670454471
18.86 0 0.361800054579
18.87 0 0.363530559707
18.88 0 0.365493901722
18.89 0 0.365834567196
18.9 0 0.36634718559
18.91 0 0.366821942696
18.92 0 0.368056041048
18.93 0 0.368848081641
18.94 0 0.371142704947
18.95 0 0.372798321971
18.96 0 0.372956467125
18.97 0 0.372899945062
18.98 0 0.373543490498
18.99 0 0.373543490498
19.0 0 0.373543490498
19.01 0 0.377027577353
19.02 0 0.377027577353
19.03 0 0.378614619263
19.04 0 0.378614619263
19.05 0 0.378614619263
19.06 0 0.378614619263
19.07 0 0.375202598049
19.08 0 0.373174790757
19.09 0 0.372091606798
19.1 0 0.371382683946
19.11 0 0.37023346812
19.12 0 0.369635637476
19.13 0 0.369728476034
19.14 0 0.370201282765
19.15 0 0.370007085897
19.16 0 0.368504569797
19.17 0 0.366853000099
19.18 0 0.366303241293
19.19 0 0.365956231979
19.2 0 0.364454559376
19.21 0 0.363652827181
19.22 0 0.363403846033
19.23 0 0.361847339343
19.24 0 0.36009945218
19.25 0 0.360009175733
19.26 0 0.359756933822
19.27 0 0.359913659104
19.28 0 0.360007576263
19.29 0 0.359931845452
19.3 0 0.359116689411
19.31 0 0.358323945362
19.32 0 0.358072570955
19.33 0 0.357643061696
19.34 0 0.356979068216
19.35 0 0.356979068216
19.36 0 0.358741172405
19.37 0 0.358741172405
19.38 0 0.36073263629
19.39 0 0.36073263629
19.4 0 0.36073263629
19.41 0 0.36131002969
19.42 0 0.36131002969
19.43 0 0.36131002969
19.44 0 0.363263305786
19.45 0 0.363609951028
19.46 0 0.364427826924
19.47 0 0.366834135528
19.48 0 0.367240879057
19.49 0 0.370685860383
19.5 0 0.37060247923
19.51 0 0.373245959037
19.52 0 0.372466352594
19.53 0 0.373747078934
19.54 0 0.378096382724
19.55 0 0.377981748049
19.56 0 0.379790875532
19.57 0 0.386017157488
19.58 0 0.386643732698
19.59 0 0.388617706883
19.6 0 0.393779488692
19.61 0 0.395647377252
19.62 0 0.39864282924
19.63 0 0.399169855253
19.64 0 0.400559576067
19.65 0 0.403195193926
19.66 0 0.403832238787
19.67 0 0.404725621402
19.68 0 0.401648046033
19.69 0 0.40239242371
19.7 0 0.402663321138
19.71 0 0.403191622482
19.72 0 0.4047842846
19.73 0 0.406030297631
19.74 0 0.407828354342
19.75 0 0.407623697225
19.76 0 0.407623697225
19.77 0 0.409175125183
19.78 0 0.411547577336
19.79 0 0.413425228073
19.8 0 0.413534889726
19.81 0 0.413199468246
19.82 0 0.413083128215
19.83 0 0.411560620218
19.84 0 0.411560620218
19.85 0 0.411554012241
19.86 0 0.411078062212
19.87 0 0.410480638119
19.88 0 0.410480638119
19.89 0 0.409341215134
19.9 0 0.408800087303
19.91 0 0.407812525647
19.92 0 0.406926840916
19.93 0 0.405490601277
19.94 0 0.405240482976
19.95 0 0.405042440098
19.96 0 0.405276286364
19.97 0 0.405425622463
19.98 0 0.404001244363
19.99 0 0.403737979556
20.0 0 0.403575926062
20.01 0 0.402979721328
20.02 0 0.402034853439
20.03 0 0.400209744348
20.04 0 0.395430139282
20.05 0 0.393365310607
20.06 0 0.391708481864
20.07 0 0.388964316249
20.08 0 0.386567975824
20.09 0 0.385193956323
20.1 0 0.383829467623
20.11 0 0.383696042327
20.12 0 0.38429250404
20.13 0 0.38429250404
20.14 0 0.38429250404
20.15 0 0.38429250404
20.16 0 0.38903050866
20.17 0 0.392592905594
20.18 0 0.392786185388
20.19 0 0.393008519818
20.2 0 0.39421160551
20.21 0 0.39421160551
20.22 0 0.396099466081
20.23 0 0.396680511682
20.24 0 0.397547220316
20.25 0 0.398646216676
20.26 0 0.400889357852
20.27 0 0.4012143236
20.28 0 0.403359811231
20.29 0 0.404374154632
20.3 0 0.405210272373
20.31 0 0.408677580662
20.32 0 0.412528780474
20.33 0 0.412528780474
20.34 0 0.412528780474
20.35 0 0.414527202861
20.36 0 0.416246951135
20.37 0 0.415780220663
20.38 0 0.415762331049
20.39 0 0.417908724329
20.4 0 0.419879009783
20.41 0 0.420745183933
20.42 0 0.421248651973
20.43 0 0.42265958134
20.44 0 0.422803812732
20.45 0 0.422803812732
20.46 0 0.424706439683
20.47 0 0.425312699622
20.48 0 0.424614721804
20.49 0 0.426699465298
20.5 0 0.426342158828
20.51 0 0.428558820751
20.52 0 0.429267934121
20.53 0 0.43152522729
20.54 0 0.432103176065
20.55 0 0.43524868606
20.56 0 0.435739792861
20.57 0 0.437116916804
20.58 0 0.438241508526
20.59 0 0.438338758667
20.6 0 0.439445539135
20.61 0 0.43903325205
20.62 0 0.438734370571
20.63 0 0.437105929367
20.64 0 0.437254043382
20.65 0 0.435699530611
20.66 0 0.434541196435
20.67 0 0.434515537608
20.68 0 0.434822764395
20.69 0 0.435017050391
20.7 0 0.434808227567
20.71 0 0.433547880187
20.72 0 0.431694300988
20.73 0 0.432603771754
20.74 0 0.432351519136
20.75 0 0.430084554765
20.76 0 0.428386897827
20.77 0 0.426638929931
20.78 0 0.424928704181
20.79 0 0.422876496179
20.8 0 0.419479337755
20.81 0 0.417757878931
20.82 0 0.414033651887
20.83 0 0.410190774676
20.84 0 0.404438683523
20.85 0 0.397811796674
20.86 0 0.397811796674
20.87 0 0.397811796674
20.88 0 0.397811796674
20.89 0 0.396872291096
20.9 0 0.396872291096
20.91 0 0.396872291096
20.92 0 0.398396867047
20.93 0 0.399121013883
20.94 0 0.400096701049
20.95 0 0.400297701359
20.96 0 0.40015694587
20.97 0 0.400237143095
20.98 0 0.40095711267
20.99 0 0.401054773058
21.0 0 0.401054773058
21.01 0 0.404198416054
21.02 0 0.404198416054
21.03 0 0.405398443318
21.04 0 0.408649475648
21.05 0 0.407964076939
21.06 0 0.409463324604
21.07 0 0.411024238714
21.08 0 0.412624028739
21.09 0 0.413636489026
21.1 0 0.413636489026
21.11 0 0.417247234439
21.12 0 0.418537874252
21.13 0 0.423945669289
21.14 0 0.426266146368
21.15 0 0.424503815497
21.16 0 0.428939446824
21.17 0 0.425662690707
21.18 0 0.426606714389
21.19 0 0.427105309032
21.2 0 0.429792707425
21.21 0 0.432777278142
21.22 0 0.434245775285
21.23 0 0.438482738131
21.24 0 0.437028781899
21.25 0 0.437134212303
21.26 0 0.436664085216
21.27 0 0.436052910622
21.28 0 0.435861256064
21.29 0 0.434457559607
21.3 0 0.435875562032
21.31 0 0.436679388237
21.32 0 0.438312105702
21.33 0 0.438312105702
21.34 0 0.438312105702
21.35 0 0.433298362385
21.36 0 0.438542238003
21.37 0 0.439153991611
21.38 0 0.439145578715
21.39 0 0.43898469159
21.4 0 0.438906011106
21.41 0 0.439047728355
21.42 0 0.438825931729
21.43 0 0.439172498175
21.44 0 0.439196491315
21.45 0 0.439224640305
21.46 0 0.440473401962
21.47 0 0.44054033122
21.48 0 0.441100815165
21.49 0 0.440561389957
21.5 0 0.439346684333
21.51 0 0.438337827863
21.52 0 0.437730356269
21.53 0 0.437604943636
21.54 0 0.437518282222
21.55 0 0.437747903606
21.56 0 0.437487543206
21.57 0 0.434901867963
21.58 0 0.434447766883
21.59 0 0.433081238566
21.6 0 0.433081238566
21.61 0 0.433081238566
21.62 0 0.433081238566
21.63 0 0.426826371807
21.64 0 0.426826371807
21.65 0 0.426826371807
21.66 0 0.42123309263
21.67 0 0.421241663434
21.68 0 0.422602243801
21.69 0 0.423754641703
21.7 0 0.424127513815
21.71 0 0.424748035693
21.72 0 0.425011224443
21.73 0 0.425011224443
21.74 0 0.425011224443
21.75 0 0.425011224443
21.76 0 0.426522298506
21.77 0 0.426522298506
21.78 0 0.43191483203
21.79 0 0.432444835173
21.8 0 0.432444835173
21.81 0 0.432252165621
21.82 0 0.432252165621
21.83 0 0.432591130791
21.84 0 0.433036631421
21.85 0 0.43573747708
21.86 0 0.436402518985
21.87 0 0.438225324137
21.88 0 0.438742883116
21.89 0 0.438742883116
21.9 0 0.438742883116
21.91 0 0.447175387788
21.92 0 0.447175387788
21.93 0 0.447175387788
21.94 0 0.459197901799
21.95 0 0.459392006944
21.96 0 0.457834287613
21.97 0 0.458714862372
21.98 0 0.459293191585
21.99 0 0.459293191585
22.0 0 0.459293191585
22.01 0 0.468779796569
22.02 0 0.468779796569
22.03 0 0.468779796569
22.04 0 0.468779796569
22.05 0 0.468779796569
22.06 0 0.469945576035
22.07 0 0.469945576035
22.08 0 0.469945576035
22.09 0 0.469541277209
22.1 0 0.471658316513
22.11 0 0.473758982077
22.12 0 0.475901990238
22.13 0 0.477502662223
22.14 0 0.477492458791
22.15 0 0.479851568845
22.16 0 0.479851568845
22.17 0 0.479851568845
22.18 0 0.479851568845
22.19 0 0.481787115067
22.2 0 0.481787115067
22.21 0 0.481787115067
22.22 0 0.481787115067
22.23 0 0.475839491205
22.24 0 0.474918755107
22.25 0 0.474792635678
22.26 0 0.474792635678
22.27 0 0.474632166025
22.28 0 0.47409942176
22.29 0 0.472015769909
22.3 0 0.470633012527
22.31 0 0.469983311337
22.32 0 0.46948677843
22.33 0 0.468359894011
22.34 0 0.468448308468
22.35 0 0.468399305037
22.36 0 0.468399305037
22.37 0 0.467405507123
22.38 0 0.466110902616
22.39 0 0.466110902616
22.4 0 0.465011947397
22.41 0 0.464893068
22.42 0 0.463142053883
22.43 0 0.462630379101
22.44 0 0.463593096103
22.45 0 0.463585534346
22.46 0 0.46660340795
22.47 0 0.467813630903
22.48 0 0.46797387054
22.49 0 0.469113158433
22.5 0 0.469063919454
22.51 0 0.469883322089
22.52 0 0.469979506272
22.53 0 0.471960125543
22.54 0 0.472631880971
22.55 0 0.474165858098
22.56 0 0.474632476838
22.57 0 0.475101596976
22.58 0 0.475101596976
22.59 0 0.475101596976
22.6 0 0.475101596976
22.61 0 0.475597667268
22.62 0 0.475597667268
22.63 0 0.475597667268
22.64 0 0.482645899116
22.65 0 0.482888579721
22.66 0 0.484114210214
22.67 0 0.486057886999
22.68 0 0.491459254719
22.69 0 0.492493483426
22.7 0 0.492623320915
22.71 0 0.501140716036
22.72 0 0.504183354016
22.73 0 0.507783331387
22.74 0 0.507134129562
22.75 0 0.512734653564
22.76 0 0.510917292153
22.77 0 0.51107986846
22.78 0 0.512335980604
22.79 0 0.518833458027
22.8 0 0.520854525609
22.81 0 0.521367406148
22.82 0 0.521483769826
22.83 0 0.52225621614
22.84 0 0.520700733722
22.85 0 0.520489695346
22.86 0 0.518840395211
22.87 0 0.51877622286
22.88 0 0.518188749292
22.89 0 0.519092784933
22.9 0 0.519936109607
22.91 0 0.522553252442
22.92 0 0.523868701964
22.93 0 0.523815211519
22.94 0 0.523726456425
22.95 0 0.522850606583
22.96 0 0.522689301408
22.97 0 0.523034397581
22.98 0 0.521800727858
22.99 0 0.521895211539
23.0 0 0.521808739273
23.01 0 0.523232968123
23.02 0 0.522993245918
23.03 0 0.522133004689
23.04 0 0.520819068294
23.05 0 0.518336242641
23.06 0 0.517424769331
23.07 0 0.516749536995
23.08 0 0.516227368214
23.09 0 0.517012036317
23.1 0 0.517107758046
23.11 0 0.516143299722
23.12 0 0.515098459437
23.13 0 0.513599618276
23.14 0 0.512893599297
23.15 0 0.511165709481
23.16 0 0.509109917864
23.17 0 0.50566811066
23.18 0 0.502555361675
23.19 0 0.499167344446
23.2 0 0.494968749452
23.21 0 0.493207583142
23.22 0 0.491684122079
23.23 0 0.491167026778
23.24 0 0.490171601449
23.25 0 0.48942649287
23.26 0 0.489874469516
23.27 0 0.489764791559
23.28 0 0.490610873905
23.29 0 0.491263263067
23.3 0 0.491878267866
23.31 0 0.492826669935
23.32 0 0.49439243904
23.33 0 0.494499169097
23.34 0 0.495848763458
23.35 0 0.495848763458
23.36 0 0.496083388522
23.37 0 0.496083388522
23.38 0 0.494822839382
23.39 0 0.494751922685
23.4 0 0.496206779143
23.41 0 0.495127497848
23.42 0 0.496717827443
23.43 0 0.498950215835
23.44 0 0.50165089153
23.45 0 0.503376495388
23.46 0 0.505177490878
23.47 0 0.507052960688
23.48 0 0.507171911156
23.49 0 0.507339154396
23.5 0 0.507621384711
23.51 0 0.506354237439
23.52 0 0.510732078488
23.53 0 0.510732078488
23.54 0 0.510732078488
23.55 0 0.510732078488
23.56 0 0.510690340147
23.57 0 0.510690340147
23.58 0 0.507085538513
23.59 0 0.516514706992
23.6 0 0.517930341703
23.61 0 0.520760212184
23.62 0 0.521526386096
23.63 0 0.522200216637
23.64 0 0.523683862872
23.65 0 0.52309175354
23.66 0 0.524275713913
23.67 0 0.524704441952
23.68 0 0.527353622008
23.69 0 0.527414856131
23.7 0 0.527414856131
23.71 0 0.527414856131
23.72 0 0.530425480377
23.73 0 0.529708796695
23.74 0 0.529402861558
23.75 0 0.529402861558
23.76 0 0.529053824506
23.77 0 0.529956759943
23.78 0 0.530610901782
23.79 0 0.530610901782
23.8 0 0.530357737558
23.81 0 0.530757708331
23.82 0 0.529777503086
23.83 0 0.529777503086
23.84 0 0.529777503086
23.85 0 0.521763459454
23.86 0 0.521763459454
23.87 0 0.521763459454
23.88 0 0.520300787214
23.89 0 0.519993718529
23.9 0 0.518284752783
23.91 0 0.517541306857
23.92 0 0.515609731179
23.93 0 0.514887810777
23.94 0 0.514887810777
23.95 0 0.514887810777
23.96 0 0.514887810777
23.97 0 0.507927544039
23.98 0 0.506771877904
23.99 0 0.504911247558
24.0 0 0.504911247558
24.01 0 0.503275178079
24.02 0 0.503568864669
24.03 0 0.503765201846
24.04 0 0.504908461301
24.05 0 0.506495800441
24.06 0 0.507320607555
24.07 0 0.507582752301
24.08 0 0.508820080643
24.09 0 0.509636841395
24.1 0 0.510083807964
24.11 0 0.510736255952
24.12 0 0.511522747905
24.13 0 0.512755003374
24.14 0 0.512728040698
24.15 0 0.513946649524
24.16 0 0.513943353001
24.17 0 0.514931790231
24.18 0 0.515093317972
24.19 0 0.516307590437
24.2 0 0.516540532
24.21 0 0.518784603474
24.22 0 0.520915278471
24.23 0 0.526324410418
24.24 0 0.52608677032
24.25 0 0.530341993864
24.26 0 0.530341993864
24.27 0 0.530341993864
24.28 0 0.530341993864
24.29 0 0.530260222847
24.3 0 0.530260222847
24.31 0 0.530260222847
24.32 0 0.536753624031
24.33 0 0.53787754542
24.34 0 0.541217529127
24.35 0 0.541217529127
24.36 0 0.541217529127
24.37 0 0.541217529127
24.38 0 0.550475112025
24.39 0 0.550475112025
24.4 0 0.550475112025
24.41 0 0.550475112025
24.42 0 0.555805334425
24.43 0 0.556070668964
24.44 0 0.556819969383
24.45 0 0.558376280526
24.46 0 0.559925432911
24.47 0 0.56224061207
24.48 0 0.564423095484
24.49 0 0.565752344054
24.5 0 0.56774613721
24.51 0 0.567561804872
24.52 0 0.567146462268
24.53 0 0.565585133998
24.54 0 0.56460350894
24.55 0 0.564198554627
24.56 0 0.56409989855
24.57 0 0.563548122692
24.58 0 0.562549329754
24.59 0 0.560134609995
24.6 0 0.554910152939
24.61 0 0.552648208213
24.62 0 0.551559557413
24.63 0 0.550698999998
24.64 0 0.549518884402
24.65 0 0.549653490845
24.66 0 0.550270134214
24.67 0 0.550013562455
24.68 0 0.549125600604
24.69 0 0.548250610617
24.7 0 0.548250610617
24.71 0 0.548250610617
24.72 0 0.54158726096
24.73 0 0.539153909286
24.74 0 0.538201789971
24.75 0 0.537841522874
24.76 0 0.535209705267
24.77 0 0.534621009559
24.78 0 0.533799034546
24.79 0 0.534162035268
24.8 0 0.53636080759
24.81 0 0.537218863177
24.82 0 0.538425168618
24.83 0 0.5407916716
24.84 0 0.541772262957
24.85 0 0.54277093868
24.86 0 0.543090517785
24.87 0 0.543497547471
24.88 0 0.544198282062
24.89 0 0.544768597112
24.9 0 0.545319809959
24.91 0 0.546754641394
24.92 0 0.546760528223
24.93 0 0.546979691507
24.94 0 0.547651749823
24.95 0 0.548114422554
24.96 0 0.548114422554
24.97 0 0.550069595456
24.98 0 0.550349969973
24.99 0 0.550774910848
25.0 0 0.554590495119
25.01 0 0.555176466935
25.02 0 0.558451184061
25.03 0 0.559546084984
25.04 0 0.563195529768
25.05 0 0.564568031604
25.06 0 0.56766162641
25.07 0 0.56765282257
25.08 0 0.564174729115
25.09 0 0.567119776073
25.1 0 0.56482119325
25.11 0 0.570776118461
25.12 0 0.572193422235
25.13 0 0.572189494543
25.14 0 0.572189494543
25.15 0 0.572189494543
25.16 0 0.572189494543
25.17 0 0.583720730668
25.18 0 0.583720730668
25.19 0 0.592174960483
25.2 0 0.592624433389
25.21 0 0.593533902641
25.22 0 0.596482461109
25.23 0 0.596678869611
25.24 0 0.598414936941
25.25 0 0.598573726437
25.26 0 0.598619513995
25.27 0 0.601223473991
25.28 0 0.601426716347
25.29 0 0.600027229119
25.3 0 0.599284373039
25.31 0 0.597740938993
25.32 0 0.596342743696
25.33 0 0.596342743696
25.34 0 0.596342743696
25.35 0 0.595002479304
25.36 0 0.595002479304
25.37 0 0.590813999221
25.38 0 0.58981855718
25.39 0 0.587439339796
25.4 0 0.58562583813
25.41 0 0.58562583813
25.42 0 0.58562583813
25.43 0 0.58562583813
25.44 0 0.585102712162
25.45 0 0.585102712162
25.46 0 0.585102712162
25.47 0 0.585102712162
25.48 0 0.582862065192
25.49 0 0.582862065192
25.5 0 0.582862065192
25.51 0 0.578182350405
25.52 0 0.576635350675
25.53 0 0.573275333781
25.54 0 0.571093577097
25.55 0 0.569483156674
25.56 0 0.568075446657
25.57 0 0.567511115213
25.58 0 0.567606180337
25.59 0 0.568019531935
25.6 0 0.569973578031
25.61 0 0.571263908132
25.62 0 0.572882209379
25.63 0 0.574703512031
25.64 0 0.575234590372
25.65 0 0.575509444222
25.66 0 0.57562816563
25.67 0 0.576072643114
25.68 0 0.575201035093
25.69 0 0.577463221708
25.7 0 0.578822204656
25.71 0 0.578822204656
25.72 0 0.579749981562
25.73 0 0.581118541674
25.74 0 0.581118541674
25.75 0 0.581118541674
25.76 0 0.581118541674
25.77 0 0.584357034017
25.78 0 0.584357034017
25.79 0 0.590469128435
25.8 0 0.590469128435
25.81 0 0.590469128435
25.82 0 0.598038519266
25.83 0 0.598038519266
25.84 0 0.598038519266
25.85 0 0.597303531995
25.86 0 0.597557030543
25.87 0 0.597130947599
25.88 0 0.597601655636
25.89 0 0.595837948938
25.9 0 0.599487410554
25.91 0 0.605307447869
25.92 0 0.604466970087
25.93 0 0.600854122649
25.94 0 0.604127725122
25.95 0 0.600594236897
25.96 0 0.600600081969
25.97 0 0.601152964853
25.98 0 0.600779844167
25.99 0 0.601908324777
26.0 0 0.605662488379
26.01 0 0.604289464499
26.02 0 0.611200916113
26.03 0 0.61371181458
26.04 0 0.61501169126
26.05 0 0.617237248512
26.06 0 0.619261723601
26.07 0 0.619343335715
26.08 0 0.618202407138
26.09 0 0.616585189788
26.1 0 0.616152044575
26.11 0 0.616078078668
26.12 0 0.615900491325
26.13 0 0.615670961057
26.14 0 0.61607021552
26.15 0 0.614325200803
26.16 0 0.61103340617
26.17 0 0.610818628968
26.18 0 0.608370119639
26.19 0 0.607856611087
26.2 0 0.607051358103
26.21 0 0.607227725359
26.22 0 0.607589677451
26.23 0 0.607379940471
26.24 0 0.607214613462
26.25 0 0.607993631429
26.26 0 0.608435947832
26.27 0 0.607103071381
26.28 0 0.604141723543
26.29 0 0.602844214923
26.3 0 0.601999798097
26.31 0 0.600158665949
26.32 0 0.599987745703
26.33 0 0.595060760885
26.34 0 0.595079539277
26.35 0 0.595050761994
26.36 0 0.594332197185
26.37 0 0.594103845815
26.38 0 0.59399990209
26.39 0 0.594132609502
26.4 0 0.595444413658
26.41 0 0.595444413658
26.42 0 0.601293096088
26.43 0 0.601293096088
26.44 0 0.602591882454
26.45 0 0.604376459607
26.46 0 0.606742085302
26.47 0 0.606847403025
26.48 0 0.607400934485
26.49 0 0.608098388841
26.5 0 0.608902400259
26.51 0 0.609191085383
26.52 0 0.610554257474
26.53 0 0.610554257474
26.54 0 0.611346928262
26.55 0 0.613264338848
26.56 0 0.613264338848
26.57 0 0.615691072682
26.58 0 0.618050549485
26.59 0 0.620453983738
26.6 0 0.621020978334
26.61 0 0.621249250566
26.62 0 0.621307303416
26.63 0 0.623118083729
26.64 0 0.623571066255
26.65 0 0.621534114773
26.66 0 0.621475408481
26.67 0 0.623996935232
26.68 0 0.623996935232
26.69 0 0.623996935232
26.7 0 0.625306836371
26.71 0 0.625306836371
26.72 0 0.625306836371
26.73 0 0.625306836371
26.74 0 0.62671739995
26.75 0 0.626737554927
26.76 0 0.633894088208
26.77 0 0.632198935316
26.78 0 0.636784252096
26.79 0 0.641575337959
26.8 0 0.64401304616
26.81 0 0.646504676375
26.82 0 0.647691472999
26.83 0 0.647884284162
26.84 0 0.647718790246
26.85 0 0.648723398471
26.86 0 0.646704566654
26.87 0 0.647011631623
26.88 0 0.646710127781
26.89 0 0.643429197041
26.9 0 0.641845272818
26.91 0 0.641520859717
26.92 0 0.640040375943
26.93 0 0.638203016495
26.94 0 0.637309833464
26.95 0 0.63178954838
26.96 0 0.6292547178
26.97 0 0.627382270888
26.98 0 0.626422572697
26.99 0 0.626942380541
27.0 0 0.627511655586
27.01 0 0.628359824398
27.02 0 0.628284674917
27.03 0 0.629013791034
27.04 0 0.629926333196
27.05 0 0.631062262897
27.06 0 0.630805273377
27.07 0 0.629508270318
27.08 0 0.629690554875
27.09 0 0.630218200687
27.1 0 0.62955146867
27.11 0 0.627578345722
27.12 0 0.625087749097
27.13 0 0.624024086242
27.14 0 0.623280741106
27.15 0 0.62259978719
27.16 0 0.622219847286
27.17 0 0.62212474174
27.18 0 0.622370995678
27.19 0 0.622381750539
27.2 0 0.622458547725
27.21 0 0.622978726556
27.22 0 0.623024257071
27.23 0 0.623353282696
27.24 0 0.624673748797
27.25 0 0.625489682814
27.26 0 0.627358845105
27.27 0 0.627452165063
27.28 0 0.627680568561
27.29 0 0.628581274472
27.3 0 0.628673249793
27.31 0 0.629568328798
27.32 0 0.631392634974
27.33 0 0.631933979186
27.34 0 0.631630477967
27.35 0 0.633383525504
27.36 0 0.635299501685
27.37 0 0.635753812738
27.38 0 0.637406903294
27.39 0 0.637710001132
27.4 0 0.637710001132
27.41 0 0.638636503827
27.42 0 0.637823094812
27.43 0 0.639891383437
27.44 0 0.638479706387
27.45 0 0.638429857175
27.46 0 0.641941202671
27.47 0 0.645936267441
27.48 0 0.644405814914
27.49 0 0.649707843927
27.5 0 0.649480903661
27.51 0 0.651438606425
27.52 0 0.64875302657
27.53 0 0.646668412154
27.54 0 0.647214267613
27.55 0 0.653226430021
27.56 0 0.651647655905
27.57 0 0.653619384534
27.58 0 0.659797213738
27.59 0 0.659797213738
27.6 0 0.659797213738
27.61 0 0.665818368842
27.62 0 0.665818368842
27.63 0 0.665818368842
27.64 0 0.666332002999
27.65 0 0.66738178505
27.66 0 0.668051252379
27.67 0 0.665989616935
27.68 0 0.666520998263
27.69 0 0.66551753817
27.7 0 0.663579522565
27.71 0 0.662958104125
27.72 0 0.657289246948
27.73 0 0.655919640598
27.74 0 0.655319893631
27.75 0 0.653273359374
27.76 0 0.651352162166
27.77 0 0.649548457591
27.78 0 0.649697045355
27.79 0 0.650294114781
27.8 0 0.651067979487
27.81 0 0.651470025001
27.82 0 0.650985671797
27.83 0 0.650983940668
27.84 0 0.650983940668
27.85 0 0.650706542195
27.86 0 0.648880291698
27.87 0 0.648157749715
27.88 0 0.648093651766
27.89 0 0.64776220315
27.9 0 0.645898800935
27.91 0 0.642725046527
27.92 0 0.641900973789
27.93 0 0.64177449192
27.94 0 0.641776430766
27.95 0 0.641881564357
27.96 0 0.642525522668
27.97 0 0.642527877969
27.98 0 0.643265284189
27.99 0 0.643366258579
28.0 0 0.643301991989
28.01 0 0.6431462008
28.02 0 0.643653922553
28.03 0 0.643653922553
28.04 0 0.643653922553
28.05 0 0.64461221681
28.06 0 0.647534601183
28.07 0 0.64890343597
28.08 0 0.650300484477
28.09 0 0.650361112659
28.1 0 0.650547583086
28.11 0 0.651275014046
28.12 0 0.653844223645
28.13 0 0.654062073837
28.14 0 0.654819348934
28.15 0 0.659657552234
28.16 0 0.660214029153
28.17 0 0.66400249326
28.18 0 0.666342822972
28.19 0 0.669172035581
28.2 0 0.669299413432
28.21 0 0.670144606141
28.22 0 0.670449954317
28.23 0 0.671718843741
28.24 0 0.670008048563
28.25 0 0.670704770515
28.26 0 0.673792051579
28.27 0 0.673792051579
28.28 0 0.674113668197
28.29 0 0.674437846232
28.3 0 0.671466123602
28.31 0 0.670846672914
28.32 0 0.674927150659
28.33 0 0.676473906375
28.34 0 0.674794047334
28.35 0 0.678792818647
28.36 0 0.684033060233
28.37 0 0.684382759541
28.38 0 0.68337822222
28.39 0 0.68394862262
28.4 0 0.685020268404
28.41 0 0.686288823276
28.42 0 0.686397730971
28.43 0 0.686136925545
28.44 0 0.686136925545
28.45 0 0.686136925545
28.46 0 0.684803872038
28.47 0 0.684803872038
28.48 0 0.684803872038
28.49 0 0.688854785149
28.5 0 0.688680391564
28.51 0 0.688832547177
28.52 0 0.689377376832
28.53 0 0.687911437206
28.54 0 0.687705731393
28.55 0 0.687687132696
28.56 0 0.685585817322
28.57 0 0.684359529157
28.58 0 0.684633675241
28.59 0 0.684850823292
28.6 0 0.68468483899
28.61 0 0.683954894864
28.62 0 0.682278493839
28.63 0 0.680893695038
28.64 0 0.679913804711
28.65 0 0.678047495184
28.66 0 0.675472498108
28.67 0 0.672625650233
28.68 0 0.671546574529
28.69 0 0.670380817948
28.7 0 0.670160768931
28.71 0 0.667371780475
28.72 0 0.666713631444
28.73 0 0.666890752302
28.74 0 0.667434826811
28.75 0 0.666614200756
28.76 0 0.66654074585
28.77 0 0.666352126485
28.78 0 0.666854216774
28.79 0 0.667380515024
28.8 0 0.668989493072
28.81 0 0.670522004605
28.82 0 0.671152616849
28.83 0 0.672066698274
28.84 0 0.672748394918
28.85 0 0.673108443178
28.86 0 0.674649377287
28.87 0 0.674726805761
28.88 0 0.674732810593
28.89 0 0.676822744392
28.9 0 0.677322905775
28.91 0 0.677458303309
28.92 0 0.677910917844
28.93 0 0.680175501114
28.94 0 0.681663428739
28.95 0 0.681663428739
28.96 0 0.681663428739
28.97 0 0.688266011127
28.98 0 0.688266011127
28.99 0 0.688266011127
29.0 0 0.68937251739
29.01 0 0.688978076945
29.02 0 0.682402462132
29.03 0 0.687510726665
29.04 0 0.686760786498
29.05 0 0.69129793062
29.06 0 0.692791005981
29.07 0 0.690813169287
29.08 0 0.690813169287
29.09 0 0.690813169287
29.1 0 0.695173866138
29.11 0 0.695173866138
29.12 0 0.695173866138
29.13 0 0.7025782658
29.14 0 0.702517216962
29.15 0 0.703112828293
29.16 0 0.703118356739
29.17 0 0.70392419681
29.18 0 0.704017798498
29.19 0 0.703766215981
29.2 0 0.707375619597
29.21 0 0.707557421196
29.22 0 0.707813704762
29.23 0 0.707813704762
29.24 0 0.707813704762
29.25 0 0.705571700283
29.26 0 0.705571700283
29.27 0 0.705571700283
29.28 0 0.707458590155
29.29 0 0.707458590155
29.3 0 0.707458590155
29.31 0 0.705163352381
29.32 0 0.705185577325
29.33 0 0.705185577325
29.34 0 0.705185577325
29.35 0 0.702471588996
29.36 0 0.701908427949
29.37 0 0.702031567901
29.38 0 0.703026039157
29.39 0 0.704130090165
29.4 0 0.704543880194
29.41 0 0.704299718502
29.42 0 0.704230748878
29.43 0 0.704071368945
29.44 0 0.701521300102
29.45 0 0.700051260421
29.46 0 0.697021519154
29.47 0 0.695785434678
29.48 0 0.690293600723
29.49 0 0.689559371986
29.5 0 0.685220124275
29.51 0 0.684684943181
29.52 0 0.683416323834
29.53 0 0.683135435115
29.54 0 0.683772349489
29.55 0 0.683977350421
29.56 0 0.684303544101
29.57 0 0.684303544101
29.58 0 0.684303544101
29.59 0 0.685792664705
29.6 0 0.685792664705
29.61 0 0.685792664705
29.62 0 0.688858468833
29.63 0 0.689414397968
29.64 0 0.690418423809
29.65 0 0.690418423809
29.66 0 0.690418423809
29.67 0 0.690418423809
29.68 0 0.690180391851
29.69 0 0.690180391851
29.7 0 0.690180391851
29.71 0 0.698108181017
29.72 0 0.698108181017
29.73 0 0.698108181017
29.74 0 0.698108181017
29.75 0 0.709371818897
29.76 0 0.709406610509
29.77 0 0.707547191585
29.78 0 0.707280987419
29.79 0 0.704744833857
29.8 0 0.702802581121
29.81 0 0.702431824023
29.82 0 0.702947668591
29.83 0 0.707762550931
29.84 0 0.707762550931
29.85 0 0.707762550931
29.86 0 0.706248617318
29.87 0 0.706248617318
29.88 0 0.710189872054
29.89 0 0.704972817813
29.9 0 0.712158872329
29.91 0 0.709580856674
29.92 0 0.709580856674
29.93 0 0.712289337321
29.94 0 0.711880025538
29.95 0 0.714018415149
29.96 0 0.714018415149
29.97 0 0.71274115276
29.98 0 0.716551900746
29.99 0 0.717081451374
30.0 0 0.716972800729
30.01 0 0.716081951192
30.02 0 0.714989255697
30.03 0 0.716422228047
30.04 0 0.716564791155
30.05 0 0.717558828465
30.06 0 0.715691219414
30.07 0 0.715691219414
30.08 0 0.716364320683
30.09 0 0.714148781959
30.1 0 0.713626650928
30.11 0 0.711384726778
30.12 0 0.706819881431
30.13 0 0.706819881431
30.14 0 0.707329069331
30.15 0 0.707306162919
30.16 0 0.708505542416
30.17 0 0.708434810669
30.18 0 0.707629637483
30.19 0 0.706588294878
30.2 0 0.704974698912
30.21 0 0.702416621318
30.22 0 0.701524207072
30.23 0 0.698356903749
30.24 0 0.698356903749
30.25 0 0.693560605321
30.26 0 0.692661112198
30.27 0 0.690866876653
30.28 0 0.689561058175
30.29 0 0.688794077928
30.3 0 0.688627187615
30.31 0 0.688513806475
30.32 0 0.68800385809
30.33 0 0.687159431585
30.34 0 0.686992426001
30.35 0 0.686164564978
30.36 0 0.685948903849
30.37 0 0.685939715042
30.38 0 0.686530494953
30.39 0 0.68730857744
30.4 0 0.68828317398
30.41 0 0.689597543251
30.42 0 0.689655831412
30.43 0 0.68957460529
30.44 0 0.690429571768
30.45 0 0.69042266584
30.46 0 0.69042266584
30.47 0 0.69042266584
30.48 0 0.69042266584
30.49 0 0.692200990238
30.5 0 0.692200990238
30.51 0 0.697653973584
30.52 0 0.699868346926
30.53 0 0.703536445987
30.54 0 0.705169130213
30.55 0 0.704797070405
30.56 0 0.705166986671
30.57 0 0.706595867133
30.58 0 0.704608298929
30.59 0 0.704205368495
30.6 0 0.704057366043
30.61 0 0.709332155447
30.62 0 0.716130689766
30.63 0 0.71765469703
30.64 0 0.714767704624
30.65 0 0.716245462373
30.66 0 0.712870847908
30.67 0 0.716229224258
30.68 0 0.71687541835
30.69 0 0.717975904477
30.7 0 0.720405675034
30.71 0 0.722511103516
30.72 0 0.722666252443
30.73 0 0.722880277099
30.74 0 0.722188674965
30.75 0 0.722596997146
30.76 0 0.723440231279
30.77 0 0.725511630471
30.78 0 0.72589977953
30.79 0 0.725309098046
30.8 0 0.72469458876
30.81 0 0.723834736324
30.82 0 0.723329603804
30.83 0 0.72350847365
30.84 0 0.723467805498
30.85 0 0.721915679888
30.86 0 0.720746561754
30.87 0 0.721582727545
30.88 0 0.721097795802
30.89 0 0.720503275608
30.9 0 0.720417022691
30.91 0 0.720352742669
30.92 0 0.720456288476
30.93 0 0.720826197295
30.94 0 0.721616580421
30.95 0 0.721103275249
30.96 0 0.721668464138
30.97 0 0.721593106828
30.98 0 0.721234833444
30.99 0 0.719133956803
31.0 0 0.717737145046
31.01 0 0.714582654274
31.02 0 0.713629899741
31.03 0 0.712752458349
31.04 0 0.712752458349
31.05 0 0.712752458349
31.06 0 0.706825341269
31.07 0 0.706825341269
31.08 0 0.706825341269
31.09 0 0.704974702618
31.1 0 0.704974702618
31.11 0 0.704974702618
31.12 0 0.707149585287
31.13 0 0.707149585287
31.14 0 0.707149585287
31.15 0 0.706186372707
31.16 0 0.706186372707
31.17 0 0.706186372707
31.18 0 0.706186372707
31.19 0 0.712557116572
31.2 0 0.713232791527
31.21 0 0.713886744574
31.22 0 0.714062805913
31.23 0 0.71386393304
31.24 0 0.713365253307
31.25 0 0.716416040041
31.26 0 0.718861724124
31.27 0 0.718861724124
31.28 0 0.718861724124
31.29 0 0.718323145787
31.3 0 0.728451120247
31.31 0 0.729821289409
31.32 0 0.729821289409
31.33 0 0.730567940928
31.34 0 0.73297386107
31.35 0 0.731639666218
31.36 0 0.73201152721
31.37 0 0.731995276805
31.38 0 0.728525757616
31.39 0 0.731934009996
31.4 0 0.730966620984
31.41 0 0.735961431894
31.42 0 0.733467021797
31.43 0 0.732920520741
31.44 0 0.738986233102
31.45 0 0.736274315604
31.46 0 0.736556807867
31.47 0 0.73409917211
31.48 0 0.738698569817
31.49 0 0.742209083528
31.5 0 0.742497221127
31.51 0 0.744072402223
31.52 0 0.748420834274
31.53 0 0.749045138696
31.54 0 0.751055047792
31.55 0 0.752668102163
31.56 0 0.752676363061
31.57 0 0.752112474905
31.58 0 0.750891661369
31.59 0 0.750242962327
31.6 0 0.748919882473
31.61 0 0.74878196835
31.62 0 0.749455884944
31.63 0 0.749455884944
31.64 0 0.749455884944
31.65 0 0.747614498948
31.66 0 0.746803821258
31.67 0 0.746095987833
31.68 0 0.745435655351
31.69 0 0.745010256897
31.7 0 0.743850841702
31.71 0 0.744031703267
31.72 0 0.745562760875
31.73 0 0.745562760875
31.74 0 0.745562760875
31.75 0 0.743902422922
31.76 0 0.741302251385
31.77 0 0.739100601508
31.78 0 0.738369219943
31.79 0 0.734630957705
31.8 0 0.733083043322
31.81 0 0.730742381757
31.82 0 0.728158602047
31.83 0 0.725357177327
31.84 0 0.724479993584
31.85 0 0.722653795615
31.86 0 0.72236784905
31.87 0 0.722645615561
31.88 0 0.723217186373
31.89 0 0.722423776042
31.9 0 0.721819514939
31.91 0 0.720897135528
31.92 0 0.720266875321
31.93 0 0.718784757068
31.94 0 0.718251423721
31.95 0 0.718251423721
31.96 0 0.718496361116
31.97 0 0.718496461964
31.98 0 0.719188544591
31.99 0 0.719188544591
32.0 0 0.719188544591
32.01 0 0.720179023104
32.02 0 0.719415647594
32.03 0 0.717635673793
32.04 0 0.717635673793
32.05 0 0.717635673793
32.06 0 0.722664302158
32.07 0 0.726362023325
32.08 0 0.731452685591
32.09 0 0.733764703601
32.1 0 0.736288752817
32.11 0 0.735559156465
32.12 0 0.735523173241
32.13 0 0.734052081961
32.14 0 0.735309221623
32.15 0 0.734301867568
32.16 0 0.732372287019
32.17 0 0.732849325987
32.18 0 0.73476750155
32.19 0 0.738049792062
32.2 0 0.739648685695
32.21 0 0.743626804905
32.22 0 0.743624095901
32.23 0 0.742363873045
32.24 0 0.745066024767
32.25 0 0.74680990744
32.26 0 0.748731684949
32.27 0 0.75033423268
32.28 0 0.751333499102
32.29 0 0.75243146463
32.3 0 0.752514256091
32.31 0 0.752746551959
32.32 0 0.753250210827
32.33 0 0.753880640077
32.34 0 0.754809124824
32.35 0 0.755362875783
32.36 0 0.755249692802
32.37 0 0.75428359987
32.38 0 0.754288113952
32.39 0 0.752652767109
32.4 0 0.752385835439
32.41 0 0.75229340515
32.42 0 0.75229340515
32.43 0 0.75229340515
32.44 0 0.751241958881
32.45 0 0.751241958881
32.46 0 0.751708370756
32.47 0 0.751708370756
32.48 0 0.751708370756
32.49 0 0.751708370756
32.5 0 0.747825672486
32.51 0 0.748608635927
32.52 0 0.748620200261
32.53 0 0.748548874157
32.54 0 0.748531749045
32.55 0 0.74811796117
32.56 0 0.74576633682
32.57 0 0.74576633682
32.58 0 0.74576633682
32.59 0 0.744410101909
32.6 0 0.735231039498
32.61 0 0.734214657595
32.62 0 0.731728087035
32.63 0 0.728398133737
32.64 0 0.726369130108
32.65 0 0.726072473414
32.66 0 0.72569676878
32.67 0 0.7257049232
32.68 0 0.725961170035
32.69 0 0.726202975858
32.7 0 0.726602994136
32.71 0 0.727887231954
32.72 0 0.728420112653
32.73 0 0.728848066117
32.74 0 0.729297647639
32.75 0 0.730666290576
32.76 0 0.731114308403
32.77 0 0.731407401767
32.78 0 0.731362804902
32.79 0 0.732222183379
32.8 0 0.731838543261
32.81 0 0.731767695961
32.82 0 0.730876524541
32.83 0 0.730206527502
32.84 0 0.731773870063
32.85 0 0.735724735022
32.86 0 0.739188458016
32.87 0 0.74253035183
32.88 0 0.743605621075
32.89 0 0.744173933076
32.9 0 0.745464541819
32.91 0 0.74463389711
32.92 0 0.74407615413
32.93 0 0.745098514525
32.94 0 0.742343577509
32.95 0 0.745081166336
32.96 0 0.740185899091
32.97 0 0.743288362186
32.98 0 0.746490992569
32.99 0 0.749429908162
33.0 0 0.74664427888
33.01 0 0.746957616708
33.02 0 0.748817924563
33.03 0 0.745332440159
33.04 0 0.755845697511
33.05 0 0.755845697511
33.06 0 0.759668076387
33.07 0 0.760666199221
33.08 0 0.762353991988
33.09 0 0.763934105431
33.1 0 0.766564905777
33.11 0 0.767667210273
33.12 0 0.769671973888
33.13 0 0.770477322358
33.14 0 0.770109317972
33.15 0 0.769607340342
33.16 0 0.767447783516
33.17 0 0.766227865592
33.18 0 0.766227865592
33.19 0 0.766227865592
33.2 0 0.766227865592
33.21 0 0.766825121973
33.22 0 0.766825121973
33.23 0 0.766825121973
33.24 0 0.76438105011
33.25 0 0.76438105011
33.26 0 0.763040413323
33.27 0 0.761938511801
33.28 0 0.761228701341
33.29 0 0.761280183894
33.3 0 0.759963676834
33.31 0 0.759994787974
33.32 0 0.759390153187
33.33 0 0.758756720722
33.34 0 0.756687318322
33.35 0 0.755675421519
33.36 0 0.752982576062
33.37 0 0.749876623353
33.38 0 0.747060203831
33.39 0 0.747060203831
33.4 0 0.743405010062
33.41 0 0.743030140883
33.42 0 0.742263258064
33.43 0 0.741058560831
33.44 0 0.740332028
33.45 0 0.740922399422
33.46 0 0.742273375561
33.47 0 0.742872439661
33.48 0 0.74489341382
33.49 0 0.745920049208
33.5 0 0.747000440582
33.51 0 0.747641144917
33.52 0 0.748168488089
33.53 0 0.749211096193
33.54 0 0.749817888495
33.55 0 0.751215578743
33.56 0 0.752041981501
33.57 0 0.752957509743
33.58 0 0.752833601453
33.59 0 0.752565920033
33.6 0 0.752755570928
33.61 0 0.752510812146
33.62 0 0.754941452891
33.63 0 0.757068391672
33.64 0 0.758588321029
33.65 0 0.763014762122
33.66 0 0.763747752588
33.67 0 0.763557113941
33.68 0 0.766074828684
33.69 0 0.765902687693
33.7 0 0.765599545882
33.71 0 0.764947724384
33.72 0 0.76504034237
33.73 0 0.76504034237
33.74 0 0.76504034237
33.75 0 0.760800363558
33.76 0 0.761767391321
33.77 0 0.768634029768
33.78 0 0.762010464859
33.79 0 0.762634807425
33.8 0 0.771635647662
33.81 0 0.769676716413
33.82 0 0.773411665499
33.83 0 0.767020326695
33.84 0 0.775170326711
33.85 0 0.776479358599
33.86 0 0.776942807204
33.87 0 0.777011997149
33.88 0 0.784425579239
33.89 0 0.787067002199
33.9 0 0.788897799783
33.91 0 0.78899691607
33.92 0 0.788941906847
33.93 0 0.788244593873
33.94 0 0.785766263261
33.95 0 0.785766263261
33.96 0 0.785766263261
33.97 0 0.785766263261
33.98 0 0.786595398218
33.99 0 0.786328834734
34.0 0 0.786258692724
34.01 0 0.784708081835
34.02 0 0.782932666659
34.03 0 0.781728103433
34.04 0 0.780522669404
34.05 0 0.779425975437
34.06 0 0.77812987468
34.07 0 0.778088232473
34.08 0 0.777783757675
34.09 0 0.777850149724
34.1 0 0.777914986431
34.11 0 0.777483893285
34.12 0 0.776978193663
34.13 0 0.776118848505
34.14 0 0.775202610235
34.15 0 0.77391021759
34.16 0 0.772110141904
34.17 0 0.769919478014
34.18 0 0.767680735009
34.19 0 0.764346134731
34.2 0 0.763860390029
34.21 0 0.761047366769
34.22 0 0.758778301525
34.23 0 0.756449853376
34.24 0 0.757315400716
34.25 0 0.758849676491
34.26 0 0.759188396793
34.27 0 0.760189092251
34.28 0 0.761007296302
34.29 0 0.76140501389
34.3 0 0.761558784927
34.31 0 0.760600285424
34.32 0 0.76323011063
34.33 0 0.76361133043
34.34 0 0.764744578224
34.35 0 0.765571830213
34.36 0 0.766108454531
34.37 0 0.766609919296
34.38 0 0.766466158864
34.39 0 0.768072530462
34.4 0 0.768429793647
34.41 0 0.768286862616
34.42 0 0.770309240803
34.43 0 0.773725262793
34.44 0 0.772774986972
34.45 0 0.77939246077
34.46 0 0.782523091982
34.47 0 0.781089447547
34.48 0 0.786094323816
34.49 0 0.785912259295
34.5 0 0.78371549258
34.51 0 0.781821294163
34.52 0 0.780059131974
34.53 0 0.778109193949
34.54 0 0.776269043202
34.55 0 0.77941561492
34.56 0 0.78003210704
34.57 0 0.775960799124
34.58 0 0.774311778304
34.59 0 0.777155772107
34.6 0 0.778922174848
34.61 0 0.781425776241
34.62 0 0.78116886294
34.63 0 0.777569082405
34.64 0 0.778107268089
34.65 0 0.778107268089
34.66 0 0.787758568232
34.67 0 0.787758568232
34.68 0 0.787758568232
34.69 0 0.787758568232
34.7 0 0.789952519351
34.71 0 0.789952519351
34.72 0 0.789093033871
34.73 0 0.787603016121
34.74 0 0.789049389808
34.75 0 0.788925914436
34.76 0 0.789051068242
34.77 0 0.787786955283
34.78 0 0.787164511342
34.79 0 0.786655928472
34.8 0 0.787098111396
34.81 0 0.787160240633
34.82 0 0.787683877799
34.83 0 0.789292925062
34.84 0 0.788469774206
34.85 0 0.785495854268
34.86 0 0.785245757102
34.87 0 0.785245757102
34.88 0 0.783583942342
34.89 0 0.783320618402
34.9 0 0.781155343435
34.91 0 0.780427338207
34.92 0 0.778523541816
34.93 0 0.775491386857
34.94 0 0.772747731802
34.95 0 0.772129665459
34.96 0 0.771846437551
34.97 0 0.771896119405
34.98 0 0.771821608135
34.99 0 0.769990755286
35.0 0 0.769400532213
35.01 0 0.767632810659
35.02 0 0.766919644175
35.03 0 0.767595804739
35.04 0 0.76830147153
35.05 0 0.769435189454
35.06 0 0.770259610211
35.07 0 0.771408302034
35.08 0 0.772609677294
35.09 0 0.773641126246
35.1 0 0.774647248775
35.11 0 0.775442999984
35.12 0 0.775938432118
35.13 0 0.775938432118
35.14 0 0.775938432118
35.15 0 0.777146021837
35.16 0 0.776038076404
35.17 0 0.775174588932
35.18 0 0.775174588932
35.19 0 0.780785418141
35.2 0 0.780947996377
35.21 0 0.781989085897
35.22 0 0.786266920442
35.23 0 0.787676935109
35.24 0 0.790750062003
35.25 0 0.792828099057
35.26 0 0.794660252163
35.27 0 0.79454494144
35.28 0 0.790757145365
35.29 0 0.791274438498
35.3 0 0.787198553701
35.31 0 0.783989415924
35.32 0 0.787879639651
35.33 0 0.788412830086
35.34 0 0.786012826456
35.35 0 0.789086100474
35.36 0 0.787954218802
35.37 0 0.788365677873
35.38 0 0.788280182614
35.39 0 0.788280182614
35.4 0 0.788280182614
35.41 0 0.791348672116
35.42 0 0.798014579245
35.43 0 0.79928828859
35.44 0 0.799405309129
35.45 0 0.802065287831
35.46 0 0.801730489472
35.47 0 0.802684163729
35.48 0 0.800393532499
35.49 0 0.801320274841
35.5 0 0.802261580723
35.51 0 0.798240562168
35.52 0 0.799422655981
35.53 0 0.799121082639
35.54 0 0.798369704977
35.55 0 0.798369704977
35.56 0 0.797476805287
35.57 0 0.796392545701
35.58 0 0.797129923429
35.59 0 0.79486108065
35.6 0 0.794700525826
35.61 0 0.795382175585
35.62 0 0.794637714439
35.63 0 0.794890780798
35.64 0 0.794884784526
35.65 0 0.794906923709
35.66 0 0.794544314086
35.67 0 0.793998237073
35.68 0 0.793954260915
35.69 0 0.792834301239
35.7 0 0.792226205907
35.71 0 0.791661801897
35.72 0 0.78977731772
35.73 0 0.788156189736
35.74 0 0.787386628626
35.75 0 0.785707698553
35.76 0 0.784765204452
35.77 0 0.783097745696
35.78 0 0.782922461655
35.79 0 0.782455321547
35.8 0 0.782134756409
35.81 0 0.782134756409
35.82 0 0.782134756409
35.83 0 0.780837400852
35.84 0 0.780837400852
35.85 0 0.780837400852
35.86 0 0.781712591784
35.87 0 0.782370275907
35.88 0 0.782723862723
35.89 0 0.783308113576
35.9 0 0.785889014596
35.91 0 0.786578671433
35.92 0 0.786588250106
35.93 0 0.785711333786
35.94 0 0.783494596044
35.95 0 0.783129237187
35.96 0 0.782327131385
35.97 0 0.783235305679
35.98 0 0.784464028538
35.99 0 0.788073171065
36.0 0 0.787418257452
36.01 0 0.787418257452
36.02 0 0.787418257452
36.03 0 0.798410713807
36.04 0 0.798410713807
36.05 0 0.799261655709
36.06 0 0.798507299433
36.07 0 0.796585246569
36.08 0 0.790477796829
36.09 0 0.78840911408
36.1 0 0.786617789679
36.11 0 0.786574186877
36.12 0 0.789901711631
36.13 0 0.795807360696
36.14 0 0.801147712586
36.15 0 0.80363066342
36.16 0 0.800432645402
36.17 0 0.799247615104
36.18 0 0.801191363523
36.19 0 0.799342783493
36.2 0 0.803105233423
36.21 0 0.805743890798
36.22 0 0.80768962729
36.23 0 0.810099855934
36.24 0 0.810568919109
36.25 0 0.811600025939
36.26 0 0.812994379536
36.27 0 0.813315065995
36.28 0 0.813093043342
36.29 0 0.813093043342
36.3 0 0.813093043342
36.31 0 0.810384342312
36.32 0 0.809778443634
36.33 0 0.809772197055
36.34 0 0.811974515079
36.35 0 0.812602759187
36.36 0 0.812043742492
36.37 0 0.813222622935
36.38 0 0.813485834723
36.39 0 0.81294014359
36.4 0 0.812499588662
36.41 0 0.811881759655
36.42 0 0.811543894033
36.43 0 0.809274606037
36.44 0 0.809034306679
36.45 0 0.810019318629
36.46 0 0.809666229881
36.47 0 0.808433612788
36.48 0 0.807821357135
36.49 0 0.806372290301
36.5 0 0.805527549694
36.51 0 0.804242262998
36.52 0 0.80205577633
36.53 0 0.797085384604
36.54 0 0.795081592001
36.55 0 0.795081592001
36.56 0 0.795081592001
36.57 0 0.795081592001
36.58 0 0.786043422041
36.59 0 0.786043422041
36.6 0 0.786043422041
36.61 0 0.786703869797
36.62 0 0.788285184301
36.63 0 0.788108187632
36.64 0 0.787238850427
36.65 0 0.787988992688
36.66 0 0.788857230974
36.67 0 0.788848146444
36.68 0 0.78862597122
36.69 0 0.789179394962
36.7 0 0.790058041594
36.71 0 0.791006202974
36.72 0 0.79121137975
36.73 0 0.790944226036
36.74 0 0.790944226036
36.75 0 0.790944226036
36.76 0 0.788191634936
36.77 0 0.788191634936
36.78 0 0.788191634936
36.79 0 0.792446576895
36.8 0 0.792446576895
36.81 0 0.792446576895
36.82 0 0.792446576895
36.83 0 0.798868589287
36.84 0 0.797281192853
36.85 0 0.797762255644
36.86 0 0.798109656741
36.87 0 0.792988967253
36.88 0 0.7912274138
36.89 0 0.795546009928
36.9 0 0.799191151105
36.91 0 0.800288430264
36.92 0 0.802141645659
36.93 0 0.805635911601
36.94 0 0.806252885186
36.95 0 0.803620108568
36.96 0 0.804383759465
36.97 0 0.81037843155
36.98 0 0.810664504365
36.99 0 0.813889335774
37.0 0 0.814308310141
37.01 0 0.816613399643
37.02 0 0.817332555785
37.03 0 0.817833121296
37.04 0 0.820658534582
37.05 0 0.821791613072
37.06 0 0.82294325579
37.07 0 0.823239157631
37.08 0 0.822807777591
37.09 0 0.820938247181
37.1 0 0.818864150892
37.11 0 0.818776367882
37.12 0 0.817011408312
37.13 0 0.818115508638
37.14 0 0.818115508638
37.15 0 0.818310927748
37.16 0 0.818310927748
37.17 0 0.81988424382
37.18 0 0.81988424382
37.19 0 0.819713119392
37.2 0 0.819713119392
37.21 0 0.820943634114
37.22 0 0.821423263229
37.23 0 0.821176903127
37.24 0 0.819581868372
37.25 0 0.81674258886
37.26 0 0.814791592228
37.27 0 0.812898081809
37.28 0 0.810833977225
37.29 0 0.808455909696
37.3 0 0.808100881665
37.31 0 0.80711311869
37.32 0 0.806725712627
37.33 0 0.805134364484
37.34 0 0.804070925822
37.35 0 0.801136127959
37.36 0 0.799672414819
37.37 0 0.799272549492
37.38 0 0.798392530345
37.39 0 0.797955630178
37.4 0 0.799432030815
37.41 0 0.80010651103
37.42 0 0.80110209514
37.43 0 0.801328768225
37.44 0 0.802083665623
37.45 0 0.802498376669
37.46 0 0.802698721189
37.47 0 0.803471253365
37.48 0 0.803992055123
37.49 0 0.803982049153
37.5 0 0.804219961803
37.51 0 0.80466114524
37.52 0 0.806508689188
37.53 0 0.80625894493
37.54 0 0.806561364822
37.55 0 0.805666299527
37.56 0 0.805413905201
37.57 0 0.805626377756
37.58 0 0.805626377756
37.59 0 0.805626377756
37.6 0 0.81582933359
37.61 0 0.81543055947
37.62 0 0.816208027656
37.63 0 0.815674216424
37.64 0 0.814576769673
37.65 0 0.815364975719
37.66 0 0.811566486119
37.67 0 0.810512661153
37.68 0 0.810512661153
37.69 0 0.821271956848
37.7 0 0.823316752539
37.71 0 0.821512249055
37.72 0 0.824762779637
37.73 0 0.828037542776
37.74 0 0.827709971914
37.75 0 0.827359268493
37.76 0 0.82823641134
37.77 0 0.829151795022
37.78 0 0.830776830311
37.79 0 0.830776830311
37.8 0 0.830731943232
37.81 0 0.831206244919
37.82 0 0.831925348335
37.83 0 0.831253324696
37.84 0 0.830549099312
37.85 0 0.830796778966
37.86 0 0.82995048152
37.87 0 0.828604636955
37.88 0 0.826882525713
37.89 0 0.826246989163
37.9 0 0.827018247826
37.91 0 0.828002782414
37.92 0 0.828146426967
37.93 0 0.82858781814
37.94 0 0.82858781814
37.95 0 0.828774478403
37.96 0 0.828673382453
37.97 0 0.829505585968
37.98 0 0.829589416252
37.99 0 0.829589416252
38.0 0 0.828983936054
38.01 0 0.828314401129
38.02 0 0.827593270281
38.03 0 0.826927273593
38.04 0 0.826284792982
38.05 0 0.824873065867
38.06 0 0.823935338947
38.07 0 0.822064619301
38.08 0 0.820999873398
38.09 0 0.82003749318
38.1 0 0.819752254254
38.11 0 0.819066233038
38.12 0 0.818704799547
38.13 0 0.817249637848
38.14 0 0.816964090141
38.15 0 0.81663530943
38.16 0 0.814716778471
38.17 0 0.80916980094
38.18 0 0.808058408414
38.19 0 0.807044534115
38.2 0 0.80655803046
38.21 0 0.805343189888
38.22 0 0.804030431773
38.23 0 0.802933240068
38.24 0 0.801404384585
38.25 0 0.799785407278
38.26 0 0.799278676337
38.27 0 0.79893919004
38.28 0 0.797002031175
38.29 0 0.797048825908
38.3 0 0.798300336644
38.31 0 0.798267021472
38.32 0 0.798404364421
38.33 0 0.798413269648
38.34 0 0.798723135946
38.35 0 0.801976440656
38.36 0 0.803157397061
38.37 0 0.805744223025
38.38 0 0.805744223025
38.39 0 0.805744223025
38.4 0 0.814678063988
38.41 0 0.814678063988
38.42 0 0.817418733174
38.43 0 0.817264004742
38.44 0 0.817935020875
38.45 0 0.815514138353
38.46 0 0.811347784955
38.47 0 0.814035985141
38.48 0 0.814545784179
38.49 0 0.815132462245
38.5 0 0.816782698832
38.51 0 0.817428214888
38.52 0 0.8129981927
38.53 0 0.812836354448
38.54 0 0.809543655127
38.55 0 0.812295839084
38.56 0 0.810416239872
38.57 0 0.816022568866
38.58 0 0.816394111239
38.59 0 0.814459147295
38.6 0 0.816845236272
38.61 0 0.820785241116
38.62 0 0.823023816423
38.63 0 0.82364463237
38.64 0 0.823867098042
38.65 0 0.823967974785
38.66 0 0.82132514904
38.67 0 0.82298315274
38.68 0 0.826639081899
38.69 0 0.824274876233
38.7 0 0.826817644064
38.71 0 0.824321845912
38.72 0 0.820698240139
38.73 0 0.819732409813
38.74 0 0.816878103454
38.75 0 0.815955154756
38.76 0 0.814321152697
38.77 0 0.812818871658
38.78 0 0.813130316049
38.79 0 0.812982784371
38.8 0 0.812866889483
38.81 0 0.812243203982
38.82 0 0.810706364645
38.83 0 0.808990131208
38.84 0 0.806500965028
38.85 0 0.805723847348
38.86 0 0.804199220129
38.87 0 0.803093255054
38.88 0 0.80247493029
38.89 0 0.802559661788
38.9 0 0.802199210962
38.91 0 0.801463711275
38.92 0 0.79994989978
38.93 0 0.798706226737
38.94 0 0.796598102207
38.95 0 0.794458577966
38.96 0 0.792772793052
38.97 0 0.791277873679
38.98 0 0.790093649154
38.99 0 0.789159815686
39.0 0 0.787776083136
