time index height
0.01 0 0.0
0.02 0 0.0260074183282
0.03 0 0.0260074183282
0.04 0 0.0274426600331
0.05 0 0.0274426600331
0.06 0 0.0355238087197
0.07 0 0.0425214662596
0.08 0 0.0462059559398
0.09 0 0.047404419555
0.1 0 0.0579581335691
0.11 0 0.0636543990691
0.12 0 0.0636543990691
0.13 0 0.0636543990691
0.14 0 0.0636543990691
0.15 0 0.0738052168129
0.16 0 0.0760908170657
0.17 0 0.076142185876
0.18 0 0.0763888817784
0.19 0 0.0749896969053
0.2 0 0.0720599774525
0.21 0 0.0720599774525
0.22 0 0.0720599774525
0.23 0 0.0720599774525
0.24 0 0.0594961656597
0.25 0 0.056057298777
0.26 0 0.0505924697141
0.27 0 0.0400257846618
0.28 0 0.036585975516
0.29 0 0.0321192895583
0.3 0 0.0302579017321
0.31 0 0.0302257961296
0.32 0 0.0302257961296
0.33 0 0.0302257961296
0.34 0 0.0302257961296
0.35 0 0.0311678378924
0.36 0 0.0311678378924
0.37 0 0.0311678378924
0.38 0 0.0311678378924
0.39 0 0.0352370060833
0.4 0 0.0355460766853
0.41 0 0.0373068011814
0.42 0 0.0386972421735
0.43 0 0.0389851132485
0.44 0 0.0399321222838
0.45 0 0.0403046864507
0.46 0 0.0413835212549
0.47 0 0.0423599465788
0.48 0 0.0426369900388
0.49 0 0.0432443530444
0.5 0 0.0434358410096
0.51 0 0.0433377381883
0.52 0 0.0431320272989
0.53 0 0.0429463783739
0.54 0 0.0426930620956
0.55 0 0.0426930620956
0.56 0 0.0426930620956
0.57 0 0.0415111214751
0.58 0 0.0412926500506
0.59 0 0.0410699624841
0.6 0 0.040717835753
0.61 0 0.0406232855181
0.62 0 0.0404805228391
0.63 0 0.0403673312523
0.64 0 0.0402637273797
0.65 0 0.0402552184983
0.66 0 0.0402886641206
0.67 0 0.0403882845634
0.68 0 0.0406016308331
0.69 0 0.0406016308331
0.7 0 0.0406016308331
0.71 0 0.0406016308331
0.72 0 0.0409133843478
0.73 0 0.0406174208871
0.74 0 0.0402275536262
0.75 0 0.0402660544865
0.76 0 0.0407130625231
0.77 0 0.0410728282531
0.78 0 0.0417021523758
0.79 0 0.0419180940614
0.8 0 0.0421857730204
0.81 0 0.042395835884
0.82 0 0.0426040572382
0.83 0 0.0428785418257
0.84 0 0.0430229640722
0.85 0 0.0431889515251
0.86 0 0.0434659271798
0.87 0 0.0437922865221
0.88 0 0.0441591272376
0.89 0 0.0446570007775
0.9 0 0.0449248782463
0.91 0 0.0450021280508
0.92 0 0.0453287435975
0.93 0 0.0458700540399
0.94 0 0.0459914946977
0.95 0 0.046132611927
0.96 0 0.0461443844026
0.97 0 0.0458163226966
0.98 0 0.0452025041422
0.99 0 0.0447006019283
1.0 0 0.0445926419284
1.01 0 0.0445017335006
1.02 0 0.0445017335006
1.03 0 0.0445017335006
1.04 0 0.0445017335006
1.05 0 0.0455465456783
1.06 0 0.0455465456783
1.07 0 0.0455465456783
1.08 0 0.0477036450877
1.09 0 0.0477036450877
1.1 0 0.048540127873
1.11 0 0.048540127873
1.12 0 0.0522366906797
1.13 0 0.0528887594051
1.14 0 0.0535876300588
1.15 0 0.0548592762209
1.16 0 0.0554763537667
1.17 0 0.0569075614604
1.18 0 0.0572248251767
1.19 0 0.0580257333728
1.2 0 0.058390603169
1.21 0 0.0591411880424
1.22 0 0.0592037741549
1.23 0 0.0593949374867
1.24 0 0.059300169921
1.25 0 0.0593278943834
1.26 0 0.0593971944972
1.27 0 0.0597084270894
1.28 0 0.0599508956188
1.29 0 0.0605740879859
1.3 0 0.0605740879859
1.31 0 0.0605740879859
1.32 0 0.0642188257321
1.33 0 0.0647832200807
1.34 0 0.0647832200807
1.35 0 0.0647832200807
1.36 0 0.0647832200807
1.37 0 0.0663119035061
1.38 0 0.0663119035061
1.39 0 0.0663119035061
1.4 0 0.0663119035061
1.41 0 0.067047915929
1.42 0 0.0672147876207
1.43 0 0.0677549536102
1.44 0 0.0681982078063
1.45 0 0.0683182101999
1.46 0 0.0683261986628
1.47 0 0.0683584508155
1.48 0 0.0684673539547
1.49 0 0.0683425606
1.5 0 0.0683383226219
1.51 0 0.0683383226219
1.52 0 0.0683383226219
1.53 0 0.0676113112583
1.54 0 0.0676176200183
1.55 0 0.067364891288
1.56 0 0.067364891288
1.57 0 0.067364891288
1.58 0 0.0666227794251
1.59 0 0.0665421752471
1.6 0 0.0659312357159
1.61 0 0.0654973715624
1.62 0 0.0649938522747
1.63 0 0.0648748320679
1.64 0 0.0645506446987
1.65 0 0.0640917049208
1.66 0 0.0623447856228
1.67 0 0.0621377436847
1.68 0 0.0611439714015
1.69 0 0.0608909071539
1.7 0 0.0608909071539
1.71 0 0.0608909071539
1.72 0 0.0608942037975
1.73 0 0.060872111602
1.74 0 0.060872111602
1.75 0 0.060872111602
1.76 0 0.060872111602
1.77 0 0.060825330427
1.78 0 0.060825330427
1.79 0 0.060825330427
1.8 0 0.060825330427
1.81 0 0.0600013052126
1.82 0 0.0600013052126
1.83 0 0.0600013052126
1.84 0 0.0597041543472
1.85 0 0.0590540758478
1.86 0 0.0583052529771
1.87 0 0.0574586461266
1.88 0 0.0568329198044
1.89 0 0.0571918983477
1.9 0 0.058180019896
1.91 0 0.0591089843191
1.92 0 0.0595117391563
1.93 0 0.0595117391563
1.94 0 0.0595117391563
1.95 0 0.0616633253681
1.96 0 0.0622931684641
1.97 0 0.0639149909831
1.98 0 0.0646409138557
1.99 0 0.0651233811865
2.0 0 0.0665141114437
2.01 0 0.0685214418115
2.02 0 0.0697584059151
2.03 0 0.0707194463096
2.04 0 0.0712636454164
2.05 0 0.0729022001743
2.06 0 0.074036152862
2.07 0 0.077049186685
2.08 0 0.079391278863
2.09 0 0.080893831044
2.1 0 0.080893831044
2.11 0 0.080893831044
2.12 0 0.080893831044
2.13 0 0.0887007004409
2.14 0 0.0896907084364
2.15 0 0.0905591967448
2.16 0 0.0940654451187
2.17 0 0.0962706612386
2.18 0 0.0974581647977
2.19 0 0.098015798706
2.2 0 0.0994448854071
2.21 0 0.101549017493
2.22 0 0.103232049338
2.23 0 0.103982173798
2.24 0 0.104480026811
2.25 0 0.104480026811
2.26 0 0.104480026811
2.27 0 0.105761478382
2.28 0 0.105761478382
2.29 0 0.105761478382
2.3 0 0.106027661078
2.31 0 0.106551814397
2.32 0 0.106678681485
2.33 0 0.106363140889
2.34 0 0.104370788633
2.35 0 0.104131546473
2.36 0 0.104131546473
2.37 0 0.104131546473
2.38 0 0.104131546473
2.39 0 0.100267529729
2.4 0 0.0981858218163
2.41 0 0.0971334962946
2.42 0 0.0966776449276
2.43 0 0.0963546024288
2.44 0 0.0966354658778
2.45 0 0.0967370326364
2.46 0 0.0973491398558
2.47 0 0.0979753051557
2.48 0 0.100045006992
2.49 0 0.100045006992
2.5 0 0.100045006992
2.51 0 0.100045006992
2.52 0 0.100045006992
2.53 0 0.10291909851
2.54 0 0.103678551082
2.55 0 0.104538162562
2.56 0 0.104907310106
2.57 0 0.105236642621
2.58 0 0.104991357748
2.59 0 0.104719382082
2.6 0 0.104667653662
2.61 0 0.104921560011
2.62 0 0.105616519951
2.63 0 0.106306504351
2.64 0 0.106306504351
2.65 0 0.106306504351
2.66 0 0.106306504351
2.67 0 0.109012731603
2.68 0 0.109012731603
2.69 0 0.11113940869
2.7 0 0.111300507841
2.71 0 0.112237327936
2.72 0 0.112633810557
2.73 0 0.112689356698
2.74 0 0.112983527111
2.75 0 0.113043817013
2.76 0 0.113316389837
2.77 0 0.112978711929
2.78 0 0.113331620244
2.79 0 0.113349427082
2.8 0 0.112947099554
2.81 0 0.112902192629
2.82 0 0.112902192629
2.83 0 0.112902192629
2.84 0 0.113561552328
2.85 0 0.113561552328
2.86 0 0.113561552328
2.87 0 0.11690826271
2.88 0 0.117062783823
2.89 0 0.117239355168
2.9 0 0.118231952957
2.91 0 0.118931518853
2.92 0 0.120678892792
2.93 0 0.120909739299
2.94 0 0.121238820624
2.95 0 0.123433612755
2.96 0 0.126055393349
2.97 0 0.127297080733
2.98 0 0.12818560319
2.99 0 0.13113143634
3.0 0 0.133535585808
3.01 0 0.13500990411
3.02 0 0.137369323463
3.03 0 0.139608143802
3.04 0 0.141461764987
3.05 0 0.14532416361
3.06 0 0.14728512103
3.07 0 0.149278454584
3.08 0 0.149545281362
3.09 0 0.150461893828
3.1 0 0.150461893828
3.11 0 0.150461893828
3.12 0 0.153674882726
3.13 0 0.155463306107
3.14 0 0.155607223073
3.15 0 0.155795372921
3.16 0 0.157109185146
3.17 0 0.156419453461
3.18 0 0.157478303734
3.19 0 0.158562381967
3.2 0 0.158798343526
3.21 0 0.158760714099
3.22 0 0.159152082264
3.23 0 0.160131605362
3.24 0 0.16236537436
3.25 0 0.164664412234
3.26 0 0.164485362745
3.27 0 0.166119251512
3.28 0 0.169499135386
3.29 0 0.169791112516
3.3 0 0.169791112516
3.31 0 0.172688524044
3.32 0 0.172856557057
3.33 0 0.172856557057
3.34 0 0.172856557057
3.35 0 0.175550005068
3.36 0 0.175711118084
3.37 0 0.177105010615
3.38 0 0.177940014648
3.39 0 0.179942532246
3.4 0 0.180568475583
3.41 0 0.180961574618
3.42 0 0.180961574618
3.43 0 0.180961574618
3.44 0 0.180961574618
3.45 0 0.182729845702
3.46 0 0.182729845702
3.47 0 0.182719241804
3.48 0 0.182692090653
3.49 0 0.182834489221
3.5 0 0.183005735706
3.51 0 0.183192820329
3.52 0 0.183508151185
3.53 0 0.184269617704
3.54 0 0.184269617704
3.55 0 0.184269617704
3.56 0 0.184579340488
3.57 0 0.186012514389
3.58 0 0.186676011534
3.59 0 0.187290418701
3.6 0 0.188514126867
3.61 0 0.188904431508
3.62 0 0.189771953823
3.63 0 0.189771953823
3.64 0 0.190947096601
3.65 0 0.191035253633
3.66 0 0.191218233772
3.67 0 0.191218233772
3.68 0 0.190444779146
3.69 0 0.190310547727
3.7 0 0.190299122144
3.71 0 0.190682080481
3.72 0 0.190782075749
3.73 0 0.190819668145
3.74 0 0.190812448451
3.75 0 0.188870324188
3.76 0 0.188221467924
3.77 0 0.187329340684
3.78 0 0.187329340684
3.79 0 0.187329340684
3.8 0 0.183271570668
3.81 0 0.18003947193
3.82 0 0.178853300884
3.83 0 0.178137530364
3.84 0 0.176650790631
3.85 0 0.175962380647
3.86 0 0.175112774539
3.87 0 0.174626633216
3.88 0 0.174007716082
3.89 0 0.173575408815
3.9 0 0.173004000555
3.91 0 0.172928828219
3.92 0 0.171359735591
3.93 0 0.170302074515
3.94 0 0.17013304701
3.95 0 0.170544851167
3.96 0 0.171371503447
3.97 0 0.172343069169
3.98 0 0.172991016111
3.99 0 0.172991016111
4.0 0 0.172991016111
4.01 0 0.172991016111
4.02 0 0.182167020612
4.03 0 0.18253461502
4.04 0 0.186157397885
4.05 0 0.187469591573
4.06 0 0.190747263075
4.07 0 0.191337796915
4.08 0 0.19176766526
4.09 0 0.19196215828
4.1 0 0.194694184874
4.11 0 0.195581673512
4.12 0 0.1975558191
4.13 0 0.198648209318
4.14 0 0.198978709442
4.15 0 0.201790382239
4.16 0 0.203962033496
4.17 0 0.203735947942
4.18 0 0.204970691582
4.19 0 0.206893946847
4.2 0 0.206893946847
4.21 0 0.206893946847
4.22 0 0.206893946847
4.23 0 0.210105312636
4.24 0 0.210105312636
4.25 0 0.214278541948
4.26 0 0.213730926353
4.27 0 0.214130974446
4.28 0 0.214460060268
4.29 0 0.216121698929
4.3 0 0.216458567675
4.31 0 0.217140404147
4.32 0 0.218540829957
4.33 0 0.221812117086
4.34 0 0.222351143866
4.35 0 0.221998375036
4.36 0 0.221884015265
4.37 0 0.22127144874
4.38 0 0.220858611028
4.39 0 0.219201017826
4.4 0 0.219030700605
4.41 0 0.215506594706
4.42 0 0.213203005303
4.43 0 0.209872384303
4.44 0 0.206819094706
4.45 0 0.205520258242
4.46 0 0.205354201449
4.47 0 0.204675924677
4.48 0 0.204545867028
4.49 0 0.20418002961
4.5 0 0.20418002961
4.51 0 0.20418002961
4.52 0 0.205269703674
4.53 0 0.205891826478
4.54 0 0.206051067933
4.55 0 0.206051067933
4.56 0 0.206051067933
4.57 0 0.209841254973
4.58 0 0.211254705629
4.59 0 0.212592820863
4.6 0 0.213049831488
4.61 0 0.213049831488
4.62 0 0.213049831488
4.63 0 0.215498770463
4.64 0 0.216037135198
4.65 0 0.217641825203
4.66 0 0.217995411207
4.67 0 0.219884685829
4.68 0 0.220877245041
4.69 0 0.220877245041
4.7 0 0.220877245041
4.71 0 0.220877245041
4.72 0 0.220877245041
4.73 0 0.223301221266
4.74 0 0.223831012576
4.75 0 0.223942788912
4.76 0 0.223741400486
4.77 0 0.223010624273
4.78 0 0.222527802385
4.79 0 0.22176227934
4.8 0 0.221994488042
4.81 0 0.223661474064
4.82 0 0.223568133503
4.83 0 0.224090701003
4.84 0 0.224017119842
4.85 0 0.223964007195
4.86 0 0.223689335086
4.87 0 0.223689335086
4.88 0 0.223897417382
4.89 0 0.224690783762
4.9 0 0.225631909109
4.91 0 0.226453892096
4.92 0 0.227573182966
4.93 0 0.228947338816
4.94 0 0.229482522343
4.95 0 0.229917005048
4.96 0 0.231465666911
4.97 0 0.231450449423
4.98 0 0.231331675879
4.99 0 0.231331675879
5.0 0 0.231331675879
5.01 0 0.231331675879
5.02 0 0.233270873011
5.03 0 0.233270873011
5.04 0 0.235841342354
5.05 0 0.235124080781
5.06 0 0.235748856978
5.07 0 0.235027066255
5.08 0 0.235675602086
5.09 0 0.235821002669
5.1 0 0.235868192791
5.11 0 0.235636185569
5.12 0 0.234920814301
5.13 0 0.233892628449
5.14 0 0.233487125421
5.15 0 0.232909689194
5.16 0 0.232074192207
5.17 0 0.231791706495
5.18 0 0.228711487777
5.19 0 0.229779475445
5.2 0 0.228518698424
5.21 0 0.227974791357
5.22 0 0.226398994164
5.23 0 0.224943945943
5.24 0 0.221806544453
5.25 0 0.221380606405
5.26 0 0.21790421072
5.27 0 0.21710028417
5.28 0 0.21512547343
5.29 0 0.213834413492
5.3 0 0.213390499457
5.31 0 0.212205890331
5.32 0 0.211534173165
5.33 0 0.212857877085
5.34 0 0.214926775666
5.35 0 0.216388815942
5.36 0 0.21650823693
5.37 0 0.216844807394
5.38 0 0.216890632433
5.39 0 0.218174132398
5.4 0 0.21778848421
5.41 0 0.219023243827
5.42 0 0.21901624618
5.43 0 0.219280940791
5.44 0 0.218109420266
5.45 0 0.218109420266
5.46 0 0.218109420266
5.47 0 0.217251065082
5.48 0 0.217307585775
5.49 0 0.217026259539
5.5 0 0.216491145612
5.51 0 0.215454526683
5.52 0 0.215229296656
5.53 0 0.213876751395
5.54 0 0.213273625004
5.55 0 0.211179719428
5.56 0 0.210638455752
5.57 0 0.210638455752
5.58 0 0.210638455752
5.59 0 0.210638455752
5.6 0 0.205471098316
5.61 0 0.204386209273
5.62 0 0.203812916893
5.63 0 0.202635867816
5.64 0 0.202199762608
5.65 0 0.202393691315
5.66 0 0.203247734789
5.67 0 0.204007511673
5.68 0 0.204434994654
5.69 0 0.205753054234
5.7 0 0.205519795008
5.71 0 0.208075014248
5.72 0 0.209442909418
5.73 0 0.209857636339
5.74 0 0.210239380811
5.75 0 0.210723720816
5.76 0 0.212093951123
5.77 0 0.2123188843
5.78 0 0.212543376366
5.79 0 0.214754691059
5.8 0 0.215296366183
5.81 0 0.216645457074
5.82 0 0.217810669188
5.83 0 0.21822862279
5.84 0 0.218792073039
5.85 0 0.219914755748
5.86 0 0.220806005275
5.87 0 0.221938028496
5.88 0 0.22266487001
5.89 0 0.22299884555
5.9 0 0.223375346412
5.91 0 0.223433222577
5.92 0 0.223069721065
5.93 0 0.222994102499
5.94 0 0.222520023848
5.95 0 0.222467125513
5.96 0 0.222429581912
5.97 0 0.222080047103
5.98 0 0.221584275699
5.99 0 0.221526272628
6.0 0 0.221360625743
6.01 0 0.221615193161
6.02 0 0.221452486555
6.03 0 0.221255076473
6.04 0 0.221860145489
6.05 0 0.222148939825
6.06 0 0.222148939825
6.07 0 0.223382975293
6.08 0 0.222266987538
6.09 0 0.221852412597
6.1 0 0.220084515181
6.11 0 0.216430636102
6.12 0 0.215642598325
6.13 0 0.215642598325
6.14 0 0.215909009056
6.15 0 0.214904253364
6.16 0 0.213309139967
6.17 0 0.214940711343
6.18 0 0.215257000194
6.19 0 0.216558326445
6.2 0 0.218143009848
6.21 0 0.220153381816
6.22 0 0.222644034519
6.23 0 0.223572261339
6.24 0 0.223807409549
6.25 0 0.226157281199
6.26 0 0.228853603825
6.27 0 0.22670969065
6.28 0 0.229432576326
6.29 0 0.231806825441
6.3 0 0.232517244087
6.31 0 0.233570225567
6.32 0 0.233846665071
6.33 0 0.235255390778
6.34 0 0.240144533598
6.35 0 0.243219675106
6.36 0 0.243141958785
6.37 0 0.242004168364
6.38 0 0.243197544648
6.39 0 0.243197544648
6.4 0 0.243197544648
6.41 0 0.243197544648
6.42 0 0.243197544648
6.43 0 0.247733748288
6.44 0 0.249478510975
6.45 0 0.250645021397
6.46 0 0.251214263734
6.47 0 0.250780159602
6.48 0 0.250910752297
6.49 0 0.250776988808
6.5 0 0.251005187285
6.51 0 0.249410917909
6.52 0 0.249839902037
6.53 0 0.247030300279
6.54 0 0.247679103992
6.55 0 0.247981374158
6.56 0 0.247981374158
6.57 0 0.247981374158
6.58 0 0.248608258849
6.59 0 0.249035763862
6.6 0 0.248676796401
6.61 0 0.248549566287
6.62 0 0.248660310153
6.63 0 0.248721574658
6.64 0 0.248721574658
6.65 0 0.248721574658
6.66 0 0.247100772146
6.67 0 0.247200022789
6.68 0 0.246945159294
6.69 0 0.24700836691
6.7 0 0.247286245621
6.71 0 0.246334582729
6.72 0 0.245659310647
6.73 0 0.244992770731
6.74 0 0.244295323916
6.75 0 0.243896389732
6.76 0 0.243390230457
6.77 0 0.243390230457
6.78 0 0.244410377313
6.79 0 0.244971298049
6.8 0 0.244971298049
6.81 0 0.244971298049
6.82 0 0.244971298049
6.83 0 0.244971298049
6.84 0 0.24621982082
6.85 0 0.24640680632
6.86 0 0.246281024483
6.87 0 0.245117213435
6.88 0 0.24399784276
6.89 0 0.24205400447
6.9 0 0.23949958676
6.91 0 0.234864859809
6.92 0 0.233682807728
6.93 0 0.231384809986
6.94 0 0.231384809986
6.95 0 0.231384809986
6.96 0 0.229233093434
6.97 0 0.226556635364
6.98 0 0.226368200961
6.99 0 0.225728270567
7.0 0 0.224773632159
7.01 0 0.224704309516
7.02 0 0.22453289186
7.03 0 0.223080021697
7.04 0 0.222482914351
7.05 0 0.221479573748
7.06 0 0.221479573748
7.07 0 0.221479573748
7.08 0 0.221479573748
7.09 0 0.218645214988
7.1 0 0.218175868218
7.11 0 0.218306133144
7.12 0 0.219726802662
7.13 0 0.221242299734
7.14 0 0.224741399944
7.15 0 0.225036134512
7.16 0 0.225911490934
7.17 0 0.228079770333
7.18 0 0.230991546259
7.19 0 0.230973960929
7.2 0 0.231133365188
7.21 0 0.231374644934
7.22 0 0.232626787735
7.23 0 0.233252545955
7.24 0 0.235141144423
7.25 0 0.236257444754
7.26 0 0.237992535095
7.27 0 0.237968413725
7.28 0 0.238339790356
7.29 0 0.238058247412
7.3 0 0.238446978416
7.31 0 0.238394410718
7.32 0 0.235023493566
7.33 0 0.235274993421
7.34 0 0.245927900018
7.35 0 0.247496408127
7.36 0 0.250314372064
7.37 0 0.25264823401
7.38 0 0.253226052446
7.39 0 0.253771202128
7.4 0 0.253882442772
7.41 0 0.256854130636
7.42 0 0.259608562059
7.43 0 0.258044683486
7.44 0 0.261087756178
7.45 0 0.261087756178
7.46 0 0.263141880839
7.47 0 0.264326969495
7.48 0 0.264608847128
7.49 0 0.264531393815
7.5 0 0.264531393815
7.51 0 0.264531393815
7.52 0 0.261577323783
7.53 0 0.261577323783
7.54 0 0.262351651201
7.55 0 0.262492449048
7.56 0 0.261994035623
7.57 0 0.261437557174
7.58 0 0.260468068737
7.59 0 0.259776439337
7.6 0 0.258039218147
7.61 0 0.257361816947
7.62 0 0.257361816947
7.63 0 0.257361816947
7.64 0 0.256880603271
7.65 0 0.256880603271
7.66 0 0.252769623733
7.67 0 0.252484908214
7.68 0 0.252624421696
7.69 0 0.252624421696
7.7 0 0.253952223838
7.71 0 0.253952223838
7.72 0 0.253952223838
7.73 0 0.253952223838
7.74 0 0.254606399099
7.75 0 0.254606399099
7.76 0 0.254606399099
7.77 0 0.254606399099
7.78 0 0.252413411984
7.79 0 0.252413411984
7.8 0 0.252413411984
7.81 0 0.250819996504
7.82 0 0.250142719828
7.83 0 0.250142719828
7.84 0 0.250142719828
7.85 0 0.244820960954
7.86 0 0.244395717773
7.87 0 0.243751071148
7.88 0 0.242940069703
7.89 0 0.243066759907
7.9 0 0.243465738583
7.91 0 0.242923292887
7.92 0 0.242840817632
7.93 0 0.242381056236
7.94 0 0.242313807955
7.95 0 0.243066491299
7.96 0 0.243065114204
7.97 0 0.244724405792
7.98 0 0.245805235605
7.99 0 0.245805235605
8.0 0 0.245805235605
8.01 0 0.245805235605
8.02 0 0.247143233304
8.03 0 0.248599625816
8.04 0 0.249060626558
8.05 0 0.249011171664
8.06 0 0.249085499219
8.07 0 0.249085499219
8.08 0 0.249669959353
8.09 0 0.249839072477
8.1 0 0.249986073602
8.11 0 0.249986073602
8.12 0 0.249986073602
8.13 0 0.253913800596
8.14 0 0.253913800596
8.15 0 0.253913800596
8.16 0 0.253913800596
8.17 0 0.258431163949
8.18 0 0.258962921376
8.19 0 0.259505389551
8.2 0 0.260885932916
8.21 0 0.261194799024
8.22 0 0.260428979894
8.23 0 0.263400404457
8.24 0 0.262729090285
8.25 0 0.263501956904
8.26 0 0.26474177458
8.27 0 0.264487036838
8.28 0 0.265974634305
8.29 0 0.26703094875
8.3 0 0.267104099777
8.31 0 0.268603407627
8.32 0 0.269588490013
8.33 0 0.271446023165
8.34 0 0.272046843949
8.35 0 0.272425502443
8.36 0 0.269469173453
8.37 0 0.269469173453
8.38 0 0.267638660868
8.39 0 0.267638660868
8.4 0 0.268705932101
8.41 0 0.270734557202
8.42 0 0.272007381155
8.43 0 0.273085006377
8.44 0 0.273497773005
8.45 0 0.275156683686
8.46 0 0.274870140405
8.47 0 0.274870140405
8.48 0 0.274870140405
8.49 0 0.274870140405
8.5 0 0.278072224307
8.51 0 0.278072224307
8.52 0 0.278072224307
8.53 0 0.282503656293
8.54 0 0.281861309597
8.55 0 0.280931160817
8.56 0 0.280931160817
8.57 0 0.279515714033
8.58 0 0.278300962103
8.59 0 0.275242718834
8.6 0 0.27288548386
8.61 0 0.271645724204
8.62 0 0.268297932969
8.63 0 0.266256922164
8.64 0 0.259978750388
8.65 0 0.250042616073
8.66 0 0.2448111248
8.67 0 0.242407095815
8.68 0 0.238260317865
8.69 0 0.234145194873
8.7 0 0.231734882158
8.71 0 0.231734882158
8.72 0 0.226901738896
8.73 0 0.226935301892
8.74 0 0.226935301892
8.75 0 0.228481895179
8.76 0 0.229825776661
8.77 0 0.230781890844
8.78 0 0.231919472803
8.79 0 0.23227887069
8.8 0 0.235145182572
8.81 0 0.235184126806
8.82 0 0.235184126806
8.83 0 0.235262351664
8.84 0 0.236418621882
8.85 0 0.236585296769
8.86 0 0.23570439776
8.87 0 0.234946914881
8.88 0 0.234946914881
8.89 0 0.235672419576
8.9 0 0.23637843899
8.91 0 0.23715033966
8.92 0 0.237276178402
8.93 0 0.236621846621
8.94 0 0.236617564879
8.95 0 0.237201271151
8.96 0 0.237899968483
8.97 0 0.239545330479
8.98 0 0.239545330479
8.99 0 0.239545330479
9.0 0 0.239545330479
9.01 0 0.240985727979
9.02 0 0.240985727979
9.03 0 0.240985727979
9.04 0 0.240985727979
9.05 0 0.241117419018
9.06 0 0.241117419018
9.07 0 0.242974023487
9.08 0 0.243155398649
9.09 0 0.245127006544
9.1 0 0.245122641003
9.11 0 0.245733700768
9.12 0 0.245857967291
9.13 0 0.245857967291
9.14 0 0.245857967291
9.15 0 0.245857967291
9.16 0 0.245857967291
9.17 0 0.245857967291
9.18 0 0.248185626905
9.19 0 0.250995592173
9.2 0 0.252016816283
9.21 0 0.252016816283
9.22 0 0.252016816283
9.23 0 0.252016816283
9.24 0 0.256123068214
9.25 0 0.256123068214
9.26 0 0.256123068214
9.27 0 0.260593492394
9.28 0 0.262359966693
9.29 0 0.265008374372
9.3 0 0.266773717895
9.31 0 0.267228921503
9.32 0 0.266696283287
9.33 0 0.268359849129
9.34 0 0.26928134461
9.35 0 0.270854613243
9.36 0 0.271809468486
9.37 0 0.274022198963
9.38 0 0.275466049733
9.39 0 0.275547131897
9.4 0 0.276359286799
9.41 0 0.276919320266
9.42 0 0.278772846
9.43 0 0.277282502309
9.44 0 0.279728362125
9.45 0 0.28243573673
9.46 0 0.284303025907
9.47 0 0.284303025907
9.48 0 0.284303025907
9.49 0 0.284303025907
9.5 0 0.288412302111
9.51 0 0.287150709602
9.52 0 0.288085134978
9.53 0 0.289323826533
9.54 0 0.290416252309
9.55 0 0.290416252309
9.56 0 0.292014493761
9.57 0 0.294264543876
9.58 0 0.297015847812
9.59 0 0.298595376243
9.6 0 0.299886682261
9.61 0 0.300176975001
9.62 0 0.300646396393
9.63 0 0.301340394812
9.64 0 0.301438267113
9.65 0 0.301196547664
9.66 0 0.300144179691
9.67 0 0.299521739803
9.68 0 0.299521739803
9.69 0 0.299080600836
9.7 0 0.298370782006
9.71 0 0.298155189156
9.72 0 0.295442933715
9.73 0 0.294343978056
9.74 0 0.291739663949
9.75 0 0.289911177205
9.76 0 0.287915327589
9.77 0 0.285620635017
9.78 0 0.281786801376
9.79 0 0.276063477716
9.8 0 0.275035525299
9.81 0 0.272682353647
9.82 0 0.27195337879
9.83 0 0.270891369298
9.84 0 0.270399230415
9.85 0 0.270122698041
9.86 0 0.269545533036
9.87 0 0.269230665199
9.88 0 0.269055751774
9.89 0 0.268871276267
9.9 0 0.268680904331
9.91 0 0.268680904331
9.92 0 0.268680904331
9.93 0 0.269139295613
9.94 0 0.269101936484
9.95 0 0.269125597176
9.96 0 0.269125597176
9.97 0 0.269125597176
9.98 0 0.269528856299
9.99 0 0.269528856299
10.0 0 0.269992826373
10.01 0 0.270149874352
10.02 0 0.270805197372
10.03 0 0.270620962441
10.04 0 0.271503893144
10.05 0 0.271596222713
10.06 0 0.271611787028
10.07 0 0.272015240292
10.08 0 0.272121594717
10.09 0 0.272121594717
10.1 0 0.272603397819
10.11 0 0.272008469135
10.12 0 0.272518782161
10.13 0 0.273798507134
10.14 0 0.274571810123
10.15 0 0.275153564792
10.16 0 0.275841353772
10.17 0 0.276499775422
10.18 0 0.276515029602
10.19 0 0.277919860734
10.2 0 0.278977000897
10.21 0 0.279068516251
10.22 0 0.279068516251
10.23 0 0.281479456095
10.24 0 0.281479456095
10.25 0 0.281479456095
10.26 0 0.281479456095
10.27 0 0.281479456095
10.28 0 0.285453618527
10.29 0 0.285453618527
10.3 0 0.288639594837
10.31 0 0.289564062774
10.32 0 0.293142376426
10.33 0 0.293030094097
10.34 0 0.293030094097
10.35 0 0.294339405128
10.36 0 0.294847204404
10.37 0 0.294895337278
10.38 0 0.294930700382
10.39 0 0.29650498295
10.4 0 0.295818879724
10.41 0 0.296193432668
10.42 0 0.298436622239
10.43 0 0.301162328486
10.44 0 0.301429438856
10.45 0 0.301429438856
10.46 0 0.301429438856
10.47 0 0.308945344595
10.48 0 0.311426833345
10.49 0 0.311426833345
10.5 0 0.311426833345
10.51 0 0.314522832379
10.52 0 0.316420080585
10.53 0 0.316905963809
10.54 0 0.31696331134
10.55 0 0.317240595551
10.56 0 0.316669203029
10.57 0 0.316669203029
10.58 0 0.316669203029
10.59 0 0.316669203029
10.6 0 0.316669203029
10.61 0 0.317092599214
10.62 0 0.317092599214
10.63 0 0.319223627981
10.64 0 0.320937241288
10.65 0 0.320864104946
10.66 0 0.320864104946
10.67 0 0.320864104946
10.68 0 0.320271139362
10.69 0 0.320368509792
10.7 0 0.320719198299
10.71 0 0.320087396337
10.72 0 0.320087396337
10.73 0 0.320087396337
10.74 0 0.320087396337
10.75 0 0.320087396337
10.76 0 0.321054175165
10.77 0 0.321054175165
10.78 0 0.318487710874
10.79 0 0.311925874978
10.8 0 0.311286893862
10.81 0 0.303660682655
10.82 0 0.301042641957
10.83 0 0.298788661079
10.84 0 0.294818381062
10.85 0 0.29357348408
10.86 0 0.293397499785
10.87 0 0.293127572467
10.88 0 0.293439881385
10.89 0 0.294823504823
10.9 0 0.295053295929
10.91 0 0.29565317822
10.92 0 0.295935543405
10.93 0 0.294712074683
10.94 0 0.296456112002
10.95 0 0.296672517826
10.96 0 0.297500497759
10.97 0 0.298499358259
10.98 0 0.298908065029
10.99 0 0.300838855315
11.0 0 0.301044844088
11.01 0 0.302396802671
11.02 0 0.303071249642
11.03 0 0.303325260177
11.04 0 0.305341393414
11.05 0 0.306111053648
11.06 0 0.306031912742
11.07 0 0.305912907158
11.08 0 0.306520447685
11.09 0 0.306669517383
11.1 0 0.307464539309
11.11 0 0.308390342881
11.12 0 0.308520378335
11.13 0 0.308887535755
11.14 0 0.307935513852
11.15 0 0.307252781732
11.16 0 0.307172608578
11.17 0 0.307172608578
11.18 0 0.307172608578
11.19 0 0.310059762952
11.2 0 0.310649079636
11.21 0 0.310807034959
11.22 0 0.311059364892
11.23 0 0.311276950802
11.24 0 0.311560090116
11.25 0 0.312120249091
11.26 0 0.312607443575
11.27 0 0.313777575896
11.28 0 0.31426234155
11.29 0 0.314635333649
11.3 0 0.316096748583
11.31 0 0.317724062521
11.32 0 0.316994381691
11.33 0 0.320340605416
11.34 0 0.320983859499
11.35 0 0.321331013269
11.36 0 0.321331013269
11.37 0 0.323559352002
11.38 0 0.324023504822
11.39 0 0.324665818447
11.4 0 0.32475272009
11.41 0 0.32428748138
11.42 0 0.323603839643
11.43 0 0.323614591112
11.44 0 0.324551431902
11.45 0 0.325993727232
11.46 0 0.325803744188
11.47 0 0.324766021253
11.48 0 0.324099124962
11.49 0 0.324317060145
11.5 0 0.319292484909
11.51 0 0.324305864778
11.52 0 0.322060410436
11.53 0 0.323256459908
11.54 0 0.325388596819
11.55 0 0.326667325434
11.56 0 0.322889656465
11.57 0 0.331612782907
11.58 0 0.33489157299
11.59 0 0.33489157299
11.6 0 0.342665421817
11.61 0 0.342761098856
11.62 0 0.343057524906
11.63 0 0.343957662098
11.64 0 0.346000735453
11.65 0 0.345948048975
11.66 0 0.34853077978
11.67 0 0.349835011132
11.68 0 0.350080809112
11.69 0 0.350403574573
11.7 0 0.350395585328
11.71 0 0.350177428248
11.72 0 0.34975269937
11.73 0 0.349693618103
11.74 0 0.349726789623
11.75 0 0.349591754372
11.76 0 0.349267902569
11.77 0 0.348662297529
11.78 0 0.348020661523
11.79 0 0.347708885035
11.8 0 0.347052373829
11.81 0 0.346800136707
11.82 0 0.345953982772
11.83 0 0.344754982313
11.84 0 0.344655263377
11.85 0 0.344536605425
11.86 0 0.343062296598
11.87 0 0.342608098997
11.88 0 0.342691140473
11.89 0 0.342715362595
11.9 0 0.343480552348
11.91 0 0.343876928225
11.92 0 0.344463463274
11.93 0 0.344724068016
11.94 0 0.344829643498
11.95 0 0.344825405552
11.96 0 0.341065679268
11.97 0 0.340756389545
11.98 0 0.339025486496
11.99 0 0.338333352599
12.0 0 0.337393402125
12.01 0 0.336891074553
12.02 0 0.336824942686
12.03 0 0.335742717229
12.04 0 0.335250478491
12.05 0 0.331345948047
12.06 0 0.331345948047
12.07 0 0.331345948047
12.08 0 0.331345948047
12.09 0 0.331345948047
12.1 0 0.327485528381
12.11 0 0.327485528381
12.12 0 0.328730314243
12.13 0 0.329049129881
12.14 0 0.329573797549
12.15 0 0.32897603084
12.16 0 0.329126939231
12.17 0 0.329288083304
12.18 0 0.330254163494
12.19 0 0.330168297183
12.2 0 0.331172126802
12.21 0 0.33143415854
12.22 0 0.331737499806
12.23 0 0.331636829655
12.24 0 0.331663909256
12.25 0 0.331376941869
12.26 0 0.331180262003
12.27 0 0.330979457004
12.28 0 0.331388881247
12.29 0 0.33150684815
12.3 0 0.331881110263
12.31 0 0.332176939059
12.32 0 0.331930758717
12.33 0 0.332397762869
12.34 0 0.33360729271
12.35 0 0.334469499968
12.36 0 0.335953620916
12.37 0 0.337547470987
12.38 0 0.338754289733
12.39 0 0.342327609113
12.4 0 0.341042797609
12.41 0 0.344922565047
12.42 0 0.343329776156
12.43 0 0.345631624279
12.44 0 0.346427991596
12.45 0 0.346669762687
12.46 0 0.345443591954
12.47 0 0.344491016767
12.48 0 0.342875030709
12.49 0 0.343973579595
12.5 0 0.341617484455
12.51 0 0.343314159933
12.52 0 0.34071934437
12.53 0 0.343874674557
12.54 0 0.341760029487
12.55 0 0.34025425832
12.56 0 0.342363900097
12.57 0 0.341577152488
12.58 0 0.347350493584
12.59 0 0.352591885133
12.6 0 0.355824781975
12.61 0 0.355318750739
12.62 0 0.355318750739
12.63 0 0.355318750739
12.64 0 0.366702185169
12.65 0 0.366702185169
12.66 0 0.366702185169
12.67 0 0.367659734713
12.68 0 0.368578344347
12.69 0 0.370960201037
12.7 0 0.371859316971
12.71 0 0.371831790483
12.72 0 0.372381688173
12.73 0 0.373695710048
12.74 0 0.374953249903
12.75 0 0.375472584559
12.76 0 0.375536292158
12.77 0 0.375820976822
12.78 0 0.375711715434
12.79 0 0.375838580661
12.8 0 0.375518313975
12.81 0 0.375094552696
12.82 0 0.375034564384
12.83 0 0.373724815649
12.84 0 0.373782660043
12.85 0 0.373739658094
12.86 0 0.374385351457
12.87 0 0.374579144462
12.88 0 0.375645807597
12.89 0 0.37691532833
12.9 0 0.376748547606
12.91 0 0.37656411679
12.92 0 0.375883084655
12.93 0 0.375668266399
12.94 0 0.374850922314
12.95 0 0.374604160766
12.96 0 0.374338371992
12.97 0 0.373595227771
12.98 0 0.373595227771
12.99 0 0.373595227771
13.0 0 0.374164882577
13.01 0 0.373555214824
13.02 0 0.372418983394
13.03 0 0.370343816177
13.04 0 0.368459102657
13.05 0 0.368459102657
13.06 0 0.366540871142
13.07 0 0.36535288868
13.08 0 0.365411293813
13.09 0 0.365439139074
13.1 0 0.366494534759
13.11 0 0.366517786825
13.12 0 0.366517786825
13.13 0 0.3652934541
13.14 0 0.365686362641
13.15 0 0.365396987732
13.16 0 0.365771175781
13.17 0 0.366485271133
13.18 0 0.366940027585
13.19 0 0.366940027585
13.2 0 0.366940027585
13.21 0 0.366954440302
13.22 0 0.367866953742
13.23 0 0.368257825812
13.24 0 0.368557419538
13.25 0 0.368928699518
13.26 0 0.370098860954
13.27 0 0.370002979846
13.28 0 0.370126571565
13.29 0 0.370507994201
13.3 0 0.371329818235
13.31 0 0.371817574178
13.32 0 0.37170137084
13.33 0 0.371880790156
13.34 0 0.372497508705
13.35 0 0.373143533037
13.36 0 0.374092209748
13.37 0 0.376680911823
13.38 0 0.376922729073
13.39 0 0.378731446956
13.4 0 0.378823103322
13.41 0 0.379334138551
13.42 0 0.379334138551
13.43 0 0.382006820163
13.44 0 0.381964444336
13.45 0 0.381964444336
13.46 0 0.384910934523
13.47 0 0.385663663728
13.48 0 0.38450921457
13.49 0 0.387943598083
13.5 0 0.386996104775
13.51 0 0.389746329607
13.52 0 0.388155014859
13.53 0 0.38624069293
13.54 0 0.386568672787
13.55 0 0.388045411295
13.56 0 0.387847936675
13.57 0 0.382459382956
13.58 0 0.385903163326
13.59 0 0.393766801506
13.6 0 0.394155841948
13.61 0 0.396446996685
13.62 0 0.39822345635
13.63 0 0.39907740468
13.64 0 0.399382951348
13.65 0 0.40119680185
13.66 0 0.401387715056
13.67 0 0.40309834137
13.68 0 0.403141393323
13.69 0 0.39801760546
13.7 0 0.39897727817
13.71 0 0.39897727817
13.72 0 0.401749329921
13.73 0 0.400527288081
13.74 0 0.402713568822
13.75 0 0.399370462633
13.76 0 0.398527277909
13.77 0 0.396876899422
13.78 0 0.400691040264
13.79 0 0.400691040264
13.8 0 0.400691040264
13.81 0 0.408265586554
13.82 0 0.408541489718
13.83 0 0.408534879193
13.84 0 0.408518242845
13.85 0 0.408666866236
13.86 0 0.408774174206
13.87 0 0.409619332339
13.88 0 0.409947566181
13.89 0 0.410662641298
13.9 0 0.411060241604
13.91 0 0.411400474444
13.92 0 0.411400474444
13.93 0 0.411361611779
13.94 0 0.411721861936
13.95 0 0.411831412603
13.96 0 0.41191228443
13.97 0 0.411961535238
13.98 0 0.412031064793
13.99 0 0.41079361099
14.0 0 0.409906851577
14.01 0 0.408628838599
14.02 0 0.408661590723
14.03 0 0.408487149775
14.04 0 0.408487149775
14.05 0 0.408487149775
14.06 0 0.405077267366
14.07 0 0.405077267366
14.08 0 0.404175706836
14.09 0 0.402735122607
14.1 0 0.401545843634
14.11 0 0.401545843634
14.12 0 0.401545843634
14.13 0 0.397522106583
14.14 0 0.397838457675
14.15 0 0.395771456834
14.16 0 0.396002721165
14.17 0 0.397576711742
14.18 0 0.398372191898
14.19 0 0.399005588464
14.2 0 0.399860898375
14.21 0 0.399850353542
14.22 0 0.400755096168
14.23 0 0.401882568057
14.24 0 0.40318098668
14.25 0 0.40371604553
14.26 0 0.404650100312
14.27 0 0.405177386038
14.28 0 0.406160704721
14.29 0 0.406473683243
14.3 0 0.407051964699
14.31 0 0.407502394268
14.32 0 0.407502394268
14.33 0 0.407502394268
14.34 0 0.410279178915
14.35 0 0.410666106139
14.36 0 0.410853039436
14.37 0 0.412219062398
14.38 0 0.412788843842
14.39 0 0.413937908509
14.4 0 0.414968906554
14.41 0 0.415818899682
14.42 0 0.416290862855
14.43 0 0.41655390755
14.44 0 0.41655390755
14.45 0 0.416759662283
14.46 0 0.417097839337
14.47 0 0.418955880717
14.48 0 0.423544218908
14.49 0 0.425109577398
14.5 0 0.425643166094
14.51 0 0.426261857449
14.52 0 0.424790899114
14.53 0 0.427296872138
14.54 0 0.426604764067
14.55 0 0.427239657594
14.56 0 0.427239657594
14.57 0 0.427239657594
14.58 0 0.427239657594
14.59 0 0.427239657594
14.6 0 0.427370625036
14.61 0 0.427370625036
14.62 0 0.431246061627
14.63 0 0.431246061627
14.64 0 0.431246061627
14.65 0 0.431246061627
14.66 0 0.43905520037
14.67 0 0.439552593562
14.68 0 0.441603492141
14.69 0 0.44406209163
14.7 0 0.444073609962
14.71 0 0.444405914852
14.72 0 0.446708287028
14.73 0 0.450905440324
14.74 0 0.451265388078
14.75 0 0.453482458504
14.76 0 0.452178297463
14.77 0 0.453090756058
14.78 0 0.453668192107
14.79 0 0.456092172416
14.8 0 0.456092172416
14.81 0 0.453676660298
14.82 0 0.453676660298
14.83 0 0.453676660298
14.84 0 0.456748503668
14.85 0 0.457089502763
14.86 0 0.456991101361
14.87 0 0.457008802722
14.88 0 0.456749882381
14.89 0 0.456496883555
14.9 0 0.45733161326
14.91 0 0.458349584401
14.92 0 0.458409818893
14.93 0 0.45901021152
14.94 0 0.459042130699
14.95 0 0.459899086131
14.96 0 0.462237231645
14.97 0 0.463106218006
14.98 0 0.464041537902
14.99 0 0.464630953479
15.0 0 0.464727469955
15.01 0 0.465876539861
15.02 0 0.465742663899
15.03 0 0.465810647727
15.04 0 0.465785181171
15.05 0 0.463880529916
15.06 0 0.460723237442
15.07 0 0.460297385503
15.08 0 0.459329162951
15.09 0 0.458448147685
15.1 0 0.458448147685
15.11 0 0.457351939138
15.12 0 0.457227260532
15.13 0 0.456372598555
15.14 0 0.456252372198
15.15 0 0.455478346587
15.16 0 0.455081121686
15.17 0 0.454844584616
15.18 0 0.45483220052
15.19 0 0.455220034849
15.2 0 0.45557823907
15.21 0 0.455884263437
15.22 0 0.455884263437
15.23 0 0.455884263437
15.24 0 0.457684863182
15.25 0 0.458572414031
15.26 0 0.45968342607
15.27 0 0.460918979281
15.28 0 0.460918979281
15.29 0 0.464266503595
15.3 0 0.465517627197
15.31 0 0.466393376731
15.32 0 0.466313497526
15.33 0 0.466313497526
15.34 0 0.466313497526
15.35 0 0.467790545789
15.36 0 0.467790545789
15.37 0 0.467790545789
15.38 0 0.468635238903
15.39 0 0.468806088542
15.4 0 0.469082911742
15.41 0 0.469160911852
15.42 0 0.469450890042
15.43 0 0.470147396696
15.44 0 0.470377286462
15.45 0 0.470995065828
15.46 0 0.471734636024
15.47 0 0.472544315551
15.48 0 0.472743981282
15.49 0 0.473039445435
15.5 0 0.473039445435
15.51 0 0.474413295245
15.52 0 0.473970126644
15.53 0 0.474408532438
15.54 0 0.474709961321
15.55 0 0.476736039975
15.56 0 0.477959715039
15.57 0 0.481891340811
15.58 0 0.482450196608
15.59 0 0.483012164748
15.6 0 0.485532122433
15.61 0 0.483763946753
15.62 0 0.483763946753
15.63 0 0.483763946753
15.64 0 0.489043306563
15.65 0 0.489908031961
15.66 0 0.487541356753
15.67 0 0.486405593181
15.68 0 0.490474455196
15.69 0 0.494394676793
15.7 0 0.49396077332
15.71 0 0.495974110404
15.72 0 0.495893732685
15.73 0 0.495854106756
15.74 0 0.495961455236
15.75 0 0.495961455236
15.76 0 0.499118386602
15.77 0 0.498773792363
15.78 0 0.498429402251
15.79 0 0.498429402251
15.8 0 0.498429402251
15.81 0 0.498429402251
15.82 0 0.498429402251
15.83 0 0.50144823889
15.84 0 0.50144823889
15.85 0 0.502840009769
15.86 0 0.508368752071
15.87 0 0.507215167829
15.88 0 0.507215167829
15.89 0 0.507215167829
15.9 0 0.51061321166
15.91 0 0.511119970656
15.92 0 0.510950766023
15.93 0 0.510524639573
15.94 0 0.510183537643
15.95 0 0.509863809262
15.96 0 0.509863809262
15.97 0 0.509863809262
15.98 0 0.509863809262
15.99 0 0.508993997544
16.0 0 0.508993997544
16.01 0 0.508993997544
16.02 0 0.505806572079
16.03 0 0.505806572079
16.04 0 0.505806572079
16.05 0 0.503607472742
16.06 0 0.504537695129
16.07 0 0.504345156624
16.08 0 0.504315217784
16.09 0 0.504564333373
16.1 0 0.503956582445
16.11 0 0.503563497156
16.12 0 0.503320377942
16.13 0 0.503138848402
16.14 0 0.502343341248
16.15 0 0.501873891872
16.16 0 0.501345308851
16.17 0 0.499130952022
16.18 0 0.497528000068
16.19 0 0.49540104763
16.2 0 0.492769230183
16.21 0 0.492516487623
16.22 0 0.49234911981
16.23 0 0.492202455006
16.24 0 0.492202455006
16.25 0 0.492202455006
16.26 0 0.492389233165
16.27 0 0.492389233165
16.28 0 0.492389233165
16.29 0 0.493108862742
16.3 0 0.495955153942
16.31 0 0.499085646413
16.32 0 0.500555980442
16.33 0 0.500555980442
16.34 0 0.50216747953
16.35 0 0.503535557043
16.36 0 0.50401353128
16.37 0 0.504157399508
16.38 0 0.504252117467
16.39 0 0.505071215771
16.4 0 0.505699459203
16.41 0 0.505960172668
16.42 0 0.505801161321
16.43 0 0.505801161321
16.44 0 0.505801161321
16.45 0 0.507150800033
16.46 0 0.507378270287
16.47 0 0.508134449476
16.48 0 0.508467687207
16.49 0 0.508467687207
16.5 0 0.509258511437
16.51 0 0.509258511437
16.52 0 0.511645169384
16.53 0 0.51207416589
16.54 0 0.513120636168
16.55 0 0.51527575434
16.56 0 0.515979471181
16.57 0 0.515979471181
16.58 0 0.515979471181
16.59 0 0.518024333016
16.6 0 0.518024333016
16.61 0 0.518024333016
16.62 0 0.518024333016
16.63 0 0.524081874816
16.64 0 0.524081874816
16.65 0 0.5257788417
16.66 0 0.525682199689
16.67 0 0.525764342294
16.68 0 0.525426734891
16.69 0 0.525426734891
16.7 0 0.525426734891
16.71 0 0.525426734891
16.72 0 0.524850620922
16.73 0 0.524850620922
16.74 0 0.524850620922
16.75 0 0.516478729373
16.76 0 0.516478729373
16.77 0 0.516478729373
16.78 0 0.52359829386
16.79 0 0.529223592642
16.8 0 0.530524136008
16.81 0 0.535472888476
16.82 0 0.536722872695
16.83 0 0.536722872695
16.84 0 0.536722872695
16.85 0 0.542349743236
16.86 0 0.5422884933
16.87 0 0.543512430356
16.88 0 0.543512430356
16.89 0 0.543512430356
16.9 0 0.547988090273
16.91 0 0.547988090273
16.92 0 0.547988090273
16.93 0 0.550646495146
16.94 0 0.551087275639
16.95 0 0.551216221469
16.96 0 0.550948460248
16.97 0 0.550376637407
16.98 0 0.550213791052
16.99 0 0.549952803737
17.0 0 0.550109858744
17.01 0 0.550115672721
17.02 0 0.549931380797
17.03 0 0.550062368498
17.04 0 0.551504986155
17.05 0 0.551504986155
17.06 0 0.551504986155
17.07 0 0.54789531513
17.08 0 0.543274427933
17.09 0 0.538645691003
17.1 0 0.539627834338
17.11 0 0.539785320914
17.12 0 0.541123250517
17.13 0 0.544491955908
17.14 0 0.545312010431
17.15 0 0.545906749143
17.16 0 0.546999954688
17.17 0 0.547353278767
17.18 0 0.547024552427
17.19 0 0.546222663217
17.2 0 0.545579796899
17.21 0 0.544900347515
17.22 0 0.544289972224
17.23 0 0.544289972224
17.24 0 0.544289972224
17.25 0 0.544289972224
17.26 0 0.540965079066
17.27 0 0.541059414797
17.28 0 0.540740604995
17.29 0 0.540731276576
17.3 0 0.5408996685
17.31 0 0.542019331002
17.32 0 0.542019331002
17.33 0 0.542019331002
17.34 0 0.542019331002
17.35 0 0.544329666553
17.36 0 0.544765389665
17.37 0 0.54679453455
17.38 0 0.547558578681
17.39 0 0.549429771046
17.4 0 0.549721251837
17.41 0 0.549783463599
17.42 0 0.550083637154
17.43 0 0.550083637154
17.44 0 0.550083637154
17.45 0 0.550083637154
17.46 0 0.551000454208
17.47 0 0.551000454208
17.48 0 0.55159981416
17.49 0 0.553249524881
17.5 0 0.55416457154
17.51 0 0.554558268065
17.52 0 0.555300979617
17.53 0 0.555294851023
17.54 0 0.555117722864
17.55 0 0.555117722864
17.56 0 0.555454717168
17.57 0 0.555796835748
17.58 0 0.556156064338
17.59 0 0.55785966773
17.6 0 0.557713082604
17.61 0 0.559755518557
17.62 0 0.561215995734
17.63 0 0.563819988479
17.64 0 0.566220591375
17.65 0 0.566299767333
17.66 0 0.570279565018
17.67 0 0.571369710184
17.68 0 0.57081609584
17.69 0 0.570397554516
17.7 0 0.570625347351
17.71 0 0.570625347351
17.72 0 0.570625347351
17.73 0 0.570625347351
17.74 0 0.571593438925
17.75 0 0.572884167044
17.76 0 0.573828695633
17.77 0 0.577210053573
17.78 0 0.579649308266
17.79 0 0.578415323759
17.8 0 0.578415323759
17.81 0 0.578415323759
17.82 0 0.578415323759
17.83 0 0.591814203401
17.84 0 0.592332318815
17.85 0 0.594470521042
17.86 0 0.595396934289
17.87 0 0.59653727037
17.88 0 0.596826684103
17.89 0 0.595928938023
17.9 0 0.597583647672
17.91 0 0.598483664358
17.92 0 0.59915034143
17.93 0 0.600463647963
17.94 0 0.602032985105
17.95 0 0.606290003694
17.96 0 0.606575192208
17.97 0 0.606874031046
17.98 0 0.606252845235
17.99 0 0.606037234986
18.0 0 0.606074287849
18.01 0 0.604598992333
18.02 0 0.60377771729
18.03 0 0.603702691657
18.04 0 0.603702691657
18.05 0 0.600671834155
18.06 0 0.600070894015
18.07 0 0.600070894015
18.08 0 0.600070894015
18.09 0 0.600070894015
18.1 0 0.600571050558
18.11 0 0.60099952731
18.12 0 0.601434506514
18.13 0 0.602787494429
18.14 0 0.602856816788
18.15 0 0.603236179756
18.16 0 0.603697952178
18.17 0 0.603838699111
18.18 0 0.603246688847
18.19 0 0.602685389909
18.2 0 0.602038582637
18.21 0 0.601283168993
18.22 0 0.600554745256
18.23 0 0.600554745256
18.24 0 0.600236398044
18.25 0 0.598768024405
18.26 0 0.598475961141
18.27 0 0.596835656271
18.28 0 0.595904733881
18.29 0 0.594879168356
18.3 0 0.594879168356
18.31 0 0.590944906274
18.32 0 0.588161805525
18.33 0 0.585798686726
18.34 0 0.586076233236
18.35 0 0.586571354675
18.36 0 0.587415359863
18.37 0 0.588724596419
18.38 0 0.589756500274
18.39 0 0.592083759951
18.4 0 0.59324677985
18.41 0 0.595838726595
18.42 0 0.596747071355
18.43 0 0.597512341378
18.44 0 0.59921216428
18.45 0 0.59921216428
18.46 0 0.599438900675
18.47 0 0.597584941785
18.48 0 0.597584941785
18.49 0 0.597449467258
18.5 0 0.598787052217
18.51 0 0.598898054941
18.52 0 0.599493388669
18.53 0 0.601182873679
18.54 0 0.602690504107
18.55 0 0.603148213332
18.56 0 0.603737281223
18.57 0 0.605441662933
18.58 0 0.605522614656
18.59 0 0.606075554918
18.6 0 0.608507749974
18.61 0 0.609459722041
18.62 0 0.609505665907
18.63 0 0.611392002242
18.64 0 0.611841669936
18.65 0 0.612465387047
18.66 0 0.613482945318
18.67 0 0.613615474522
18.68 0 0.613458973401
18.69 0 0.61598566941
18.7 0 0.623031324102
18.71 0 0.623013129977
18.72 0 0.62369947921
18.73 0 0.623409398008
18.74 0 0.623082074261
18.75 0 0.623137342
18.76 0 0.623512433107
18.77 0 0.622279908291
18.78 0 0.620486390302
18.79 0 0.62000312731
18.8 0 0.62000312731
18.81 0 0.62000312731
18.82 0 0.621929030745
18.83 0 0.619041941389
18.84 0 0.619041941389
18.85 0 0.619041941389
18.86 0 0.627713597913
18.87 0 0.627713597913
18.88 0 0.627713597913
18.89 0 0.627746490012
18.9 0 0.63095865874
18.91 0 0.630382449206
18.92 0 0.632667905246
18.93 0 0.633569888181
18.94 0 0.633267155731
18.95 0 0.632075949388
18.96 0 0.63410117521
18.97 0 0.639178226839
18.98 0 0.63909761117
18.99 0 0.639599892673
19.0 0 0.645127743145
19.01 0 0.645127743145
19.02 0 0.645127743145
19.03 0 0.645127743145
19.04 0 0.644882476558
19.05 0 0.644882476558
19.06 0 0.644882476558
19.07 0 0.644882476558
19.08 0 0.643290314194
19.09 0 0.643290314194
19.1 0 0.643290314194
19.11 0 0.643169782684
19.12 0 0.644796287069
19.13 0 0.645742997305
19.14 0 0.646216815839
19.15 0 0.645281488095
19.16 0 0.644857311386
19.17 0 0.644178759197
19.18 0 0.644341990859
19.19 0 0.643669876332
19.2 0 0.644084341369
19.21 0 0.643338047451
19.22 0 0.642401187663
19.23 0 0.641985209418
19.24 0 0.641418949259
19.25 0 0.640468344291
19.26 0 0.639593478612
19.27 0 0.639698298601
19.28 0 0.63989957909
19.29 0 0.63989957909
19.3 0 0.63989957909
19.31 0 0.638259427741
19.32 0 0.637233626765
19.33 0 0.636426169456
19.34 0 0.636426169456
19.35 0 0.636426169456
19.36 0 0.636426169456
19.37 0 0.630641199904
19.38 0 0.630183640674
19.39 0 0.629201001904
19.4 0 0.625942707672
19.41 0 0.625973961639
19.42 0 0.626177850562
19.43 0 0.626329776317
19.44 0 0.627242173862
19.45 0 0.628053382115
19.46 0 0.629869050644
19.47 0 0.629869050644
19.48 0 0.629869050644
19.49 0 0.634893427664
19.5 0 0.635431368885
19.51 0 0.635846698648
19.52 0 0.635270914628
19.53 0 0.636218514646
19.54 0 0.636704869712
19.55 0 0.637482988255
19.56 0 0.638440451549
19.57 0 0.639657797486
19.58 0 0.640567277314
19.59 0 0.640567277314
19.6 0 0.647136391568
19.61 0 0.648924657397
19.62 0 0.648402674894
19.63 0 0.648744764152
19.64 0 0.648744764152
19.65 0 0.648744764152
19.66 0 0.648613506349
19.67 0 0.648613506349
19.68 0 0.648613506349
19.69 0 0.649014622415
19.7 0 0.649787120858
19.71 0 0.652161129144
19.72 0 0.652036459298
19.73 0 0.653349400432
19.74 0 0.658626583065
19.75 0 0.662481325142
19.76 0 0.662481325142
19.77 0 0.663303304649
19.78 0 0.663202348678
19.79 0 0.663543681548
19.8 0 0.663509251719
19.81 0 0.663361902369
19.82 0 0.662435787677
19.83 0 0.663859912667
19.84 0 0.664016894055
19.85 0 0.663705127005
19.86 0 0.663526127799
19.87 0 0.663391418826
19.88 0 0.661073030946
19.89 0 0.658646340882
19.9 0 0.656982272215
19.91 0 0.662197957001
19.92 0 0.663847033016
19.93 0 0.662535375014
19.94 0 0.661942388264
19.95 0 0.661942388264
19.96 0 0.661942388264
19.97 0 0.661942388264
19.98 0 0.669452970929
19.99 0 0.669452970929
20.0 0 0.669452970929
20.01 0 0.672901490218
20.02 0 0.672901490218
20.03 0 0.681048548852
20.04 0 0.681048548852
20.05 0 0.681048548852
20.06 0 0.681048548852
20.07 0 0.682358044627
20.08 0 0.682358044627
20.09 0 0.680397876205
20.1 0 0.680306935146
20.11 0 0.679994985972
20.12 0 0.679966259821
20.13 0 0.679966259821
20.14 0 0.679966259821
20.15 0 0.679966259821
20.16 0 0.680422552703
20.17 0 0.680422552703
20.18 0 0.680422552703
20.19 0 0.682274790397
20.2 0 0.682274790397
20.21 0 0.678793059113
20.22 0 0.677988333189
20.23 0 0.677988333189
20.24 0 0.677988333189
20.25 0 0.677782883608
20.26 0 0.677125062687
20.27 0 0.677125062687
20.28 0 0.677125062687
20.29 0 0.677125062687
20.3 0 0.674180264204
20.31 0 0.674180264204
20.32 0 0.674180264204
20.33 0 0.673098847526
20.34 0 0.672938109491
20.35 0 0.672171904287
20.36 0 0.672171904287
20.37 0 0.672171904287
20.38 0 0.672171904287
20.39 0 0.670863455507
20.4 0 0.670863455507
20.41 0 0.670863455507
20.42 0 0.670863455507
20.43 0 0.670863455507
20.44 0 0.66997608632
20.45 0 0.66997608632
20.46 0 0.671420775146
20.47 0 0.670646444249
20.48 0 0.672857329294
20.49 0 0.673000272925
20.5 0 0.674156320687
20.51 0 0.676143328839
20.52 0 0.678404455815
20.53 0 0.681790447974
20.54 0 0.682470599402
20.55 0 0.682790046248
20.56 0 0.683713222258
20.57 0 0.683709789229
20.58 0 0.683681345444
20.59 0 0.683954996118
20.6 0 0.684487965422
20.61 0 0.684860759473
20.62 0 0.684950106845
20.63 0 0.686257631567
20.64 0 0.68758833611
20.65 0 0.688635321302
20.66 0 0.688702376566
20.67 0 0.688379749089
20.68 0 0.68782834533
20.69 0 0.688394165962
20.7 0 0.690741953479
20.71 0 0.691948686469
20.72 0 0.692643344424
20.73 0 0.692706162113
20.74 0 0.694833935745
20.75 0 0.696154028065
20.76 0 0.697626148801
20.77 0 0.698376925682
20.78 0 0.700079042169
20.79 0 0.703774391036
20.8 0 0.703774391036
20.81 0 0.706335124221
20.82 0 0.707053812607
20.83 0 0.707053812607
20.84 0 0.706960451122
20.85 0 0.707081593863
20.86 0 0.707143390575
20.87 0 0.704245841071
20.88 0 0.703709744333
20.89 0 0.703989123731
20.9 0 0.703878373173
20.91 0 0.703767012781
20.92 0 0.70358026327
20.93 0 0.702160710705
20.94 0 0.704569637701
20.95 0 0.70074632708
20.96 0 0.70074632708
20.97 0 0.706048554423
20.98 0 0.70252026461
20.99 0 0.703246415907
21.0 0 0.707055572165
21.01 0 0.706316998606
21.02 0 0.707465060592
21.03 0 0.707868448677
21.04 0 0.707868448677
21.05 0 0.720631910345
21.06 0 0.720740017388
21.07 0 0.724268015881
21.08 0 0.725875766155
21.09 0 0.729488303924
21.1 0 0.729505887073
21.11 0 0.729314926711
21.12 0 0.729735481159
21.13 0 0.729208571524
21.14 0 0.728933785875
21.15 0 0.7289006502
21.16 0 0.727776345155
21.17 0 0.727293270557
21.18 0 0.725440290047
21.19 0 0.724894249786
21.2 0 0.724894249786
21.21 0 0.724189387343
21.22 0 0.724265526455
21.23 0 0.723736239492
21.24 0 0.72366808291
21.25 0 0.723231847873
21.26 0 0.724557486344
21.27 0 0.724384504727
21.28 0 0.724791662139
21.29 0 0.726350406667
21.3 0 0.726605594914
21.31 0 0.725904346199
21.32 0 0.725626462012
21.33 0 0.725282591654
21.34 0 0.723941794865
21.35 0 0.723239962906
21.36 0 0.723639397343
21.37 0 0.723800966698
21.38 0 0.723439092318
21.39 0 0.723303659417
21.4 0 0.722851914624
21.41 0 0.722360125482
21.42 0 0.722086601704
21.43 0 0.722086601704
21.44 0 0.721307130746
21.45 0 0.720577697999
21.46 0 0.718708522343
21.47 0 0.714578263652
21.48 0 0.713949897835
21.49 0 0.713399571059
21.5 0 0.713336051363
21.51 0 0.712805248856
21.52 0 0.712994681709
21.53 0 0.714522194611
21.54 0 0.714929724955
21.55 0 0.714929724955
21.56 0 0.71580439445
21.57 0 0.718662579324
21.58 0 0.71939851262
21.59 0 0.720736677153
21.6 0 0.720736677153
21.61 0 0.723265924828
21.62 0 0.723313893983
21.63 0 0.724329165244
21.64 0 0.725751721096
21.65 0 0.725751721096
21.66 0 0.726642956234
21.67 0 0.728692765617
21.68 0 0.729750194359
21.69 0 0.730032349649
21.7 0 0.731822616326
21.71 0 0.732464138884
21.72 0 0.732474449219
21.73 0 0.733059613862
21.74 0 0.733782969985
21.75 0 0.734012769806
21.76 0 0.734467744325
21.77 0 0.735648230629
21.78 0 0.736317204858
21.79 0 0.736521923043
21.8 0 0.73642386225
21.81 0 0.737735207851
21.82 0 0.739891547993
21.83 0 0.741626813842
21.84 0 0.746204167906
21.85 0 0.745757175445
21.86 0 0.745866646975
21.87 0 0.745984445842
21.88 0 0.745995728525
21.89 0 0.745934277524
21.9 0 0.745363045197
21.91 0 0.745363045197
21.92 0 0.745363045197
21.93 0 0.745363045197
21.94 0 0.744697873436
21.95 0 0.744697873436
21.96 0 0.744185307776
21.97 0 0.742183773862
21.98 0 0.742183773862
21.99 0 0.742183773862
22.0 0 0.74161985138
22.01 0 0.74161985138
22.02 0 0.740875283881
22.03 0 0.741067380026
22.04 0 0.745083468316
22.05 0 0.747794085867
22.06 0 0.749714236991
22.07 0 0.751621411725
22.08 0 0.752260291987
22.09 0 0.754345504841
22.1 0 0.756203552239
22.11 0 0.75791136406
22.12 0 0.761643494479
22.13 0 0.766403317342
22.14 0 0.766975918283
22.15 0 0.768091342394
22.16 0 0.768081808109
22.17 0 0.767273615084
22.18 0 0.767314650632
22.19 0 0.76729112701
22.2 0 0.766538624107
22.21 0 0.765483222452
22.22 0 0.76507867121
22.23 0 0.764110522741
22.24 0 0.764163455137
22.25 0 0.763553032963
22.26 0 0.763553032963
22.27 0 0.763553032963
22.28 0 0.764224541737
22.29 0 0.766121108438
22.3 0 0.767070783066
22.31 0 0.767247560473
22.32 0 0.76652160696
22.33 0 0.765217191871
22.34 0 0.765715743588
22.35 0 0.765728138318
22.36 0 0.766059165518
22.37 0 0.765741211043
22.38 0 0.765135418143
22.39 0 0.764430605761
22.4 0 0.762437144668
22.41 0 0.762063111491
22.42 0 0.762145155727
22.43 0 0.761674332167
22.44 0 0.760438980248
22.45 0 0.760173975404
22.46 0 0.759870654709
22.47 0 0.759774553707
22.48 0 0.759276791885
22.49 0 0.759034937184
22.5 0 0.758745597945
22.51 0 0.757858123915
22.52 0 0.756393936294
22.53 0 0.754635156288
22.54 0 0.753551652411
22.55 0 0.753610018483
22.56 0 0.755928798346
22.57 0 0.755928798346
22.58 0 0.757160324058
22.59 0 0.758435618861
22.6 0 0.760182592726
22.61 0 0.760182592726
22.62 0 0.761449269476
22.63 0 0.761449269476
22.64 0 0.762842304828
22.65 0 0.763271470428
22.66 0 0.763364862533
22.67 0 0.764046560087
22.68 0 0.764310176271
22.69 0 0.764310176271
22.7 0 0.764456544958
22.71 0 0.764721988412
22.72 0 0.764721988412
22.73 0 0.764721988412
22.74 0 0.767446277276
22.75 0 0.767446277276
22.76 0 0.770368901381
22.77 0 0.772153021343
22.78 0 0.774848788475
22.79 0 0.774879976507
22.8 0 0.774879976507
22.81 0 0.774879976507
22.82 0 0.776938382881
22.83 0 0.776938382881
22.84 0 0.776938382881
22.85 0 0.782366041291
22.86 0 0.782736067276
22.87 0 0.782567779441
22.88 0 0.782927718156
22.89 0 0.785376499943
22.9 0 0.789164839879
22.91 0 0.790566463533
22.92 0 0.792184890973
22.93 0 0.791685080289
22.94 0 0.791734848759
22.95 0 0.791734848759
22.96 0 0.791734848759
22.97 0 0.784696638036
22.98 0 0.783063786179
22.99 0 0.782525070354
23.0 0 0.782695580647
23.01 0 0.784593232022
23.02 0 0.784593232022
23.03 0 0.784593232022
23.04 0 0.784593232022
23.05 0 0.782878691985
23.06 0 0.782878691985
23.07 0 0.782878691985
23.08 0 0.792052924082
23.09 0 0.791776539758
23.1 0 0.791977090969
23.11 0 0.794212122072
23.12 0 0.789554824163
23.13 0 0.791300104354
23.14 0 0.793958937006
23.15 0 0.793958937006
23.16 0 0.793958937006
23.17 0 0.809541956491
23.18 0 0.810765016154
23.19 0 0.810861606586
23.2 0 0.810861606586
23.21 0 0.810861606586
23.22 0 0.815379862187
23.23 0 0.815379862187
23.24 0 0.815379862187
23.25 0 0.813404723914
23.26 0 0.811565594288
23.27 0 0.811463150853
23.28 0 0.810183845529
23.29 0 0.81007469501
23.3 0 0.809693830943
23.31 0 0.809693830943
23.32 0 0.812460316278
23.33 0 0.812460316278
23.34 0 0.812460316278
23.35 0 0.814201347251
23.36 0 0.814341734246
23.37 0 0.816744540085
23.38 0 0.817818451361
23.39 0 0.81836231896
23.4 0 0.820098720516
23.41 0 0.819788980473
23.42 0 0.819788980473
23.43 0 0.819788980473
23.44 0 0.819788980473
23.45 0 0.819788980473
23.46 0 0.813332158813
23.47 0 0.813332158813
23.48 0 0.813332158813
23.49 0 0.810461006434
23.5 0 0.80962233486
23.51 0 0.808818823881
23.52 0 0.808599291312
23.53 0 0.80742540531
23.54 0 0.807055920026
23.55 0 0.804339799297
23.56 0 0.801583772154
23.57 0 0.799343862679
23.58 0 0.79845158213
23.59 0 0.796297451982
23.6 0 0.795861865457
23.61 0 0.796048672096
23.62 0 0.796855715291
23.63 0 0.797049155773
23.64 0 0.799199451591
23.65 0 0.800247572458
23.66 0 0.800707254359
23.67 0 0.803475740035
23.68 0 0.805067161729
23.69 0 0.806078551522
23.7 0 0.806078551522
23.71 0 0.806202257536
23.72 0 0.807637095007
23.73 0 0.807834466485
23.74 0 0.807834466485
23.75 0 0.809711896191
23.76 0 0.810979704954
23.77 0 0.811971051172
23.78 0 0.812440250339
23.79 0 0.814451095583
23.8 0 0.816761044257
23.81 0 0.816558186993
23.82 0 0.816773584175
23.83 0 0.816767153727
23.84 0 0.817171701925
23.85 0 0.817865969423
23.86 0 0.818500982173
23.87 0 0.818899306217
23.88 0 0.820040411129
23.89 0 0.8192857195
23.9 0 0.8192857195
23.91 0 0.820403645668
23.92 0 0.823758349851
23.93 0 0.825068987101
23.94 0 0.825569016835
23.95 0 0.825919830856
23.96 0 0.826702419887
23.97 0 0.827346966369
23.98 0 0.827346966369
23.99 0 0.830229808228
24.0 0 0.830229808228
24.01 0 0.827998674758
24.02 0 0.825668997259
24.03 0 0.825503324284
24.04 0 0.825371682485
24.05 0 0.825345448383
24.06 0 0.825076032107
24.07 0 0.825051520992
24.08 0 0.826751889156
24.09 0 0.824898441484
24.1 0 0.82497303668
24.11 0 0.825590615049
24.12 0 0.828437173682
24.13 0 0.828437173682
24.14 0 0.828437173682
24.15 0 0.828437173682
24.16 0 0.827273793497
24.17 0 0.827273793497
24.18 0 0.832386717722
24.19 0 0.83577640104
24.2 0 0.839132594902
24.21 0 0.840783873754
24.22 0 0.840783873754
24.23 0 0.845543057236
24.24 0 0.845353953895
24.25 0 0.845307138238
24.26 0 0.845315276211
24.27 0 0.845252391938
24.28 0 0.84512102758
24.29 0 0.84512102758
24.3 0 0.843516780725
24.31 0 0.841824373235
24.32 0 0.841595297799
24.33 0 0.841112225593
24.34 0 0.841237726164
24.35 0 0.83957007261
24.36 0 0.842594528603
24.37 0 0.842457137643
24.38 0 0.845128622045
24.39 0 0.846569090255
24.4 0 0.847524736745
24.41 0 0.848052146981
24.42 0 0.848345092858
24.43 0 0.848122204697
24.44 0 0.847828583326
24.45 0 0.847847747783
24.46 0 0.848069693183
24.47 0 0.847732081699
24.48 0 0.847732081699
24.49 0 0.847510002398
24.5 0 0.847040224191
24.51 0 0.84623227159
24.52 0 0.846003440428
24.53 0 0.844579585354
24.54 0 0.844451103345
24.55 0 0.84420565434
24.56 0 0.842843445755
24.57 0 0.841909747531
24.58 0 0.841008634918
24.59 0 0.839781331645
24.6 0 0.838757178711
24.61 0 0.838757178711
24.62 0 0.838757178711
24.63 0 0.835825662848
24.64 0 0.834395984702
24.65 0 0.834146755338
24.66 0 0.833747212754
24.67 0 0.833056844732
24.68 0 0.832451890142
24.69 0 0.832703482106
24.7 0 0.832947889857
24.71 0 0.833979701277
24.72 0 0.83459225922
24.73 0 0.836803326385
24.74 0 0.83833545275
24.75 0 0.839345828913
24.76 0 0.83964893352
24.77 0 0.841087153436
24.78 0 0.841032494935
24.79 0 0.841827171426
24.8 0 0.842365320415
24.81 0 0.842365320415
24.82 0 0.842365320415
24.83 0 0.847439844516
24.84 0 0.847439844516
24.85 0 0.847439844516
24.86 0 0.850307440864
24.87 0 0.8497621989
24.88 0 0.84949606159
24.89 0 0.849851094129
24.9 0 0.849907298624
24.91 0 0.850664440985
24.92 0 0.851921459144
24.93 0 0.853427761073
24.94 0 0.856197105455
24.95 0 0.857831223236
24.96 0 0.862868114485
24.97 0 0.863053530225
24.98 0 0.863053530225
24.99 0 0.86518069742
25.0 0 0.865260274522
25.01 0 0.866593651303
25.02 0 0.866728679495
25.03 0 0.866896909465
25.04 0 0.863923955368
25.05 0 0.864404862164
25.06 0 0.864404862164
25.07 0 0.864502889273
25.08 0 0.864083453294
25.09 0 0.86495930774
25.1 0 0.865829369269
25.11 0 0.865763052918
25.12 0 0.86503320057
25.13 0 0.865755547095
25.14 0 0.865625151582
25.15 0 0.863764707948
25.16 0 0.863956312297
25.17 0 0.863027337479
25.18 0 0.863973443395
25.19 0 0.869724960586
25.2 0 0.873965355348
25.21 0 0.874986796
25.22 0 0.874986796
25.23 0 0.882966180141
25.24 0 0.883376391795
25.25 0 0.883572283056
25.26 0 0.883572283056
25.27 0 0.88478569223
25.28 0 0.88478569223
25.29 0 0.88827845148
25.3 0 0.88827845148
25.31 0 0.888768421926
25.32 0 0.889264678455
25.33 0 0.888747681839
25.34 0 0.884857375895
25.35 0 0.885051311476
25.36 0 0.882149174159
25.37 0 0.882149174159
25.38 0 0.881803291341
25.39 0 0.883431286478
25.4 0 0.883914591141
25.41 0 0.887546117087
25.42 0 0.888398260567
25.43 0 0.889109031713
25.44 0 0.888389061796
25.45 0 0.8896034757
25.46 0 0.890026888085
25.47 0 0.890182906898
25.48 0 0.890182906898
25.49 0 0.890182906898
25.5 0 0.890182906898
25.51 0 0.890182906898
25.52 0 0.88739051041
25.53 0 0.8872566094
25.54 0 0.887283406611
25.55 0 0.88744090558
25.56 0 0.887449149342
25.57 0 0.887539064292
25.58 0 0.887539064292
25.59 0 0.887539064292
25.6 0 0.885757554027
25.61 0 0.885757554027
25.62 0 0.885757554027
25.63 0 0.881760419666
25.64 0 0.881415534713
25.65 0 0.880270999301
25.66 0 0.877731430841
25.67 0 0.876306185693
25.68 0 0.874876188542
25.69 0 0.874107450142
25.7 0 0.873925679785
25.71 0 0.874242014998
25.72 0 0.87424569045
25.73 0 0.876042228256
25.74 0 0.877750826885
25.75 0 0.87839570737
25.76 0 0.87839570737
25.77 0 0.87839570737
25.78 0 0.87839570737
25.79 0 0.880792936497
25.8 0 0.880792936497
25.81 0 0.880792936497
25.82 0 0.880792936497
25.83 0 0.881734884565
25.84 0 0.881734884565
25.85 0 0.881734884565
25.86 0 0.882589461066
25.87 0 0.882589461066
25.88 0 0.887984016215
25.89 0 0.88924870385
25.9 0 0.89113505179
25.91 0 0.89113505179
25.92 0 0.89113505179
25.93 0 0.89113505179
25.94 0 0.893093330085
25.95 0 0.893093330085
25.96 0 0.893093330085
25.97 0 0.893093330085
25.98 0 0.894328433205
25.99 0 0.894598428728
26.0 0 0.895327402366
26.01 0 0.898696122848
26.02 0 0.899317603316
26.03 0 0.900946042851
26.04 0 0.901441568493
26.05 0 0.903225394602
26.06 0 0.903368291754
26.07 0 0.904644525283
26.08 0 0.904644525283
26.09 0 0.904644525283
26.1 0 0.903905876897
26.11 0 0.902579718217
26.12 0 0.90306047274
26.13 0 0.90169540404
26.14 0 0.901179309557
26.15 0 0.900894180032
26.16 0 0.898394747347
26.17 0 0.899618091487
26.18 0 0.899618091487
26.19 0 0.897372420335
26.2 0 0.896398487332
26.21 0 0.891942813984
26.22 0 0.898617823812
26.23 0 0.895258316207
26.24 0 0.897647254168
26.25 0 0.903435607934
26.26 0 0.904798410615
26.27 0 0.905409845918
26.28 0 0.906697304289
26.29 0 0.906697304289
26.3 0 0.906697304289
26.31 0 0.911359115985
26.32 0 0.911359115985
26.33 0 0.917949915157
26.34 0 0.919572670294
26.35 0 0.920340296672
26.36 0 0.920650951766
26.37 0 0.919599919727
26.38 0 0.919188095716
26.39 0 0.919192301055
26.4 0 0.918835197177
26.41 0 0.918662201514
26.42 0 0.918269866209
26.43 0 0.91799406122
26.44 0 0.916653454139
26.45 0 0.919433352599
26.46 0 0.919660758448
26.47 0 0.921898838794
26.48 0 0.923150197056
26.49 0 0.923399752165
26.5 0 0.924922490603
26.51 0 0.924922490603
26.52 0 0.924922490603
26.53 0 0.925426915117
26.54 0 0.925426915117
26.55 0 0.925426915117
26.56 0 0.926335870967
26.57 0 0.92631919974
26.58 0 0.926259223754
26.59 0 0.925908983203
26.6 0 0.925562526988
26.61 0 0.925716661795
26.62 0 0.925626538311
26.63 0 0.925626538311
26.64 0 0.925626538311
26.65 0 0.925626538311
26.66 0 0.925626538311
26.67 0 0.925495762375
26.68 0 0.925495762375
26.69 0 0.925495762375
26.7 0 0.922286444427
26.71 0 0.921399364851
26.72 0 0.921140372742
26.73 0 0.919394028788
26.74 0 0.918818625161
26.75 0 0.918342624972
26.76 0 0.916061623542
26.77 0 0.915875997689
26.78 0 0.915769607541
26.79 0 0.915945680123
26.8 0 0.916335950689
26.81 0 0.916349143453
26.82 0 0.916607129003
26.83 0 0.917375422607
26.84 0 0.918578523314
26.85 0 0.919675423816
26.86 0 0.919932434062
26.87 0 0.920815766043
26.88 0 0.922528591906
26.89 0 0.923620885659
26.9 0 0.924947357699
26.91 0 0.925432881151
26.92 0 0.925867818792
26.93 0 0.926246483102
26.94 0 0.926246483102
26.95 0 0.926246483102
26.96 0 0.929957729208
26.97 0 0.929957729208
26.98 0 0.929957729208
26.99 0 0.930544831696
27.0 0 0.931546963795
27.01 0 0.931461280728
27.02 0 0.933172219933
27.03 0 0.934096670029
27.04 0 0.935077699296
27.05 0 0.935410208498
27.06 0 0.935515036527
27.07 0 0.936502355873
27.08 0 0.938782983495
27.09 0 0.940443576426
27.1 0 0.943499817537
27.11 0 0.943499817537
27.12 0 0.943499817537
27.13 0 0.943499817537
27.14 0 0.943896043566
27.15 0 0.943896043566
27.16 0 0.943896043566
27.17 0 0.94389285367
27.18 0 0.943045603113
27.19 0 0.943278692999
27.2 0 0.942448500031
27.21 0 0.94256548354
27.22 0 0.942294546628
27.23 0 0.941492595674
27.24 0 0.94240194704
27.25 0 0.944401137005
27.26 0 0.941032045152
27.27 0 0.943453900434
27.28 0 0.940546185673
27.29 0 0.94483436046
27.3 0 0.947828025767
27.31 0 0.95123100882
27.32 0 0.95378654793
27.33 0 0.954386214354
27.34 0 0.954592794444
27.35 0 0.95486061031
27.36 0 0.95516628722
27.37 0 0.955635755286
27.38 0 0.955635755286
27.39 0 0.955635755286
27.4 0 0.957480843402
27.41 0 0.957480843402
27.42 0 0.957480843402
27.43 0 0.960408446804
27.44 0 0.959627396599
27.45 0 0.959896678489
27.46 0 0.959896678489
27.47 0 0.958614769571
27.48 0 0.958678524061
27.49 0 0.959642925456
27.5 0 0.961260134049
27.51 0 0.960790830012
27.52 0 0.960179809034
27.53 0 0.959039617619
27.54 0 0.958461438255
27.55 0 0.958461438255
27.56 0 0.95680378651
27.57 0 0.954587657441
27.58 0 0.953622394924
27.59 0 0.954184307145
27.6 0 0.954394177474
27.61 0 0.954455330083
27.62 0 0.955169039136
27.63 0 0.955645032651
27.64 0 0.955677596981
27.65 0 0.955477730522
27.66 0 0.955477730522
27.67 0 0.955640714266
27.68 0 0.955524368424
27.69 0 0.954893451308
27.7 0 0.954740398629
27.71 0 0.954109187511
27.72 0 0.953536777498
27.73 0 0.952229323184
27.74 0 0.951235775269
27.75 0 0.950629025261
27.76 0 0.948575707233
27.77 0 0.94656404476
27.78 0 0.946167146397
27.79 0 0.944768546778
27.8 0 0.945343816378
27.81 0 0.946895743516
27.82 0 0.947339825342
27.83 0 0.948864069031
27.84 0 0.950060346081
27.85 0 0.951299619935
27.86 0 0.952185283827
27.87 0 0.953739553155
27.88 0 0.954204563815
27.89 0 0.955244261807
27.9 0 0.955573108077
27.91 0 0.956862638516
27.92 0 0.956772240783
27.93 0 0.957141259298
27.94 0 0.958584589467
27.95 0 0.959256699795
27.96 0 0.961230379985
27.97 0 0.961836661149
27.98 0 0.964013364974
27.99 0 0.964013364974
28.0 0 0.968357926606
28.01 0 0.97081968989
28.02 0 0.973261311049
28.03 0 0.973863484046
28.04 0 0.974962198151
28.05 0 0.975536654061
28.06 0 0.976787031232
28.07 0 0.977527457719
28.08 0 0.977846953951
28.09 0 0.977846953951
28.1 0 0.977846953951
28.11 0 0.977846953951
28.12 0 0.980607059516
28.13 0 0.980607059516
28.14 0 0.988396243844
28.15 0 0.990553649777
28.16 0 0.990397216036
28.17 0 0.990456608283
28.18 0 0.989177162874
28.19 0 0.987538636589
28.2 0 0.987538636589
28.21 0 0.987538636589
28.22 0 0.987538636589
28.23 0 0.987538636589
28.24 0 0.985672974784
28.25 0 0.985672974784
28.26 0 0.992204568863
28.27 0 0.997100544121
28.28 0 0.997215968225
28.29 0 0.997416893972
28.3 0 0.999444381025
28.31 0 0.998521263709
28.32 0 0.998461787906
28.33 0 0.997523229617
28.34 0 0.995201997117
28.35 0 0.994799714256
28.36 0 0.996328745154
28.37 0 1.00015440152
28.38 0 1.00015440152
28.39 0 1.00015440152
28.4 0 1.00641795555
28.41 0 1.0068294619
28.42 0 1.007575803
28.43 0 1.00781388093
28.44 0 1.00781388093
28.45 0 1.00781388093
28.46 0 1.00781388093
28.47 0 1.01126880016
28.48 0 1.01126880016
28.49 0 1.01126880016
28.5 0 1.01126880016
28.51 0 1.00803161808
28.52 0 1.00518620583
28.53 0 1.0044358926
28.54 0 1.00351616246
28.55 0 1.00239176179
28.56 0 1.00116974015
28.57 0 1.0020040154
28.58 0 1.00225523541
28.59 0 1.00225523541
28.6 0 1.0042961875
28.61 0 1.0042961875
28.62 0 1.0042961875
28.63 0 1.00509806519
28.64 0 1.00509806519
28.65 0 1.00509806519
28.66 0 1.00509806519
28.67 0 1.002942857
28.68 0 1.00301891408
28.69 0 1.0030763535
28.7 0 1.002433524
28.71 0 1.00173188325
28.72 0 1.00167451645
28.73 0 1.00158221686
28.74 0 1.00102801201
28.75 0 1.00065558902
28.76 0 1.000476835
28.77 0 0.999876899284
28.78 0 0.997437841598
28.79 0 0.995786615033
28.8 0 0.993510210533
28.81 0 0.99333707814
28.82 0 0.99333707814
28.83 0 0.99333707814
28.84 0 0.99333707814
28.85 0 0.993531201655
28.86 0 0.993531201655
28.87 0 0.993531201655
28.88 0 0.996172682202
28.89 0 0.999327144076
28.9 0 1.00065963861
28.91 0 1.00182707417
28.92 0 1.0048853377
28.93 0 1.00505734232
28.94 0 1.00494443654
28.95 0 1.00608839687
28.96 0 1.00608839687
28.97 0 1.00608839687
28.98 0 1.00608839687
28.99 0 1.00608839687
29.0 0 1.0099835305
29.01 0 1.0099835305
29.02 0 1.0099835305
29.03 0 1.0099835305
29.04 0 1.01412815105
29.05 0 1.01412815105
29.06 0 1.01412815105
29.07 0 1.01412815105
29.08 0 1.0184207422
29.09 0 1.02022878703
29.1 0 1.02110813272
29.11 0 1.02427612221
29.12 0 1.02379853098
29.13 0 1.02373176035
29.14 0 1.02491133074
29.15 0 1.02600779149
29.16 0 1.02638808714
29.17 0 1.02807056963
29.18 0 1.02842702326
29.19 0 1.02842702326
29.2 0 1.02842702326
29.21 0 1.02842702326
29.22 0 1.0332778087
29.23 0 1.0332778087
29.24 0 1.0332778087
29.25 0 1.0332778087
29.26 0 1.03273254894
29.27 0 1.03273254894
29.28 0 1.03057861538
29.29 0 1.03118080061
29.3 0 1.03105434586
29.31 0 1.03105434586
29.32 0 1.03254862948
29.33 0 1.03178798369
29.34 0 1.03678392802
29.35 0 1.03658664993
29.36 0 1.03617511672
29.37 0 1.03608189255
29.38 0 1.03555392956
29.39 0 1.03150704363
29.4 0 1.0337438715
29.41 0 1.03421077442
29.42 0 1.03813443787
29.43 0 1.03813443787
29.44 0 1.03813443787
29.45 0 1.03813443787
29.46 0 1.04769435861
29.47 0 1.04794742659
29.48 0 1.04838232402
29.49 0 1.04838232402
29.5 0 1.04838232402
29.51 0 1.05450590883
29.52 0 1.05431884165
29.53 0 1.05361577808
29.54 0 1.05244848766
29.55 0 1.05155062268
29.56 0 1.04876402493
29.57 0 1.04746830726
29.58 0 1.0438758552
29.59 0 1.04224463038
29.6 0 1.04213526688
29.61 0 1.04223437449
29.62 0 1.04411617026
29.63 0 1.04487922538
29.64 0 1.04597717167
29.65 0 1.04637145728
29.66 0 1.04636867745
29.67 0 1.04672695463
29.68 0 1.046611569
29.69 0 1.04652228812
29.7 0 1.04629465421
29.71 0 1.04483705862
29.72 0 1.04484357804
29.73 0 1.04440964763
29.74 0 1.04412289482
29.75 0 1.04343857491
29.76 0 1.04361009119
29.77 0 1.04428799745
29.78 0 1.04387511307
29.79 0 1.0427007767
29.8 0 1.04229841941
29.81 0 1.041512078
29.82 0 1.04113725015
29.83 0 1.04113725015
29.84 0 1.04113725015
29.85 0 1.03778396704
29.86 0 1.03778396704
29.87 0 1.03778396704
29.88 0 1.03778396704
29.89 0 1.03378550122
29.9 0 1.03378550122
29.91 0 1.03378550122
29.92 0 1.0363447722
29.93 0 1.04281152117
29.94 0 1.04314148135
29.95 0 1.04384411223
29.96 0 1.04459804762
29.97 0 1.04478437355
29.98 0 1.04502528869
29.99 0 1.04790118587
30.0 0 1.04853076975
30.01 0 1.049435688
30.02 0 1.049435688
30.03 0 1.049435688
30.04 0 1.05197038595
30.05 0 1.05237039992
30.06 0 1.05336962035
30.07 0 1.05336962035
30.08 0 1.05680398376
30.09 0 1.05993937868
30.1 0 1.06103543444
30.11 0 1.06115688623
30.12 0 1.06117722365
30.13 0 1.06178507168
30.14 0 1.06237597016
30.15 0 1.063907941
30.16 0 1.06449735526
30.17 0 1.06408870379
30.18 0 1.06549528975
30.19 0 1.06549528975
30.2 0 1.06549528975
30.21 0 1.06549528975
30.22 0 1.0678724642
30.23 0 1.0678724642
30.24 0 1.0678724642
30.25 0 1.0678724642
30.26 0 1.07212662829
30.27 0 1.0730954536
30.28 0 1.0730954536
30.29 0 1.0730954536
30.3 0 1.06495641046
30.31 0 1.06407399705
30.32 0 1.06071593578
30.33 0 1.06483799587
30.34 0 1.06712351406
30.35 0 1.06776900521
30.36 0 1.06938601199
30.37 0 1.07316181831
30.38 0 1.07307703565
30.39 0 1.07421711331
30.4 0 1.07474782245
30.41 0 1.07714012755
30.42 0 1.07856463138
30.43 0 1.08175686186
30.44 0 1.08535956104
30.45 0 1.08535956104
30.46 0 1.08535956104
30.47 0 1.08535956104
30.48 0 1.08918728043
30.49 0 1.08918728043
30.5 0 1.08998580525
30.51 0 1.09561218302
30.52 0 1.09612220673
30.53 0 1.09768735705
30.54 0 1.09803444342
30.55 0 1.09814459733
30.56 0 1.0977311654
30.57 0 1.09723850739
30.58 0 1.09723850739
30.59 0 1.09723850739
30.6 0 1.09535937937
30.61 0 1.09535937937
30.62 0 1.09535937937
30.63 0 1.09535937937
30.64 0 1.09041247112
30.65 0 1.09041247112
30.66 0 1.09041247112
30.67 0 1.09099712394
30.68 0 1.09200320287
30.69 0 1.09240528021
30.7 0 1.09319789144
30.71 0 1.09327246467
30.72 0 1.09298219916
30.73 0 1.09298219916
30.74 0 1.09268794272
30.75 0 1.09251940806
30.76 0 1.09229219235
30.77 0 1.09112870235
30.78 0 1.08974881016
30.79 0 1.08980679389
30.8 0 1.08995216496
30.81 0 1.08995216496
30.82 0 1.08995216496
30.83 0 1.08995216496
30.84 0 1.08746749333
30.85 0 1.08628835395
30.86 0 1.08470061856
30.87 0 1.0836072585
30.88 0 1.08290532292
30.89 0 1.08232630593
30.9 0 1.07679034801
30.91 0 1.07650858905
30.92 0 1.07654650428
30.93 0 1.07674938026
30.94 0 1.07691457867
30.95 0 1.07897838273
30.96 0 1.08100164867
30.97 0 1.08145502955
30.98 0 1.08312848666
30.99 0 1.08367303797
31.0 0 1.08367303797
31.01 0 1.08367303797
31.02 0 1.08390262547
31.03 0 1.08448563151
31.04 0 1.08502904369
31.05 0 1.08502904369
31.06 0 1.08502904369
31.07 0 1.08502904369
31.08 0 1.08764050152
31.09 0 1.08764050152
31.1 0 1.08764050152
31.11 0 1.09036477934
31.12 0 1.09578469803
31.13 0 1.09735594901
31.14 0 1.09747436657
31.15 0 1.09769760283
31.16 0 1.09769760283
31.17 0 1.09780138827
31.18 0 1.09780138827
31.19 0 1.09780138827
31.2 0 1.10128532772
31.21 0 1.1036372422
31.22 0 1.10370221842
31.23 0 1.10379675518
31.24 0 1.10476153274
31.25 0 1.10533410927
31.26 0 1.10566441322
31.27 0 1.10673677428
31.28 0 1.10693882069
31.29 0 1.10776317413
31.3 0 1.10776317413
31.31 0 1.10776317413
31.32 0 1.10776317413
31.33 0 1.10776317413
31.34 0 1.10772550375
31.35 0 1.10772550375
31.36 0 1.10772550375
31.37 0 1.10812363399
31.38 0 1.10756957176
31.39 0 1.11020383279
31.4 0 1.11152709097
31.41 0 1.11152709097
31.42 0 1.11152709097
31.43 0 1.11857999146
31.44 0 1.11702479374
31.45 0 1.11527941384
31.46 0 1.11527941384
31.47 0 1.11527941384
31.48 0 1.12174682498
31.49 0 1.12174682498
31.5 0 1.12174682498
31.51 0 1.12174682498
31.52 0 1.12457996514
31.53 0 1.12651883233
31.54 0 1.12787843368
31.55 0 1.12831143253
31.56 0 1.12864212398
31.57 0 1.12918340643
31.58 0 1.1297102074
31.59 0 1.1297102074
31.6 0 1.12966195171
31.61 0 1.12944948672
31.62 0 1.12925552346
31.63 0 1.12874949008
31.64 0 1.12848818925
31.65 0 1.12825591177
31.66 0 1.12766621418
31.67 0 1.12877384133
31.68 0 1.12932690928
31.69 0 1.12932690928
31.7 0 1.12932690928
31.71 0 1.12932690928
31.72 0 1.13581476033
31.73 0 1.13617167097
31.74 0 1.13605467332
31.75 0 1.13613742205
31.76 0 1.13613742205
31.77 0 1.13613742205
31.78 0 1.13613742205
31.79 0 1.13662311578
31.8 0 1.1369944791
31.81 0 1.1369944791
31.82 0 1.13684350566
31.83 0 1.13618053874
31.84 0 1.13550197177
31.85 0 1.13484591028
31.86 0 1.13405966864
31.87 0 1.1325354822
31.88 0 1.1326496547
31.89 0 1.13220118418
31.9 0 1.13100321871
31.91 0 1.13008984837
31.92 0 1.12836173839
31.93 0 1.12745331183
31.94 0 1.12671761184
31.95 0 1.12623781478
31.96 0 1.12594272377
31.97 0 1.12519507042
31.98 0 1.1252387742
31.99 0 1.12527897658
32.0 0 1.12581120134
32.01 0 1.12604465108
32.02 0 1.12604465108
32.03 0 1.12604465108
32.04 0 1.12604465108
32.05 0 1.1271926731
32.06 0 1.1271926731
32.07 0 1.13008028813
32.08 0 1.13302144681
32.09 0 1.13413067875
32.1 0 1.13461593921
32.11 0 1.13565999646
32.12 0 1.13698411479
32.13 0 1.13789863386
32.14 0 1.13831278772
32.15 0 1.13831278772
32.16 0 1.13831278772
32.17 0 1.13831278772
32.18 0 1.14181722161
32.19 0 1.14181722161
32.2 0 1.14181722161
32.21 0 1.14559282939
32.22 0 1.14534517533
32.23 0 1.14549667674
32.24 0 1.14581454757
32.25 0 1.14605824509
32.26 0 1.14601104834
32.27 0 1.14601104834
32.28 0 1.14601104834
32.29 0 1.14601104834
32.3 0 1.14973512985
32.31 0 1.14973512985
32.32 0 1.14973512985
32.33 0 1.1528849977
32.34 0 1.15274181313
32.35 0 1.15357647644
32.36 0 1.15357647644
32.37 0 1.15277102014
32.38 0 1.15216857522
32.39 0 1.15160927089
32.4 0 1.15108289435
32.41 0 1.15192406509
32.42 0 1.15208904767
32.43 0 1.15208904767
32.44 0 1.15450665465
32.45 0 1.15432690584
32.46 0 1.15367752852
32.47 0 1.15367752852
32.48 0 1.15367752852
32.49 0 1.15367752852
32.5 0 1.15367752852
32.51 0 1.15694803661
32.52 0 1.15793590221
32.53 0 1.15793590221
32.54 0 1.15793590221
32.55 0 1.15793590221
32.56 0 1.15793590221
32.57 0 1.16441662165
32.58 0 1.16441662165
32.59 0 1.16441662165
32.6 0 1.16441662165
32.61 0 1.18094598114
32.62 0 1.18512356083
32.63 0 1.18512356083
32.64 0 1.18512356083
32.65 0 1.18512356083
32.66 0 1.18512356083
32.67 0 1.1822267238
32.68 0 1.1822267238
32.69 0 1.17530464948
32.7 0 1.17136252881
32.71 0 1.17158388726
32.72 0 1.17381959474
32.73 0 1.17397512872
32.74 0 1.17250023384
32.75 0 1.17219997359
32.76 0 1.17126213117
32.77 0 1.17531898454
32.78 0 1.17531898454
32.79 0 1.1830555059
32.8 0 1.185977248
32.81 0 1.185977248
32.82 0 1.18847135098
32.83 0 1.19048233278
32.84 0 1.19093163475
32.85 0 1.19036548398
32.86 0 1.19036548398
32.87 0 1.18661587372
32.88 0 1.1863336818
32.89 0 1.1858545871
32.9 0 1.1858545871
32.91 0 1.1835373638
32.92 0 1.18153755608
32.93 0 1.17918197368
32.94 0 1.17918197368
32.95 0 1.17817124155
32.96 0 1.1770965124
32.97 0 1.17662634488
32.98 0 1.17485370653
32.99 0 1.17418558356
33.0 0 1.17301120784
33.01 0 1.17285964748
33.02 0 1.1715933464
33.03 0 1.16952654675
33.04 0 1.1667036214
33.05 0 1.16644162155
33.06 0 1.16564976719
33.07 0 1.16551720877
33.08 0 1.16609208059
33.09 0 1.16648321333
33.1 0 1.16648321333
33.11 0 1.16648321333
33.12 0 1.16648321333
33.13 0 1.16691752473
33.14 0 1.16691752473
33.15 0 1.16691752473
33.16 0 1.16691752473
33.17 0 1.16633614729
33.18 0 1.16633614729
33.19 0 1.16633614729
33.2 0 1.1690666715
33.21 0 1.16935473801
33.22 0 1.16909121642
33.23 0 1.16840140282
33.24 0 1.16769250424
33.25 0 1.1674256408
33.26 0 1.1666801141
33.27 0 1.16661251318
33.28 0 1.16628381737
33.29 0 1.16701047303
33.3 0 1.16750770722
33.31 0 1.16869213885
33.32 0 1.17060165159
33.33 0 1.17386083576
33.34 0 1.17952222647
33.35 0 1.17952222647
33.36 0 1.17952222647
33.37 0 1.17952222647
33.38 0 1.17959142674
33.39 0 1.17959142674
33.4 0 1.17959142674
33.41 0 1.18018490932
33.42 0 1.18018490932
33.43 0 1.17937867685
33.44 0 1.17894810451
33.45 0 1.17753198501
33.46 0 1.17701093867
33.47 0 1.17623814411
33.48 0 1.17707235178
33.49 0 1.17658619983
33.5 0 1.17479613302
33.51 0 1.17392785111
33.52 0 1.17033694567
33.53 0 1.16913459385
33.54 0 1.16913459385
33.55 0 1.16913459385
33.56 0 1.16913459385
33.57 0 1.17130805683
33.58 0 1.17130805683
33.59 0 1.17130805683
33.6 0 1.17738523239
33.61 0 1.17738523239
33.62 0 1.18960843145
33.63 0 1.18960843145
33.64 0 1.18960843145
33.65 0 1.18960843145
33.66 0 1.19777032053
33.67 0 1.19781881615
33.68 0 1.19794980667
33.69 0 1.19757518958
33.7 0 1.1971446132
33.71 0 1.19493513991
33.72 0 1.19439818042
33.73 0 1.19439818042
33.74 0 1.19439818042
33.75 0 1.19439818042
33.76 0 1.1932954908
33.77 0 1.1932954908
33.78 0 1.1932954908
33.79 0 1.19250791752
33.8 0 1.19250791752
33.81 0 1.19874283572
33.82 0 1.19976879025
33.83 0 1.19969485932
33.84 0 1.20138817826
33.85 0 1.20363207174
33.86 0 1.20345150582
33.87 0 1.20392751342
33.88 0 1.20313980507
33.89 0 1.20221057682
33.9 0 1.20221057682
33.91 0 1.20221057682
33.92 0 1.20221057682
33.93 0 1.19982178177
33.94 0 1.19982178177
33.95 0 1.19982178177
33.96 0 1.19807910042
33.97 0 1.19807910042
33.98 0 1.19807910042
33.99 0 1.19568053008
34.0 0 1.19201628008
34.01 0 1.19200713835
34.02 0 1.18873747284
34.03 0 1.18777708461
34.04 0 1.18498132011
34.05 0 1.18435657584
34.06 0 1.18428129579
34.07 0 1.18278467626
34.08 0 1.18315402695
34.09 0 1.18413896102
34.1 0 1.18469332541
34.11 0 1.18469332541
34.12 0 1.18696461766
34.13 0 1.18813483725
34.14 0 1.18828256784
34.15 0 1.18958669429
34.16 0 1.1902696678
34.17 0 1.19059566657
34.18 0 1.19071741397
34.19 0 1.19139464204
34.2 0 1.19214957751
34.21 0 1.19233117842
34.22 0 1.19233117842
34.23 0 1.19233117842
34.24 0 1.19233117842
34.25 0 1.19436267559
34.26 0 1.19563476599
34.27 0 1.19701212458
34.28 0 1.19701212458
34.29 0 1.19701212458
34.3 0 1.19701212458
34.31 0 1.20125960231
34.32 0 1.20158424978
34.33 0 1.2029923204
34.34 0 1.20260551893
34.35 0 1.2027045438
34.36 0 1.20429629746
34.37 0 1.20381176098
34.38 0 1.20570717136
34.39 0 1.20732937878
34.4 0 1.207635093
34.41 0 1.20836694782
34.42 0 1.20862954763
34.43 0 1.20907451162
34.44 0 1.21021944009
34.45 0 1.21021944009
34.46 0 1.21021944009
34.47 0 1.21027203612
34.48 0 1.21027203612
34.49 0 1.21027203612
34.5 0 1.20931988391
34.51 0 1.20775537272
34.52 0 1.20874961237
34.53 0 1.20874961237
34.54 0 1.20076435081
34.55 0 1.20618771988
34.56 0 1.20037366339
34.57 0 1.20926414784
34.58 0 1.21672556601
34.59 0 1.21707479395
34.6 0 1.21740295052
34.61 0 1.21815300425
34.62 0 1.21835518801
34.63 0 1.21748005568
34.64 0 1.21682055939
34.65 0 1.21763032198
34.66 0 1.21944013518
34.67 0 1.22058146023
34.68 0 1.22221043527
34.69 0 1.22385938721
34.7 0 1.22452275981
34.71 0 1.22452275981
34.72 0 1.22452275981
34.73 0 1.23209024099
34.74 0 1.23209024099
34.75 0 1.23209024099
34.76 0 1.23487637559
34.77 0 1.23694934304
34.78 0 1.23694934304
34.79 0 1.23694934304
34.8 0 1.23262457447
34.81 0 1.23209219114
34.82 0 1.23129878879
34.83 0 1.23219330027
34.84 0 1.23244391603
34.85 0 1.23171030725
34.86 0 1.23133746196
34.87 0 1.23231401348
34.88 0 1.23285852718
34.89 0 1.23285852718
34.9 0 1.23285852718
34.91 0 1.23285852718
34.92 0 1.23275733853
34.93 0 1.23275733853
34.94 0 1.22947814919
34.95 0 1.22786745371
34.96 0 1.22718822067
34.97 0 1.22749931192
34.98 0 1.22762065682
34.99 0 1.22788218251
35.0 0 1.2278096505
35.01 0 1.22763339019
35.02 0 1.22742598846
35.03 0 1.22628902566
35.04 0 1.22547982613
35.05 0 1.22467099273
35.06 0 1.22364035408
35.07 0 1.22290110628
35.08 0 1.2210729211
35.09 0 1.21956583613
35.1 0 1.21880153867
35.11 0 1.21766702367
35.12 0 1.21725482723
35.13 0 1.21709684217
35.14 0 1.21734192308
35.15 0 1.21747194587
35.16 0 1.21790315811
35.17 0 1.21931534205
35.18 0 1.22186924372
35.19 0 1.22186924372
35.2 0 1.22186924372
35.21 0 1.22186924372
35.22 0 1.22349017564
35.23 0 1.22349017564
35.24 0 1.22349017564
35.25 0 1.22474034152
35.26 0 1.22484254323
35.27 0 1.22491097647
35.28 0 1.22633505813
35.29 0 1.228307267
35.3 0 1.228307267
35.31 0 1.23020202019
35.32 0 1.23057355037
35.33 0 1.23305758348
35.34 0 1.23301710815
35.35 0 1.23351027408
35.36 0 1.23514022051
35.37 0 1.23535139301
35.38 0 1.23535139301
35.39 0 1.23535139301
35.4 0 1.23613176411
35.41 0 1.23613176411
35.42 0 1.23613176411
35.43 0 1.23613176411
35.44 0 1.23792405366
35.45 0 1.23792405366
35.46 0 1.23792405366
35.47 0 1.24084495522
35.48 0 1.24084495522
35.49 0 1.24084495522
35.5 0 1.24084495522
35.51 0 1.24212031716
35.52 0 1.24212031716
35.53 0 1.24212031716
35.54 0 1.23589892515
35.55 0 1.23589892515
35.56 0 1.24357502585
35.57 0 1.24017076047
35.58 0 1.23983755941
35.59 0 1.23594871753
35.6 0 1.24003523418
35.61 0 1.24003523418
35.62 0 1.24003523418
35.63 0 1.25507917029
35.64 0 1.2567789853
35.65 0 1.25722620837
35.66 0 1.2567491272
35.67 0 1.25501778895
35.68 0 1.25521575655
35.69 0 1.25574939523
35.7 0 1.25572980916
35.71 0 1.25575964785
35.72 0 1.25731448975
35.73 0 1.25720941606
35.74 0 1.25944498256
35.75 0 1.26053886137
35.76 0 1.26206242017
35.77 0 1.26462451505
35.78 0 1.26658497446
35.79 0 1.26755147114
35.8 0 1.26798892697
35.81 0 1.26711525937
35.82 0 1.26521164372
35.83 0 1.26321728868
35.84 0 1.25990965738
35.85 0 1.25925847187
35.86 0 1.25918561868
35.87 0 1.26036798475
35.88 0 1.2616580139
35.89 0 1.26164608563
35.9 0 1.26231422425
35.91 0 1.26321073564
35.92 0 1.26502295577
35.93 0 1.26619199076
35.94 0 1.2666073566
35.95 0 1.26672793709
35.96 0 1.26634567963
35.97 0 1.26604003398
35.98 0 1.2654489103
35.99 0 1.26504675802
36.0 0 1.26387655303
36.01 0 1.26387655303
36.02 0 1.26387655303
36.03 0 1.26251451765
36.04 0 1.26274184097
36.05 0 1.26274184097
36.06 0 1.26063507092
36.07 0 1.26007087238
36.08 0 1.25960920747
36.09 0 1.2590619865
36.1 0 1.25801272691
36.11 0 1.25747267057
36.12 0 1.25698774386
36.13 0 1.2568136825
36.14 0 1.25591897741
36.15 0 1.25465272224
36.16 0 1.25484729845
36.17 0 1.25640211951
36.18 0 1.25694272565
36.19 0 1.25921667252
36.2 0 1.25977193897
36.21 0 1.26104886162
36.22 0 1.26104886162
36.23 0 1.26104886162
36.24 0 1.26104886162
36.25 0 1.26514303811
36.26 0 1.26473664599
36.27 0 1.26577758453
36.28 0 1.26617606394
36.29 0 1.26715784102
36.3 0 1.26778902123
36.31 0 1.26856664186
36.32 0 1.2699490384
36.33 0 1.27224105488
36.34 0 1.27389727539
36.35 0 1.2746189696
36.36 0 1.27644989787
36.37 0 1.27807759275
36.38 0 1.27892318796
36.39 0 1.27892318796
36.4 0 1.27892318796
36.41 0 1.27892318796
36.42 0 1.28255285618
36.43 0 1.28261742282
36.44 0 1.28389617765
36.45 0 1.28472070031
36.46 0 1.28430013012
36.47 0 1.28425461435
36.48 0 1.28371313168
36.49 0 1.28440106911
36.5 0 1.28593194973
36.51 0 1.28725520629
36.52 0 1.28718994345
36.53 0 1.28718994345
36.54 0 1.28718994345
36.55 0 1.28828076873
36.56 0 1.2888712658
36.57 0 1.28631668539
36.58 0 1.28488044637
36.59 0 1.28256967109
36.6 0 1.28349320008
36.61 0 1.28407308943
36.62 0 1.28546913914
36.63 0 1.28546913914
36.64 0 1.28546913914
36.65 0 1.28950474272
36.66 0 1.29094304779
36.67 0 1.29094304779
36.68 0 1.29074123349
36.69 0 1.29866741861
36.7 0 1.29900980198
36.71 0 1.30138537614
36.72 0 1.30138537614
36.73 0 1.30459464399
36.74 0 1.30713008122
36.75 0 1.31055930106
36.76 0 1.31099898406
36.77 0 1.31099898406
36.78 0 1.31099898406
36.79 0 1.31099898406
36.8 0 1.31661365425
36.81 0 1.31661365425
36.82 0 1.31661365425
36.83 0 1.31926108697
36.84 0 1.31876224574
36.85 0 1.3178996763
36.86 0 1.31751005834
36.87 0 1.31359389009
36.88 0 1.31359389009
36.89 0 1.31270920934
36.9 0 1.31284489943
36.91 0 1.3109634431
36.92 0 1.31042942628
36.93 0 1.31036686547
36.94 0 1.31012706385
36.95 0 1.31246248557
36.96 0 1.31357186143
36.97 0 1.31435951782
36.98 0 1.31516309094
36.99 0 1.31522294982
37.0 0 1.31598111532
37.01 0 1.31578204937
37.02 0 1.31571904792
37.03 0 1.31421012669
37.04 0 1.31393502977
37.05 0 1.31159042556
37.06 0 1.31040239095
37.07 0 1.30974925672
37.08 0 1.30859968314
37.09 0 1.30950331928
37.1 0 1.3092296407
37.11 0 1.3084007332
37.12 0 1.30720554897
37.13 0 1.3066476965
37.14 0 1.30594952642
37.15 0 1.30594952642
37.16 0 1.30594952642
37.17 0 1.30473164402
37.18 0 1.30351181925
37.19 0 1.30252591211
37.2 0 1.30211991102
37.21 0 1.30117921955
37.22 0 1.30078386357
37.23 0 1.30084492462
37.24 0 1.30047230004
37.25 0 1.30065404041
37.26 0 1.30065404041
37.27 0 1.30237403821
37.28 0 1.30237403821
37.29 0 1.30237403821
37.3 0 1.30569706241
37.31 0 1.30583829629
37.32 0 1.30651587103
37.33 0 1.30716446593
37.34 0 1.30781889005
37.35 0 1.3079476093
37.36 0 1.30868962135
37.37 0 1.31054558264
37.38 0 1.31174772413
37.39 0 1.3119692754
37.4 0 1.31377206708
37.41 0 1.31385426156
37.42 0 1.31413240757
37.43 0 1.31537783629
37.44 0 1.316232493
37.45 0 1.31627735534
37.46 0 1.31725754707
37.47 0 1.31724575598
37.48 0 1.31786642612
37.49 0 1.31770012032
37.5 0 1.31885323495
37.51 0 1.31881199777
37.52 0 1.31880454388
37.53 0 1.31880454388
37.54 0 1.31880454388
37.55 0 1.31880454388
37.56 0 1.31880454388
37.57 0 1.32235605145
37.58 0 1.32235605145
37.59 0 1.32235605145
37.6 0 1.32308554464
37.61 0 1.32308554464
37.62 0 1.32308554464
37.63 0 1.32233828083
37.64 0 1.32233828083
37.65 0 1.32233828083
37.66 0 1.32603147567
37.67 0 1.32603147567
37.68 0 1.32603147567
37.69 0 1.32698303656
37.7 0 1.32550778249
37.71 0 1.32994259584
37.72 0 1.33742697261
37.73 0 1.33793146703
37.74 0 1.33793146703
37.75 0 1.3391230257
37.76 0 1.3401635218
37.77 0 1.34076814412
37.78 0 1.34228715553
37.79 0 1.34236653314
37.8 0 1.3442129706
37.81 0 1.34843336877
37.82 0 1.34843336877
37.83 0 1.34843336877
37.84 0 1.34843336877
37.85 0 1.35252020474
37.86 0 1.35473533216
37.87 0 1.35560819947
37.88 0 1.35548964202
37.89 0 1.35548964202
37.9 0 1.35507486252
37.91 0 1.35446872997
37.92 0 1.35425396977
37.93 0 1.35245801024
37.94 0 1.35072670436
37.95 0 1.34963160335
37.96 0 1.34759021855
37.97 0 1.34759021855
37.98 0 1.34759021855
37.99 0 1.34759021855
38.0 0 1.35002098114
38.01 0 1.34969940578
38.02 0 1.34880132181
38.03 0 1.34874438184
38.04 0 1.34869068197
38.05 0 1.34819792899
38.06 0 1.34694139793
38.07 0 1.34677416193
38.08 0 1.34677416193
38.09 0 1.34677416193
38.1 0 1.34677416193
38.11 0 1.34566541379
38.12 0 1.34566541379
38.13 0 1.34537367318
38.14 0 1.34537367318
38.15 0 1.34537367318
38.16 0 1.34537367318
38.17 0 1.34537367318
38.18 0 1.34403399516
38.19 0 1.34403399516
38.2 0 1.34403399516
38.21 0 1.3413026466
38.22 0 1.3407773583
38.23 0 1.34054533144
38.24 0 1.34012101657
38.25 0 1.33944191885
38.26 0 1.3386459011
38.27 0 1.33774929304
38.28 0 1.33744736727
38.29 0 1.33703844968
38.3 0 1.3374712037
38.31 0 1.33872381067
38.32 0 1.3395497914
38.33 0 1.33957773495
38.34 0 1.3416816084
38.35 0 1.34218314337
38.36 0 1.34369126433
38.37 0 1.34412025178
38.38 0 1.34442508341
38.39 0 1.34508837666
38.4 0 1.3453807248
38.41 0 1.34629618985
38.42 0 1.34806944712
38.43 0 1.34952571377
38.44 0 1.34952571377
38.45 0 1.34952571377
38.46 0 1.35455801261
38.47 0 1.35548281874
38.48 0 1.35621850636
38.49 0 1.35630605512
38.5 0 1.35709296078
38.51 0 1.35720181145
38.52 0 1.35723413831
38.53 0 1.35723413831
38.54 0 1.35554600319
38.55 0 1.35559870822
38.56 0 1.35625491665
38.57 0 1.35858353494
38.58 0 1.35892327546
38.59 0 1.35989354262
38.6 0 1.36099314251
38.61 0 1.36170301876
38.62 0 1.36550143767
38.63 0 1.36532031135
38.64 0 1.36532031135
38.65 0 1.36532031135
38.66 0 1.36019607006
38.67 0 1.35936707438
38.68 0 1.35862941506
38.69 0 1.35862941506
38.7 0 1.35862941506
38.71 0 1.35244870475
38.72 0 1.35324753219
38.73 0 1.35373963398
38.74 0 1.36332136755
38.75 0 1.36332136755
38.76 0 1.36332136755
38.77 0 1.36935910435
38.78 0 1.37039487147
38.79 0 1.37061157125
38.8 0 1.36938822531
38.81 0 1.36938822531
38.82 0 1.36938822531
38.83 0 1.36938822531
38.84 0 1.36889788698
38.85 0 1.37209864249
38.86 0 1.37599499763
38.87 0 1.37871206816
38.88 0 1.37817274998
38.89 0 1.38044767375
38.9 0 1.38105106446
38.91 0 1.38105106446
38.92 0 1.38105106446
38.93 0 1.38105106446
38.94 0 1.3862849516
38.95 0 1.3862849516
38.96 0 1.38837098814
38.97 0 1.38837098814
38.98 0 1.38837098814
38.99 0 1.3821666971
39.0 0 1.3819639126
