time index height
0.01 0 0.0
0.02 0 0.0260035434325
0.03 0 0.0274922648089
0.04 0 0.029102574341
0.05 0 0.0337909042357
0.06 0 0.0400750196342
0.07 0 0.0451286365342
0.08 0 0.04999731844
0.09 0 0.0538706775672
0.1 0 0.0561785738679
0.11 0 0.0576875135191
0.12 0 0.0622401593316
0.13 0 0.0682011369881
0.14 0 0.0715151315365
0.15 0 0.0763573033526
0.16 0 0.0763573033526
0.17 0 0.0891804050318
0.18 0 0.0947786669465
0.19 0 0.0997655998312
0.2 0 0.103507503354
0.21 0 0.104044590354
0.22 0 0.107152634937
0.23 0 0.107647043397
0.24 0 0.107492756303
0.25 0 0.10683734507
0.26 0 0.10663653271
0.27 0 0.106297319495
0.28 0 0.106297319495
0.29 0 0.106297319495
0.3 0 0.106297319495
0.31 0 0.0933933623111
0.32 0 0.087840009169
0.33 0 0.0831745767472
0.34 0 0.0696702426456
0.35 0 0.0688165594845
0.36 0 0.0562336976276
0.37 0 0.0562336976276
0.38 0 0.0448684019488
0.39 0 0.0366473141847
0.4 0 0.0306800383521
0.41 0 0.0303907608961
0.42 0 0.0310271572275
0.43 0 0.0331428966506
0.44 0 0.0343031159335
0.45 0 0.0381212109979
0.46 0 0.0401875537329
0.47 0 0.0406234328336
0.48 0 0.0418531383048
0.49 0 0.0419470467312
0.5 0 0.0411001672984
0.51 0 0.0410720830006
0.52 0 0.0406339852204
0.53 0 0.0399710410732
0.54 0 0.039878692604
0.55 0 0.0397216044184
0.56 0 0.0396782872181
0.57 0 0.0397258166525
0.58 0 0.0406978008353
0.59 0 0.0408302883613
0.6 0 0.0410523072341
0.61 0 0.0412670154996
0.62 0 0.041254768697
0.63 0 0.0411491269708
0.64 0 0.0409556611714
0.65 0 0.0417894186446
0.66 0 0.0424631364221
0.67 0 0.0428910307466
0.68 0 0.0444792175611
0.69 0 0.0450923188841
0.7 0 0.0462710710456
0.71 0 0.046715075689
0.72 0 0.04780272508
0.73 0 0.0484160683679
0.74 0 0.0490191921142
0.75 0 0.0501048363225
0.76 0 0.0501857431224
0.77 0 0.0504158874059
0.78 0 0.0504158874059
0.79 0 0.0504158874059
0.8 0 0.0520681269252
0.81 0 0.0531461178112
0.82 0 0.0534328947879
0.83 0 0.0531743407041
0.84 0 0.0535199025418
0.85 0 0.0543269783478
0.86 0 0.0549881182343
0.87 0 0.0550372679644
0.88 0 0.0558917121028
0.89 0 0.0562044945934
0.9 0 0.0576708190358
0.91 0 0.0580450401491
0.92 0 0.0588186014231
0.93 0 0.0592789225242
0.94 0 0.0593463351072
0.95 0 0.0603800511886
0.96 0 0.0604850616628
0.97 0 0.0604850616628
0.98 0 0.05993393514
0.99 0 0.0595870179544
1.0 0 0.0599816005212
1.01 0 0.060571953665
1.02 0 0.0614350805753
1.03 0 0.0625760166276
1.04 0 0.0645358641345
1.05 0 0.0657410297437
1.06 0 0.0679923561993
1.07 0 0.0689416608989
1.08 0 0.0717537225331
1.09 0 0.0733204239538
1.1 0 0.0748404226857
1.11 0 0.075736159524
1.12 0 0.0767106695724
1.13 0 0.0767106695724
1.14 0 0.0767106695724
1.15 0 0.0806259921651
1.16 0 0.0824197896018
1.17 0 0.0838063219103
1.18 0 0.0840478938242
1.19 0 0.0847130321974
1.2 0 0.0847130321974
1.21 0 0.0855275579152
1.22 0 0.0862879830341
1.23 0 0.0866404090516
1.24 0 0.0876767961462
1.25 0 0.0878252444054
1.26 0 0.0878972496545
1.27 0 0.087738193084
1.28 0 0.0874439240042
1.29 0 0.0875139408793
1.3 0 0.0868684569095
1.31 0 0.0866206925356
1.32 0 0.0861841289978
1.33 0 0.0859672340459
1.34 0 0.0855433261394
1.35 0 0.0855433261394
1.36 0 0.0820974735706
1.37 0 0.0820974735706
1.38 0 0.0820974735706
1.39 0 0.0800598657368
1.4 0 0.0789863072626
1.41 0 0.0786418521681
1.42 0 0.0786418521681
1.43 0 0.0786418521681
1.44 0 0.0803439446142
1.45 0 0.0816122022817
1.46 0 0.0816122022817
1.47 0 0.0816122022817
1.48 0 0.0850493549715
1.49 0 0.0889059080267
1.5 0 0.090556916483
1.51 0 0.0929789658578
1.52 0 0.0961474457994
1.53 0 0.102238051649
1.54 0 0.104631722125
1.55 0 0.107300351916
1.56 0 0.112000696293
1.57 0 0.115994314619
1.58 0 0.121719650427
1.59 0 0.125176379694
1.6 0 0.126784837369
1.61 0 0.131010954222
1.62 0 0.136349579195
1.63 0 0.137931277085
1.64 0 0.139395536761
1.65 0 0.144254233504
1.66 0 0.146411403032
1.67 0 0.149238242382
1.68 0 0.15093147075
1.69 0 0.152727878624
1.7 0 0.15425992811
1.71 0 0.155763436594
1.72 0 0.156851751938
1.73 0 0.156851751938
1.74 0 0.156851751938
1.75 0 0.156851751938
1.76 0 0.155162763204
1.77 0 0.15238265773
1.78 0 0.150865464226
1.79 0 0.147204126335
1.8 0 0.146200744644
1.81 0 0.146200744644
1.82 0 0.143660099737
1.83 0 0.142495590801
1.84 0 0.141022869834
1.85 0 0.140477417503
1.86 0 0.140390119506
1.87 0 0.139151512019
1.88 0 0.137216124603
1.89 0 0.136107750705
1.9 0 0.135954622352
1.91 0 0.136523456908
1.92 0 0.137320018252
1.93 0 0.137868092701
1.94 0 0.138751128015
1.95 0 0.139601390947
1.96 0 0.139694987892
1.97 0 0.140493818974
1.98 0 0.141043053227
1.99 0 0.142021068562
2.0 0 0.142352970824
2.01 0 0.14344522064
2.02 0 0.14344522064
2.03 0 0.14344522064
2.04 0 0.146033932113
2.05 0 0.14665165506
2.06 0 0.146982187886
2.07 0 0.146280264946
2.08 0 0.146280264946
2.09 0 0.145531883946
2.1 0 0.145774178723
2.11 0 0.146149870791
2.12 0 0.14661896326
2.13 0 0.146813339194
2.14 0 0.148079233402
2.15 0 0.148969734134
2.16 0 0.149684481962
2.17 0 0.15055339816
2.18 0 0.150835114291
2.19 0 0.151553018845
2.2 0 0.151764987877
2.21 0 0.150164298952
2.22 0 0.150164298952
2.23 0 0.149606794874
2.24 0 0.150295742603
2.25 0 0.150475786401
2.26 0 0.15091696928
2.27 0 0.150466850474
2.28 0 0.151841391316
2.29 0 0.153469441065
2.3 0 0.153829961895
2.31 0 0.154755443221
2.32 0 0.156253990497
2.33 0 0.159163102256
2.34 0 0.163340927922
2.35 0 0.165957375852
2.36 0 0.169738179066
2.37 0 0.173480206062
2.38 0 0.174901858943
2.39 0 0.177833579553
2.4 0 0.187156828283
2.41 0 0.188866516869
2.42 0 0.192246248634
2.43 0 0.196495206042
2.44 0 0.196885483228
2.45 0 0.195633989178
2.46 0 0.198137638081
2.47 0 0.199939951999
2.48 0 0.201683525842
2.49 0 0.201791229025
2.5 0 0.201113698192
2.51 0 0.199151902286
2.52 0 0.196217014646
2.53 0 0.196217014646
2.54 0 0.196217014646
2.55 0 0.196217014646
2.56 0 0.188945668123
2.57 0 0.181630366282
2.58 0 0.180362522757
2.59 0 0.17860973209
2.6 0 0.174204905701
2.61 0 0.171534641721
2.62 0 0.169681465598
2.63 0 0.167128131017
2.64 0 0.166725891778
2.65 0 0.164227837266
2.66 0 0.16089825347
2.67 0 0.159061893347
2.68 0 0.157542938021
2.69 0 0.155298902031
2.7 0 0.155406947411
2.71 0 0.155741707303
2.72 0 0.155885396289
2.73 0 0.155938579629
2.74 0 0.156042603291
2.75 0 0.15532521631
2.76 0 0.154777199563
2.77 0 0.154777199563
2.78 0 0.154777199563
2.79 0 0.154777199563
2.8 0 0.153440531513
2.81 0 0.153440531513
2.82 0 0.150768465515
2.83 0 0.149936723087
2.84 0 0.148955116616
2.85 0 0.148196026717
2.86 0 0.14813469491
2.87 0 0.147824075222
2.88 0 0.146636418316
2.89 0 0.146334112547
2.9 0 0.146048841142
2.91 0 0.145315805477
2.92 0 0.144365954625
2.93 0 0.143811232441
2.94 0 0.14374740616
2.95 0 0.143052512412
2.96 0 0.143094622355
2.97 0 0.142398591889
2.98 0 0.142174984835
2.99 0 0.142543594931
3.0 0 0.142556751603
3.01 0 0.143013719691
3.02 0 0.143358386675
3.03 0 0.142699749547
3.04 0 0.14365231896
3.05 0 0.145008960247
3.06 0 0.146881859204
3.07 0 0.148275576006
3.08 0 0.152151143744
3.09 0 0.152206659683
3.1 0 0.152206659683
3.11 0 0.152206659683
3.12 0 0.156743950525
3.13 0 0.160405857966
3.14 0 0.158895097613
3.15 0 0.159957193418
3.16 0 0.163790499004
3.17 0 0.163777873743
3.18 0 0.166441919029
3.19 0 0.168463600822
3.2 0 0.168463600822
3.21 0 0.172499507294
3.22 0 0.172290473198
3.23 0 0.174737326654
3.24 0 0.175027465571
3.25 0 0.176305032621
3.26 0 0.176305032621
3.27 0 0.176305032621
3.28 0 0.182259276997
3.29 0 0.186300496114
3.3 0 0.186327046509
3.31 0 0.184515435208
3.32 0 0.181344885834
3.33 0 0.181344885834
3.34 0 0.181344885834
3.35 0 0.172187642242
3.36 0 0.169688414997
3.37 0 0.169102517464
3.38 0 0.167698451622
3.39 0 0.165831690299
3.4 0 0.164345675965
3.41 0 0.161045877165
3.42 0 0.158876412941
3.43 0 0.157368530254
3.44 0 0.156890180603
3.45 0 0.156890180603
3.46 0 0.15568375146
3.47 0 0.156104328393
3.48 0 0.154123159309
3.49 0 0.153339068879
3.5 0 0.152750217553
3.51 0 0.15235122499
3.52 0 0.152731528489
3.53 0 0.152592688524
3.54 0 0.152521093161
3.55 0 0.152521093161
3.56 0 0.152521093161
3.57 0 0.158460081186
3.58 0 0.159250041105
3.59 0 0.159416736772
3.6 0 0.159276736985
3.61 0 0.159055047672
3.62 0 0.159069563109
3.63 0 0.160880394331
3.64 0 0.160719978289
3.65 0 0.159902199576
3.66 0 0.159138782605
3.67 0 0.159314459795
3.68 0 0.158864729897
3.69 0 0.158898082754
3.7 0 0.159331931703
3.71 0 0.160081245297
3.72 0 0.160410336514
3.73 0 0.160975653134
3.74 0 0.161026975072
3.75 0 0.159810289625
3.76 0 0.159494476754
3.77 0 0.160002287387
3.78 0 0.160008192726
3.79 0 0.160008192726
3.8 0 0.160371366378
3.81 0 0.161226308314
3.82 0 0.161632687324
3.83 0 0.163137900205
3.84 0 0.16537606435
3.85 0 0.165228258724
3.86 0 0.167683215083
3.87 0 0.168645369695
3.88 0 0.169803527894
3.89 0 0.174615555571
3.9 0 0.178072980468
3.91 0 0.179603965212
3.92 0 0.179783162113
3.93 0 0.183897396392
3.94 0 0.18282323023
3.95 0 0.184408599924
3.96 0 0.182812807843
3.97 0 0.183635601327
3.98 0 0.18180982193
3.99 0 0.183212917083
4.0 0 0.186635191037
4.01 0 0.186724293516
4.02 0 0.190514663154
4.03 0 0.19280755408
4.04 0 0.19450432675
4.05 0 0.196622104781
4.06 0 0.196803999421
4.07 0 0.198388586415
4.08 0 0.196507564293
4.09 0 0.197871962533
4.1 0 0.204308689944
4.11 0 0.205071088167
4.12 0 0.205788227028
4.13 0 0.205788227028
4.14 0 0.205788227028
4.15 0 0.205788227028
4.16 0 0.208116779682
4.17 0 0.208169222434
4.18 0 0.208169222434
4.19 0 0.207645819333
4.2 0 0.207093258141
4.21 0 0.206441015379
4.22 0 0.205567857833
4.23 0 0.202890545013
4.24 0 0.202389658093
4.25 0 0.201490114792
4.26 0 0.20054892927
4.27 0 0.200771727614
4.28 0 0.199249654542
4.29 0 0.199249654542
4.3 0 0.199249654542
4.31 0 0.199249654542
4.32 0 0.196628254105
4.33 0 0.196445885864
4.34 0 0.196883913195
4.35 0 0.197465005409
4.36 0 0.197588540585
4.37 0 0.19845694243
4.38 0 0.199004049714
4.39 0 0.199649005871
4.4 0 0.200543221024
4.41 0 0.200977932767
4.42 0 0.201095113872
4.43 0 0.201078037625
4.44 0 0.200600507548
4.45 0 0.199985692828
4.46 0 0.199878581484
4.47 0 0.198862837411
4.48 0 0.198720128028
4.49 0 0.197607966031
4.5 0 0.197555536069
4.51 0 0.199443668832
4.52 0 0.200006342116
4.53 0 0.200772607431
4.54 0 0.200772607431
4.55 0 0.200772607431
4.56 0 0.200772607431
4.57 0 0.207700407262
4.58 0 0.211549921113
4.59 0 0.214014431996
4.6 0 0.215600038886
4.61 0 0.217305351154
4.62 0 0.22239428363
4.63 0 0.223351498026
4.64 0 0.226105418117
4.65 0 0.227448919643
4.66 0 0.226574607846
4.67 0 0.226574607846
4.68 0 0.226574607846
4.69 0 0.231315194488
4.7 0 0.231745546576
4.71 0 0.230703194665
4.72 0 0.233084299091
4.73 0 0.234169031252
4.74 0 0.233702508703
4.75 0 0.231223212612
4.76 0 0.232578544632
4.77 0 0.232578544632
4.78 0 0.243056072384
4.79 0 0.245142871888
4.8 0 0.246793552484
4.81 0 0.248713836941
4.82 0 0.254135441056
4.83 0 0.254728397153
4.84 0 0.255280134306
4.85 0 0.255810396445
4.86 0 0.255690831323
4.87 0 0.254601846804
4.88 0 0.252412909483
4.89 0 0.252117714502
4.9 0 0.250748734835
4.91 0 0.250447360072
4.92 0 0.246992315108
4.93 0 0.244852688192
4.94 0 0.244852688192
4.95 0 0.241569838682
4.96 0 0.240891727008
4.97 0 0.239044995416
4.98 0 0.239083233489
4.99 0 0.239083233489
5.0 0 0.239083233489
5.01 0 0.240440781012
5.02 0 0.240217071835
5.03 0 0.240102272654
5.04 0 0.240150983963
5.05 0 0.240150983963
5.06 0 0.240309911111
5.07 0 0.241804486731
5.08 0 0.242232006542
5.09 0 0.242595614154
5.1 0 0.243262471967
5.11 0 0.243831219486
5.12 0 0.244247055594
5.13 0 0.244027838793
5.14 0 0.242297597151
5.15 0 0.241077067805
5.16 0 0.240169880255
5.17 0 0.23828409543
5.18 0 0.237672077235
5.19 0 0.233342443368
5.2 0 0.232738662235
5.21 0 0.232713805111
5.22 0 0.230396087931
5.23 0 0.229989178025
5.24 0 0.229725223375
5.25 0 0.229725223375
5.26 0 0.229725223375
5.27 0 0.231165020321
5.28 0 0.231165020321
5.29 0 0.231165020321
5.3 0 0.232393960344
5.31 0 0.232393960344
5.32 0 0.232393960344
5.33 0 0.236361489418
5.34 0 0.236361489418
5.35 0 0.236361489418
5.36 0 0.236361489418
5.37 0 0.24060787839
5.38 0 0.241998356795
5.39 0 0.244398421337
5.4 0 0.244748991834
5.41 0 0.244456162483
5.42 0 0.247432201744
5.43 0 0.249781912513
5.44 0 0.250679675179
5.45 0 0.256625401571
5.46 0 0.257714657748
5.47 0 0.25791075309
5.48 0 0.25791075309
5.49 0 0.25791075309
5.5 0 0.25791075309
5.51 0 0.266020475254
5.52 0 0.266020475254
5.53 0 0.262471520793
5.54 0 0.262432283724
5.55 0 0.264526237829
5.56 0 0.264971465915
5.57 0 0.26817679976
5.58 0 0.269896067374
5.59 0 0.275207104974
5.6 0 0.27690088621
5.61 0 0.27733240128
5.62 0 0.279611691714
5.63 0 0.280796782657
5.64 0 0.280452099305
5.65 0 0.277863694121
5.66 0 0.277536210752
5.67 0 0.275780449012
5.68 0 0.273905541331
5.69 0 0.274077042348
5.7 0 0.272801866064
5.71 0 0.271207312309
5.72 0 0.267955612916
5.73 0 0.266114612227
5.74 0 0.264776138043
5.75 0 0.264483475851
5.76 0 0.261738899359
5.77 0 0.260068471068
5.78 0 0.259178235121
5.79 0 0.257820704435
5.8 0 0.257668416364
5.81 0 0.256046947869
5.82 0 0.256011775082
5.83 0 0.2564446021
5.84 0 0.256947099757
5.85 0 0.257003652151
5.86 0 0.257448214483
5.87 0 0.257641044833
5.88 0 0.258103505742
5.89 0 0.259612553398
5.9 0 0.259782391409
5.91 0 0.260832154229
5.92 0 0.261879809512
5.93 0 0.261991224672
5.94 0 0.262163905493
5.95 0 0.261981181954
5.96 0 0.261608689886
5.97 0 0.261708397857
5.98 0 0.261750276073
5.99 0 0.261702314217
6.0 0 0.26319494912
6.01 0 0.264229178983
6.02 0 0.264844522807
6.03 0 0.265201195523
6.04 0 0.264948446872
6.05 0 0.264674475164
6.06 0 0.264597318438
6.07 0 0.265190454951
6.08 0 0.265989817011
6.09 0 0.26693573062
6.1 0 0.268749187504
6.11 0 0.268749187504
6.12 0 0.27043072164
6.13 0 0.27352127493
6.14 0 0.275116892
6.15 0 0.276394797991
6.16 0 0.278279928558
6.17 0 0.281857994391
6.18 0 0.285670165311
6.19 0 0.287767914308
6.2 0 0.291090045117
6.21 0 0.295894591791
6.22 0 0.29790626558
6.23 0 0.29772915
6.24 0 0.29838574542
6.25 0 0.298957715987
6.26 0 0.301371626848
6.27 0 0.295960388492
6.28 0 0.300871263442
6.29 0 0.304312786397
6.3 0 0.30354704324
6.31 0 0.309478308023
6.32 0 0.307667733295
6.33 0 0.316166624712
6.34 0 0.31839661395
6.35 0 0.322462289364
6.36 0 0.321116049137
6.37 0 0.32391912655
6.38 0 0.326741357411
6.39 0 0.328601840676
6.4 0 0.330070559809
6.41 0 0.329723124139
6.42 0 0.332029968435
6.43 0 0.331823531079
6.44 0 0.330951198582
6.45 0 0.330572363344
6.46 0 0.330645909849
6.47 0 0.330591937507
6.48 0 0.330668882114
6.49 0 0.330347882534
6.5 0 0.330347882534
6.51 0 0.330347882534
6.52 0 0.330347882534
6.53 0 0.325841671843
6.54 0 0.325841671843
6.55 0 0.321736864989
6.56 0 0.321736864989
6.57 0 0.321736864989
6.58 0 0.314557806402
6.59 0 0.313387181396
6.6 0 0.312369386928
6.61 0 0.310918099365
6.62 0 0.308579671196
6.63 0 0.307898915341
6.64 0 0.304607470377
6.65 0 0.302424326695
6.66 0 0.299506466334
6.67 0 0.297501891042
6.68 0 0.296787855699
6.69 0 0.296714218579
6.7 0 0.29625605692
6.71 0 0.29554106923
6.72 0 0.296200251313
6.73 0 0.296200251313
6.74 0 0.296200251313
6.75 0 0.296200251313
6.76 0 0.296122074946
6.77 0 0.296538054547
6.78 0 0.296995634687
6.79 0 0.297431189704
6.8 0 0.297431189704
6.81 0 0.298641834811
6.82 0 0.300062468081
6.83 0 0.300519851934
6.84 0 0.300658565711
6.85 0 0.301000202966
6.86 0 0.3012696627
6.87 0 0.30189801431
6.88 0 0.302207765873
6.89 0 0.303847734404
6.9 0 0.304716417289
6.91 0 0.306324781944
6.92 0 0.307419303706
6.93 0 0.310360067246
6.94 0 0.310160811212
6.95 0 0.314577276581
6.96 0 0.313134279864
6.97 0 0.317784822734
6.98 0 0.318435047747
6.99 0 0.319902540603
7.0 0 0.320247789671
7.01 0 0.322340862607
7.02 0 0.323914375042
7.03 0 0.324444963512
7.04 0 0.32877615991
7.05 0 0.331049722525
7.06 0 0.33705868716
7.07 0 0.341472619261
7.08 0 0.342359803436
7.09 0 0.344738107945
7.1 0 0.354257061847
7.11 0 0.354979293466
7.12 0 0.356748460596
7.13 0 0.356748460596
7.14 0 0.357551294984
7.15 0 0.357289385856
7.16 0 0.355911256715
7.17 0 0.355043995717
7.18 0 0.354519968876
7.19 0 0.355840347027
7.2 0 0.349874525391
7.21 0 0.350428783674
7.22 0 0.351058927112
7.23 0 0.35067169242
7.24 0 0.350855314344
7.25 0 0.350138131347
7.26 0 0.350252353203
7.27 0 0.350397771808
7.28 0 0.350148831302
7.29 0 0.350642996279
7.3 0 0.350642996279
7.31 0 0.348874272635
7.32 0 0.348874272635
7.33 0 0.348874272635
7.34 0 0.348874272635
7.35 0 0.345746126404
7.36 0 0.345746126404
7.37 0 0.345746126404
7.38 0 0.345746126404
7.39 0 0.340945849133
7.4 0 0.340945849133
7.41 0 0.340612011326
7.42 0 0.338392848521
7.43 0 0.337408894832
7.44 0 0.337106458324
7.45 0 0.337106458324
7.46 0 0.337106458324
7.47 0 0.337106458324
7.48 0 0.334587769381
7.49 0 0.334587769381
7.5 0 0.334587769381
7.51 0 0.334865739585
7.52 0 0.334964968481
7.53 0 0.335121009961
7.54 0 0.336473485619
7.55 0 0.337025008237
7.56 0 0.339077754341
7.57 0 0.340263494887
7.58 0 0.340263494887
7.59 0 0.340263494887
7.6 0 0.342029904919
7.61 0 0.342029904919
7.62 0 0.342029904919
7.63 0 0.34562799013
7.64 0 0.34562799013
7.65 0 0.346489667525
7.66 0 0.345857972194
7.67 0 0.3463781515
7.68 0 0.346989712999
7.69 0 0.347795851494
7.7 0 0.34934750403
7.71 0 0.34954218873
7.72 0 0.351577050346
7.73 0 0.356690061793
7.74 0 0.355263901857
7.75 0 0.357032067026
7.76 0 0.35689598746
7.77 0 0.362594580436
7.78 0 0.363814838805
7.79 0 0.363814838805
7.8 0 0.363814838805
7.81 0 0.369234763103
7.82 0 0.369234763103
7.83 0 0.370119006169
7.84 0 0.374074976089
7.85 0 0.37392365307
7.86 0 0.37941603422
7.87 0 0.379896295674
7.88 0 0.380109609057
7.89 0 0.379423673137
7.9 0 0.377478355604
7.91 0 0.375591172923
7.92 0 0.374982701897
7.93 0 0.37836396358
7.94 0 0.364691863214
7.95 0 0.368478933247
7.96 0 0.368478933247
7.97 0 0.368478933247
7.98 0 0.365718566102
7.99 0 0.37667197215
8.0 0 0.373402700972
8.01 0 0.373402700972
8.02 0 0.373402700972
8.03 0 0.373402700972
8.04 0 0.383225252815
8.05 0 0.383225252815
8.06 0 0.381212918561
8.07 0 0.381115738025
8.08 0 0.382482386269
8.09 0 0.382477238698
8.1 0 0.382446080647
8.11 0 0.382279457141
8.12 0 0.381793693838
8.13 0 0.381864851042
8.14 0 0.380593498912
8.15 0 0.378305672024
8.16 0 0.377065316349
8.17 0 0.375675256772
8.18 0 0.373062163028
8.19 0 0.373079896315
8.2 0 0.372914258038
8.21 0 0.372098783022
8.22 0 0.371764072975
8.23 0 0.371881977086
8.24 0 0.372034397424
8.25 0 0.371074483071
8.26 0 0.371134004818
8.27 0 0.370931082871
8.28 0 0.370891500909
8.29 0 0.370499031118
8.3 0 0.370819445758
8.31 0 0.371421632324
8.32 0 0.372952157687
8.33 0 0.373109230447
8.34 0 0.373566044448
8.35 0 0.374317733295
8.36 0 0.376850033773
8.37 0 0.378213543626
8.38 0 0.378658878467
8.39 0 0.380865725202
8.4 0 0.381607513069
8.41 0 0.382373808455
8.42 0 0.3826533569
8.43 0 0.3826533569
8.44 0 0.3826533569
8.45 0 0.3826533569
8.46 0 0.387370412627
8.47 0 0.390034997122
8.48 0 0.393539316889
8.49 0 0.393756393088
8.5 0 0.396659364711
8.51 0 0.398992176767
8.52 0 0.400975797836
8.53 0 0.402789426014
8.54 0 0.403785842874
8.55 0 0.403951084695
8.56 0 0.407129836283
8.57 0 0.407129836283
8.58 0 0.407129836283
8.59 0 0.407129836283
8.6 0 0.414570897939
8.61 0 0.414570897939
8.62 0 0.41690578433
8.63 0 0.41690578433
8.64 0 0.422818386963
8.65 0 0.422818386963
8.66 0 0.422818386963
8.67 0 0.422818386963
8.68 0 0.431572999925
8.69 0 0.43485898729
8.7 0 0.433759217264
8.71 0 0.434142590468
8.72 0 0.434142590468
8.73 0 0.431556992051
8.74 0 0.432679523872
8.75 0 0.431788399833
8.76 0 0.431283027423
8.77 0 0.425827997337
8.78 0 0.423657731862
8.79 0 0.423483754358
8.8 0 0.425184272345
8.81 0 0.426992989719
8.82 0 0.426992989719
8.83 0 0.426942674903
8.84 0 0.426945314435
8.85 0 0.426540908146
8.86 0 0.426233563227
8.87 0 0.426303540723
8.88 0 0.426303540723
8.89 0 0.428286273155
8.9 0 0.428286273155
8.91 0 0.428286273155
8.92 0 0.428286273155
8.93 0 0.429973833607
8.94 0 0.429973833607
8.95 0 0.429973833607
8.96 0 0.425589264045
8.97 0 0.425265625936
8.98 0 0.42462093447
8.99 0 0.424056579721
9.0 0 0.423484563964
9.01 0 0.42334441131
9.02 0 0.423371486873
9.03 0 0.423743736942
9.04 0 0.423338010345
9.05 0 0.423128130012
9.06 0 0.423317186324
9.07 0 0.423317186324
9.08 0 0.423317186324
9.09 0 0.423486697212
9.1 0 0.423486697212
9.11 0 0.422151916655
9.12 0 0.422007409995
9.13 0 0.421901388528
9.14 0 0.421901388528
9.15 0 0.421901388528
9.16 0 0.421901388528
9.17 0 0.42475443223
9.18 0 0.42475443223
9.19 0 0.42475443223
9.2 0 0.42475443223
9.21 0 0.428439309114
9.22 0 0.431206653409
9.23 0 0.436437432336
9.24 0 0.436437432336
9.25 0 0.437477577114
9.26 0 0.438810573656
9.27 0 0.439846778053
9.28 0 0.442097095731
9.29 0 0.443866411702
9.3 0 0.44479113056
9.31 0 0.44479113056
9.32 0 0.44479113056
9.33 0 0.44479113056
9.34 0 0.446613521261
9.35 0 0.446613521261
9.36 0 0.446613521261
9.37 0 0.450712699462
9.38 0 0.455382335304
9.39 0 0.457650520194
9.4 0 0.460184949714
9.41 0 0.461776083725
9.42 0 0.464405625132
9.43 0 0.469856256399
9.44 0 0.472150176485
9.45 0 0.473941007638
9.46 0 0.474049061415
9.47 0 0.47628086922
9.48 0 0.47628086922
9.49 0 0.476515876424
9.5 0 0.47463223647
9.51 0 0.475937055996
9.52 0 0.474716368645
9.53 0 0.476707912887
9.54 0 0.477162791266
9.55 0 0.480578264429
9.56 0 0.479906799185
9.57 0 0.481159435754
9.58 0 0.479129639366
9.59 0 0.477634532608
9.6 0 0.477424171471
9.61 0 0.477576069269
9.62 0 0.477230852374
9.63 0 0.476688090306
9.64 0 0.476274022726
9.65 0 0.476448580681
9.66 0 0.476255788854
9.67 0 0.475808686878
9.68 0 0.475865567254
9.69 0 0.475036908107
9.7 0 0.475525967273
9.71 0 0.475422481942
9.72 0 0.47428392544
9.73 0 0.473566283311
9.74 0 0.474153154004
9.75 0 0.473710370202
9.76 0 0.473220634492
9.77 0 0.473341387484
9.78 0 0.473161850499
9.79 0 0.473245509781
9.8 0 0.472123329691
9.81 0 0.472123329691
9.82 0 0.469118798759
9.83 0 0.467372490011
9.84 0 0.467300470252
9.85 0 0.467640304207
9.86 0 0.467851532402
9.87 0 0.467851532402
9.88 0 0.468368951542
9.89 0 0.468982124626
9.9 0 0.469188806723
9.91 0 0.471763157315
9.92 0 0.472370150705
9.93 0 0.473129914955
9.94 0 0.473129914955
9.95 0 0.473880939688
9.96 0 0.473880939688
9.97 0 0.473880939688
9.98 0 0.47569023536
9.99 0 0.47569023536
10.0 0 0.47569023536
10.01 0 0.47569023536
10.02 0 0.479102786458
10.03 0 0.478980443887
10.04 0 0.47974950849
10.05 0 0.480142027932
10.06 0 0.481420453423
10.07 0 0.482247220737
10.08 0 0.486018273141
10.09 0 0.486018273141
10.1 0 0.48485492912
10.11 0 0.487478073262
10.12 0 0.486843637132
10.13 0 0.489403279105
10.14 0 0.496360297369
10.15 0 0.496360297369
10.16 0 0.504330441827
10.17 0 0.505613004055
10.18 0 0.50310120833
10.19 0 0.502504351063
10.2 0 0.502381282474
10.21 0 0.502381282474
10.22 0 0.502381282474
10.23 0 0.502381282474
10.24 0 0.502381282474
10.25 0 0.511976455982
10.26 0 0.511976455982
10.27 0 0.511976455982
10.28 0 0.517178474666
10.29 0 0.517178474666
10.3 0 0.517178474666
10.31 0 0.517080747554
10.32 0 0.517080747554
10.33 0 0.517080747554
10.34 0 0.517080747554
10.35 0 0.517080747554
10.36 0 0.518509721535
10.37 0 0.519193819683
10.38 0 0.519193819683
10.39 0 0.519193819683
10.4 0 0.51548686162
10.41 0 0.51548686162
10.42 0 0.514453982145
10.43 0 0.511696729597
10.44 0 0.510127230355
10.45 0 0.510127230355
10.46 0 0.510127230355
10.47 0 0.510127230355
10.48 0 0.508647399473
10.49 0 0.506098813449
10.5 0 0.506286201477
10.51 0 0.506995165187
10.52 0 0.506903948648
10.53 0 0.50794280259
10.54 0 0.507969330028
10.55 0 0.508230400381
10.56 0 0.508149039824
10.57 0 0.507396234693
10.58 0 0.507560742724
10.59 0 0.507560742724
10.6 0 0.507534934132
10.61 0 0.507410464899
10.62 0 0.507458279123
10.63 0 0.50755369169
10.64 0 0.506258159998
10.65 0 0.504293661079
10.66 0 0.504114548671
10.67 0 0.503105300512
10.68 0 0.503135865567
10.69 0 0.503305353012
10.7 0 0.503095164772
10.71 0 0.502888606056
10.72 0 0.503007321548
10.73 0 0.503467670376
10.74 0 0.504004755429
10.75 0 0.505500642372
10.76 0 0.506963720283
10.77 0 0.508716501053
10.78 0 0.509508762383
10.79 0 0.51137320603
10.8 0 0.51137320603
10.81 0 0.512479866817
10.82 0 0.513066357821
10.83 0 0.514354956405
10.84 0 0.516533995928
10.85 0 0.51796428053
10.86 0 0.519757573952
10.87 0 0.523406767514
10.88 0 0.524522382911
10.89 0 0.525882814972
10.9 0 0.526423758262
10.91 0 0.527309787258
10.92 0 0.529345798352
10.93 0 0.529345798352
10.94 0 0.529345798352
10.95 0 0.529173481173
10.96 0 0.533435949708
10.97 0 0.534764229769
10.98 0 0.527580849171
10.99 0 0.533216547197
11.0 0 0.530349066776
11.01 0 0.533023808908
11.02 0 0.539343895451
11.03 0 0.543138292142
11.04 0 0.544461035099
11.05 0 0.542482452537
11.06 0 0.547293046087
11.07 0 0.544735715113
11.08 0 0.544735715113
11.09 0 0.544735715113
11.1 0 0.552262867897
11.11 0 0.552276907463
11.12 0 0.552656187516
11.13 0 0.553003512102
11.14 0 0.552794059562
11.15 0 0.552474407525
11.16 0 0.550438538413
11.17 0 0.550247049365
11.18 0 0.550247049365
11.19 0 0.549320868305
11.2 0 0.547271579174
11.21 0 0.546808796951
11.22 0 0.546454899123
11.23 0 0.544998332826
11.24 0 0.544269277244
11.25 0 0.542085273583
11.26 0 0.540510256738
11.27 0 0.540502557149
11.28 0 0.540502557149
11.29 0 0.540502557149
11.3 0 0.540502557149
11.31 0 0.540502557149
11.32 0 0.541290335316
11.33 0 0.541290335316
11.34 0 0.541290335316
11.35 0 0.543361066613
11.36 0 0.543383643858
11.37 0 0.542637531304
11.38 0 0.540921268155
11.39 0 0.540530004572
11.4 0 0.53901894067
11.41 0 0.536354890216
11.42 0 0.535568456389
11.43 0 0.535568456389
11.44 0 0.535568456389
11.45 0 0.532979304973
11.46 0 0.532979304973
11.47 0 0.532979304973
11.48 0 0.533440189656
11.49 0 0.533440189656
11.5 0 0.533440189656
11.51 0 0.533440189656
11.52 0 0.538584664068
11.53 0 0.539089803222
11.54 0 0.539715968423
11.55 0 0.540507693028
11.56 0 0.540507693028
11.57 0 0.540507693028
11.58 0 0.545010560532
11.59 0 0.545010560532
11.6 0 0.545010560532
11.61 0 0.545010560532
11.62 0 0.550207232393
11.63 0 0.550207232393
11.64 0 0.550207232393
11.65 0 0.556842939063
11.66 0 0.562012033978
11.67 0 0.563089074115
11.68 0 0.563355685431
11.69 0 0.564570309529
11.7 0 0.565565478251
11.71 0 0.565968104968
11.72 0 0.567020299521
11.73 0 0.566742682348
11.74 0 0.564038222982
11.75 0 0.56467467084
11.76 0 0.566854913735
11.77 0 0.562638011017
11.78 0 0.568538774544
11.79 0 0.570710649827
11.8 0 0.571684835778
11.81 0 0.568271592415
11.82 0 0.568271592415
11.83 0 0.568271592415
11.84 0 0.581767011996
11.85 0 0.585225821519
11.86 0 0.589651517302
11.87 0 0.590520257173
11.88 0 0.592793091337
11.89 0 0.592822618737
11.9 0 0.594188299368
11.91 0 0.598518511788
11.92 0 0.5991007882
11.93 0 0.59881087908
11.94 0 0.598750584962
11.95 0 0.597754464658
11.96 0 0.597440468572
11.97 0 0.594514531537
11.98 0 0.592496195098
11.99 0 0.58932980135
12.0 0 0.587554807486
12.01 0 0.58673880547
12.02 0 0.58673880547
12.03 0 0.582130391099
12.04 0 0.582130391099
12.05 0 0.582130391099
12.06 0 0.580387460028
12.07 0 0.580977917626
12.08 0 0.581085067102
12.09 0 0.581365032295
12.1 0 0.581853915577
12.11 0 0.58173953386
12.12 0 0.581381648292
12.13 0 0.581524826457
12.14 0 0.5813050345
12.15 0 0.5813050345
12.16 0 0.5813050345
12.17 0 0.578596021621
12.18 0 0.578596021621
12.19 0 0.578596021621
12.2 0 0.574573948544
12.21 0 0.573677877752
12.22 0 0.572763943143
12.23 0 0.571920700659
12.24 0 0.571168693339
12.25 0 0.571411923877
12.26 0 0.57305343695
12.27 0 0.573265883148
12.28 0 0.574067662842
12.29 0 0.57542045799
12.3 0 0.575704525254
12.31 0 0.578348141705
12.32 0 0.578806740478
12.33 0 0.580128661367
12.34 0 0.5807777877
12.35 0 0.581747318421
12.36 0 0.581927157677
12.37 0 0.581927157677
12.38 0 0.588047782555
12.39 0 0.588385646174
12.4 0 0.589645862551
12.41 0 0.589903896138
12.42 0 0.591396260987
12.43 0 0.590550556575
12.44 0 0.592090090873
12.45 0 0.594735612331
12.46 0 0.598147747301
12.47 0 0.598319914249
12.48 0 0.60309016668
12.49 0 0.606080795027
12.5 0 0.606736384849
12.51 0 0.606403562726
12.52 0 0.606578260532
12.53 0 0.602144934498
12.54 0 0.601571889558
12.55 0 0.603899837623
12.56 0 0.60604105391
12.57 0 0.609388646064
12.58 0 0.608786262943
12.59 0 0.608458217931
12.6 0 0.612948482913
12.61 0 0.607882735226
12.62 0 0.607915906831
12.63 0 0.607669696919
12.64 0 0.613963841736
12.65 0 0.617270270237
12.66 0 0.619504509002
12.67 0 0.622024777151
12.68 0 0.624401772507
12.69 0 0.62631614465
12.7 0 0.629648523373
12.71 0 0.630485395985
12.72 0 0.630739340718
12.73 0 0.629214010501
12.74 0 0.628196922236
12.75 0 0.626666264392
12.76 0 0.624387956724
12.77 0 0.622545269783
12.78 0 0.622054570154
12.79 0 0.620657794264
12.8 0 0.621787972684
12.81 0 0.621740371713
12.82 0 0.621471916888
12.83 0 0.619838870147
12.84 0 0.618614514102
12.85 0 0.618501314152
12.86 0 0.617983870564
12.87 0 0.616456325072
12.88 0 0.616386792965
12.89 0 0.615584584251
12.9 0 0.615018388485
12.91 0 0.614524141653
12.92 0 0.613482907474
12.93 0 0.612034401893
12.94 0 0.611730798767
12.95 0 0.610226827766
12.96 0 0.609898350878
12.97 0 0.608629860236
12.98 0 0.606694766223
12.99 0 0.605393344461
13.0 0 0.600890915188
13.01 0 0.600890915188
13.02 0 0.600890915188
13.03 0 0.600890915188
13.04 0 0.597969905599
13.05 0 0.597969905599
13.06 0 0.597969905599
13.07 0 0.597969905599
13.08 0 0.599164199651
13.09 0 0.599927886252
13.1 0 0.600396121657
13.11 0 0.60037576014
13.12 0 0.600972101296
13.13 0 0.600972101296
13.14 0 0.601221587919
13.15 0 0.602281329706
13.16 0 0.602892793322
13.17 0 0.603605307403
13.18 0 0.603991222612
13.19 0 0.604628849111
13.2 0 0.605499832663
13.21 0 0.605980833595
13.22 0 0.605066777236
13.23 0 0.605137049635
13.24 0 0.610288696207
13.25 0 0.615238244105
13.26 0 0.616104317595
13.27 0 0.616885227635
13.28 0 0.62080767346
13.29 0 0.62080767346
13.3 0 0.621307099905
13.31 0 0.621720275334
13.32 0 0.61649698475
13.33 0 0.616607346566
13.34 0 0.622327658485
13.35 0 0.622341767244
13.36 0 0.621201742239
13.37 0 0.625831728993
13.38 0 0.631865470455
13.39 0 0.631865470455
13.4 0 0.631865470455
13.41 0 0.633643763001
13.42 0 0.633643763001
13.43 0 0.633643763001
13.44 0 0.634295137458
13.45 0 0.634295137458
13.46 0 0.634295137458
13.47 0 0.634295137458
13.48 0 0.631814948158
13.49 0 0.635293076311
13.5 0 0.635293076311
13.51 0 0.635293076311
13.52 0 0.635293076311
13.53 0 0.638567479134
13.54 0 0.638567479134
13.55 0 0.633867727133
13.56 0 0.633867727133
13.57 0 0.635284464979
13.58 0 0.63766776804
13.59 0 0.639314451119
13.6 0 0.642272846839
13.61 0 0.642021174094
13.62 0 0.641324796314
13.63 0 0.641882990565
13.64 0 0.639537501754
13.65 0 0.638956331881
13.66 0 0.63785321996
13.67 0 0.63785321996
13.68 0 0.639374730625
13.69 0 0.638652565145
13.7 0 0.638652565145
13.71 0 0.638652565145
13.72 0 0.638652565145
13.73 0 0.637604902848
13.74 0 0.637604902848
13.75 0 0.637604902848
13.76 0 0.637604902848
13.77 0 0.632969532813
13.78 0 0.632969532813
13.79 0 0.632969532813
13.8 0 0.632193107895
13.81 0 0.632193107895
13.82 0 0.632193107895
13.83 0 0.629388903356
13.84 0 0.629388903356
13.85 0 0.629388903356
13.86 0 0.630311205717
13.87 0 0.630311205717
13.88 0 0.630794052516
13.89 0 0.630794052516
13.9 0 0.630794052516
13.91 0 0.634914569881
13.92 0 0.635243572814
13.93 0 0.635881900417
13.94 0 0.636854695697
13.95 0 0.637259176319
13.96 0 0.638199494968
13.97 0 0.639055491298
13.98 0 0.64076784039
13.99 0 0.641307233678
14.0 0 0.644497293415
14.01 0 0.644931421597
14.02 0 0.644813148994
14.03 0 0.646922092053
14.04 0 0.649759986805
14.05 0 0.651354967042
14.06 0 0.654058978455
14.07 0 0.656295238446
14.08 0 0.654343329315
14.09 0 0.655102875065
14.1 0 0.656191011427
14.11 0 0.659641209923
14.12 0 0.657390997893
14.13 0 0.660646789078
14.14 0 0.664509981421
14.15 0 0.660990541288
14.16 0 0.661398521132
14.17 0 0.664296863137
14.18 0 0.667382630271
14.19 0 0.671162012404
14.2 0 0.672874268221
14.21 0 0.674953364253
14.22 0 0.675335974637
14.23 0 0.675712309379
14.24 0 0.676501409464
14.25 0 0.676429421881
14.26 0 0.678033515927
14.27 0 0.679473856509
14.28 0 0.679926044163
14.29 0 0.680193072485
14.3 0 0.680036696845
14.31 0 0.679352337139
14.32 0 0.678686010715
14.33 0 0.679818555398
14.34 0 0.678753703524
14.35 0 0.680159683899
14.36 0 0.680603950761
14.37 0 0.680653300868
14.38 0 0.681680979802
14.39 0 0.682191540824
14.4 0 0.68241272288
14.41 0 0.682470585907
14.42 0 0.682470585907
14.43 0 0.681207502977
14.44 0 0.681207502977
14.45 0 0.681207502977
14.46 0 0.679029386629
14.47 0 0.678777353148
14.48 0 0.678899461092
14.49 0 0.678655835282
14.5 0 0.67825726683
14.51 0 0.677587221814
14.52 0 0.675557242904
14.53 0 0.674688826524
14.54 0 0.672664883853
14.55 0 0.671165683501
14.56 0 0.671103307175
14.57 0 0.670991077523
14.58 0 0.667176030055
14.59 0 0.665214471738
14.6 0 0.665008019795
14.61 0 0.663246059668
14.62 0 0.663144088118
14.63 0 0.661272395807
14.64 0 0.661272395807
14.65 0 0.660911061366
14.66 0 0.660537516334
14.67 0 0.660637928949
14.68 0 0.661319518233
14.69 0 0.661784788797
14.7 0 0.661958969935
14.71 0 0.66147814562
14.72 0 0.661418634207
14.73 0 0.661238062929
14.74 0 0.661339002195
14.75 0 0.661506670553
14.76 0 0.661514702503
14.77 0 0.661922246159
14.78 0 0.6638602048
14.79 0 0.6638602048
14.8 0 0.6638602048
14.81 0 0.672034573404
14.82 0 0.672034573404
14.83 0 0.672034573404
14.84 0 0.676648808991
14.85 0 0.678262711963
14.86 0 0.679989326189
14.87 0 0.678979843726
14.88 0 0.677191519852
14.89 0 0.677191519852
14.9 0 0.677085787756
14.91 0 0.674834673964
14.92 0 0.677466284377
14.93 0 0.678833995805
14.94 0 0.682919707854
14.95 0 0.678288299488
14.96 0 0.683846240152
14.97 0 0.686927945369
14.98 0 0.683828288248
14.99 0 0.684879790649
15.0 0 0.693323157825
15.01 0 0.693323157825
15.02 0 0.693323157825
15.03 0 0.693323157825
15.04 0 0.707369223779
15.05 0 0.707369223779
15.06 0 0.707369223779
15.07 0 0.707369223779
15.08 0 0.70908332574
15.09 0 0.70908332574
15.1 0 0.70908332574
15.11 0 0.702994524809
15.12 0 0.703883502915
15.13 0 0.703883502915
15.14 0 0.703883502915
15.15 0 0.700444117997
15.16 0 0.700444117997
15.17 0 0.700444117997
15.18 0 0.699807669997
15.19 0 0.699807669997
15.2 0 0.695447146296
15.21 0 0.692012790223
15.22 0 0.691379291725
15.23 0 0.691347069584
15.24 0 0.692164714155
15.25 0 0.692164714155
15.26 0 0.692164714155
15.27 0 0.69333343189
15.28 0 0.69333343189
15.29 0 0.695005829529
15.3 0 0.695240229846
15.31 0 0.695019292144
15.32 0 0.694971036052
15.33 0 0.694119759616
15.34 0 0.693059183147
15.35 0 0.690409317137
15.36 0 0.689611709486
15.37 0 0.688168005403
15.38 0 0.686103902891
15.39 0 0.685063323382
15.4 0 0.681944269175
15.41 0 0.682314167298
15.42 0 0.682314167298
15.43 0 0.685078769403
15.44 0 0.6863857243
15.45 0 0.686576150071
15.46 0 0.688222380327
15.47 0 0.688991073402
15.48 0 0.689834069342
15.49 0 0.690370132181
15.5 0 0.69219718674
15.51 0 0.692725362685
15.52 0 0.693446833008
15.53 0 0.693518403768
15.54 0 0.695162533744
15.55 0 0.695162533744
15.56 0 0.695162533744
15.57 0 0.695162533744
15.58 0 0.697108585682
15.59 0 0.697108585682
15.6 0 0.697108585682
15.61 0 0.697108585682
15.62 0 0.705082243408
15.63 0 0.705082243408
15.64 0 0.71010444982
15.65 0 0.711707518247
15.66 0 0.71165884052
15.67 0 0.708552100964
15.68 0 0.708665956792
15.69 0 0.708665956792
15.7 0 0.706868320656
15.71 0 0.706717065513
15.72 0 0.708987175425
15.73 0 0.708987175425
15.74 0 0.708987175425
15.75 0 0.708987175425
15.76 0 0.708987175425
15.77 0 0.709733256585
15.78 0 0.709733256585
15.79 0 0.709733256585
15.8 0 0.710984263418
15.81 0 0.710984263418
15.82 0 0.7168583523
15.83 0 0.717213208314
15.84 0 0.718079329904
15.85 0 0.721175834437
15.86 0 0.720294700814
15.87 0 0.720268217543
15.88 0 0.719977705827
15.89 0 0.72003813118
15.9 0 0.7186342216
15.91 0 0.720530381828
15.92 0 0.719341143598
15.93 0 0.715387238471
15.94 0 0.713678988685
15.95 0 0.714140626133
15.96 0 0.714547916009
15.97 0 0.714547916009
15.98 0 0.714547916009
15.99 0 0.714547916009
16.0 0 0.713208522247
16.01 0 0.713208522247
16.02 0 0.713208522247
16.03 0 0.713208522247
16.04 0 0.712903956575
16.05 0 0.712903956575
16.06 0 0.712903956575
16.07 0 0.713287451095
16.08 0 0.712499760686
16.09 0 0.711133224483
16.1 0 0.709946245324
16.11 0 0.709946245324
16.12 0 0.709946245324
16.13 0 0.709946245324
16.14 0 0.705407152646
16.15 0 0.705407152646
16.16 0 0.700044269075
16.17 0 0.699709475786
16.18 0 0.699024693519
16.19 0 0.697631469628
16.2 0 0.695871883981
16.21 0 0.695314463508
16.22 0 0.695296388951
16.23 0 0.695275092868
16.24 0 0.696477049849
16.25 0 0.696477049849
16.26 0 0.696477049849
16.27 0 0.696477049849
16.28 0 0.696533321389
16.29 0 0.696533321389
16.3 0 0.704305311719
16.31 0 0.705891078241
16.32 0 0.708018475891
16.33 0 0.708613693327
16.34 0 0.709433050291
16.35 0 0.709922432299
16.36 0 0.711860358592
16.37 0 0.712506314481
16.38 0 0.715363200143
16.39 0 0.718646057943
16.4 0 0.719298344111
16.41 0 0.720230745711
16.42 0 0.721229358402
16.43 0 0.720829451112
16.44 0 0.722638977567
16.45 0 0.717376047564
16.46 0 0.72026672675
16.47 0 0.721384393308
16.48 0 0.721637127833
16.49 0 0.722199368362
16.5 0 0.721562678408
16.51 0 0.721562678408
16.52 0 0.721562678408
16.53 0 0.721562678408
16.54 0 0.733585752111
16.55 0 0.733585752111
16.56 0 0.733585752111
16.57 0 0.736776850993
16.58 0 0.736132868572
16.59 0 0.735915738549
16.6 0 0.736214969155
16.61 0 0.736497931645
16.62 0 0.735661781873
16.63 0 0.735352963124
16.64 0 0.735519381454
16.65 0 0.735428801353
16.66 0 0.735257985802
16.67 0 0.734284619253
16.68 0 0.732872419618
16.69 0 0.732474326125
16.7 0 0.733435567376
16.71 0 0.73191536582
16.72 0 0.732226145207
16.73 0 0.73319495815
16.74 0 0.734543365695
16.75 0 0.736124302572
16.76 0 0.736861582081
16.77 0 0.737002128589
16.78 0 0.737007206313
16.79 0 0.736652099882
16.8 0 0.736807977254
16.81 0 0.736249950949
16.82 0 0.734395364572
16.83 0 0.733569142296
16.84 0 0.732669537492
16.85 0 0.732551177806
16.86 0 0.732464863686
16.87 0 0.732018092824
16.88 0 0.731462645004
16.89 0 0.731018704591
16.9 0 0.729981268439
16.91 0 0.728460497975
16.92 0 0.726840974187
16.93 0 0.726064342426
16.94 0 0.726089096772
16.95 0 0.7258542428
16.96 0 0.724414721665
16.97 0 0.724516762679
16.98 0 0.723903071524
16.99 0 0.723474450999
17.0 0 0.723013601576
17.01 0 0.72204370919
17.02 0 0.722078525086
17.03 0 0.721576381956
17.04 0 0.721187615916
17.05 0 0.720503252828
17.06 0 0.719320306997
17.07 0 0.71999374826
17.08 0 0.719976630478
17.09 0 0.720005191702
17.1 0 0.71985469693
17.11 0 0.720811014224
17.12 0 0.721391702219
17.13 0 0.721205280873
17.14 0 0.721575867211
17.15 0 0.728193402093
17.16 0 0.728388454664
17.17 0 0.72833516657
17.18 0 0.729925183328
17.19 0 0.729925183328
17.2 0 0.729925183328
17.21 0 0.729925183328
17.22 0 0.735073706615
17.23 0 0.735073706615
17.24 0 0.735073706615
17.25 0 0.731979529432
17.26 0 0.732236088554
17.27 0 0.731871597392
17.28 0 0.734485289965
17.29 0 0.733152976663
17.3 0 0.736694260779
17.31 0 0.736694260779
17.32 0 0.736694260779
17.33 0 0.731575754376
17.34 0 0.731575754376
17.35 0 0.731575754376
17.36 0 0.736294823086
17.37 0 0.736294823086
17.38 0 0.741295898049
17.39 0 0.746986971706
17.4 0 0.745814384208
17.41 0 0.749787379085
17.42 0 0.751283613229
17.43 0 0.752151474328
17.44 0 0.751570414187
17.45 0 0.749951810813
17.46 0 0.750640033514
17.47 0 0.746137910083
17.48 0 0.745789602251
17.49 0 0.745789602251
17.5 0 0.744588127785
17.51 0 0.741262116997
17.52 0 0.739867850718
17.53 0 0.737760031784
17.54 0 0.736526277213
17.55 0 0.735544398927
17.56 0 0.73444058744
17.57 0 0.733923213886
17.58 0 0.734276649057
17.59 0 0.734971755384
17.6 0 0.735946201638
17.61 0 0.736663896536
17.62 0 0.738462499482
17.63 0 0.738756062254
17.64 0 0.738245916377
17.65 0 0.736461870881
17.66 0 0.733794095041
17.67 0 0.733253042753
17.68 0 0.731922061714
17.69 0 0.730234736723
17.7 0 0.729822635654
17.71 0 0.728917955808
17.72 0 0.727740433893
17.73 0 0.727657200777
17.74 0 0.726961576138
17.75 0 0.726946569148
17.76 0 0.726955931402
17.77 0 0.727072070529
17.78 0 0.728133488302
17.79 0 0.729311941935
17.8 0 0.731917950705
17.81 0 0.732336656356
17.82 0 0.733578009091
17.83 0 0.734184350191
17.84 0 0.734855583522
17.85 0 0.735635774829
17.86 0 0.737615926748
17.87 0 0.738277025533
17.88 0 0.738160609093
17.89 0 0.737742703591
17.9 0 0.737820324936
17.91 0 0.737859471518
17.92 0 0.739077796139
17.93 0 0.741425085939
17.94 0 0.741213183817
17.95 0 0.742281624444
17.96 0 0.745195374124
17.97 0 0.746968681691
17.98 0 0.748279967321
17.99 0 0.748347876851
18.0 0 0.748347876851
18.01 0 0.75017552368
18.02 0 0.75017552368
18.03 0 0.75017552368
18.04 0 0.749604755294
18.05 0 0.749604755294
18.06 0 0.750383185167
18.07 0 0.751609169593
18.08 0 0.748051165726
18.09 0 0.745176333836
18.1 0 0.752942311173
18.11 0 0.752942311173
18.12 0 0.752942311173
18.13 0 0.750838920381
18.14 0 0.750838920381
18.15 0 0.750838920381
18.16 0 0.750838920381
18.17 0 0.764018851696
18.18 0 0.764018851696
18.19 0 0.770179736261
18.2 0 0.771999599319
18.21 0 0.772603386031
18.22 0 0.77238491334
18.23 0 0.771253342241
18.24 0 0.771021336936
18.25 0 0.771021336936
18.26 0 0.771021336936
18.27 0 0.771021336936
18.28 0 0.769923876781
18.29 0 0.769923876781
18.3 0 0.769923876781
18.31 0 0.768676127994
18.32 0 0.767051712755
18.33 0 0.766198503847
18.34 0 0.765188557777
18.35 0 0.764719343678
18.36 0 0.764671992167
18.37 0 0.763402833668
18.38 0 0.762312068307
18.39 0 0.760423999256
18.4 0 0.759175521395
18.41 0 0.759423359687
18.42 0 0.758892043659
18.43 0 0.756174414183
18.44 0 0.755911997244
18.45 0 0.755911997244
18.46 0 0.753930453835
18.47 0 0.752006523915
18.48 0 0.749586967351
18.49 0 0.748756829716
18.5 0 0.747664217958
18.51 0 0.747091643311
18.52 0 0.74311939096
18.53 0 0.742500789622
18.54 0 0.743563658168
18.55 0 0.744365604411
18.56 0 0.744365604411
18.57 0 0.744365604411
18.58 0 0.744365604411
18.59 0 0.744679812984
18.6 0 0.744679812984
18.61 0 0.741519329971
18.62 0 0.741519329971
18.63 0 0.741519329971
18.64 0 0.741519329971
18.65 0 0.742497104192
18.66 0 0.742497104192
18.67 0 0.742497104192
18.68 0 0.743239998163
18.69 0 0.74389711465
18.7 0 0.744702801764
18.71 0 0.744368327924
18.72 0 0.746389586313
18.73 0 0.750129869406
18.74 0 0.749611625272
18.75 0 0.755087253229
18.76 0 0.755764940464
18.77 0 0.761000814791
18.78 0 0.761997900336
18.79 0 0.761939014922
18.8 0 0.761221843528
18.81 0 0.761875451847
18.82 0 0.760949096074
18.83 0 0.755689123709
18.84 0 0.761124895104
18.85 0 0.762071139243
18.86 0 0.7621851519
18.87 0 0.761297323044
18.88 0 0.759688614385
18.89 0 0.759995385093
18.9 0 0.762616375504
18.91 0 0.762616375504
18.92 0 0.770840068927
18.93 0 0.776004695829
18.94 0 0.778526340886
18.95 0 0.779377556511
18.96 0 0.782551521884
18.97 0 0.785068188427
18.98 0 0.785551649999
18.99 0 0.786637953145
19.0 0 0.785965912137
19.01 0 0.785311263504
19.02 0 0.783363542041
19.03 0 0.783063488616
19.04 0 0.782076382251
19.05 0 0.783798728754
19.06 0 0.783281470115
19.07 0 0.783951857891
19.08 0 0.786166824935
19.09 0 0.786278887906
19.1 0 0.786542027705
19.11 0 0.785261557445
19.12 0 0.785261557445
19.13 0 0.785261557445
19.14 0 0.787523448021
19.15 0 0.787523448021
19.16 0 0.787523448021
19.17 0 0.787523448021
19.18 0 0.788229997209
19.19 0 0.788229997209
19.2 0 0.788229997209
19.21 0 0.781772823759
19.22 0 0.780259673036
19.23 0 0.778810770578
19.24 0 0.778810770578
19.25 0 0.778810770578
19.26 0 0.775015850631
19.27 0 0.775015850631
19.28 0 0.775015850631
19.29 0 0.767928110805
19.3 0 0.767928110805
19.31 0 0.761575165409
19.32 0 0.761575165409
19.33 0 0.761575165409
19.34 0 0.758966932014
19.35 0 0.757410928715
19.36 0 0.756537407681
19.37 0 0.753953584302
19.38 0 0.752342670701
19.39 0 0.751366262599
19.4 0 0.750722666336
19.41 0 0.749898558386
19.42 0 0.751603729508
19.43 0 0.753725866069
19.44 0 0.753895542116
19.45 0 0.754147568931
19.46 0 0.754924745693
19.47 0 0.755708505554
19.48 0 0.757691655291
19.49 0 0.757536579351
19.5 0 0.757374727569
19.51 0 0.756298895066
19.52 0 0.759522035053
19.53 0 0.762289549791
19.54 0 0.763003899326
19.55 0 0.768212092078
19.56 0 0.768212092078
19.57 0 0.771726844708
19.58 0 0.769948810062
19.59 0 0.769948810062
19.6 0 0.769948810062
19.61 0 0.766270493565
19.62 0 0.765993464603
19.63 0 0.767329345359
19.64 0 0.777831842766
19.65 0 0.77930539602
19.66 0 0.779627851193
19.67 0 0.77997410326
19.68 0 0.777009900963
19.69 0 0.778636546076
19.7 0 0.778555300041
19.71 0 0.784838479452
19.72 0 0.786455845533
19.73 0 0.788709447967
19.74 0 0.791353105429
19.75 0 0.793053899956
19.76 0 0.793053899956
19.77 0 0.797610854043
19.78 0 0.797610854043
19.79 0 0.797610854043
19.8 0 0.797610854043
19.81 0 0.798540575496
19.82 0 0.798540575496
19.83 0 0.798540575496
19.84 0 0.792270083326
19.85 0 0.792270083326
19.86 0 0.783180792842
19.87 0 0.783180792842
19.88 0 0.783180792842
19.89 0 0.783180792842
19.9 0 0.783890444714
19.91 0 0.782819339024
19.92 0 0.782115744217
19.93 0 0.781713414405
19.94 0 0.780870329897
19.95 0 0.77939372302
19.96 0 0.77939372302
19.97 0 0.77939372302
19.98 0 0.77939372302
19.99 0 0.774165154779
20.0 0 0.774165154779
20.01 0 0.771906560369
20.02 0 0.770933976772
20.03 0 0.767617530065
20.04 0 0.767491340301
20.05 0 0.767046309113
20.06 0 0.766659953546
20.07 0 0.765816716381
20.08 0 0.762889671101
20.09 0 0.762406233886
20.1 0 0.762406233886
20.11 0 0.763310514355
20.12 0 0.762844067643
20.13 0 0.76367494906
20.14 0 0.765204326057
20.15 0 0.765618454549
20.16 0 0.765667676427
20.17 0 0.765525733217
20.18 0 0.766924246682
20.19 0 0.767348856384
20.2 0 0.768299649145
20.21 0 0.770319022874
20.22 0 0.771188079694
20.23 0 0.771424542884
20.24 0 0.771494506075
20.25 0 0.770640534774
20.26 0 0.771254901075
20.27 0 0.771447461402
20.28 0 0.771660869698
20.29 0 0.772927587591
20.3 0 0.777357340904
20.31 0 0.780365221889
20.32 0 0.779043951103
20.33 0 0.783076487155
20.34 0 0.786446930086
20.35 0 0.788877034456
20.36 0 0.789333542861
20.37 0 0.791896378575
20.38 0 0.788956385868
20.39 0 0.786897921175
20.4 0 0.786932675237
20.41 0 0.787846718426
20.42 0 0.787846718426
20.43 0 0.791782838903
20.44 0 0.801148631848
20.45 0 0.802061285983
20.46 0 0.802088327446
20.47 0 0.801794022307
20.48 0 0.80227589477
20.49 0 0.804944624949
20.5 0 0.804944624949
20.51 0 0.798151111507
20.52 0 0.800869937323
20.53 0 0.796828351965
20.54 0 0.796130807386
20.55 0 0.798428033934
20.56 0 0.798279115467
20.57 0 0.798825233658
20.58 0 0.805713143926
20.59 0 0.805566565879
20.6 0 0.805400242575
20.61 0 0.805400242575
20.62 0 0.805400242575
20.63 0 0.805177475517
20.64 0 0.805177475517
20.65 0 0.805177475517
20.66 0 0.805177475517
20.67 0 0.803775614024
20.68 0 0.804001336159
20.69 0 0.804094708614
20.7 0 0.803973795638
20.71 0 0.802438984366
20.72 0 0.800093126834
20.73 0 0.798348059032
20.74 0 0.79450385486
20.75 0 0.794321943443
20.76 0 0.793050385393
20.77 0 0.79290895826
20.78 0 0.792285908226
20.79 0 0.791764051505
20.8 0 0.790877057496
20.81 0 0.788888289896
20.82 0 0.788203325036
20.83 0 0.78954476916
20.84 0 0.78950215399
20.85 0 0.789132615936
20.86 0 0.788642279243
20.87 0 0.78753451842
20.88 0 0.787428062508
20.89 0 0.787428062508
20.9 0 0.786777001197
20.91 0 0.787505407032
20.92 0 0.788918227578
20.93 0 0.789699555324
20.94 0 0.789459355067
20.95 0 0.792143963617
20.96 0 0.792143963617
20.97 0 0.792402338779
20.98 0 0.793972939651
20.99 0 0.793712683944
21.0 0 0.796500749543
21.01 0 0.796500749543
21.02 0 0.796995076117
21.03 0 0.800737180261
21.04 0 0.801201492179
21.05 0 0.802759772376
21.06 0 0.804992869027
21.07 0 0.804992869027
21.08 0 0.805326521588
21.09 0 0.807040561107
21.1 0 0.8071401688
21.11 0 0.809073927292
21.12 0 0.812095682686
21.13 0 0.811067808946
21.14 0 0.814248265071
21.15 0 0.818883713848
21.16 0 0.816733481519
21.17 0 0.815822370401
21.18 0 0.817240086675
21.19 0 0.813478276137
21.2 0 0.813478276137
21.21 0 0.813478276137
21.22 0 0.820507565506
21.23 0 0.820507565506
21.24 0 0.820507565506
21.25 0 0.831499379075
21.26 0 0.832635280453
21.27 0 0.833974683509
21.28 0 0.834421961178
21.29 0 0.835265990597
21.3 0 0.835519093188
21.31 0 0.835784487823
21.32 0 0.835784487823
21.33 0 0.839290874542
21.34 0 0.839870988074
21.35 0 0.839888274206
21.36 0 0.839986413516
21.37 0 0.839850988523
21.38 0 0.837707579133
21.39 0 0.837369082501
21.4 0 0.837369082501
21.41 0 0.836199592367
21.42 0 0.836199592367
21.43 0 0.836199592367
21.44 0 0.834306118386
21.45 0 0.834306118386
21.46 0 0.835744906132
21.47 0 0.835744906132
21.48 0 0.835744906132
21.49 0 0.835994774312
21.5 0 0.835994774312
21.51 0 0.835994774312
21.52 0 0.830827483609
21.53 0 0.829773646376
21.54 0 0.829102005652
21.55 0 0.829175269343
21.56 0 0.828647978983
21.57 0 0.82850213904
21.58 0 0.82531261034
21.59 0 0.82531261034
21.6 0 0.82531261034
21.61 0 0.82531261034
21.62 0 0.823420780914
21.63 0 0.823420780914
21.64 0 0.823420780914
21.65 0 0.822863473841
21.66 0 0.822863473841
21.67 0 0.822863473841
21.68 0 0.819466506988
21.69 0 0.819466506988
21.7 0 0.819466506988
21.71 0 0.812605136653
21.72 0 0.812605136653
21.73 0 0.812605136653
21.74 0 0.808955846581
21.75 0 0.808955846581
21.76 0 0.803698259682
21.77 0 0.800085794972
21.78 0 0.797506243808
21.79 0 0.793888720862
21.8 0 0.792365278542
21.81 0 0.79217213788
21.82 0 0.791446471708
21.83 0 0.791446471708
21.84 0 0.791446471708
21.85 0 0.792233315265
21.86 0 0.792233315265
21.87 0 0.792233315265
21.88 0 0.799860656527
21.89 0 0.799860656527
21.9 0 0.799860656527
21.91 0 0.805008653572
21.92 0 0.805008653572
21.93 0 0.812903707971
21.94 0 0.812903707971
21.95 0 0.812903707971
21.96 0 0.812903707971
21.97 0 0.808640444752
21.98 0 0.805359450066
21.99 0 0.805911020667
22.0 0 0.80642764288
22.01 0 0.80642764288
22.02 0 0.805813898046
22.03 0 0.80686096857
22.04 0 0.80686096857
22.05 0 0.805080308172
22.06 0 0.803341375312
22.07 0 0.803341375312
22.08 0 0.803341375312
22.09 0 0.809409390952
22.1 0 0.809409390952
22.11 0 0.809409390952
22.12 0 0.816241103998
22.13 0 0.817014647606
22.14 0 0.817868513698
22.15 0 0.818780456081
22.16 0 0.819439456386
22.17 0 0.818059752166
22.18 0 0.818151837622
22.19 0 0.816718297249
22.2 0 0.81503423739
22.21 0 0.816457168892
22.22 0 0.815605217962
22.23 0 0.818061798337
22.24 0 0.81898922008
22.25 0 0.820920689761
22.26 0 0.821747620276
22.27 0 0.821039697436
22.28 0 0.818097877692
22.29 0 0.818097877692
22.3 0 0.818097877692
22.31 0 0.815202475384
22.32 0 0.815544275841
22.33 0 0.815517458986
22.34 0 0.815592149392
22.35 0 0.815366887246
22.36 0 0.814936863848
22.37 0 0.811530289521
22.38 0 0.810794267493
22.39 0 0.808226604191
22.4 0 0.807347786034
22.41 0 0.806752146107
22.42 0 0.805444415682
22.43 0 0.804421194559
22.44 0 0.802993054581
22.45 0 0.801829971371
22.46 0 0.80092304368
22.47 0 0.800288341448
22.48 0 0.800755671446
22.49 0 0.801332672805
22.5 0 0.802601047344
22.51 0 0.803925786327
22.52 0 0.803103527621
22.53 0 0.802505256291
22.54 0 0.800846828344
22.55 0 0.800677565035
22.56 0 0.801139266194
22.57 0 0.801357452703
22.58 0 0.801659299205
22.59 0 0.802087798243
22.6 0 0.803479455555
22.61 0 0.803479455555
22.62 0 0.804672824717
22.63 0 0.804672824717
22.64 0 0.803426373109
22.65 0 0.80429760096
22.66 0 0.812943309493
22.67 0 0.813181062479
22.68 0 0.813211921936
22.69 0 0.813032769411
22.7 0 0.813504455227
22.71 0 0.813504455227
22.72 0 0.813122700681
22.73 0 0.812634228472
22.74 0 0.811730730944
22.75 0 0.810627093465
22.76 0 0.810284619038
22.77 0 0.814612614795
22.78 0 0.811527114855
22.79 0 0.813154135755
22.8 0 0.815470257363
22.81 0 0.81820155039
22.82 0 0.814047059908
22.83 0 0.816334045275
22.84 0 0.817331273099
22.85 0 0.817750768297
22.86 0 0.817824057414
22.87 0 0.821637805092
22.88 0 0.818692360507
22.89 0 0.822961605711
22.9 0 0.827709346273
22.91 0 0.832327915734
22.92 0 0.832316490411
22.93 0 0.83203838105
22.94 0 0.831405268767
22.95 0 0.831405268767
22.96 0 0.828663480157
22.97 0 0.828018107829
22.98 0 0.828203227754
22.99 0 0.827779472808
23.0 0 0.827379556043
23.01 0 0.82740519425
23.02 0 0.826875349227
23.03 0 0.827352983049
23.04 0 0.826760253702
23.05 0 0.826375354617
23.06 0 0.826620876096
23.07 0 0.826255534831
23.08 0 0.824917301356
23.09 0 0.824311721689
23.1 0 0.822508414106
23.11 0 0.821809207637
23.12 0 0.821698275631
23.13 0 0.821755743222
23.14 0 0.821471613518
23.15 0 0.821052812934
23.16 0 0.819240450215
23.17 0 0.8188687318
23.18 0 0.818267249042
23.19 0 0.815164589857
23.2 0 0.815090456314
23.21 0 0.814744881357
23.22 0 0.813569569572
23.23 0 0.809051585096
23.24 0 0.809051585096
23.25 0 0.80828994201
23.26 0 0.808050013689
23.27 0 0.808758322632
23.28 0 0.807890871575
23.29 0 0.807865162748
23.3 0 0.807600798948
23.31 0 0.806896873244
23.32 0 0.806896873244
23.33 0 0.805733388441
23.34 0 0.806321206894
23.35 0 0.808898312676
23.36 0 0.809404955775
23.37 0 0.810292065442
23.38 0 0.810554639864
23.39 0 0.811441325555
23.4 0 0.811264356311
23.41 0 0.812600355225
23.42 0 0.812389263472
23.43 0 0.813632750521
23.44 0 0.815112129312
23.45 0 0.817050708219
23.46 0 0.817050708219
23.47 0 0.822927569816
23.48 0 0.822927569816
23.49 0 0.822927569816
23.5 0 0.828698924094
23.51 0 0.828698924094
23.52 0 0.828698924094
23.53 0 0.83722363194
23.54 0 0.83722363194
23.55 0 0.833661366184
23.56 0 0.839332337142
23.57 0 0.837093254983
23.58 0 0.837093254983
23.59 0 0.837093254983
23.6 0 0.836093388568
23.61 0 0.836093388568
23.62 0 0.836093388568
23.63 0 0.833304323162
23.64 0 0.833304323162
23.65 0 0.833304323162
23.66 0 0.838929494665
23.67 0 0.843886559785
23.68 0 0.843128465441
23.69 0 0.845042961538
23.7 0 0.847837662492
23.71 0 0.847555349103
23.72 0 0.84724973991
23.73 0 0.847051490764
23.74 0 0.847051490764
23.75 0 0.844892413386
23.76 0 0.844892413386
23.77 0 0.841795532211
23.78 0 0.840903939445
23.79 0 0.840290377849
23.8 0 0.841811379053
23.81 0 0.842541824051
23.82 0 0.842398136417
23.83 0 0.842449110017
23.84 0 0.84260703875
23.85 0 0.842922150999
23.86 0 0.842623051024
23.87 0 0.840310887392
23.88 0 0.83948994572
23.89 0 0.838233037053
23.9 0 0.838151771791
23.91 0 0.837716117819
23.92 0 0.836721538906
23.93 0 0.834775019025
23.94 0 0.834403183097
23.95 0 0.832194319908
23.96 0 0.83087558456
23.97 0 0.829383475842
23.98 0 0.828844334027
23.99 0 0.82638623222
24.0 0 0.82568070733
24.01 0 0.826142160338
24.02 0 0.827763793494
24.03 0 0.828228015729
24.04 0 0.828598008443
24.05 0 0.828528091421
24.06 0 0.829791405271
24.07 0 0.830378648792
24.08 0 0.830378648792
24.09 0 0.830378648792
24.1 0 0.831628266041
24.11 0 0.832840661916
24.12 0 0.833770764621
24.13 0 0.83520492094
24.14 0 0.835983661041
24.15 0 0.8377651415
24.16 0 0.839470323194
24.17 0 0.840014203997
24.18 0 0.840096254152
24.19 0 0.839471837447
24.2 0 0.839619239898
24.21 0 0.840243822687
24.22 0 0.8419505755
24.23 0 0.843313514872
24.24 0 0.843313514872
24.25 0 0.843313514872
24.26 0 0.848551186791
24.27 0 0.848551186791
24.28 0 0.848551186791
24.29 0 0.848551186791
24.3 0 0.857883730321
24.31 0 0.855271511548
24.32 0 0.859569345471
24.33 0 0.857646992531
24.34 0 0.854137249623
24.35 0 0.854137249623
24.36 0 0.868827663156
24.37 0 0.868827663156
24.38 0 0.867968302768
24.39 0 0.869742761164
24.4 0 0.871133255111
24.41 0 0.869726681787
24.42 0 0.863251149898
24.43 0 0.863251149898
24.44 0 0.874191858852
24.45 0 0.874191858852
24.46 0 0.874191858852
24.47 0 0.87831969098
24.48 0 0.87831969098
24.49 0 0.87831969098
24.5 0 0.885218079514
24.51 0 0.884668310847
24.52 0 0.884000553473
24.53 0 0.882255494825
24.54 0 0.882255494825
24.55 0 0.881002451281
24.56 0 0.87688749859
24.57 0 0.87518683783
24.58 0 0.87518683783
24.59 0 0.87518683783
24.6 0 0.874033053547
24.61 0 0.874033053547
24.62 0 0.874033053547
24.63 0 0.874734967521
24.64 0 0.874734967521
24.65 0 0.874734967521
24.66 0 0.874734967521
24.67 0 0.86874709885
24.68 0 0.865557857306
24.69 0 0.864696578884
24.7 0 0.864658110584
24.71 0 0.864658110584
24.72 0 0.864658110584
24.73 0 0.862605699607
24.74 0 0.861083961165
24.75 0 0.860702807716
24.76 0 0.859684001507
24.77 0 0.859878305211
24.78 0 0.858108564991
24.79 0 0.857944194578
24.8 0 0.858100140354
24.81 0 0.858433685369
24.82 0 0.857677531285
24.83 0 0.857071759631
24.84 0 0.85669788322
24.85 0 0.857650433896
24.86 0 0.858321264543
24.87 0 0.858280740535
24.88 0 0.857394795898
24.89 0 0.856613266465
24.9 0 0.856613266465
24.91 0 0.856613266465
24.92 0 0.856613266465
24.93 0 0.858634614873
24.94 0 0.858634614873
24.95 0 0.861998207021
24.96 0 0.861641253798
24.97 0 0.861638396291
24.98 0 0.862689296626
24.99 0 0.862689296626
25.0 0 0.864535812303
25.01 0 0.863364477375
25.02 0 0.866096902614
25.03 0 0.868071060383
25.04 0 0.869733122184
25.05 0 0.876077516216
25.06 0 0.876928128504
25.07 0 0.880466024515
25.08 0 0.882083225856
25.09 0 0.882083225856
25.1 0 0.882083225856
25.11 0 0.887385528916
25.12 0 0.887627718322
25.13 0 0.887627718322
25.14 0 0.887627718322
25.15 0 0.89793276951
25.16 0 0.89793276951
25.17 0 0.89793276951
25.18 0 0.893353342551
25.19 0 0.893353342551
25.2 0 0.893353342551
25.21 0 0.893237327567
25.22 0 0.893413056736
25.23 0 0.891902052357
25.24 0 0.891297106593
25.25 0 0.895461309288
25.26 0 0.895263863384
25.27 0 0.895085650351
25.28 0 0.89929668
25.29 0 0.898223054273
25.3 0 0.899171413722
25.31 0 0.899171413722
25.32 0 0.899171413722
25.33 0 0.89783250321
25.34 0 0.89783250321
25.35 0 0.895716942456
25.36 0 0.895716942456
25.37 0 0.895716942456
25.38 0 0.894802177959
25.39 0 0.897142310852
25.4 0 0.897151191208
25.41 0 0.896810039668
25.42 0 0.893550800914
25.43 0 0.893012894782
25.44 0 0.891775688891
25.45 0 0.890697797536
25.46 0 0.887392072526
25.47 0 0.886981249115
25.48 0 0.886129170752
25.49 0 0.885746400505
25.5 0 0.884846134842
25.51 0 0.884412222342
25.52 0 0.88222349145
25.53 0 0.881466611581
25.54 0 0.880072548007
25.55 0 0.880473438486
25.56 0 0.880547056769
25.57 0 0.880630093014
25.58 0 0.880434654789
25.59 0 0.877833573064
25.6 0 0.877448222045
25.61 0 0.876577341152
25.62 0 0.87748234025
25.63 0 0.876738852703
25.64 0 0.876738852703
25.65 0 0.877228381178
25.66 0 0.877435220979
25.67 0 0.877435220979
25.68 0 0.876589691994
25.69 0 0.876382046315
25.7 0 0.876404517144
25.71 0 0.879343956277
25.72 0 0.883545419165
25.73 0 0.884606471459
25.74 0 0.885658088534
25.75 0 0.886896401797
25.76 0 0.887639124136
25.77 0 0.888580929717
25.78 0 0.889217104275
25.79 0 0.890493399319
25.8 0 0.889852118023
25.81 0 0.893142286494
25.82 0 0.89323153829
25.83 0 0.896391643074
25.84 0 0.899192008338
25.85 0 0.904684204981
25.86 0 0.902737212659
25.87 0 0.901481556352
25.88 0 0.90023049309
25.89 0 0.89960979075
25.9 0 0.897082550375
25.91 0 0.899419254032
25.92 0 0.90002427397
25.93 0 0.900470727991
25.94 0 0.900470727991
25.95 0 0.906613802029
25.96 0 0.910384842649
25.97 0 0.916459536258
25.98 0 0.914262177706
25.99 0 0.914008272285
26.0 0 0.918709661786
26.01 0 0.923213774849
26.02 0 0.924890494594
26.03 0 0.924890494594
26.04 0 0.925616065332
26.05 0 0.932077517055
26.06 0 0.932425317459
26.07 0 0.932121063492
26.08 0 0.931568887984
26.09 0 0.930945036563
26.1 0 0.929362981862
26.11 0 0.927528229534
26.12 0 0.924627310046
26.13 0 0.924165712981
26.14 0 0.924268486471
26.15 0 0.924268486471
26.16 0 0.923862459093
26.17 0 0.924404625344
26.18 0 0.924833568458
26.19 0 0.925337512426
26.2 0 0.923161397058
26.21 0 0.922270278428
26.22 0 0.917231789279
26.23 0 0.916440674967
26.24 0 0.916440674967
26.25 0 0.916440674967
26.26 0 0.91275197074
26.27 0 0.91275197074
26.28 0 0.91275197074
26.29 0 0.910416937235
26.3 0 0.910416937235
26.31 0 0.907495515356
26.32 0 0.906907822308
26.33 0 0.904161568983
26.34 0 0.902327921734
26.35 0 0.902327921734
26.36 0 0.899199413408
26.37 0 0.899199413408
26.38 0 0.899199413408
26.39 0 0.898945460001
26.4 0 0.898945460001
26.41 0 0.899218474482
26.42 0 0.898796850296
26.43 0 0.899699672034
26.44 0 0.90049093727
26.45 0 0.901345830307
26.46 0 0.901345830307
26.47 0 0.901633076929
26.48 0 0.901633076929
26.49 0 0.901633076929
26.5 0 0.905994912218
26.51 0 0.906590770097
26.52 0 0.908041110311
26.53 0 0.909585260898
26.54 0 0.910362334629
26.55 0 0.910477997485
26.56 0 0.910516051936
26.57 0 0.91290240945
26.58 0 0.91709204939
26.59 0 0.915775680509
26.6 0 0.919786093897
26.61 0 0.919786093897
26.62 0 0.919786093897
26.63 0 0.923838091426
26.64 0 0.923838091426
26.65 0 0.923838091426
26.66 0 0.928134824186
26.67 0 0.928134824186
26.68 0 0.928134824186
26.69 0 0.928976869758
26.7 0 0.928428656246
26.71 0 0.936475587809
26.72 0 0.934338876328
26.73 0 0.937085375844
26.74 0 0.937542483446
26.75 0 0.939049674107
26.76 0 0.937715301868
26.77 0 0.941795559156
26.78 0 0.939629345086
26.79 0 0.940817168765
26.8 0 0.935999274173
26.81 0 0.937545539641
26.82 0 0.939162364928
26.83 0 0.941078352596
26.84 0 0.942002922636
26.85 0 0.947374785162
26.86 0 0.943680708474
26.87 0 0.943680708474
26.88 0 0.94574500831
26.89 0 0.943278798958
26.9 0 0.941403989643
26.91 0 0.940995985939
26.92 0 0.940206704318
26.93 0 0.939800016154
26.94 0 0.939480747731
26.95 0 0.939489757884
26.96 0 0.940418593322
26.97 0 0.940479605718
26.98 0 0.940479605718
26.99 0 0.941062850668
27.0 0 0.940927357613
27.01 0 0.940908439222
27.02 0 0.939716881776
27.03 0 0.938162270858
27.04 0 0.934378305646
27.05 0 0.934378305646
27.06 0 0.930908467377
27.07 0 0.930908467377
27.08 0 0.929806680497
27.09 0 0.929806680497
27.1 0 0.927482143341
27.11 0 0.925531961842
27.12 0 0.925531961842
27.13 0 0.925531961842
27.14 0 0.922314371115
27.15 0 0.922314371115
27.16 0 0.922314371115
27.17 0 0.918151334132
27.18 0 0.918802476761
27.19 0 0.920043690578
27.2 0 0.920961213151
27.21 0 0.920961213151
27.22 0 0.920961213151
27.23 0 0.92596496337
27.24 0 0.92596496337
27.25 0 0.92596496337
27.26 0 0.92596496337
27.27 0 0.931018865559
27.28 0 0.931851617472
27.29 0 0.93311224942
27.3 0 0.933946183139
27.31 0 0.935793044304
27.32 0 0.935993157322
27.33 0 0.936131005825
27.34 0 0.937122294268
27.35 0 0.937808262206
27.36 0 0.937808262206
27.37 0 0.938995842356
27.38 0 0.943590920243
27.39 0 0.943962154522
27.4 0 0.943962154522
27.41 0 0.951859837515
27.42 0 0.951859837515
27.43 0 0.953736044609
27.44 0 0.961745366185
27.45 0 0.962160890387
27.46 0 0.960963866897
27.47 0 0.963153901766
27.48 0 0.966187301967
27.49 0 0.968002349086
27.5 0 0.973283239643
27.51 0 0.972813654475
27.52 0 0.972857859179
27.53 0 0.973681545599
27.54 0 0.973709396258
27.55 0 0.97586654438
27.56 0 0.973306164704
27.57 0 0.976956243327
27.58 0 0.977787086179
27.59 0 0.977419007932
27.6 0 0.977955474243
27.61 0 0.979264026997
27.62 0 0.978084747502
27.63 0 0.979725256371
27.64 0 0.979270376954
27.65 0 0.978835027253
27.66 0 0.976720589042
27.67 0 0.975915643541
27.68 0 0.974415363371
27.69 0 0.973523205518
27.7 0 0.972037530292
27.71 0 0.972323559596
27.72 0 0.972642435402
27.73 0 0.972632070923
27.74 0 0.973072256979
27.75 0 0.973750009842
27.76 0 0.973690957516
27.77 0 0.972464366666
27.78 0 0.970064220874
27.79 0 0.967579400184
27.8 0 0.966445170022
27.81 0 0.965951060923
27.82 0 0.966273632815
27.83 0 0.966341162275
27.84 0 0.966386396877
27.85 0 0.96574424522
27.86 0 0.9649923874
27.87 0 0.963933016477
27.88 0 0.96181698466
27.89 0 0.959628664275
27.9 0 0.959481098694
27.91 0 0.959516906775
27.92 0 0.959483429319
27.93 0 0.959453093389
27.94 0 0.959658749655
27.95 0 0.958206174889
27.96 0 0.958305703782
27.97 0 0.9612772057
27.98 0 0.962236183193
27.99 0 0.962167446194
28.0 0 0.963250014876
28.01 0 0.965583972759
28.02 0 0.965569284537
28.03 0 0.966853675115
28.04 0 0.967124193661
28.05 0 0.967798722355
28.06 0 0.96889106979
28.07 0 0.972448612162
28.08 0 0.971898014256
28.09 0 0.973032481288
28.1 0 0.973032481288
28.11 0 0.976429218655
28.12 0 0.976429218655
28.13 0 0.976429218655
28.14 0 0.980104078739
28.15 0 0.979744834212
28.16 0 0.98451762791
28.17 0 0.986805092153
28.18 0 0.986805092153
28.19 0 0.988923604709
28.2 0 0.991379959851
28.21 0 0.993025165337
28.22 0 0.99242547132
28.23 0 0.99673525082
28.24 0 0.997073785495
28.25 0 0.994163265854
28.26 0 0.993926584712
28.27 0 0.993926584712
28.28 0 0.993926584712
28.29 0 1.00812740065
28.3 0 1.0075397297
28.31 0 1.00821451604
28.32 0 1.00680778681
28.33 0 1.00842878178
28.34 0 1.00935839218
28.35 0 1.0097988786
28.36 0 1.01060645197
28.37 0 1.01142314521
28.38 0 1.00890727904
28.39 0 1.01083644757
28.4 0 1.01116737599
28.41 0 1.01083127392
28.42 0 1.0098540825
28.43 0 1.01352878119
28.44 0 1.01423293323
28.45 0 1.01519286402
28.46 0 1.01494330637
28.47 0 1.01334100706
28.48 0 1.01356018042
28.49 0 1.01273304743
28.5 0 1.01405878467
28.51 0 1.01509196025
28.52 0 1.01811319979
28.53 0 1.01836627169
28.54 0 1.0186373113
28.55 0 1.01896225715
28.56 0 1.01896225715
28.57 0 1.01896225715
28.58 0 1.01821790791
28.59 0 1.01821790791
28.6 0 1.01821790791
28.61 0 1.01176955388
28.62 0 1.01176955388
28.63 0 1.01176955388
28.64 0 1.01176955388
28.65 0 1.00530350447
28.66 0 1.00434836285
28.67 0 1.00434836285
28.68 0 1.00066357184
28.69 0 1.00066357184
28.7 0 0.995009746845
28.71 0 0.9942384512
28.72 0 0.993263683323
28.73 0 0.992875945317
28.74 0 0.99260830279
28.75 0 0.990345336221
28.76 0 0.989860632261
28.77 0 0.989860632261
28.78 0 0.989860632261
28.79 0 0.991153216378
28.8 0 0.991153216378
28.81 0 0.991153216378
28.82 0 0.993563368285
28.83 0 0.993563368285
28.84 0 0.993563368285
28.85 0 0.996672743954
28.86 0 0.996598255346
28.87 0 0.999746544281
28.88 0 1.00109851837
28.89 0 1.00109851837
28.9 0 1.00477260776
28.91 0 1.00573729289
28.92 0 1.00632892084
28.93 0 1.00632892084
28.94 0 1.00632892084
28.95 0 1.0100379243
28.96 0 1.0100379243
28.97 0 1.01674048145
28.98 0 1.01638926468
28.99 0 1.01870430343
29.0 0 1.01980789277
29.01 0 1.02312371482
29.02 0 1.02447305823
29.03 0 1.02340532829
29.04 0 1.02370671604
29.05 0 1.03226206595
29.06 0 1.03494490816
29.07 0 1.03652092466
29.08 0 1.03704840096
29.09 0 1.03704840096
29.1 0 1.03756910434
29.11 0 1.03805218503
29.12 0 1.03873031055
29.13 0 1.03866129685
29.14 0 1.03888219544
29.15 0 1.03777711364
29.16 0 1.03797973075
29.17 0 1.03518037999
29.18 0 1.03518037999
29.19 0 1.03518037999
29.2 0 1.03263609715
29.21 0 1.03299576758
29.22 0 1.03299576758
29.23 0 1.03299576758
29.24 0 1.03215878776
29.25 0 1.03223223925
29.26 0 1.03191092987
29.27 0 1.03114306413
29.28 0 1.03173938668
29.29 0 1.0316455169
29.3 0 1.03257136895
29.31 0 1.03256036556
29.32 0 1.03281412837
29.33 0 1.03381746121
29.34 0 1.03381746121
29.35 0 1.03317084884
29.36 0 1.03254772846
29.37 0 1.02844595195
29.38 0 1.02698283114
29.39 0 1.02657593084
29.4 0 1.02653121933
29.41 0 1.02658733111
29.42 0 1.02649626028
29.43 0 1.02581610513
29.44 0 1.02513721561
29.45 0 1.02513721561
29.46 0 1.02138387136
29.47 0 1.02138387136
29.48 0 1.02138387136
29.49 0 1.02138387136
29.5 0 1.01858663726
29.51 0 1.01858663726
29.52 0 1.01858663726
29.53 0 1.01545431418
29.54 0 1.01545431418
29.55 0 1.01680233122
29.56 0 1.01682497566
29.57 0 1.01770008888
29.58 0 1.01963145702
29.59 0 1.02006853792
29.6 0 1.02081955929
29.61 0 1.02138711471
29.62 0 1.02138711471
29.63 0 1.0228744689
29.64 0 1.02385004353
29.65 0 1.02548251015
29.66 0 1.02694714709
29.67 0 1.02694714709
29.68 0 1.02737508488
29.69 0 1.02737508488
29.7 0 1.0286807794
29.71 0 1.0274133152
29.72 0 1.0274133152
29.73 0 1.02825997713
29.74 0 1.0326098083
29.75 0 1.0346838713
29.76 0 1.03661223154
29.77 0 1.03862329551
29.78 0 1.04107840713
29.79 0 1.04815401346
29.8 0 1.04903701828
29.81 0 1.04994258596
29.82 0 1.0495692747
29.83 0 1.05466935206
29.84 0 1.06233119935
29.85 0 1.06233119935
29.86 0 1.06233119935
29.87 0 1.06233119935
29.88 0 1.06233119935
29.89 0 1.0629187742
29.9 0 1.0629187742
29.91 0 1.06054903335
29.92 0 1.06054903335
29.93 0 1.06054903335
29.94 0 1.06577668586
29.95 0 1.06576107452
29.96 0 1.06507247202
29.97 0 1.06743268982
29.98 0 1.07071427437
29.99 0 1.07071427437
30.0 0 1.07230718034
30.01 0 1.07461205602
30.02 0 1.07594580336
30.03 0 1.0730665414
30.04 0 1.0730665414
30.05 0 1.0730665414
30.06 0 1.07225106279
30.07 0 1.07275086098
30.08 0 1.07275086098
30.09 0 1.07337799793
30.1 0 1.07453974963
30.11 0 1.07440291351
30.12 0 1.07440291351
30.13 0 1.07361388387
30.14 0 1.07051082862
30.15 0 1.06659721631
30.16 0 1.06643979671
30.17 0 1.06400048197
30.18 0 1.06400048197
30.19 0 1.06119384163
30.2 0 1.06007663054
30.21 0 1.05802626228
30.22 0 1.05728504568
30.23 0 1.05728504568
30.24 0 1.05533003899
30.25 0 1.05168094574
30.26 0 1.05168094574
30.27 0 1.05168094574
30.28 0 1.05045719618
30.29 0 1.05026072145
30.3 0 1.04724493363
30.31 0 1.04606051541
30.32 0 1.04565884498
30.33 0 1.04565604843
30.34 0 1.04565604843
30.35 0 1.04715482181
30.36 0 1.04715482181
30.37 0 1.04715482181
30.38 0 1.0492991685
30.39 0 1.04894427568
30.4 0 1.04975365227
30.41 0 1.05173269852
30.42 0 1.05237519889
30.43 0 1.05311670767
30.44 0 1.05574619186
30.45 0 1.05578294601
30.46 0 1.05601155167
30.47 0 1.05531923833
30.48 0 1.05516735543
30.49 0 1.05516735543
30.5 0 1.05516735543
30.51 0 1.05706290415
30.52 0 1.05706290415
30.53 0 1.065452485
30.54 0 1.0684627303
30.55 0 1.07174224035
30.56 0 1.07526014646
30.57 0 1.08049935675
30.58 0 1.08057073263
30.59 0 1.07787323677
30.6 0 1.08040023126
30.61 0 1.07674298888
30.62 0 1.08670159829
30.63 0 1.08894733392
30.64 0 1.08894733392
30.65 0 1.09104556019
30.66 0 1.09105845373
30.67 0 1.09105845373
30.68 0 1.09134502001
30.69 0 1.09036798852
30.7 0 1.09000904277
30.71 0 1.08909014027
30.72 0 1.08652733779
30.73 0 1.08565986608
30.74 0 1.08465565788
30.75 0 1.08487164972
30.76 0 1.09266924066
30.77 0 1.09438256459
30.78 0 1.09444706208
30.79 0 1.09712681024
30.8 0 1.09699332094
30.81 0 1.09732151534
30.82 0 1.09601768965
30.83 0 1.09574637683
30.84 0 1.09577631855
30.85 0 1.09583276107
30.86 0 1.09695471918
30.87 0 1.09710978003
30.88 0 1.09748596759
30.89 0 1.09891317458
30.9 0 1.09907654423
30.91 0 1.09923159949
30.92 0 1.09736349423
30.93 0 1.09675050255
30.94 0 1.09024095869
30.95 0 1.08968772102
30.96 0 1.08679589317
30.97 0 1.08580540112
30.98 0 1.08527331427
30.99 0 1.08452160173
31.0 0 1.0834339488
31.01 0 1.08281606662
31.02 0 1.08088666402
31.03 0 1.07941523965
31.04 0 1.07917624268
31.05 0 1.07895149791
31.06 0 1.07764101836
31.07 0 1.07725706159
31.08 0 1.07647104848
31.09 0 1.07604512114
31.1 0 1.07621926916
31.11 0 1.07666592933
31.12 0 1.07666592933
31.13 0 1.0794924228
31.14 0 1.08016606046
31.15 0 1.08087553707
31.16 0 1.08097852096
31.17 0 1.0816161075
31.18 0 1.0821230707
31.19 0 1.08298685507
31.2 0 1.08491695853
31.21 0 1.08577966277
31.22 0 1.08646034789
31.23 0 1.08646233824
31.24 0 1.08610025236
31.25 0 1.0858843381
31.26 0 1.08616100231
31.27 0 1.08616100231
31.28 0 1.08616100231
31.29 0 1.08616100231
31.3 0 1.0909605814
31.31 0 1.0909605814
31.32 0 1.09815636808
31.33 0 1.1000162974
31.34 0 1.1000162974
31.35 0 1.10323945353
31.36 0 1.10624079386
31.37 0 1.10779358613
31.38 0 1.1083900531
31.39 0 1.11038751925
31.4 0 1.10729981536
31.41 0 1.10729981536
31.42 0 1.11015276576
31.43 0 1.11214890915
31.44 0 1.11449976073
31.45 0 1.12278440085
31.46 0 1.12228027023
31.47 0 1.122251771
31.48 0 1.12176766728
31.49 0 1.12291319316
31.5 0 1.12255361567
31.51 0 1.12255361567
31.52 0 1.12156791864
31.53 0 1.12052606644
31.54 0 1.12627193648
31.55 0 1.12776432846
31.56 0 1.12812684347
31.57 0 1.12802451105
31.58 0 1.12736116552
31.59 0 1.12664981363
31.6 0 1.12598612858
31.61 0 1.12455772582
31.62 0 1.12455772582
31.63 0 1.12492790028
31.64 0 1.12492790028
31.65 0 1.13135372064
31.66 0 1.13135372064
31.67 0 1.13135372064
31.68 0 1.13405434761
31.69 0 1.13382990757
31.7 0 1.13265947417
31.71 0 1.13206375154
31.72 0 1.13073860774
31.73 0 1.12908976397
31.74 0 1.12692209328
31.75 0 1.12370774925
31.76 0 1.12371988894
31.77 0 1.1218880802
31.78 0 1.12084873454
31.79 0 1.12015972873
31.8 0 1.11912359029
31.81 0 1.11744284364
31.82 0 1.11694047685
31.83 0 1.11640065985
31.84 0 1.11649761299
31.85 0 1.11662956255
31.86 0 1.11764329302
31.87 0 1.11919920266
31.88 0 1.11922787054
31.89 0 1.1195436019
31.9 0 1.11609450143
31.91 0 1.11359660926
31.92 0 1.11278636086
31.93 0 1.11278636086
31.94 0 1.11278636086
31.95 0 1.11250004282
31.96 0 1.11173854269
31.97 0 1.11209639128
31.98 0 1.11240648305
31.99 0 1.11356057599
32.0 0 1.11599527593
32.01 0 1.11806189725
32.02 0 1.11889049048
32.03 0 1.11978608773
32.04 0 1.1197028065
32.05 0 1.11931450674
32.06 0 1.11915241289
32.07 0 1.11989862912
32.08 0 1.11998088328
32.09 0 1.12285373096
32.1 0 1.1238907587
32.11 0 1.12486380841
32.12 0 1.12486380841
32.13 0 1.1259477539
32.14 0 1.12357525351
32.15 0 1.12286837093
32.16 0 1.11748750798
32.17 0 1.11601664361
32.18 0 1.11601664361
32.19 0 1.11899622963
32.2 0 1.11751348038
32.21 0 1.11943132808
32.22 0 1.11943498412
32.23 0 1.12546364383
32.24 0 1.12712224416
32.25 0 1.12740422922
32.26 0 1.12721917575
32.27 0 1.12757834966
32.28 0 1.12421581988
32.29 0 1.12741423162
32.3 0 1.1252305503
32.31 0 1.1252305503
32.32 0 1.12776815548
32.33 0 1.13028761229
32.34 0 1.13028761229
32.35 0 1.13579519993
32.36 0 1.13607363077
32.37 0 1.13603301639
32.38 0 1.13603301639
32.39 0 1.13279488247
32.4 0 1.13366914763
32.41 0 1.13315926668
32.42 0 1.13443578948
32.43 0 1.13451320399
32.44 0 1.13451320399
32.45 0 1.13743873983
32.46 0 1.13739947651
32.47 0 1.13840086501
32.48 0 1.14011011021
32.49 0 1.14187947434
32.5 0 1.1430576041
32.51 0 1.14234495077
32.52 0 1.14213859729
32.53 0 1.14209441252
32.54 0 1.14395174771
32.55 0 1.14386972833
32.56 0 1.14374482435
32.57 0 1.14374482435
32.58 0 1.14245547068
32.59 0 1.13984023531
32.6 0 1.13936139338
32.61 0 1.13329403406
32.62 0 1.13205102441
32.63 0 1.13074264983
32.64 0 1.12954564417
32.65 0 1.12805825045
32.66 0 1.12838084998
32.67 0 1.12838084998
32.68 0 1.12838084998
32.69 0 1.12972549958
32.7 0 1.12972549958
32.71 0 1.12972549958
32.72 0 1.12972549958
32.73 0 1.12959261517
32.74 0 1.12959261517
32.75 0 1.12959261517
32.76 0 1.1255663874
32.77 0 1.1255663874
32.78 0 1.12638810669
32.79 0 1.12638810669
32.8 0 1.12825291084
32.81 0 1.12825291084
32.82 0 1.12825291084
32.83 0 1.13080716031
32.84 0 1.13080716031
32.85 0 1.13390356849
32.86 0 1.13505301218
32.87 0 1.13771938972
32.88 0 1.13979273149
32.89 0 1.14155890578
32.9 0 1.14383423479
32.91 0 1.14380828205
32.92 0 1.14418533762
32.93 0 1.14448039617
32.94 0 1.14905728232
32.95 0 1.14905728232
32.96 0 1.14905728232
32.97 0 1.14905728232
32.98 0 1.14578153749
32.99 0 1.15021897494
33.0 0 1.15013059906
33.01 0 1.15106012428
33.02 0 1.15085735006
33.03 0 1.15052851905
33.04 0 1.15114651126
33.05 0 1.14924515389
33.06 0 1.14853126162
33.07 0 1.15323173522
33.08 0 1.1549907993
33.09 0 1.15482031415
33.1 0 1.15465140415
33.11 0 1.15807156345
33.12 0 1.1622555484
33.13 0 1.16361796618
33.14 0 1.1645296406
33.15 0 1.16496202786
33.16 0 1.16318308604
33.17 0 1.16352398313
33.18 0 1.16384070515
33.19 0 1.16332957969
33.2 0 1.16332957969
33.21 0 1.16332957969
33.22 0 1.16096649015
33.23 0 1.16096649015
33.24 0 1.16096649015
33.25 0 1.16096649015
33.26 0 1.16113383347
33.27 0 1.16113383347
33.28 0 1.1577638444
33.29 0 1.15704799893
33.3 0 1.15704799893
33.31 0 1.15704799893
33.32 0 1.15553383962
33.33 0 1.15553383962
33.34 0 1.15553383962
33.35 0 1.15548880646
33.36 0 1.15548880646
33.37 0 1.15548880646
33.38 0 1.14970529148
33.39 0 1.14774674337
33.4 0 1.14669233588
33.41 0 1.1452162615
33.42 0 1.14508397508
33.43 0 1.14335335925
33.44 0 1.14317217811
33.45 0 1.14178447162
33.46 0 1.14082274774
33.47 0 1.14049448315
33.48 0 1.14052651707
33.49 0 1.14134122594
33.5 0 1.14136058618
33.51 0 1.14222493758
33.52 0 1.14111725859
33.53 0 1.14013072353
33.54 0 1.14013072353
33.55 0 1.14013072353
33.56 0 1.1393917532
33.57 0 1.1393917532
33.58 0 1.1393917532
33.59 0 1.1393917532
33.6 0 1.1393917532
33.61 0 1.14262811659
33.62 0 1.1430431323
33.63 0 1.14436473846
33.64 0 1.14367244659
33.65 0 1.14535850257
33.66 0 1.15071322287
33.67 0 1.151333002
33.68 0 1.15563825301
33.69 0 1.15563825301
33.7 0 1.15563825301
33.71 0 1.15563825301
33.72 0 1.16338318608
33.73 0 1.16338318608
33.74 0 1.16338318608
33.75 0 1.15820642766
33.76 0 1.1558329191
33.77 0 1.15243069399
33.78 0 1.15443545968
33.79 0 1.15998079484
33.8 0 1.16460396205
33.81 0 1.16738534634
33.82 0 1.17191118444
33.83 0 1.17409135243
33.84 0 1.17584770731
33.85 0 1.17584770731
33.86 0 1.17584770731
33.87 0 1.17584770731
33.88 0 1.1740606707
33.89 0 1.1740606707
33.9 0 1.1740606707
33.91 0 1.17605992806
33.92 0 1.17605992806
33.93 0 1.18195047586
33.94 0 1.18081474071
33.95 0 1.18068897168
33.96 0 1.18036162595
33.97 0 1.1803305269
33.98 0 1.17927326748
33.99 0 1.17825248169
34.0 0 1.17858530704
34.01 0 1.17858530704
34.02 0 1.17910971183
34.03 0 1.17840078645
34.04 0 1.17849708114
34.05 0 1.17816670722
34.06 0 1.17727014712
34.07 0 1.17554319659
34.08 0 1.17385214345
34.09 0 1.17180823858
34.1 0 1.17128387732
34.11 0 1.17031526054
34.12 0 1.16909690502
34.13 0 1.16899008026
34.14 0 1.16841374604
34.15 0 1.16741208207
34.16 0 1.16666383692
34.17 0 1.16639578272
34.18 0 1.16639578272
34.19 0 1.16351614465
34.2 0 1.16242121378
34.21 0 1.16041642764
34.22 0 1.16050017493
34.23 0 1.16051271592
34.24 0 1.16089353194
34.25 0 1.16070028477
34.26 0 1.16111426547
34.27 0 1.16147698782
34.28 0 1.16151709734
34.29 0 1.16232184823
34.3 0 1.16232184823
34.31 0 1.16298646824
34.32 0 1.16347568489
34.33 0 1.16403572328
34.34 0 1.1643739635
34.35 0 1.16540934048
34.36 0 1.1666883376
34.37 0 1.16821643119
34.38 0 1.16994713799
34.39 0 1.17000780633
34.4 0 1.17167712558
34.41 0 1.17256998995
34.42 0 1.17343512874
34.43 0 1.17321999172
34.44 0 1.17417038121
34.45 0 1.17487653329
34.46 0 1.1782230159
34.47 0 1.17916473571
34.48 0 1.18217614168
34.49 0 1.18588462205
34.5 0 1.19166692106
34.51 0 1.19039298853
34.52 0 1.19039298853
34.53 0 1.1929416782
34.54 0 1.19366302711
34.55 0 1.1967301783
34.56 0 1.19729902759
34.57 0 1.2068322472
34.58 0 1.20866595631
34.59 0 1.20871169588
34.6 0 1.2097248123
34.61 0 1.20829843666
34.62 0 1.20880912446
34.63 0 1.20626190668
34.64 0 1.20632961027
34.65 0 1.20486771263
34.66 0 1.20725958977
34.67 0 1.20879125786
34.68 0 1.20924576492
34.69 0 1.21157918734
34.7 0 1.21228470846
34.71 0 1.21219749121
34.72 0 1.21122325288
34.73 0 1.21098858561
34.74 0 1.21105658086
34.75 0 1.20866902193
34.76 0 1.20843666933
34.77 0 1.20924544501
34.78 0 1.20924544501
34.79 0 1.20924544501
34.8 0 1.20924544501
34.81 0 1.21219596496
34.82 0 1.21219596496
34.83 0 1.21219596496
34.84 0 1.21522021338
34.85 0 1.21562385785
34.86 0 1.21528219585
34.87 0 1.21528219585
34.88 0 1.21528219585
34.89 0 1.21154935712
34.9 0 1.21154935712
34.91 0 1.21154935712
34.92 0 1.2081072618
34.93 0 1.20414052726
34.94 0 1.2028898735
34.95 0 1.2028898735
34.96 0 1.2028898735
34.97 0 1.2028898735
34.98 0 1.20180380571
34.99 0 1.20180380571
35.0 0 1.20180380571
35.01 0 1.20337335436
35.02 0 1.20337335436
35.03 0 1.20337335436
35.04 0 1.20337335436
35.05 0 1.20190360023
35.06 0 1.2027061305
35.07 0 1.20238245055
35.08 0 1.20092887834
35.09 0 1.20133263418
35.1 0 1.20136586023
35.11 0 1.20218406619
35.12 0 1.20281220294
35.13 0 1.20331965342
35.14 0 1.20465172785
35.15 0 1.20531181918
35.16 0 1.2054311095
35.17 0 1.20542898333
35.18 0 1.20604154876
35.19 0 1.20667099502
35.2 0 1.20760080491
35.21 0 1.20760080491
35.22 0 1.21077930222
35.23 0 1.21174485822
35.24 0 1.21372575314
35.25 0 1.21380628366
35.26 0 1.21501689933
35.27 0 1.21539865449
35.28 0 1.21612854607
35.29 0 1.21068711466
35.3 0 1.21414326651
35.31 0 1.21069946161
35.32 0 1.21119502637
35.33 0 1.2167590613
35.34 0 1.22038453554
35.35 0 1.22300495436
35.36 0 1.22510966789
35.37 0 1.22510966789
35.38 0 1.22510966789
35.39 0 1.23614454549
35.4 0 1.23729532328
35.41 0 1.23732690191
35.42 0 1.23934455668
35.43 0 1.23975070363
35.44 0 1.23975070363
35.45 0 1.24321174266
35.46 0 1.24579187758
35.47 0 1.24580253178
35.48 0 1.24586102326
35.49 0 1.24607818366
35.5 0 1.24607818366
35.51 0 1.24186537022
35.52 0 1.24128089046
35.53 0 1.22976143167
35.54 0 1.22847547568
35.55 0 1.22847547568
35.56 0 1.22847547568
35.57 0 1.22847547568
35.58 0 1.22934762312
35.59 0 1.22934762312
35.6 0 1.22934762312
35.61 0 1.23184842102
35.62 0 1.23184842102
35.63 0 1.23184842102
35.64 0 1.23157342429
35.65 0 1.23003065721
35.66 0 1.22657598368
35.67 0 1.22446832736
35.68 0 1.22427552998
35.69 0 1.22432652189
35.7 0 1.22416750926
35.71 0 1.22352439233
35.72 0 1.22221892312
35.73 0 1.22102919972
35.74 0 1.21881121766
35.75 0 1.21783931076
35.76 0 1.21784702326
35.77 0 1.21644489443
35.78 0 1.21644489443
35.79 0 1.21644489443
35.8 0 1.21607746983
35.81 0 1.21607746983
35.82 0 1.21607746983
35.83 0 1.21647297683
35.84 0 1.21647297683
35.85 0 1.21647297683
35.86 0 1.21848675039
35.87 0 1.21848675039
35.88 0 1.21848675039
35.89 0 1.21901201112
35.9 0 1.21901201112
35.91 0 1.21901201112
35.92 0 1.22065853837
35.93 0 1.22065853837
35.94 0 1.22065853837
35.95 0 1.22345036732
35.96 0 1.22345036732
35.97 0 1.22345036732
35.98 0 1.2243652132
35.99 0 1.22448685988
36.0 0 1.22415020416
36.01 0 1.22415020416
36.02 0 1.22415020416
36.03 0 1.23299211225
36.04 0 1.23299211225
36.05 0 1.23299211225
36.06 0 1.2387359747
36.07 0 1.2387359747
36.08 0 1.24300709176
36.09 0 1.24369630534
36.1 0 1.24517498926
36.11 0 1.2459904341
36.12 0 1.24838921999
36.13 0 1.24683922722
36.14 0 1.24773636426
36.15 0 1.25272917142
36.16 0 1.26082395166
36.17 0 1.26092885817
36.18 0 1.26136622482
36.19 0 1.26669529572
36.2 0 1.26669529572
36.21 0 1.267845678
36.22 0 1.26700718121
36.23 0 1.26700718121
36.24 0 1.26549135538
36.25 0 1.26549135538
36.26 0 1.2681849641
36.27 0 1.2681849641
36.28 0 1.2681849641
36.29 0 1.26919706182
36.3 0 1.26910441047
36.31 0 1.26617661219
36.32 0 1.26617661219
36.33 0 1.26515163758
36.34 0 1.26515163758
36.35 0 1.26386295657
36.36 0 1.26183235564
36.37 0 1.26236026791
36.38 0 1.26298034298
36.39 0 1.26418618761
36.4 0 1.26428231225
36.41 0 1.26477516203
36.42 0 1.26330814856
36.43 0 1.2607095579
36.44 0 1.25614446946
36.45 0 1.25549857119
36.46 0 1.25540880062
36.47 0 1.25465472512
36.48 0 1.25414343959
36.49 0 1.25339784373
36.5 0 1.25144132106
36.51 0 1.24968003637
36.52 0 1.24918281412
36.53 0 1.24908236582
36.54 0 1.24940538639
36.55 0 1.24913596824
36.56 0 1.24868664298
36.57 0 1.24837548614
36.58 0 1.2483988719
36.59 0 1.24932869935
36.6 0 1.24932869935
36.61 0 1.24932869935
36.62 0 1.24991378876
36.63 0 1.24991378876
36.64 0 1.24991378876
36.65 0 1.24991378876
36.66 0 1.25153555353
36.67 0 1.25311385845
36.68 0 1.25392995387
36.69 0 1.25471017558
36.7 0 1.25533481306
36.71 0 1.25590494616
36.72 0 1.25659275468
36.73 0 1.25690070434
36.74 0 1.25668691193
36.75 0 1.25724224324
36.76 0 1.25778627964
36.77 0 1.2587247176
36.78 0 1.25887136399
36.79 0 1.26076337103
36.8 0 1.2602978127
36.81 0 1.26412461325
36.82 0 1.26903709763
36.83 0 1.2686976872
36.84 0 1.2692012993
36.85 0 1.27298183688
36.86 0 1.27121943065
36.87 0 1.27306718226
36.88 0 1.26843415469
36.89 0 1.27099566846
36.9 0 1.27099566846
36.91 0 1.27099566846
36.92 0 1.27772982583
36.93 0 1.27674972624
36.94 0 1.28136505474
36.95 0 1.27831856972
36.96 0 1.27831856972
36.97 0 1.27831856972
36.98 0 1.28714365737
36.99 0 1.28714365737
37.0 0 1.28440364237
37.01 0 1.28440364237
37.02 0 1.28440364237
37.03 0 1.288923838
37.04 0 1.2912436137
37.05 0 1.29249482419
37.06 0 1.29290398851
37.07 0 1.29513351952
37.08 0 1.29513351952
37.09 0 1.29528432936
37.1 0 1.29434736038
37.11 0 1.29434736038
37.12 0 1.29434736038
37.13 0 1.29434736038
37.14 0 1.29133035142
37.15 0 1.29133035142
37.16 0 1.29143771315
37.17 0 1.29143771315
37.18 0 1.29143771315
37.19 0 1.29047496079
37.2 0 1.28994484144
37.21 0 1.28867599681
37.22 0 1.28793611025
37.23 0 1.28746352123
37.24 0 1.28234056459
37.25 0 1.28242534627
37.26 0 1.28242534627
37.27 0 1.28242534627
37.28 0 1.28242534627
37.29 0 1.28242534627
37.3 0 1.27952040715
37.31 0 1.27952040715
37.32 0 1.27662215902
37.33 0 1.27662215902
37.34 0 1.27662215902
37.35 0 1.27662215902
37.36 0 1.27754555819
37.37 0 1.27754555819
37.38 0 1.27754555819
37.39 0 1.27484384443
37.4 0 1.27484384443
37.41 0 1.27484384443
37.42 0 1.27346814391
37.43 0 1.27360769774
37.44 0 1.27327801959
37.45 0 1.2727474984
37.46 0 1.27285717382
37.47 0 1.27329727975
37.48 0 1.27370956079
37.49 0 1.27499053296
37.5 0 1.27664512852
37.51 0 1.27830296094
37.52 0 1.27829101794
37.53 0 1.27853946788
37.54 0 1.27854825809
37.55 0 1.27871681723
37.56 0 1.27915189062
37.57 0 1.27949241066
37.58 0 1.27931676502
37.59 0 1.28595200113
37.6 0 1.28625041997
37.61 0 1.28779644255
37.62 0 1.29071090631
37.63 0 1.29316188542
37.64 0 1.29426029917
37.65 0 1.29400121945
37.66 0 1.29683218749
37.67 0 1.2931916733
37.68 0 1.29751435088
37.69 0 1.29573060699
37.7 0 1.29394689968
37.71 0 1.30618014926
37.72 0 1.30566299732
37.73 0 1.30533508467
37.74 0 1.30609529772
37.75 0 1.30496820479
37.76 0 1.30373963284
37.77 0 1.30265040948
37.78 0 1.30482065296
37.79 0 1.30487414265
37.8 0 1.30386502427
37.81 0 1.30473977673
37.82 0 1.30717707338
37.83 0 1.30851430468
37.84 0 1.30789386586
37.85 0 1.30789386586
37.86 0 1.30789386586
37.87 0 1.30892736819
37.88 0 1.30892736819
37.89 0 1.30884249194
37.9 0 1.30848995447
37.91 0 1.30848995447
37.92 0 1.30832100037
37.93 0 1.31079375314
37.94 0 1.3116388706
37.95 0 1.31250759644
37.96 0 1.31259803078
37.97 0 1.31269947962
37.98 0 1.31269947962
37.99 0 1.31112108394
38.0 0 1.31112108394
38.01 0 1.31112108394
38.02 0 1.31112108394
38.03 0 1.30901636604
38.04 0 1.30901636604
38.05 0 1.30885839479
38.06 0 1.30877122741
38.07 0 1.30842219753
38.08 0 1.30738728705
38.09 0 1.30653901324
38.1 0 1.30653901324
38.11 0 1.30467082026
38.12 0 1.30467082026
38.13 0 1.30467082026
38.14 0 1.30467082026
38.15 0 1.30405972171
38.16 0 1.30405972171
38.17 0 1.30405972171
38.18 0 1.30470223399
38.19 0 1.30470223399
38.2 0 1.30470223399
38.21 0 1.30586149879
38.22 0 1.30607907016
38.23 0 1.30669219501
38.24 0 1.30697115769
38.25 0 1.30669137848
38.26 0 1.30594825881
38.27 0 1.30487982243
38.28 0 1.304155856
38.29 0 1.30277964079
38.3 0 1.30196503109
38.31 0 1.3011169909
38.32 0 1.30018381997
38.33 0 1.30004043687
38.34 0 1.29995810408
38.35 0 1.30062671638
38.36 0 1.3019796539
38.37 0 1.30329940862
38.38 0 1.30541435586
38.39 0 1.30510537711
38.4 0 1.30500352763
38.41 0 1.30500353958
38.42 0 1.30538002423
38.43 0 1.30455323154
38.44 0 1.3055765407
38.45 0 1.30501097994
38.46 0 1.30749514622
38.47 0 1.3057165676
38.48 0 1.30475443156
38.49 0 1.30382980791
38.5 0 1.30484706344
38.51 0 1.30328438215
38.52 0 1.30378435503
38.53 0 1.30717111071
38.54 0 1.30717111071
38.55 0 1.30717111071
38.56 0 1.30717111071
38.57 0 1.31481380235
38.58 0 1.31481380235
38.59 0 1.31481380235
38.6 0 1.31988899156
38.61 0 1.31988899156
38.62 0 1.32167129826
38.63 0 1.32402227491
38.64 0 1.32177052359
38.65 0 1.32177052359
38.66 0 1.32177052359
38.67 0 1.32177052359
38.68 0 1.31885224898
38.69 0 1.31885224898
38.7 0 1.31885224898
38.71 0 1.31414467985
38.72 0 1.31394024424
38.73 0 1.31341751037
38.74 0 1.31262458978
38.75 0 1.31183118385
38.76 0 1.31134913162
38.77 0 1.31047427546
38.78 0 1.31013039164
38.79 0 1.3095712085
38.8 0 1.30912505175
38.81 0 1.3092809174
38.82 0 1.30951441206
38.83 0 1.30951441206
38.84 0 1.30953463153
38.85 0 1.30593083654
38.86 0 1.30531437317
38.87 0 1.30509120352
38.88 0 1.30436859281
38.89 0 1.30393264114
38.9 0 1.30357825099
38.91 0 1.30358169915
38.92 0 1.30376653638
38.93 0 1.30516547539
38.94 0 1.30518819903
38.95 0 1.30444035932
38.96 0 1.30323522654
38.97 0 1.30250397833
38.98 0 1.30094501619
38.99 0 1.30010422777
39.0 0 1.2995868889
