time index height
0.01 0 0.0
0.02 0 0.0259985084906
0.03 0 0.0259999776827
0.04 0 0.0287575798818
0.05 0 0.0339926538586
0.06 0 0.0358523225835
0.07 0 0.0409893636082
0.08 0 0.0432169571444
0.09 0 0.0454952002672
0.1 0 0.0511047687353
0.11 0 0.0559585493035
0.12 0 0.0583988686791
0.13 0 0.0642002123001
0.14 0 0.0673655458345
0.15 0 0.0724223527805
0.16 0 0.0794970579789
0.17 0 0.0817716573528
0.18 0 0.0817716573528
0.19 0 0.0842164222397
0.2 0 0.0854716185105
0.21 0 0.0860228275631
0.22 0 0.0858437426274
0.23 0 0.0849537557027
0.24 0 0.0834954000342
0.25 0 0.0802754435729
0.26 0 0.0777194047456
0.27 0 0.0739402589824
0.28 0 0.071951720023
0.29 0 0.064858396941
0.3 0 0.0608187557035
0.31 0 0.0551361173998
0.32 0 0.0463770721841
0.33 0 0.0400679272516
0.34 0 0.0328271197785
0.35 0 0.030027846152
0.36 0 0.0297693650118
0.37 0 0.0297192826411
0.38 0 0.0299313849669
0.39 0 0.0306374619742
0.4 0 0.0312027037033
0.41 0 0.0330438970756
0.42 0 0.0344302195072
0.43 0 0.0357002774929
0.44 0 0.0371636127625
0.45 0 0.0388567920187
0.46 0 0.0401489761186
0.47 0 0.042223435573
0.48 0 0.0434170633658
0.49 0 0.0443220492475
0.5 0 0.0454796007117
0.51 0 0.0460143781412
0.52 0 0.0465819277916
0.53 0 0.0469773938513
0.54 0 0.0466712462932
0.55 0 0.046383895192
0.56 0 0.0452369005463
0.57 0 0.0446056226361
0.58 0 0.0436792017136
0.59 0 0.042706210651
0.6 0 0.042709720843
0.61 0 0.0430116254148
0.62 0 0.0437317762418
0.63 0 0.0438836578475
0.64 0 0.0438669343587
0.65 0 0.0439200720123
0.66 0 0.0444834363773
0.67 0 0.0449922385861
0.68 0 0.0453955403287
0.69 0 0.0455052766301
0.7 0 0.0456733568615
0.71 0 0.0461222473068
0.72 0 0.0465769197296
0.73 0 0.0466311946591
0.74 0 0.046902531289
0.75 0 0.0473296608865
0.76 0 0.0475169638453
0.77 0 0.0476284352233
0.78 0 0.0480049034517
0.79 0 0.0481658729733
0.8 0 0.0482630095068
0.81 0 0.0480655216763
0.82 0 0.0478913910143
0.83 0 0.0478913910143
0.84 0 0.0480816717775
0.85 0 0.0482656378565
0.86 0 0.0484980646046
0.87 0 0.0487569942009
0.88 0 0.0494538476885
0.89 0 0.0496451184505
0.9 0 0.0498514186191
0.91 0 0.0506775364403
0.92 0 0.0510555486493
0.93 0 0.0510555486493
0.94 0 0.0524400425055
0.95 0 0.0519351424392
0.96 0 0.0519351424392
0.97 0 0.049638704384
0.98 0 0.049519250475
0.99 0 0.0489149088696
1.0 0 0.049155857756
1.01 0 0.0491645386918
1.02 0 0.0513502482287
1.03 0 0.0519860091833
1.04 0 0.0525243144095
1.05 0 0.0553910750511
1.06 0 0.0555067207658
1.07 0 0.0567595108329
1.08 0 0.0573999211718
1.09 0 0.0580659421978
1.1 0 0.0594338613437
1.11 0 0.0608189435661
1.12 0 0.0621721519684
1.13 0 0.0631575587768
1.14 0 0.064206431057
1.15 0 0.0651480336992
1.16 0 0.0651480336992
1.17 0 0.0670011098632
1.18 0 0.0675981498452
1.19 0 0.0676284423771
1.2 0 0.0680384874073
1.21 0 0.0680029435442
1.22 0 0.0676517018475
1.23 0 0.0672532258661
1.24 0 0.0671608637463
1.25 0 0.0671539644598
1.26 0 0.0665933079234
1.27 0 0.0657347575877
1.28 0 0.064231039652
1.29 0 0.0636200043179
1.3 0 0.0627131928596
1.31 0 0.0613114181531
1.32 0 0.0610848325537
1.33 0 0.0602770798703
1.34 0 0.058556861492
1.35 0 0.0578854543404
1.36 0 0.0576181020561
1.37 0 0.0576890990753
1.38 0 0.0577671594669
1.39 0 0.057898417855
1.4 0 0.0577877311815
1.41 0 0.0577820342309
1.42 0 0.0579352985622
1.43 0 0.0587564270654
1.44 0 0.0595878311726
1.45 0 0.0609057037567
1.46 0 0.0615477182762
1.47 0 0.0631696054685
1.48 0 0.0650704397672
1.49 0 0.067859188246
1.5 0 0.0681486461747
1.51 0 0.070279148446
1.52 0 0.0727993626582
1.53 0 0.075050091169
1.54 0 0.0763067677489
1.55 0 0.0773645880482
1.56 0 0.0801402994931
1.57 0 0.0836485576912
1.58 0 0.0836485576912
1.59 0 0.0898974671898
1.6 0 0.0915545304127
1.61 0 0.0947635500724
1.62 0 0.095432760153
1.63 0 0.099463219037
1.64 0 0.102036312461
1.65 0 0.103586991691
1.66 0 0.104047625578
1.67 0 0.104047625578
1.68 0 0.104047625578
1.69 0 0.104047625578
1.7 0 0.112663494747
1.71 0 0.112663494747
1.72 0 0.112663494747
1.73 0 0.119064383819
1.74 0 0.119300396815
1.75 0 0.120718927977
1.76 0 0.121340029015
1.77 0 0.121883672281
1.78 0 0.121617913402
1.79 0 0.120639419599
1.8 0 0.120732744181
1.81 0 0.121067413491
1.82 0 0.121824142778
1.83 0 0.12193994271
1.84 0 0.121693999433
1.85 0 0.12223101304
1.86 0 0.12135368387
1.87 0 0.120928115502
1.88 0 0.120535537488
1.89 0 0.120240292328
1.9 0 0.120275995038
1.91 0 0.120450150606
1.92 0 0.121622354248
1.93 0 0.122843797379
1.94 0 0.123810719245
1.95 0 0.124698324494
1.96 0 0.125090721502
1.97 0 0.125838392794
1.98 0 0.1268720138
1.99 0 0.12734952228
2.0 0 0.12809527041
2.01 0 0.129710774853
2.02 0 0.129710774853
2.03 0 0.130711000959
2.04 0 0.130774870238
2.05 0 0.13134836189
2.06 0 0.131170453604
2.07 0 0.131206456192
2.08 0 0.131156109132
2.09 0 0.130858430212
2.1 0 0.130493347347
2.11 0 0.129980942737
2.12 0 0.129647698335
2.13 0 0.129537915941
2.14 0 0.128586763042
2.15 0 0.128389630816
2.16 0 0.128103507725
2.17 0 0.128103507725
2.18 0 0.126173207203
2.19 0 0.126085097364
2.2 0 0.124478124848
2.21 0 0.123583453976
2.22 0 0.123634122866
2.23 0 0.124636478266
2.24 0 0.125967063279
2.25 0 0.130443965049
2.26 0 0.13102845869
2.27 0 0.134241575315
2.28 0 0.137039684479
2.29 0 0.139359593587
2.3 0 0.14184580568
2.31 0 0.144299602201
2.32 0 0.14717741921
2.33 0 0.151450427068
2.34 0 0.153182243838
2.35 0 0.156868857598
2.36 0 0.15959207555
2.37 0 0.162707623295
2.38 0 0.166377876797
2.39 0 0.167321688106
2.4 0 0.170062636652
2.41 0 0.17026708221
2.42 0 0.174072944358
2.43 0 0.175119738895
2.44 0 0.177294158441
2.45 0 0.181418304915
2.46 0 0.183519833224
2.47 0 0.183597126688
2.48 0 0.187421718991
2.49 0 0.188200869732
2.5 0 0.189073776901
2.51 0 0.19050257147
2.52 0 0.191233074649
2.53 0 0.191370476631
2.54 0 0.191898140302
2.55 0 0.192923055062
2.56 0 0.193546314824
2.57 0 0.193943291732
2.58 0 0.193716684378
2.59 0 0.195512734646
2.6 0 0.198069924656
2.61 0 0.198303366803
2.62 0 0.198898178022
2.63 0 0.199533319682
2.64 0 0.199716070781
2.65 0 0.198986097204
2.66 0 0.199985320802
2.67 0 0.201708119501
2.68 0 0.20200755092
2.69 0 0.203612166602
2.7 0 0.205206452573
2.71 0 0.205424448601
2.72 0 0.205871989896
2.73 0 0.206567707803
2.74 0 0.207722984402
2.75 0 0.208307924332
2.76 0 0.208816956611
2.77 0 0.208999932612
2.78 0 0.209209170755
2.79 0 0.210082438354
2.8 0 0.210912398763
2.81 0 0.211211269493
2.82 0 0.211792142266
2.83 0 0.212277671278
2.84 0 0.212924580817
2.85 0 0.213166591798
2.86 0 0.213936459837
2.87 0 0.214767868454
2.88 0 0.215059760793
2.89 0 0.215123211168
2.9 0 0.214424449998
2.91 0 0.214010420097
2.92 0 0.212777991228
2.93 0 0.212326843504
2.94 0 0.210598424488
2.95 0 0.209833039546
2.96 0 0.20752578052
2.97 0 0.206065346239
2.98 0 0.205278479773
2.99 0 0.205278479773
3.0 0 0.203990408925
3.01 0 0.202244919632
3.02 0 0.20188400869
3.03 0 0.203008017679
3.04 0 0.203933186252
3.05 0 0.206331924968
3.06 0 0.207860570303
3.07 0 0.209510428878
3.08 0 0.211856272172
3.09 0 0.216545590949
3.1 0 0.21867688072
3.11 0 0.220156538703
3.12 0 0.222638176941
3.13 0 0.222638176941
3.14 0 0.224972128244
3.15 0 0.22740604664
3.16 0 0.230289412263
3.17 0 0.230289412263
3.18 0 0.234775379523
3.19 0 0.236858820435
3.2 0 0.237408998324
3.21 0 0.238368693326
3.22 0 0.238783233014
3.23 0 0.239753993109
3.24 0 0.240244769648
3.25 0 0.238352776501
3.26 0 0.238352776501
3.27 0 0.238352776501
3.28 0 0.244147164801
3.29 0 0.24383581884
3.3 0 0.243700987369
3.31 0 0.242160971408
3.32 0 0.241982604527
3.33 0 0.242152156817
3.34 0 0.241201950513
3.35 0 0.240835985379
3.36 0 0.240862921828
3.37 0 0.240275793872
3.38 0 0.23981353186
3.39 0 0.239897014146
3.4 0 0.240437806131
3.41 0 0.239922906345
3.42 0 0.239730780939
3.43 0 0.239267100084
3.44 0 0.238658412696
3.45 0 0.237019048219
3.46 0 0.234802703336
3.47 0 0.234802703336
3.48 0 0.233073295703
3.49 0 0.229827557964
3.5 0 0.229827557964
3.51 0 0.229827557964
3.52 0 0.229827557964
3.53 0 0.229827557964
3.54 0 0.221951286371
3.55 0 0.221775632659
3.56 0 0.220870859912
3.57 0 0.219772483662
3.58 0 0.219264509664
3.59 0 0.218481066147
3.6 0 0.218604745622
3.61 0 0.218776920771
3.62 0 0.219120167521
3.63 0 0.219055469983
3.64 0 0.219055469983
3.65 0 0.219055469983
3.66 0 0.218687916124
3.67 0 0.218687916124
3.68 0 0.219527172571
3.69 0 0.220342816353
3.7 0 0.221288794248
3.71 0 0.221701931185
3.72 0 0.221870253113
3.73 0 0.221870253113
3.74 0 0.221870253113
3.75 0 0.221870253113
3.76 0 0.218810264255
3.77 0 0.216630752784
3.78 0 0.213834307144
3.79 0 0.208910759219
3.8 0 0.206524999909
3.81 0 0.204268302866
3.82 0 0.202348505254
3.83 0 0.201896771566
3.84 0 0.20026373718
3.85 0 0.20026373718
3.86 0 0.20026373718
3.87 0 0.199102922978
3.88 0 0.197277044325
3.89 0 0.197238408482
3.9 0 0.199705078337
3.91 0 0.199128650868
3.92 0 0.199131339399
3.93 0 0.194555784743
3.94 0 0.195377562857
3.95 0 0.190903334551
3.96 0 0.190732856055
3.97 0 0.190206660112
3.98 0 0.189973646153
3.99 0 0.192461594859
4.0 0 0.192757248611
4.01 0 0.19346307126
4.02 0 0.193999300734
4.03 0 0.193670671299
4.04 0 0.194342953256
4.05 0 0.198079939026
4.06 0 0.199403981826
4.07 0 0.199366957253
4.08 0 0.197803823679
4.09 0 0.197421022059
4.1 0 0.196476220962
4.11 0 0.196415887336
4.12 0 0.196006830232
4.13 0 0.196006830232
4.14 0 0.195012569107
4.15 0 0.195060864705
4.16 0 0.195705050484
4.17 0 0.196311737991
4.18 0 0.197208646789
4.19 0 0.198232914041
4.2 0 0.199721119902
4.21 0 0.201564742853
4.22 0 0.202715148938
4.23 0 0.204019152855
4.24 0 0.204988204558
4.25 0 0.205661682744
4.26 0 0.2066216152
4.27 0 0.207767668071
4.28 0 0.207999461846
4.29 0 0.207999461846
4.3 0 0.207999461846
4.31 0 0.207999461846
4.32 0 0.209622032113
4.33 0 0.209868172566
4.34 0 0.209829512571
4.35 0 0.209912051697
4.36 0 0.209759633845
4.37 0 0.209588214428
4.38 0 0.208893909523
4.39 0 0.209101789983
4.4 0 0.209276825171
4.41 0 0.209423425786
4.42 0 0.209570202652
4.43 0 0.209180146454
4.44 0 0.209090818131
4.45 0 0.20818306014
4.46 0 0.205514260873
4.47 0 0.203063626192
4.48 0 0.199576429497
4.49 0 0.197059991073
4.5 0 0.196001219857
4.51 0 0.193337248411
4.52 0 0.189614516775
4.53 0 0.186651641084
4.54 0 0.18171673902
4.55 0 0.178010637982
4.56 0 0.175470006152
4.57 0 0.170425680159
4.58 0 0.169661564965
4.59 0 0.166196639584
4.6 0 0.163201142297
4.61 0 0.160141107624
4.62 0 0.159832858258
4.63 0 0.159644836684
4.64 0 0.160243499545
4.65 0 0.160243499545
4.66 0 0.159951789573
4.67 0 0.162227114152
4.68 0 0.163073290252
4.69 0 0.163056309137
4.7 0 0.165702765327
4.71 0 0.169621028269
4.72 0 0.170322367859
4.73 0 0.169449686749
4.74 0 0.172678506895
4.75 0 0.172678506895
4.76 0 0.173957605219
4.77 0 0.17598320981
4.78 0 0.177377370346
4.79 0 0.179409862299
4.8 0 0.17997222568
4.81 0 0.182721571795
4.82 0 0.184487267732
4.83 0 0.184404264064
4.84 0 0.183420038521
4.85 0 0.184631609921
4.86 0 0.185128531188
4.87 0 0.18643458591
4.88 0 0.187353509452
4.89 0 0.187407795873
4.9 0 0.18734545783
4.91 0 0.187164434178
4.92 0 0.186377998222
4.93 0 0.186906132398
4.94 0 0.18546033447
4.95 0 0.184882794265
4.96 0 0.184517204363
4.97 0 0.183520536194
4.98 0 0.181476063348
4.99 0 0.181624839588
5.0 0 0.180564728628
5.01 0 0.178680082656
5.02 0 0.17669015259
5.03 0 0.175264304376
5.04 0 0.172269334287
5.05 0 0.170239897678
5.06 0 0.169255649288
5.07 0 0.169280675635
5.08 0 0.170430371141
5.09 0 0.170995472306
5.1 0 0.170837830128
5.11 0 0.171471969644
5.12 0 0.170938581768
5.13 0 0.172089298433
5.14 0 0.174152195185
5.15 0 0.174274192617
5.16 0 0.174617234838
5.17 0 0.173774306479
5.18 0 0.172708043399
5.19 0 0.170130657472
5.2 0 0.169938873496
5.21 0 0.169713156094
5.22 0 0.169664200745
5.23 0 0.169279666545
5.24 0 0.170359505492
5.25 0 0.172099358633
5.26 0 0.172569185465
5.27 0 0.172739539994
5.28 0 0.173402935587
5.29 0 0.174534708188
5.3 0 0.175970719723
5.31 0 0.17593591643
5.32 0 0.17621490767
5.33 0 0.17621490767
5.34 0 0.177576298912
5.35 0 0.178390256286
5.36 0 0.178079037089
5.37 0 0.178355250255
5.38 0 0.180305177917
5.39 0 0.183085542413
5.4 0 0.183412754047
5.41 0 0.186591546897
5.42 0 0.187582516208
5.43 0 0.189407227543
5.44 0 0.192198764321
5.45 0 0.193716607754
5.46 0 0.195085396113
5.47 0 0.194543571349
5.48 0 0.196374352869
5.49 0 0.201028607859
5.5 0 0.201390233246
5.51 0 0.205671456765
5.52 0 0.206835064721
5.53 0 0.210452167561
5.54 0 0.212323869449
5.55 0 0.215153584874
5.56 0 0.215622929688
5.57 0 0.217526696037
5.58 0 0.214596276041
5.59 0 0.216280433814
5.6 0 0.21403651811
5.61 0 0.215482612614
5.62 0 0.215555775152
5.63 0 0.220611026089
5.64 0 0.223631904445
5.65 0 0.22810879787
5.66 0 0.22926063496
5.67 0 0.22914733643
5.68 0 0.229073915119
5.69 0 0.229462599663
5.7 0 0.229650092805
5.71 0 0.229669621581
5.72 0 0.229790052786
5.73 0 0.229790052786
5.74 0 0.229790052786
5.75 0 0.229790052786
5.76 0 0.229875592377
5.77 0 0.229875592377
5.78 0 0.229875592377
5.79 0 0.22520445179
5.8 0 0.223010870541
5.81 0 0.222526275074
5.82 0 0.221704981593
5.83 0 0.221833967601
5.84 0 0.22179040722
5.85 0 0.221526082498
5.86 0 0.221350018298
5.87 0 0.221330622236
5.88 0 0.22089236964
5.89 0 0.220069006498
5.9 0 0.219271964813
5.91 0 0.215480386625
5.92 0 0.214380575259
5.93 0 0.21112240917
5.94 0 0.208463373883
5.95 0 0.207207556074
5.96 0 0.206627288698
5.97 0 0.206558067205
5.98 0 0.206734702957
5.99 0 0.207045955999
6.0 0 0.207133277181
6.01 0 0.208005108974
6.02 0 0.209498365916
6.03 0 0.211298242424
6.04 0 0.212083454349
6.05 0 0.214633899249
6.06 0 0.215891793079
6.07 0 0.216831282341
6.08 0 0.218782746433
6.09 0 0.220438297532
6.1 0 0.221207403608
6.11 0 0.221319004136
6.12 0 0.22158130772
6.13 0 0.223140587561
6.14 0 0.224828816472
6.15 0 0.225905945892
6.16 0 0.226656427712
6.17 0 0.229229803077
6.18 0 0.229466127831
6.19 0 0.229672171758
6.2 0 0.231031745123
6.21 0 0.232978913996
6.22 0 0.234143251192
6.23 0 0.237972934743
6.24 0 0.241622257747
6.25 0 0.245992116743
6.26 0 0.24754313482
6.27 0 0.251611326818
6.28 0 0.255713494064
6.29 0 0.254856194666
6.3 0 0.255314074375
6.31 0 0.255493032602
6.32 0 0.256168741782
6.33 0 0.257530304829
6.34 0 0.258136653893
6.35 0 0.25967278748
6.36 0 0.260228056485
6.37 0 0.260577325632
6.38 0 0.261295385389
6.39 0 0.264540543245
6.4 0 0.265065566455
6.41 0 0.265144336034
6.42 0 0.265969704233
6.43 0 0.265636715446
6.44 0 0.266003381784
6.45 0 0.265351219994
6.46 0 0.26573537645
6.47 0 0.266233866392
6.48 0 0.265744506681
6.49 0 0.26557396259
6.5 0 0.264586191824
6.51 0 0.264688711595
6.52 0 0.264259418905
6.53 0 0.26303187004
6.54 0 0.260812319673
6.55 0 0.260007329746
6.56 0 0.259622437089
6.57 0 0.259984720492
6.58 0 0.26094808745
6.59 0 0.261379300427
6.6 0 0.261374884687
6.61 0 0.261374884687
6.62 0 0.2601223022
6.63 0 0.260554052382
6.64 0 0.261033124174
6.65 0 0.261459123189
6.66 0 0.261459123189
6.67 0 0.261459123189
6.68 0 0.261459123189
6.69 0 0.261756555227
6.7 0 0.261756555227
6.71 0 0.260824550559
6.72 0 0.260758515411
6.73 0 0.261363486119
6.74 0 0.261418629884
6.75 0 0.260776524691
6.76 0 0.260829410127
6.77 0 0.26024370336
6.78 0 0.259453784271
6.79 0 0.258442455667
6.8 0 0.257918869676
6.81 0 0.257918869676
6.82 0 0.257918869676
6.83 0 0.255260905405
6.84 0 0.255290037094
6.85 0 0.255505929445
6.86 0 0.256150067354
6.87 0 0.256796618708
6.88 0 0.257712832519
6.89 0 0.258325232589
6.9 0 0.258325232589
6.91 0 0.260020120493
6.92 0 0.265365605897
6.93 0 0.265905268223
6.94 0 0.267763636551
6.95 0 0.269187885741
6.96 0 0.271714703073
6.97 0 0.27502207958
6.98 0 0.277598578897
6.99 0 0.278784636911
7.0 0 0.280433366585
7.01 0 0.283559532966
7.02 0 0.284290302665
7.03 0 0.286249280272
7.04 0 0.287572043691
7.05 0 0.285678518975
7.06 0 0.286374289626
7.07 0 0.285265260458
7.08 0 0.286772142546
7.09 0 0.293646733377
7.1 0 0.30043502026
7.11 0 0.302565147807
7.12 0 0.308160810381
7.13 0 0.310592649781
7.14 0 0.312501420704
7.15 0 0.313871948341
7.16 0 0.314102030712
7.17 0 0.314102030712
7.18 0 0.314102030712
7.19 0 0.314531060875
7.2 0 0.31474434277
7.21 0 0.315164840372
7.22 0 0.315207046182
7.23 0 0.314733736488
7.24 0 0.31337383378
7.25 0 0.31280161343
7.26 0 0.310297609901
7.27 0 0.308864034254
7.28 0 0.30660825803
7.29 0 0.303017955892
7.3 0 0.302199598014
7.31 0 0.300599952838
7.32 0 0.294175208835
7.33 0 0.293809619691
7.34 0 0.29111873221
7.35 0 0.286764296983
7.36 0 0.286764296983
7.37 0 0.282961636665
7.38 0 0.280086448684
7.39 0 0.278973996953
7.4 0 0.277995551079
7.41 0 0.277701179653
7.42 0 0.278083682957
7.43 0 0.278065763628
7.44 0 0.277784299664
7.45 0 0.277184549594
7.46 0 0.27688830922
7.47 0 0.276294636319
7.48 0 0.276228481531
7.49 0 0.275844301902
7.5 0 0.275918810875
7.51 0 0.275306613963
7.52 0 0.274877787346
7.53 0 0.27494206639
7.54 0 0.275221754805
7.55 0 0.275221754805
7.56 0 0.275318068428
7.57 0 0.275536733269
7.58 0 0.276269203888
7.59 0 0.276278092436
7.6 0 0.275429426915
7.61 0 0.273804360573
7.62 0 0.27279922383
7.63 0 0.271108196543
7.64 0 0.269955945346
7.65 0 0.270149446767
7.66 0 0.271493146583
7.67 0 0.272685845529
7.68 0 0.273499345252
7.69 0 0.274656377172
7.7 0 0.276763124777
7.71 0 0.279691498895
7.72 0 0.279716023633
7.73 0 0.280138062514
7.74 0 0.282463336341
7.75 0 0.285903119003
7.76 0 0.289347107238
7.77 0 0.289439543939
7.78 0 0.293296368746
7.79 0 0.295997903159
7.8 0 0.296588427224
7.81 0 0.298422224272
7.82 0 0.298022294428
7.83 0 0.296877700576
7.84 0 0.295946169412
7.85 0 0.295946169412
7.86 0 0.295946169412
7.87 0 0.295636253279
7.88 0 0.295636253279
7.89 0 0.307321615624
7.9 0 0.307783643192
7.91 0 0.313925168073
7.92 0 0.31757531457
7.93 0 0.322111026177
7.94 0 0.325371660516
7.95 0 0.326092173758
7.96 0 0.329889778418
7.97 0 0.333392544637
7.98 0 0.333905122412
7.99 0 0.333483478408
8.0 0 0.333555443365
8.01 0 0.333562803145
8.02 0 0.333562803145
8.03 0 0.330498712589
8.04 0 0.330023371782
8.05 0 0.326262843796
8.06 0 0.325125549234
8.07 0 0.323308936104
8.08 0 0.321417958037
8.09 0 0.317713376836
8.1 0 0.316436027281
8.11 0 0.31547249236
8.12 0 0.312219786366
8.13 0 0.310184978203
8.14 0 0.309657922203
8.15 0 0.309407414132
8.16 0 0.309681354519
8.17 0 0.312512841558
8.18 0 0.312382124888
8.19 0 0.311891798891
8.2 0 0.311891798891
8.21 0 0.311891798891
8.22 0 0.311891798891
8.23 0 0.3052663558
8.24 0 0.3052663558
8.25 0 0.3052663558
8.26 0 0.3052663558
8.27 0 0.299934651268
8.28 0 0.299438977024
8.29 0 0.299108491634
8.3 0 0.298891981569
8.31 0 0.297090375893
8.32 0 0.297422772186
8.33 0 0.297554953119
8.34 0 0.297061564506
8.35 0 0.296451223322
8.36 0 0.296600222376
8.37 0 0.297483723437
8.38 0 0.297825908372
8.39 0 0.298028550485
8.4 0 0.29816292484
8.41 0 0.298732477477
8.42 0 0.299677952553
8.43 0 0.300237158612
8.44 0 0.300452465185
8.45 0 0.300982703642
8.46 0 0.301754309221
8.47 0 0.303080416549
8.48 0 0.305394278379
8.49 0 0.305641749015
8.5 0 0.307594180791
8.51 0 0.307409596004
8.52 0 0.308116328302
8.53 0 0.309868323438
8.54 0 0.312656014697
8.55 0 0.313871164358
8.56 0 0.316038114988
8.57 0 0.320187140543
8.58 0 0.320187140543
8.59 0 0.320187140543
8.6 0 0.317768313073
8.61 0 0.31800973464
8.62 0 0.319177681793
8.63 0 0.326668210136
8.64 0 0.330482185059
8.65 0 0.334080484642
8.66 0 0.335828272545
8.67 0 0.339542042718
8.68 0 0.3416838225
8.69 0 0.342874316012
8.7 0 0.344150761924
8.71 0 0.343545948884
8.72 0 0.345346850492
8.73 0 0.348074357867
8.74 0 0.347307884324
8.75 0 0.350010043527
8.76 0 0.35147643035
8.77 0 0.352733520927
8.78 0 0.355396015538
8.79 0 0.357126233241
8.8 0 0.357208197947
8.81 0 0.356980445478
8.82 0 0.356779615697
8.83 0 0.356492141259
8.84 0 0.356119559317
8.85 0 0.355336805956
8.86 0 0.354289869326
8.87 0 0.353916042421
8.88 0 0.352632906111
8.89 0 0.352524025711
8.9 0 0.35241618596
8.91 0 0.352354929363
8.92 0 0.352448566463
8.93 0 0.352609419312
8.94 0 0.352715221507
8.95 0 0.351729783487
8.96 0 0.350768082645
8.97 0 0.35035768928
8.98 0 0.350325105035
8.99 0 0.349209326773
9.0 0 0.347503935923
9.01 0 0.346237993662
9.02 0 0.343638667786
9.03 0 0.342543040057
9.04 0 0.340157820908
9.05 0 0.339209523787
9.06 0 0.336509091669
9.07 0 0.334233504756
9.08 0 0.330490201153
9.09 0 0.329962274138
9.1 0 0.32910349356
9.11 0 0.328583919702
9.12 0 0.328252206517
9.13 0 0.326536016549
9.14 0 0.326575359369
9.15 0 0.326527715421
9.16 0 0.326403519091
9.17 0 0.327016098412
9.18 0 0.326803463612
9.19 0 0.327784099518
9.2 0 0.328680277803
9.21 0 0.330192891753
9.22 0 0.330531662295
9.23 0 0.331234340894
9.24 0 0.33209667197
9.25 0 0.333308864654
9.26 0 0.334812459125
9.27 0 0.334956038315
9.28 0 0.337626105096
9.29 0 0.337660135188
9.3 0 0.339317694573
9.31 0 0.341800318104
9.32 0 0.344257490401
9.33 0 0.346910429862
9.34 0 0.348805562836
9.35 0 0.353189477139
9.36 0 0.353291147632
9.37 0 0.355758586815
9.38 0 0.357533819504
9.39 0 0.355824533299
9.4 0 0.357771518815
9.41 0 0.364198040255
9.42 0 0.365549645989
9.43 0 0.364845544659
9.44 0 0.369406326153
9.45 0 0.369371650468
9.46 0 0.37033606624
9.47 0 0.369514269202
9.48 0 0.371658639125
9.49 0 0.369706226698
9.5 0 0.370080942661
9.51 0 0.3616141329
9.52 0 0.3616141329
9.53 0 0.3616141329
9.54 0 0.37121465709
9.55 0 0.367988405044
9.56 0 0.375901856257
9.57 0 0.377614156357
9.58 0 0.378207191951
9.59 0 0.378265379492
9.6 0 0.378148162665
9.61 0 0.377695746253
9.62 0 0.378036572396
9.63 0 0.377952044565
9.64 0 0.37793108948
9.65 0 0.377577795068
9.66 0 0.377176500302
9.67 0 0.377297664
9.68 0 0.377707773241
9.69 0 0.377279892876
9.7 0 0.377085577646
9.71 0 0.377180619603
9.72 0 0.378101490641
9.73 0 0.378831491075
9.74 0 0.378481977385
9.75 0 0.378001700134
9.76 0 0.37742554184
9.77 0 0.377508870549
9.78 0 0.377144820579
9.79 0 0.377157636106
9.8 0 0.377055082527
9.81 0 0.376168572673
9.82 0 0.375731370097
9.83 0 0.374726483455
9.84 0 0.374141815835
9.85 0 0.372198967386
9.86 0 0.372471941046
9.87 0 0.372400797068
9.88 0 0.372273780429
9.89 0 0.372478451404
9.9 0 0.372673828264
9.91 0 0.372771933267
9.92 0 0.372960960912
9.93 0 0.37442858984
9.94 0 0.374682881598
9.95 0 0.375186464971
9.96 0 0.375186464971
9.97 0 0.375186464971
9.98 0 0.375186464971
9.99 0 0.380297518758
10.0 0 0.381086768681
10.01 0 0.382215690535
10.02 0 0.383363246698
10.03 0 0.386477317065
10.04 0 0.388335394643
10.05 0 0.389316767006
10.06 0 0.390360083438
10.07 0 0.392786463283
10.08 0 0.396769689352
10.09 0 0.39829343986
10.1 0 0.397561366658
10.11 0 0.401595021139
10.12 0 0.404388275089
10.13 0 0.406886790987
10.14 0 0.409395394651
10.15 0 0.408842333616
10.16 0 0.407976780766
10.17 0 0.40869983567
10.18 0 0.407673883664
10.19 0 0.407756430303
10.2 0 0.409557835999
10.21 0 0.401230797779
10.22 0 0.408083371285
10.23 0 0.41162620734
10.24 0 0.411434495987
10.25 0 0.417634620989
10.26 0 0.418888209704
10.27 0 0.421129714926
10.28 0 0.421265294976
10.29 0 0.424103070348
10.3 0 0.42579026046
10.31 0 0.426809042949
10.32 0 0.426536574895
10.33 0 0.427648763956
10.34 0 0.428218320391
10.35 0 0.428578469718
10.36 0 0.430918102512
10.37 0 0.431202084891
10.38 0 0.431045640718
10.39 0 0.43046689067
10.4 0 0.429399214102
10.41 0 0.429061258765
10.42 0 0.428024601915
10.43 0 0.427522858792
10.44 0 0.42713704829
10.45 0 0.429515626766
10.46 0 0.429536415352
10.47 0 0.429670492978
10.48 0 0.429189794723
10.49 0 0.428070351802
10.5 0 0.427875077689
10.51 0 0.426717810344
10.52 0 0.426567271774
10.53 0 0.426500689143
10.54 0 0.426938213898
10.55 0 0.426898079406
10.56 0 0.427022370826
10.57 0 0.426964391341
10.58 0 0.426514974895
10.59 0 0.42618055772
10.6 0 0.426490084675
10.61 0 0.426171329228
10.62 0 0.425925000585
10.63 0 0.424934770135
10.64 0 0.424177849694
10.65 0 0.422046529315
10.66 0 0.419678985582
10.67 0 0.419036926573
10.68 0 0.417049615624
10.69 0 0.416022353547
10.7 0 0.416168931104
10.71 0 0.41695589935
10.72 0 0.417464398114
10.73 0 0.420428117487
10.74 0 0.420920145801
10.75 0 0.421349388699
10.76 0 0.422818721281
10.77 0 0.424755328093
10.78 0 0.42608927982
10.79 0 0.427065669194
10.8 0 0.427419549672
10.81 0 0.427582381659
10.82 0 0.427808247326
10.83 0 0.431324267714
10.84 0 0.431533917559
10.85 0 0.431862104241
10.86 0 0.433188599272
10.87 0 0.440569210865
10.88 0 0.439064947682
10.89 0 0.443332982313
10.9 0 0.44344641857
10.91 0 0.443697940424
10.92 0 0.446967619244
10.93 0 0.449305954435
10.94 0 0.453270232166
10.95 0 0.451392282875
10.96 0 0.452940800281
10.97 0 0.46064536698
10.98 0 0.460838261384
10.99 0 0.459884010082
11.0 0 0.462391884709
11.01 0 0.45930157666
11.02 0 0.46387124398
11.03 0 0.466675570925
11.04 0 0.466285480344
11.05 0 0.47276403566
11.06 0 0.471489531498
11.07 0 0.472038205471
11.08 0 0.473172498427
11.09 0 0.473326321275
11.1 0 0.472953603969
11.11 0 0.471577827035
11.12 0 0.471577827035
11.13 0 0.471577827035
11.14 0 0.471577827035
11.15 0 0.473595585885
11.16 0 0.473595585885
11.17 0 0.473595585885
11.18 0 0.472536461117
11.19 0 0.471773655
11.2 0 0.472490101302
11.21 0 0.472812887929
11.22 0 0.473860870187
11.23 0 0.474993664133
11.24 0 0.475081431866
11.25 0 0.475081431866
11.26 0 0.477742992082
11.27 0 0.478506822481
11.28 0 0.478022526192
11.29 0 0.47786474862
11.3 0 0.477557331776
11.31 0 0.475339625185
11.32 0 0.47467354512
11.33 0 0.474436194527
11.34 0 0.473712224082
11.35 0 0.473376702727
11.36 0 0.473720339536
11.37 0 0.47354475248
11.38 0 0.472335775031
11.39 0 0.470718138636
11.4 0 0.470617876529
11.41 0 0.467882913198
11.42 0 0.464993066915
11.43 0 0.462278051701
11.44 0 0.46029385685
11.45 0 0.459118882941
11.46 0 0.458904460073
11.47 0 0.45828511388
11.48 0 0.457936964679
11.49 0 0.458590068813
11.5 0 0.458914044982
11.51 0 0.459729209447
11.52 0 0.460459921039
11.53 0 0.46151620703
11.54 0 0.463011041286
11.55 0 0.463849594992
11.56 0 0.464493480038
11.57 0 0.464493480038
11.58 0 0.464493480038
11.59 0 0.467398783888
11.6 0 0.46805727179
11.61 0 0.46802660003
11.62 0 0.468444003217
11.63 0 0.471346016051
11.64 0 0.472102143694
11.65 0 0.473786305273
11.66 0 0.473483320081
11.67 0 0.474337888519
11.68 0 0.478504479311
11.69 0 0.478267486686
11.7 0 0.483070573202
11.71 0 0.485331210082
11.72 0 0.487760108742
11.73 0 0.488661445169
11.74 0 0.48895102473
11.75 0 0.493252094951
11.76 0 0.490773445103
11.77 0 0.495014584122
11.78 0 0.492014045598
11.79 0 0.49490608263
11.8 0 0.49392431183
11.81 0 0.49598835453
11.82 0 0.495646971077
11.83 0 0.497407112767
11.84 0 0.496733077248
11.85 0 0.503790992456
11.86 0 0.505592027519
11.87 0 0.506291978575
11.88 0 0.5079188261
11.89 0 0.509574138242
11.9 0 0.510956490451
11.91 0 0.511833288348
11.92 0 0.514312303436
11.93 0 0.514312303436
11.94 0 0.516462737886
11.95 0 0.516964602412
11.96 0 0.516978045936
11.97 0 0.516567013572
11.98 0 0.514977029279
11.99 0 0.514977029279
12.0 0 0.514977029279
12.01 0 0.511618356923
12.02 0 0.511618356923
12.03 0 0.511618356923
12.04 0 0.511618356923
12.05 0 0.503310291364
12.06 0 0.503310291364
12.07 0 0.498531171672
12.08 0 0.498571120528
12.09 0 0.497693266845
12.1 0 0.497604347613
12.11 0 0.497940522668
12.12 0 0.498053422223
12.13 0 0.497634792397
12.14 0 0.496832558303
12.15 0 0.4962453627
12.16 0 0.495255903276
12.17 0 0.495172592966
12.18 0 0.495071707954
12.19 0 0.495227715736
12.2 0 0.494898054698
12.21 0 0.495424648742
12.22 0 0.495723046655
12.23 0 0.495192553628
12.24 0 0.494465826903
12.25 0 0.49370399819
12.26 0 0.49215188845
12.27 0 0.491657363463
12.28 0 0.491336489535
12.29 0 0.490842719983
12.3 0 0.490350709839
12.31 0 0.491332081549
12.32 0 0.493396445249
12.33 0 0.495859834967
12.34 0 0.496807298016
12.35 0 0.497716171234
12.36 0 0.499061750634
12.37 0 0.501706025417
12.38 0 0.503135568546
12.39 0 0.504603104992
12.4 0 0.505966146582
12.41 0 0.505966146582
12.42 0 0.506077318674
12.43 0 0.507413349871
12.44 0 0.507835971096
12.45 0 0.509607994943
12.46 0 0.511058500418
12.47 0 0.517752949486
12.48 0 0.517752949486
12.49 0 0.520002194396
12.5 0 0.522647608472
12.51 0 0.522272413075
12.52 0 0.526725842887
12.53 0 0.529615284081
12.54 0 0.529208972709
12.55 0 0.53079618409
12.56 0 0.531681589559
12.57 0 0.53117316964
12.58 0 0.527898439649
12.59 0 0.528138728955
12.6 0 0.534507714223
12.61 0 0.535740279077
12.62 0 0.535740279077
12.63 0 0.535740279077
12.64 0 0.542764038606
12.65 0 0.544575554142
12.66 0 0.544562226345
12.67 0 0.547998753969
12.68 0 0.550685590571
12.69 0 0.552391172023
12.7 0 0.552993769416
12.71 0 0.552993769416
12.72 0 0.553530032868
12.73 0 0.553237752864
12.74 0 0.552376454314
12.75 0 0.552376454314
12.76 0 0.552376454314
12.77 0 0.547861977002
12.78 0 0.547861977002
12.79 0 0.548351657999
12.8 0 0.548511004566
12.81 0 0.548489350771
12.82 0 0.548688828896
12.83 0 0.548570840066
12.84 0 0.548585543301
12.85 0 0.548284095003
12.86 0 0.547278362815
12.87 0 0.547076122448
12.88 0 0.546849266993
12.89 0 0.546563582074
12.9 0 0.546563582074
12.91 0 0.546381198547
12.92 0 0.546137605106
12.93 0 0.545682632836
12.94 0 0.544906046634
12.95 0 0.543648126913
12.96 0 0.542806776293
12.97 0 0.542298557016
12.98 0 0.541394745534
12.99 0 0.53997551171
13.0 0 0.539718482741
13.01 0 0.53838891491
13.02 0 0.537670119287
13.03 0 0.534497974286
13.04 0 0.533755378951
13.05 0 0.533600149345
13.06 0 0.533354671507
13.07 0 0.534783335848
13.08 0 0.53466693509
13.09 0 0.534060445786
13.1 0 0.534233526084
13.11 0 0.535853474845
13.12 0 0.536290356982
13.13 0 0.536588831933
13.14 0 0.537127360084
13.15 0 0.538088663461
13.16 0 0.538838078853
13.17 0 0.539349322644
13.18 0 0.540409021013
13.19 0 0.541772997507
13.2 0 0.543815816372
13.21 0 0.545289219036
13.22 0 0.545244995823
13.23 0 0.546316847568
13.24 0 0.551579057734
13.25 0 0.555419569799
13.26 0 0.556000569473
13.27 0 0.556859425342
13.28 0 0.559514265453
13.29 0 0.561571299943
13.3 0 0.562174877515
13.31 0 0.562230080879
13.32 0 0.562526388915
13.33 0 0.560551757465
13.34 0 0.562804397012
13.35 0 0.564771059781
13.36 0 0.566552729365
13.37 0 0.569708436622
13.38 0 0.571719210147
13.39 0 0.574450462562
13.4 0 0.572389439402
13.41 0 0.570955517418
13.42 0 0.570938692868
13.43 0 0.572148094519
13.44 0 0.575880810602
13.45 0 0.579180111593
13.46 0 0.585490198209
13.47 0 0.586986772993
13.48 0 0.586987974935
13.49 0 0.591012569848
13.5 0 0.593272694245
13.51 0 0.593975618882
13.52 0 0.593886102992
13.53 0 0.592744197831
13.54 0 0.593450316941
13.55 0 0.588916606157
13.56 0 0.587867156283
13.57 0 0.587867156283
13.58 0 0.583543831736
13.59 0 0.582244528634
13.6 0 0.577998417915
13.61 0 0.575841888428
13.62 0 0.574296262453
13.63 0 0.573943359871
13.64 0 0.573923075163
13.65 0 0.575779991165
13.66 0 0.576231960302
13.67 0 0.576518925518
13.68 0 0.577849158887
13.69 0 0.578144626196
13.7 0 0.579730229907
13.71 0 0.580313405715
13.72 0 0.580993709536
13.73 0 0.580254179504
13.74 0 0.579579400188
13.75 0 0.578798524704
13.76 0 0.577405228445
13.77 0 0.575177792649
13.78 0 0.575088544989
13.79 0 0.574365099966
13.8 0 0.570909739964
13.81 0 0.568828770423
13.82 0 0.568208432687
13.83 0 0.568208432687
13.84 0 0.566943025184
13.85 0 0.567064024817
13.86 0 0.567884173774
13.87 0 0.56811013103
13.88 0 0.568614629526
13.89 0 0.568919215981
13.9 0 0.569506986391
13.91 0 0.57012366986
13.92 0 0.57118828071
13.93 0 0.572027950397
13.94 0 0.573212870046
13.95 0 0.573804715736
13.96 0 0.573804715736
13.97 0 0.576281093139
13.98 0 0.576879059533
13.99 0 0.577279908498
14.0 0 0.577655747073
14.01 0 0.578654384252
14.02 0 0.581279875363
14.03 0 0.581980001364
14.04 0 0.581967731232
14.05 0 0.588144736077
14.06 0 0.590359411499
14.07 0 0.592148525026
14.08 0 0.59243122473
14.09 0 0.59624511317
14.1 0 0.594142384779
14.11 0 0.593193267822
14.12 0 0.588789404691
14.13 0 0.589735536798
14.14 0 0.592857364802
14.15 0 0.603727332262
14.16 0 0.605706607866
14.17 0 0.606738233302
14.18 0 0.605783948585
14.19 0 0.607415261373
14.2 0 0.607246028801
14.21 0 0.606778668125
14.22 0 0.600285393249
14.23 0 0.602322633865
14.24 0 0.60209653856
14.25 0 0.594305698133
14.26 0 0.602756605921
14.27 0 0.600762847151
14.28 0 0.607277632491
14.29 0 0.60997782742
14.3 0 0.609773570806
14.31 0 0.608076373727
14.32 0 0.607541504894
14.33 0 0.607313009036
14.34 0 0.60830146103
14.35 0 0.60887103484
14.36 0 0.609985881089
14.37 0 0.609982911306
14.38 0 0.610648386292
14.39 0 0.613801768856
14.4 0 0.614190185409
14.41 0 0.615300406455
14.42 0 0.615767809518
14.43 0 0.616039143796
14.44 0 0.615863504072
14.45 0 0.61577137215
14.46 0 0.615705677044
14.47 0 0.615457756512
14.48 0 0.615611660278
14.49 0 0.615901954596
14.5 0 0.617625421033
14.51 0 0.617707073618
14.52 0 0.617675474446
14.53 0 0.617013544252
14.54 0 0.616918370636
14.55 0 0.616402708523
14.56 0 0.614434667208
14.57 0 0.612498911096
14.58 0 0.611764924923
14.59 0 0.611978709571
14.6 0 0.611990675906
14.61 0 0.611045732887
14.62 0 0.609602111468
14.63 0 0.608123355857
14.64 0 0.608176324504
14.65 0 0.608864636349
14.66 0 0.608987122752
14.67 0 0.610138778782
14.68 0 0.611333106528
14.69 0 0.611417652482
14.7 0 0.611815637139
14.71 0 0.612254986778
14.72 0 0.613864849668
14.73 0 0.615634746237
14.74 0 0.615871686846
14.75 0 0.615955588158
14.76 0 0.61848342558
14.77 0 0.622718904019
14.78 0 0.624304380561
14.79 0 0.62469706538
14.8 0 0.625690171908
14.81 0 0.630700236696
14.82 0 0.630905195253
14.83 0 0.631449630833
14.84 0 0.632525164708
14.85 0 0.632848544099
14.86 0 0.633658002295
14.87 0 0.633735955241
14.88 0 0.63488435271
14.89 0 0.636679386771
14.9 0 0.636584038466
14.91 0 0.637219518975
14.92 0 0.639194684681
14.93 0 0.635222959059
14.94 0 0.640032122624
14.95 0 0.639178313229
14.96 0 0.638443568153
14.97 0 0.6375905072
14.98 0 0.64936431074
14.99 0 0.650999019277
15.0 0 0.650673524737
15.01 0 0.647345684729
15.02 0 0.650146734115
15.03 0 0.657314293125
15.04 0 0.660529470375
15.05 0 0.664032504031
15.06 0 0.66585075458
15.07 0 0.666504806435
15.08 0 0.666474422869
15.09 0 0.666694393956
15.1 0 0.665732863738
15.11 0 0.665501122415
15.12 0 0.662766479139
15.13 0 0.661916008479
15.14 0 0.658941335738
15.15 0 0.65822113118
15.16 0 0.658317392597
15.17 0 0.658775523903
15.18 0 0.660142057565
15.19 0 0.660281635218
15.2 0 0.660491990508
15.21 0 0.661470609068
15.22 0 0.661470609068
15.23 0 0.660444832092
15.24 0 0.660444832092
15.25 0 0.658886937382
15.26 0 0.657726686559
15.27 0 0.654006381372
15.28 0 0.652585044418
15.29 0 0.65222637968
15.3 0 0.652564486373
15.31 0 0.65321763382
15.32 0 0.652767289152
15.33 0 0.652388602938
15.34 0 0.652107885694
15.35 0 0.650020363495
15.36 0 0.649724183336
15.37 0 0.649617800783
15.38 0 0.647093112679
15.39 0 0.646336629917
15.4 0 0.645652370255
15.41 0 0.644695806593
15.42 0 0.644613008853
15.43 0 0.645473862137
15.44 0 0.646044546898
15.45 0 0.645986425928
15.46 0 0.646379767024
15.47 0 0.646893191534
15.48 0 0.646893191534
15.49 0 0.646893191534
15.5 0 0.649646001515
15.51 0 0.652742868351
15.52 0 0.653828028261
15.53 0 0.654767426874
15.54 0 0.655859834944
15.55 0 0.655859834944
15.56 0 0.657719817571
15.57 0 0.659227825135
15.58 0 0.661253213696
15.59 0 0.662597369973
15.6 0 0.661657478922
15.61 0 0.664583431262
15.62 0 0.666933876843
15.63 0 0.670667470118
15.64 0 0.676276564306
15.65 0 0.677943979382
15.66 0 0.677826288806
15.67 0 0.678836741443
15.68 0 0.679981880652
15.69 0 0.679823335847
15.7 0 0.675666755307
15.71 0 0.680446240614
15.72 0 0.681588619856
15.73 0 0.676363924088
15.74 0 0.681433528833
15.75 0 0.683747042524
15.76 0 0.687986171409
15.77 0 0.692058196736
15.78 0 0.695211836323
15.79 0 0.699037290407
15.8 0 0.700173286055
15.81 0 0.700822062013
15.82 0 0.701999601798
15.83 0 0.702954079364
15.84 0 0.704467142896
15.85 0 0.705079862396
15.86 0 0.705002890274
15.87 0 0.705319016855
15.88 0 0.705319016855
15.89 0 0.705319016855
15.9 0 0.701859883243
15.91 0 0.700445150044
15.92 0 0.701381906849
15.93 0 0.699266370571
15.94 0 0.700481035279
15.95 0 0.70118218739
15.96 0 0.702294744742
15.97 0 0.702911351392
15.98 0 0.703381391268
15.99 0 0.703796838675
16.0 0 0.703813218644
16.01 0 0.704043313174
16.02 0 0.704091285805
16.03 0 0.703637557543
16.04 0 0.7026455973
16.05 0 0.701372866496
16.06 0 0.70001998676
16.07 0 0.699525074523
16.08 0 0.69956910543
16.09 0 0.699253642975
16.1 0 0.698514804104
16.11 0 0.697732365469
16.12 0 0.696220240062
16.13 0 0.695628890599
16.14 0 0.694095076027
16.15 0 0.693455878199
16.16 0 0.692428489976
16.17 0 0.692385400295
16.18 0 0.693205264053
16.19 0 0.693554048461
16.2 0 0.693569217345
16.21 0 0.692049927695
16.22 0 0.692052137836
16.23 0 0.691386290261
16.24 0 0.690813015214
16.25 0 0.691639187282
16.26 0 0.690880459257
16.27 0 0.690964071885
16.28 0 0.690053921967
16.29 0 0.689962286025
16.3 0 0.689293602481
16.31 0 0.688914430325
16.32 0 0.689334979113
16.33 0 0.689045701714
16.34 0 0.689247406195
16.35 0 0.690677647937
16.36 0 0.693391595484
16.37 0 0.695488840471
16.38 0 0.697916692045
16.39 0 0.700729228627
16.4 0 0.701823635157
16.41 0 0.700157472348
16.42 0 0.703113588697
16.43 0 0.703113588697
16.44 0 0.703113588697
16.45 0 0.709517493625
16.46 0 0.708726789141
16.47 0 0.713761324109
16.48 0 0.715893936921
16.49 0 0.716003977204
16.5 0 0.714064612176
16.51 0 0.71242900974
16.52 0 0.715428850757
16.53 0 0.713883271182
16.54 0 0.715607060837
16.55 0 0.717331451853
16.56 0 0.712691380725
16.57 0 0.714032532918
16.58 0 0.717711737233
16.59 0 0.719871881017
16.6 0 0.720715076678
16.61 0 0.723775667195
16.62 0 0.724360815248
16.63 0 0.724360815248
16.64 0 0.724360815248
16.65 0 0.726245362736
16.66 0 0.725964962486
16.67 0 0.724080408821
16.68 0 0.723294284931
16.69 0 0.721255129872
16.7 0 0.720906513735
16.71 0 0.721033446683
16.72 0 0.720910413842
16.73 0 0.721097375305
16.74 0 0.721127827509
16.75 0 0.720878733082
16.76 0 0.72159518518
16.77 0 0.722138085317
16.78 0 0.722721223545
16.79 0 0.722519216452
16.8 0 0.722033267315
16.81 0 0.722329454235
16.82 0 0.721434676805
16.83 0 0.720729626394
16.84 0 0.720173260005
16.85 0 0.719573165393
16.86 0 0.718807478617
16.87 0 0.718471816691
16.88 0 0.718633262192
16.89 0 0.718359380922
16.9 0 0.717873226911
16.91 0 0.716777590903
16.92 0 0.715793169227
16.93 0 0.715793169227
16.94 0 0.715793169227
16.95 0 0.713622197565
16.96 0 0.713763711527
16.97 0 0.7139616472
16.98 0 0.713925967967
16.99 0 0.714810899746
17.0 0 0.714810899746
17.01 0 0.714671025834
17.02 0 0.714480770028
17.03 0 0.714209544313
17.04 0 0.712288291643
17.05 0 0.711069376691
17.06 0 0.710036378557
17.07 0 0.709691896541
17.08 0 0.709071673737
17.09 0 0.708728182457
17.1 0 0.708105011879
17.11 0 0.70759044617
17.12 0 0.70638842763
17.13 0 0.704104837398
17.14 0 0.704790271845
17.15 0 0.709776605006
17.16 0 0.713163811253
17.17 0 0.713163811253
17.18 0 0.717004773953
17.19 0 0.720548822835
17.2 0 0.723686450521
17.21 0 0.726219660001
17.22 0 0.728973595986
17.23 0 0.735421480946
17.24 0 0.735149292
17.25 0 0.73485767608
17.26 0 0.735107307445
17.27 0 0.732257996768
17.28 0 0.731355375269
17.29 0 0.728709840129
17.3 0 0.731340211326
17.31 0 0.73459902382
17.32 0 0.73459902382
17.33 0 0.733552500272
17.34 0 0.731022434341
17.35 0 0.724868652468
17.36 0 0.72516742698
17.37 0 0.727504056385
17.38 0 0.727504056385
17.39 0 0.728425354296
17.4 0 0.731530166081
17.41 0 0.732070637256
17.42 0 0.734178514844
17.43 0 0.733923010668
17.44 0 0.731099840434
17.45 0 0.731198934439
17.46 0 0.733811035956
17.47 0 0.73182571262
17.48 0 0.732592833035
17.49 0 0.731750145823
17.5 0 0.732720312666
17.51 0 0.733204038266
17.52 0 0.733389560082
17.53 0 0.733802668388
17.54 0 0.73493048674
17.55 0 0.73493048674
17.56 0 0.73493048674
17.57 0 0.73493048674
17.58 0 0.737368446107
17.59 0 0.737383897974
17.6 0 0.738141047711
17.61 0 0.738153454059
17.62 0 0.737502550979
17.63 0 0.736771730441
17.64 0 0.734921813274
17.65 0 0.734675605802
17.66 0 0.735249809099
17.67 0 0.735514847981
17.68 0 0.735395531372
17.69 0 0.735011543046
17.7 0 0.734528948508
17.71 0 0.734077871895
17.72 0 0.732737416705
17.73 0 0.732094040668
17.74 0 0.732086123341
17.75 0 0.732530073462
17.76 0 0.732628969867
17.77 0 0.732975566281
17.78 0 0.732540159097
17.79 0 0.732513870191
17.8 0 0.731236529121
17.81 0 0.730748131283
17.82 0 0.730839763218
17.83 0 0.730845300792
17.84 0 0.731024004886
17.85 0 0.730908598152
17.86 0 0.730670737352
17.87 0 0.729530733703
17.88 0 0.729379531812
17.89 0 0.728864316162
17.9 0 0.729773357695
17.91 0 0.731513534328
17.92 0 0.731873386113
17.93 0 0.73268437043
17.94 0 0.735180575689
17.95 0 0.735058430023
17.96 0 0.739085204643
17.97 0 0.741659017032
17.98 0 0.743061151554
17.99 0 0.744430858998
18.0 0 0.746700632837
18.01 0 0.747746294639
18.02 0 0.750601114953
18.03 0 0.749791182405
18.04 0 0.751828020349
18.05 0 0.752464380761
18.06 0 0.754107462681
18.07 0 0.750683874279
18.08 0 0.753333535206
18.09 0 0.755342415464
18.1 0 0.752232996889
18.11 0 0.752754944866
18.12 0 0.754366481484
18.13 0 0.758235164796
18.14 0 0.761401393861
18.15 0 0.75915472043
18.16 0 0.766320106235
18.17 0 0.76937908327
18.18 0 0.769486429111
18.19 0 0.768995850663
18.2 0 0.768995850663
18.21 0 0.7683858731
18.22 0 0.768673301365
18.23 0 0.768593245942
18.24 0 0.767698568508
18.25 0 0.767351018647
18.26 0 0.76520186567
18.27 0 0.764348762761
18.28 0 0.764723178584
18.29 0 0.765310129089
18.3 0 0.765517948752
18.31 0 0.765253929364
18.32 0 0.765443593756
18.33 0 0.767385247336
18.34 0 0.767673765044
18.35 0 0.767699170127
18.36 0 0.767481632721
18.37 0 0.767497614446
18.38 0 0.76768013964
18.39 0 0.768069770506
18.4 0 0.767819903407
18.41 0 0.766575697536
18.42 0 0.765058565623
18.43 0 0.76482812717
18.44 0 0.76397443256
18.45 0 0.763000190979
18.46 0 0.763867889151
18.47 0 0.763863380169
18.48 0 0.763839251354
18.49 0 0.763441020842
18.5 0 0.762464587279
18.51 0 0.760826694608
18.52 0 0.759459045781
18.53 0 0.759189776707
18.54 0 0.758697532942
18.55 0 0.758367882036
18.56 0 0.75884116117
18.57 0 0.759530483109
18.58 0 0.759318548585
18.59 0 0.757944201964
18.6 0 0.756170411013
18.61 0 0.755562631613
18.62 0 0.755214866441
18.63 0 0.754049636317
18.64 0 0.751289456277
18.65 0 0.748906830917
18.66 0 0.747456417955
18.67 0 0.746827352866
18.68 0 0.746948828473
18.69 0 0.747778384888
18.7 0 0.750001121351
18.71 0 0.751012160497
18.72 0 0.752392264016
18.73 0 0.752756594782
18.74 0 0.753240968453
18.75 0 0.754281793824
18.76 0 0.755620720697
18.77 0 0.756487470118
18.78 0 0.760031019354
18.79 0 0.761072223986
18.8 0 0.761043190057
18.81 0 0.762727963235
18.82 0 0.762727963235
18.83 0 0.762727963235
18.84 0 0.764099393138
18.85 0 0.764099393138
18.86 0 0.762706267611
18.87 0 0.762706267611
18.88 0 0.762706267611
18.89 0 0.762706267611
18.9 0 0.762706267611
18.91 0 0.767564324492
18.92 0 0.772218574981
18.93 0 0.766753716307
18.94 0 0.773421262403
18.95 0 0.774681190764
18.96 0 0.779002788376
18.97 0 0.779002788376
18.98 0 0.779953340176
18.99 0 0.780171230363
19.0 0 0.781728386999
19.01 0 0.784030264299
19.02 0 0.782990750513
19.03 0 0.783190941362
19.04 0 0.784895746008
19.05 0 0.784280194486
19.06 0 0.784743797546
19.07 0 0.784380743119
19.08 0 0.784368641161
19.09 0 0.784149780076
19.1 0 0.783993578461
19.11 0 0.784130560884
19.12 0 0.785467061522
19.13 0 0.78572102467
19.14 0 0.785426657068
19.15 0 0.785086059603
19.16 0 0.784746741943
19.17 0 0.784655967782
19.18 0 0.784347343055
19.19 0 0.78387860861
19.2 0 0.783148772435
19.21 0 0.7821001265
19.22 0 0.78077298042
19.23 0 0.780465108038
19.24 0 0.780702934084
19.25 0 0.780844799922
19.26 0 0.780463287718
19.27 0 0.779798287406
19.28 0 0.779155104046
19.29 0 0.778157735772
19.3 0 0.777261954258
19.31 0 0.776492954154
19.32 0 0.775638991259
19.33 0 0.774814551808
19.34 0 0.775094585011
19.35 0 0.775773095265
19.36 0 0.774964458615
19.37 0 0.774739854619
19.38 0 0.772729795842
19.39 0 0.769769218956
19.4 0 0.769682057565
19.41 0 0.768753915444
19.42 0 0.768115210239
19.43 0 0.766911957579
19.44 0 0.766280475737
19.45 0 0.766188468719
19.46 0 0.765428330077
19.47 0 0.764594514944
19.48 0 0.765238443722
19.49 0 0.766845160285
19.5 0 0.768524935926
19.51 0 0.770807202817
19.52 0 0.773393353909
19.53 0 0.775729935928
19.54 0 0.775983990355
19.55 0 0.777134941185
19.56 0 0.777134941185
19.57 0 0.777134941185
19.58 0 0.779416695952
19.59 0 0.781574488398
19.6 0 0.780966256022
19.61 0 0.785097130951
19.62 0 0.78408328989
19.63 0 0.784792821954
19.64 0 0.784737257115
19.65 0 0.784737257115
19.66 0 0.783538167127
19.67 0 0.780309529761
19.68 0 0.780062985617
19.69 0 0.77641073867
19.7 0 0.77740718835
19.71 0 0.782824030219
19.72 0 0.783694114011
19.73 0 0.78685745465
19.74 0 0.787679609659
19.75 0 0.789142796529
19.76 0 0.792699357827
19.77 0 0.794745250459
19.78 0 0.795208095782
19.79 0 0.794799982219
19.8 0 0.794762531417
19.81 0 0.793878731969
19.82 0 0.794941976814
19.83 0 0.794416548093
19.84 0 0.793972060433
19.85 0 0.793501781531
19.86 0 0.793168217501
19.87 0 0.792868748001
19.88 0 0.792869015358
19.89 0 0.794075170373
19.9 0 0.794657057744
19.91 0 0.794652673504
19.92 0 0.794867829137
19.93 0 0.794763934859
19.94 0 0.794678970358
19.95 0 0.794500827897
19.96 0 0.793909853128
19.97 0 0.793813851323
19.98 0 0.792967935603
19.99 0 0.792092905724
20.0 0 0.791740685516
20.01 0 0.791986010596
20.02 0 0.791542141345
20.03 0 0.79067793846
20.04 0 0.789679916735
20.05 0 0.788967212312
20.06 0 0.788548819589
20.07 0 0.787920389125
20.08 0 0.787614712273
20.09 0 0.787855302109
20.1 0 0.787716329041
20.11 0 0.787407632845
20.12 0 0.786547946997
20.13 0 0.785968530057
20.14 0 0.782968986036
20.15 0 0.778119738762
20.16 0 0.777718816746
20.17 0 0.777718816746
20.18 0 0.777174596205
20.19 0 0.777713887975
20.2 0 0.778172142183
20.21 0 0.778119182085
20.22 0 0.77754480396
20.23 0 0.77754480396
20.24 0 0.77754480396
20.25 0 0.77754480396
20.26 0 0.778083743766
20.27 0 0.778884179267
20.28 0 0.77946657891
20.29 0 0.779598486708
20.3 0 0.785221012074
20.31 0 0.791931727926
20.32 0 0.791931727926
20.33 0 0.793105716052
20.34 0 0.801700107876
20.35 0 0.801700107876
20.36 0 0.804464302002
20.37 0 0.809297118253
20.38 0 0.810250120336
20.39 0 0.810203705866
20.4 0 0.812959645027
20.41 0 0.815711905749
20.42 0 0.815711905749
20.43 0 0.811065027136
20.44 0 0.810844919333
20.45 0 0.807979375361
20.46 0 0.808853895854
20.47 0 0.809414721093
20.48 0 0.8016057828
20.49 0 0.8016057828
20.5 0 0.802349101565
20.51 0 0.805306049486
20.52 0 0.80556614479
20.53 0 0.802899274442
20.54 0 0.806775282423
20.55 0 0.807249415559
20.56 0 0.808299102614
20.57 0 0.807181746405
20.58 0 0.807128143943
20.59 0 0.806958684958
20.6 0 0.804368426719
20.61 0 0.805575259696
20.62 0 0.804237486942
20.63 0 0.80242497565
20.64 0 0.803154197434
20.65 0 0.803154197434
20.66 0 0.803154197434
20.67 0 0.803154197434
20.68 0 0.805755424324
20.69 0 0.805844871063
20.7 0 0.805734137685
20.71 0 0.805935136375
20.72 0 0.805567485268
20.73 0 0.805280313836
20.74 0 0.804718423997
20.75 0 0.804006993986
20.76 0 0.804006993986
20.77 0 0.804006993986
20.78 0 0.804006993986
20.79 0 0.801161972958
20.8 0 0.801180596176
20.81 0 0.800609171916
20.82 0 0.799701197242
20.83 0 0.79854781059
20.84 0 0.797057502326
20.85 0 0.797057502326
20.86 0 0.795934628402
20.87 0 0.79589462918
20.88 0 0.795935807903
20.89 0 0.795961450562
20.9 0 0.795725682562
20.91 0 0.796082402793
20.92 0 0.796082402793
20.93 0 0.796082402793
20.94 0 0.796082402793
20.95 0 0.788863938878
20.96 0 0.787670686452
20.97 0 0.786118575328
20.98 0 0.78600243779
20.99 0 0.784867565369
21.0 0 0.783795411443
21.01 0 0.784172995629
21.02 0 0.784377089868
21.03 0 0.784641109325
21.04 0 0.782822244479
21.05 0 0.781153383998
21.06 0 0.780252238136
21.07 0 0.780185786039
21.08 0 0.784130126723
21.09 0 0.784665144543
21.1 0 0.786802923
21.11 0 0.793190102036
21.12 0 0.793555472155
21.13 0 0.796763519756
21.14 0 0.798147940747
21.15 0 0.798759248612
21.16 0 0.800269548868
21.17 0 0.799574976372
21.18 0 0.799820304143
21.19 0 0.800188167769
21.2 0 0.799690651931
21.21 0 0.798080894543
21.22 0 0.797059733167
21.23 0 0.798643170581
21.24 0 0.797155001734
21.25 0 0.797703316545
21.26 0 0.801033475195
21.27 0 0.797728020051
21.28 0 0.795888907539
21.29 0 0.799142950424
21.3 0 0.799572640403
21.31 0 0.801091071767
21.32 0 0.800771494409
21.33 0 0.801190512981
21.34 0 0.801177906473
21.35 0 0.801763783362
21.36 0 0.800097688655
21.37 0 0.799427725015
21.38 0 0.797955943318
21.39 0 0.796408892049
21.4 0 0.79560957823
21.41 0 0.795845682767
21.42 0 0.794853883017
21.43 0 0.794807604313
21.44 0 0.795238785091
21.45 0 0.797535147739
21.46 0 0.797609865113
21.47 0 0.797622812601
21.48 0 0.798153494249
21.49 0 0.798198199463
21.5 0 0.798575974643
21.51 0 0.798736645957
21.52 0 0.797828888039
21.53 0 0.797588342
21.54 0 0.797182005452
21.55 0 0.7969694232
21.56 0 0.796222993267
21.57 0 0.795145759899
21.58 0 0.794867628746
21.59 0 0.794849175331
21.6 0 0.794357733162
21.61 0 0.793213659787
21.62 0 0.792746927468
21.63 0 0.792172745325
21.64 0 0.791314761697
21.65 0 0.790825434677
21.66 0 0.790825434677
21.67 0 0.790825434677
21.68 0 0.789358119912
21.69 0 0.789530054399
21.7 0 0.789336292623
21.71 0 0.789490953646
21.72 0 0.788107670262
21.73 0 0.786671330236
21.74 0 0.786377818771
21.75 0 0.786430700991
21.76 0 0.786389751346
21.77 0 0.786058142917
21.78 0 0.783871014227
21.79 0 0.782353145594
21.8 0 0.782567226368
21.81 0 0.783100648594
21.82 0 0.784073789296
21.83 0 0.784551451391
21.84 0 0.785716042742
21.85 0 0.786757839271
21.86 0 0.786397196257
21.87 0 0.788654199372
21.88 0 0.788651588042
21.89 0 0.792160225292
21.9 0 0.79293113758
21.91 0 0.794553643962
21.92 0 0.797651140304
21.93 0 0.799310683349
21.94 0 0.800692054051
21.95 0 0.80123136359
21.96 0 0.797997419402
21.97 0 0.797753228244
21.98 0 0.797280484935
21.99 0 0.798371316496
22.0 0 0.796597560579
22.01 0 0.802938412034
22.02 0 0.802591068978
22.03 0 0.803624348966
22.04 0 0.807753441286
22.05 0 0.811344977059
22.06 0 0.81572944724
22.07 0 0.818104774841
22.08 0 0.820517202217
22.09 0 0.819315133625
22.1 0 0.819488560603
22.11 0 0.819688284922
22.12 0 0.819397611052
22.13 0 0.818729606733
22.14 0 0.818237386283
22.15 0 0.817750778723
22.16 0 0.817835599556
22.17 0 0.816231966143
22.18 0 0.814661157522
22.19 0 0.813545366808
22.2 0 0.813320795908
22.21 0 0.813320795908
22.22 0 0.812481310773
22.23 0 0.812705717828
22.24 0 0.814030762697
22.25 0 0.814183509053
22.26 0 0.814198205244
22.27 0 0.814245623825
22.28 0 0.814053652355
22.29 0 0.813845262089
22.3 0 0.812488345434
22.31 0 0.812488345434
22.32 0 0.812369181319
22.33 0 0.811431556597
22.34 0 0.809331507801
22.35 0 0.808837296591
22.36 0 0.808818076914
22.37 0 0.808635289197
22.38 0 0.808434574748
22.39 0 0.80720447905
22.4 0 0.805993930271
22.41 0 0.805806684975
22.42 0 0.805555147113
22.43 0 0.804940767123
22.44 0 0.805262074966
22.45 0 0.805226566599
22.46 0 0.805362885847
22.47 0 0.804807968935
22.48 0 0.804547186687
22.49 0 0.803802316273
22.5 0 0.801519727308
22.51 0 0.801519727308
22.52 0 0.801519727308
22.53 0 0.798262497679
22.54 0 0.798345748674
22.55 0 0.79828563891
22.56 0 0.797794147764
22.57 0 0.797081926205
22.58 0 0.797233456105
22.59 0 0.797727391595
22.6 0 0.798443940489
22.61 0 0.799606208524
22.62 0 0.800028599949
22.63 0 0.801847214426
22.64 0 0.80231387597
22.65 0 0.803431050272
22.66 0 0.806032160473
22.67 0 0.810005152578
22.68 0 0.812085369444
22.69 0 0.812171590626
22.7 0 0.81606043355
22.71 0 0.817435279178
22.72 0 0.817657267013
22.73 0 0.818617110911
22.74 0 0.819379441469
22.75 0 0.821976148644
22.76 0 0.821976148644
22.77 0 0.823013243609
22.78 0 0.818399350994
22.79 0 0.822284208169
22.8 0 0.82179486437
22.81 0 0.825460569464
22.82 0 0.823753032999
22.83 0 0.824916547846
22.84 0 0.824916547846
22.85 0 0.82308394304
22.86 0 0.824807737441
22.87 0 0.824807737441
22.88 0 0.829890102986
22.89 0 0.832893153399
22.9 0 0.836150893046
22.91 0 0.837520594188
22.92 0 0.837971914322
22.93 0 0.838356067045
22.94 0 0.838253372967
22.95 0 0.836874267153
22.96 0 0.836874267153
22.97 0 0.836874267153
22.98 0 0.836732707403
22.99 0 0.836399564027
23.0 0 0.834154532894
23.01 0 0.834999166417
23.02 0 0.834898652021
23.03 0 0.83730886445
23.04 0 0.839036728952
23.05 0 0.840474615571
23.06 0 0.840788249896
23.07 0 0.840831765453
23.08 0 0.839521103526
23.09 0 0.838928660684
23.1 0 0.838395797549
23.11 0 0.837194120544
23.12 0 0.836757271996
23.13 0 0.836537414534
23.14 0 0.836296500208
23.15 0 0.835203331827
23.16 0 0.834603092754
23.17 0 0.833038132134
23.18 0 0.831359880281
23.19 0 0.830171241374
23.2 0 0.830171241374
23.21 0 0.830171241374
23.22 0 0.82577661141
23.23 0 0.82577661141
23.24 0 0.82577661141
23.25 0 0.82577661141
23.26 0 0.823886730004
23.27 0 0.823886730004
23.28 0 0.823886730004
23.29 0 0.821301011199
23.3 0 0.821273877178
23.31 0 0.821612346523
23.32 0 0.820960053286
23.33 0 0.820886427379
23.34 0 0.821186934965
23.35 0 0.821402412078
23.36 0 0.821431131146
23.37 0 0.821431131146
23.38 0 0.821330908597
23.39 0 0.821938386765
23.4 0 0.822047036581
23.41 0 0.82326665394
23.42 0 0.824301168633
23.43 0 0.824958411571
23.44 0 0.828004996708
23.45 0 0.828592030377
23.46 0 0.829086843501
23.47 0 0.831806903367
23.48 0 0.831657366114
23.49 0 0.834853011542
23.5 0 0.834714063686
23.51 0 0.836488247887
23.52 0 0.83847441833
23.53 0 0.837873392116
23.54 0 0.840291309276
23.55 0 0.841110647702
23.56 0 0.839405627577
23.57 0 0.837268499162
23.58 0 0.841995212827
23.59 0 0.841995212827
23.6 0 0.841271717988
23.61 0 0.838945387038
23.62 0 0.836990187492
23.63 0 0.834845000209
23.64 0 0.84123765482
23.65 0 0.838300171445
23.66 0 0.844334604287
23.67 0 0.847611658632
23.68 0 0.848606717363
23.69 0 0.848606717363
23.7 0 0.848606717363
23.71 0 0.848606717363
23.72 0 0.852277411446
23.73 0 0.85146797138
23.74 0 0.851328256903
23.75 0 0.851424991804
23.76 0 0.84992700028
23.77 0 0.849162734198
23.78 0 0.848127418494
23.79 0 0.849791215961
23.8 0 0.850580893408
23.81 0 0.852494314669
23.82 0 0.85352166603
23.83 0 0.854939301109
23.84 0 0.855349509995
23.85 0 0.855690660648
23.86 0 0.855683225372
23.87 0 0.855073647423
23.88 0 0.854416108721
23.89 0 0.853973795667
23.9 0 0.853387345019
23.91 0 0.852406940298
23.92 0 0.851258401308
23.93 0 0.851662212126
23.94 0 0.852343734392
23.95 0 0.852519307654
23.96 0 0.851967284777
23.97 0 0.851489101413
23.98 0 0.850541053441
23.99 0 0.85000357709
24.0 0 0.849520606897
24.01 0 0.849186155331
24.02 0 0.849186155331
24.03 0 0.849186155331
24.04 0 0.849186155331
24.05 0 0.848619759048
24.06 0 0.848568777122
24.07 0 0.847365289364
24.08 0 0.8461075847
24.09 0 0.845081329482
24.1 0 0.843947397657
24.11 0 0.843947397657
24.12 0 0.843947397657
24.13 0 0.844497295937
24.14 0 0.843160928663
24.15 0 0.843160928663
24.16 0 0.840982000301
24.17 0 0.842039734759
24.18 0 0.843231325039
24.19 0 0.844090991494
24.2 0 0.843898577749
24.21 0 0.844211198826
24.22 0 0.843069672407
24.23 0 0.844629316438
24.24 0 0.844629316438
24.25 0 0.848753537531
24.26 0 0.848167730663
24.27 0 0.850679916634
24.28 0 0.851934319648
24.29 0 0.853279360705
24.3 0 0.855014578567
24.31 0 0.855534850642
24.32 0 0.854810224871
24.33 0 0.855085520246
24.34 0 0.854592741953
24.35 0 0.85791601463
24.36 0 0.855963624843
24.37 0 0.853817332824
24.38 0 0.853682306823
24.39 0 0.855918126896
24.4 0 0.858600237393
24.41 0 0.856794995182
24.42 0 0.865349172723
24.43 0 0.868579146654
24.44 0 0.862812726514
24.45 0 0.867106602998
24.46 0 0.863819099159
24.47 0 0.86532231327
24.48 0 0.868057842437
24.49 0 0.868057842437
24.5 0 0.868057842437
24.51 0 0.867526500101
24.52 0 0.867526500101
24.53 0 0.867526500101
24.54 0 0.867526500101
24.55 0 0.865255395322
24.56 0 0.865225921335
24.57 0 0.8648251907
24.58 0 0.865381435992
24.59 0 0.866769574893
24.6 0 0.868284354573
24.61 0 0.868525404966
24.62 0 0.868813477173
24.63 0 0.869079519333
24.64 0 0.86890375371
24.65 0 0.869003132653
24.66 0 0.869113375152
24.67 0 0.869307392892
24.68 0 0.868794871111
24.69 0 0.867672963308
24.7 0 0.866631751076
24.71 0 0.866582490227
24.72 0 0.867110262992
24.73 0 0.867653218873
24.74 0 0.86769565534
24.75 0 0.867296565973
24.76 0 0.867296565973
24.77 0 0.867296565973
24.78 0 0.864067264355
24.79 0 0.862324747314
24.8 0 0.860914477542
24.81 0 0.860125311826
24.82 0 0.860507602884
24.83 0 0.86064582772
24.84 0 0.861582707636
24.85 0 0.861582707636
24.86 0 0.861582707636
24.87 0 0.861459157415
24.88 0 0.861241804774
24.89 0 0.861253803811
24.9 0 0.86160572417
24.91 0 0.862298596882
24.92 0 0.861167727526
24.93 0 0.858499047651
24.94 0 0.858226447434
24.95 0 0.858060951893
24.96 0 0.858060951893
24.97 0 0.858060951893
24.98 0 0.856172428655
24.99 0 0.855722516348
25.0 0 0.857552287655
25.01 0 0.859203116645
25.02 0 0.860281664472
25.03 0 0.862787733325
25.04 0 0.862643115957
25.05 0 0.86352193648
25.06 0 0.86352193648
25.07 0 0.86352193648
25.08 0 0.86966961775
25.09 0 0.870113713449
25.1 0 0.87063932791
25.11 0 0.869705931417
25.12 0 0.869705931417
25.13 0 0.866460531141
25.14 0 0.867124035083
25.15 0 0.868594870424
25.16 0 0.866593566408
25.17 0 0.87089375204
25.18 0 0.871482864789
25.19 0 0.868408325687
25.2 0 0.871710662753
25.21 0 0.872895320881
25.22 0 0.876804374433
25.23 0 0.882085149368
25.24 0 0.882410022866
25.25 0 0.882218100594
25.26 0 0.882092636706
25.27 0 0.882885653297
25.28 0 0.883307362749
25.29 0 0.882867898043
25.3 0 0.882754722491
25.31 0 0.883341517989
25.32 0 0.883341517989
25.33 0 0.883341517989
25.34 0 0.881723695448
25.35 0 0.88150161746
25.36 0 0.881109621185
25.37 0 0.880631635113
25.38 0 0.881519202933
25.39 0 0.882794751243
25.4 0 0.883149468671
25.41 0 0.882787929516
25.42 0 0.882593333293
25.43 0 0.882708535895
25.44 0 0.882708535895
25.45 0 0.882684639633
25.46 0 0.882684639633
25.47 0 0.882684639633
25.48 0 0.880101009579
25.49 0 0.87976336678
25.5 0 0.879691287375
25.51 0 0.880412553949
25.52 0 0.880258342489
25.53 0 0.880064885416
25.54 0 0.878574936015
25.55 0 0.877036373803
25.56 0 0.876603919292
25.57 0 0.875486187493
25.58 0 0.874490615856
25.59 0 0.874649491992
25.6 0 0.87517088215
25.61 0 0.876067953818
25.62 0 0.876252387103
25.63 0 0.876624007539
25.64 0 0.876954274237
25.65 0 0.877382160801
25.66 0 0.878146976963
25.67 0 0.878626528839
25.68 0 0.878596656275
25.69 0 0.878596656275
25.7 0 0.876978646297
25.71 0 0.87669166877
25.72 0 0.877061067072
25.73 0 0.876490244137
25.74 0 0.876377317512
25.75 0 0.876227615771
25.76 0 0.877215165247
25.77 0 0.878414815614
25.78 0 0.87966677425
25.79 0 0.884447999004
25.8 0 0.888944284936
25.81 0 0.890101834948
25.82 0 0.89666715261
25.83 0 0.90381909823
25.84 0 0.904207684266
25.85 0 0.905297093909
25.86 0 0.908522470232
25.87 0 0.908611369882
25.88 0 0.912140784363
25.89 0 0.911899867411
25.9 0 0.910986770043
25.91 0 0.909077989832
25.92 0 0.906266574283
25.93 0 0.904680011259
25.94 0 0.905662840911
25.95 0 0.905814225084
25.96 0 0.905099109513
25.97 0 0.905438302938
25.98 0 0.900280206809
25.99 0 0.898431377807
26.0 0 0.901354882681
26.01 0 0.903309561304
26.02 0 0.901958821652
26.03 0 0.90410321366
26.04 0 0.908192551481
26.05 0 0.909670069511
26.06 0 0.912797658991
26.07 0 0.914580745623
26.08 0 0.916274929524
26.09 0 0.915368681513
26.1 0 0.916435134254
26.11 0 0.914193954199
26.12 0 0.91486276349
26.13 0 0.914649878997
26.14 0 0.915421917651
26.15 0 0.917512712293
26.16 0 0.919245544152
26.17 0 0.920675552629
26.18 0 0.921795791058
26.19 0 0.922077394505
26.2 0 0.921747222992
26.21 0 0.922378714808
26.22 0 0.921935050085
26.23 0 0.920429370526
26.24 0 0.917252837833
26.25 0 0.915288845423
26.26 0 0.913659724305
26.27 0 0.911741458147
26.28 0 0.913872690124
26.29 0 0.914040168082
26.3 0 0.913585403864
26.31 0 0.913107869423
26.32 0 0.912041461504
26.33 0 0.908467110723
26.34 0 0.907380538504
26.35 0 0.905531693327
26.36 0 0.90285068622
26.37 0 0.901549716597
26.38 0 0.899310303968
26.39 0 0.899223867305
26.4 0 0.898727351455
26.41 0 0.899447571811
26.42 0 0.899461619422
26.43 0 0.899219341325
26.44 0 0.899214585954
26.45 0 0.899273228534
26.46 0 0.899932021055
26.47 0 0.900499278611
26.48 0 0.900571655088
26.49 0 0.900679181349
26.5 0 0.90208047152
26.51 0 0.902670860609
26.52 0 0.903406454262
26.53 0 0.904139773794
26.54 0 0.904381730363
26.55 0 0.904758639254
26.56 0 0.905654884915
26.57 0 0.906536431092
26.58 0 0.908661476516
26.59 0 0.908147943089
26.6 0 0.911628482574
26.61 0 0.91350636953
26.62 0 0.913543710503
26.63 0 0.913543710503
26.64 0 0.913543710503
26.65 0 0.923574259743
26.66 0 0.927799265553
26.67 0 0.92642896778
26.68 0 0.927421316223
26.69 0 0.926008774699
26.7 0 0.92675734084
26.71 0 0.92675734084
26.72 0 0.92675734084
26.73 0 0.936372880457
26.74 0 0.936876026487
26.75 0 0.94033170189
26.76 0 0.94033170189
26.77 0 0.943007843767
26.78 0 0.94461850414
26.79 0 0.942384693096
26.8 0 0.943757554496
26.81 0 0.942976238198
26.82 0 0.942396561722
26.83 0 0.942834621845
26.84 0 0.944845971528
26.85 0 0.94818662855
26.86 0 0.950804696412
26.87 0 0.951425504331
26.88 0 0.950149315591
26.89 0 0.950390134691
26.9 0 0.950144822859
26.91 0 0.948775542682
26.92 0 0.946498396577
26.93 0 0.94734495016
26.94 0 0.947252298582
26.95 0 0.94754266226
26.96 0 0.948455144362
26.97 0 0.948566192761
26.98 0 0.948894007545
26.99 0 0.948993158385
27.0 0 0.947260488066
27.01 0 0.945846376089
27.02 0 0.944206688045
27.03 0 0.942549770272
27.04 0 0.942105727384
27.05 0 0.939530316837
27.06 0 0.938057584181
27.07 0 0.937412097366
27.08 0 0.93717539021
27.09 0 0.935599830879
27.1 0 0.933487918033
27.11 0 0.933487918033
27.12 0 0.933487918033
27.13 0 0.933487918033
27.14 0 0.927649785621
27.15 0 0.927855594267
27.16 0 0.927936208685
27.17 0 0.925970164537
27.18 0 0.927470945151
27.19 0 0.929718113363
27.2 0 0.929921454462
27.21 0 0.928886904338
27.22 0 0.929272287021
27.23 0 0.92972575039
27.24 0 0.930052254056
27.25 0 0.930661764821
27.26 0 0.930819536134
27.27 0 0.931777795746
27.28 0 0.932849295279
27.29 0 0.934546574712
27.3 0 0.934701284162
27.31 0 0.934701284162
27.32 0 0.934701284162
27.33 0 0.934701284162
27.34 0 0.937052900256
27.35 0 0.937406108004
27.36 0 0.938558609552
27.37 0 0.938156005526
27.38 0 0.938440611946
27.39 0 0.942685766768
27.4 0 0.944075693959
27.41 0 0.951359697799
27.42 0 0.952266953182
27.43 0 0.956581972956
27.44 0 0.959304554625
27.45 0 0.95706689384
27.46 0 0.958738480029
27.47 0 0.962499107991
27.48 0 0.963004668273
27.49 0 0.967008929844
27.5 0 0.967234207831
27.51 0 0.967627179874
27.52 0 0.965700402114
27.53 0 0.967520659077
27.54 0 0.969734080459
27.55 0 0.971675650201
27.56 0 0.972695460963
27.57 0 0.97380995665
27.58 0 0.973672935829
27.59 0 0.971212403103
27.6 0 0.971258379374
27.61 0 0.973384994076
27.62 0 0.974804475366
27.63 0 0.974222189144
27.64 0 0.974778836499
27.65 0 0.977295294394
27.66 0 0.976979713837
27.67 0 0.976726257825
27.68 0 0.974912207093
27.69 0 0.975105341877
27.7 0 0.97398297946
27.71 0 0.975136284856
27.72 0 0.976850109953
27.73 0 0.979533076511
27.74 0 0.980019895049
27.75 0 0.980175537336
27.76 0 0.980020423004
27.77 0 0.980653035388
27.78 0 0.980666553101
27.79 0 0.980139855476
27.8 0 0.97968140392
27.81 0 0.979409392524
27.82 0 0.978691150484
27.83 0 0.977150489056
27.84 0 0.977335887811
27.85 0 0.97798326272
27.86 0 0.978091949926
27.87 0 0.978040138831
27.88 0 0.977301856852
27.89 0 0.976465521625
27.9 0 0.975162279581
27.91 0 0.973600079751
27.92 0 0.97200335109
27.93 0 0.97075472734
27.94 0 0.970299631583
27.95 0 0.970116384916
27.96 0 0.969147024406
27.97 0 0.967594077926
27.98 0 0.965369180308
27.99 0 0.964370962431
28.0 0 0.962637223377
28.01 0 0.962347497394
28.02 0 0.962317224973
28.03 0 0.962079326594
28.04 0 0.961071253275
28.05 0 0.960068053482
28.06 0 0.958938590176
28.07 0 0.958572171155
28.08 0 0.958567020065
28.09 0 0.958567020065
28.1 0 0.958702762198
28.11 0 0.959836204244
28.12 0 0.959752891056
28.13 0 0.960206139489
28.14 0 0.960895959367
28.15 0 0.961444514195
28.16 0 0.960792247851
28.17 0 0.963569592691
28.18 0 0.965319813079
28.19 0 0.968473772172
28.2 0 0.968954904209
28.21 0 0.97008948356
28.22 0 0.97000745348
28.23 0 0.969722228721
28.24 0 0.969556040922
28.25 0 0.969600027038
28.26 0 0.97285883906
28.27 0 0.971932450442
28.28 0 0.971932450442
28.29 0 0.971932450442
28.3 0 0.971932450442
28.31 0 0.980643434899
28.32 0 0.980643434899
28.33 0 0.996263580248
28.34 0 0.997474010019
28.35 0 0.997343761871
28.36 0 0.99595377957
28.37 0 0.99655276253
28.38 0 0.994345702381
28.39 0 0.995053512609
28.4 0 0.992249847362
28.41 0 0.991981918422
28.42 0 0.992395231168
28.43 0 0.992395231168
28.44 0 0.992395231168
28.45 0 0.992395231168
28.46 0 0.99488451147
28.47 0 0.99488451147
28.48 0 0.987439269202
28.49 0 0.986581466784
28.5 0 0.985574659605
28.51 0 0.985218106491
28.52 0 0.98443330134
28.53 0 0.98443330134
28.54 0 0.985392637966
28.55 0 0.985138102161
28.56 0 0.984138255403
28.57 0 0.984138255403
28.58 0 0.983453961929
28.59 0 0.982423164045
28.6 0 0.982465343267
28.61 0 0.980998155425
28.62 0 0.980114734816
28.63 0 0.979593882643
28.64 0 0.979554582491
28.65 0 0.979452288812
28.66 0 0.979452288812
28.67 0 0.979452288812
28.68 0 0.977738379192
28.69 0 0.97795341425
28.7 0 0.978058026495
28.71 0 0.977183303858
28.72 0 0.977283836295
28.73 0 0.977447104731
28.74 0 0.974233005937
28.75 0 0.974341318837
28.76 0 0.974226982346
28.77 0 0.973600251265
28.78 0 0.973554573733
28.79 0 0.972298916165
28.8 0 0.972657750593
28.81 0 0.973611820341
28.82 0 0.974370092628
28.83 0 0.975234195644
28.84 0 0.975636503658
28.85 0 0.976451130776
28.86 0 0.978053383086
28.87 0 0.979891249133
28.88 0 0.980031482508
28.89 0 0.981054345659
28.9 0 0.981486654974
28.91 0 0.982654138842
28.92 0 0.98338427399
28.93 0 0.983515259435
28.94 0 0.985477421723
28.95 0 0.989765034115
28.96 0 0.993059041561
28.97 0 0.996590802386
28.98 0 1.00050264613
28.99 0 0.999722641248
29.0 0 1.00047159302
29.01 0 0.999093532026
29.02 0 0.999601489794
29.03 0 1.00142421996
29.04 0 1.00142421996
29.05 0 1.00001660404
29.06 0 0.999905253564
29.07 0 0.997869170804
29.08 0 1.00598188207
29.09 0 1.01002405544
29.1 0 1.01408403647
29.11 0 1.01420319134
29.12 0 1.01363742773
29.13 0 1.01371102861
29.14 0 1.01602027105
29.15 0 1.01658727448
29.16 0 1.01553463683
29.17 0 1.00992510164
29.18 0 1.01418897923
29.19 0 1.01268243816
29.2 0 1.01811705332
29.21 0 1.02187685605
29.22 0 1.02378140834
29.23 0 1.02471404542
29.24 0 1.02397953324
29.25 0 1.02251862126
29.26 0 1.02292771938
29.27 0 1.02205969493
29.28 0 1.02255339268
29.29 0 1.02321860699
29.3 0 1.02727242141
29.31 0 1.02763098824
29.32 0 1.02950562398
29.33 0 1.02965831963
29.34 0 1.02968644191
29.35 0 1.02990612474
29.36 0 1.0295687609
29.37 0 1.02841482978
29.38 0 1.02669991545
29.39 0 1.02549112768
29.4 0 1.02373376894
29.41 0 1.02321554216
29.42 0 1.02310772914
29.43 0 1.02238966418
29.44 0 1.02022325217
29.45 0 1.01871224071
29.46 0 1.01852702
29.47 0 1.01436722207
29.48 0 1.01302634765
29.49 0 1.01285216771
29.5 0 1.01139092805
29.51 0 1.01046374306
29.52 0 1.01031801809
29.53 0 1.00908385437
29.54 0 1.00795294126
29.55 0 1.00778019951
29.56 0 1.00604400445
29.57 0 1.00580316524
29.58 0 1.00465280438
29.59 0 1.00459635683
29.6 0 1.0028671438
29.61 0 1.0028671438
29.62 0 0.997940316656
29.63 0 0.997157488798
29.64 0 0.996534402907
29.65 0 0.998170090175
29.66 0 0.998815871375
29.67 0 0.998604815012
29.68 0 0.998600157641
29.69 0 0.997716678636
29.7 0 0.997716678636
29.71 0 0.999482831126
29.72 0 0.99861745807
29.73 0 1.00532059937
29.74 0 1.00600438919
29.75 0 1.00677117303
29.76 0 1.00725905293
29.77 0 1.01075197109
29.78 0 1.0104001919
29.79 0 1.01299461858
29.8 0 1.0121603601
29.81 0 1.01238409045
29.82 0 1.01401102774
29.83 0 1.00878129812
29.84 0 1.01385237455
29.85 0 1.01385237455
29.86 0 1.01627073779
29.87 0 1.01473419576
29.88 0 1.024665566
29.89 0 1.024665566
29.9 0 1.024665566
29.91 0 1.024665566
29.92 0 1.024665566
29.93 0 1.02897636036
29.94 0 1.02897636036
29.95 0 1.02897636036
29.96 0 1.03401331447
29.97 0 1.0353269678
29.98 0 1.03722551007
29.99 0 1.03724628786
30.0 0 1.03717710313
30.01 0 1.03677889897
30.02 0 1.0366223614
30.03 0 1.03735453483
30.04 0 1.03724824743
30.05 0 1.03587306156
30.06 0 1.03690217857
30.07 0 1.03718546125
30.08 0 1.03959001484
30.09 0 1.04016040902
30.1 0 1.0410404249
30.11 0 1.04086234572
30.12 0 1.04063104897
30.13 0 1.04069097473
30.14 0 1.04069097473
30.15 0 1.03976814194
30.16 0 1.03976814194
30.17 0 1.03874884685
30.18 0 1.03820902214
30.19 0 1.03755599808
30.2 0 1.0362514657
30.21 0 1.03614259924
30.22 0 1.03513418864
30.23 0 1.03494354357
30.24 0 1.03146524151
30.25 0 1.03099648172
30.26 0 1.03012724922
30.27 0 1.02982606063
30.28 0 1.02872068056
30.29 0 1.02792843031
30.3 0 1.0273649496
30.31 0 1.02703095029
30.32 0 1.02703095029
30.33 0 1.02211211346
30.34 0 1.02189439194
30.35 0 1.01956694374
30.36 0 1.01956694374
30.37 0 1.01819074965
30.38 0 1.01815536982
30.39 0 1.01819166648
30.4 0 1.01800457875
30.41 0 1.01730653401
30.42 0 1.0164056971
30.43 0 1.0148586921
30.44 0 1.01480511305
30.45 0 1.01507063218
30.46 0 1.01507063218
30.47 0 1.01489257046
30.48 0 1.01566544676
30.49 0 1.01566544676
30.5 0 1.01739820435
30.51 0 1.01950143471
30.52 0 1.01928612807
30.53 0 1.02014229059
30.54 0 1.02155867252
30.55 0 1.02384070423
30.56 0 1.02570493442
30.57 0 1.02618835068
30.58 0 1.02610055768
30.59 0 1.02892467398
30.6 0 1.02605124306
30.61 0 1.029637685
30.62 0 1.02489229357
30.63 0 1.02999133769
30.64 0 1.02809950296
30.65 0 1.02939840258
30.66 0 1.03117590713
30.67 0 1.02971410082
30.68 0 1.03673928555
30.69 0 1.04347042621
30.7 0 1.04014008811
30.71 0 1.04014008811
30.72 0 1.04014008811
30.73 0 1.04142408179
30.74 0 1.04437955598
30.75 0 1.04555381017
30.76 0 1.04643118103
30.77 0 1.04662137749
30.78 0 1.04663978561
30.79 0 1.04610223205
30.8 0 1.04536407253
30.81 0 1.04381266891
30.82 0 1.04328886362
30.83 0 1.04292849838
30.84 0 1.04229776663
30.85 0 1.04219749307
30.86 0 1.04600735465
30.87 0 1.04776919767
30.88 0 1.04771180187
30.89 0 1.04742954668
30.9 0 1.04749150394
30.91 0 1.04762066859
30.92 0 1.04672830909
30.93 0 1.04615972894
30.94 0 1.04429459693
30.95 0 1.04266071489
30.96 0 1.0418966456
30.97 0 1.04152088593
30.98 0 1.04172677298
30.99 0 1.04181576303
31.0 0 1.04119484097
31.01 0 1.04054964043
31.02 0 1.0391767832
31.03 0 1.03704194122
31.04 0 1.03263910061
31.05 0 1.03220252985
31.06 0 1.03174471436
31.07 0 1.03059311977
31.08 0 1.03059311977
31.09 0 1.03059311977
31.1 0 1.03059311977
31.11 0 1.02633441873
31.12 0 1.02633441873
31.13 0 1.02840060264
31.14 0 1.02945217296
31.15 0 1.03037952013
31.16 0 1.03051946147
31.17 0 1.03110979062
31.18 0 1.03247553664
31.19 0 1.03293139003
31.2 0 1.0351850807
31.21 0 1.03734630295
31.22 0 1.03899550395
31.23 0 1.03961855306
31.24 0 1.03964474577
31.25 0 1.03978119738
31.26 0 1.04026864865
31.27 0 1.04124325632
31.28 0 1.04156063749
31.29 0 1.04224359857
31.3 0 1.0434689481
31.31 0 1.04594116255
31.32 0 1.0447418353
31.33 0 1.04990388087
31.34 0 1.05380685456
31.35 0 1.05510766931
31.36 0 1.05973071543
31.37 0 1.06115436514
31.38 0 1.05949004979
31.39 0 1.060115475
31.4 0 1.06537982562
31.41 0 1.06857868335
31.42 0 1.06857868335
31.43 0 1.06830517699
31.44 0 1.07486249721
31.45 0 1.08028885611
31.46 0 1.08470829367
31.47 0 1.08758265057
31.48 0 1.08750977762
31.49 0 1.08914646935
31.5 0 1.09063152865
31.51 0 1.09077379175
31.52 0 1.08924639462
31.53 0 1.08969142888
31.54 0 1.08948352272
31.55 0 1.09094613766
31.56 0 1.09132909138
31.57 0 1.09012478307
31.58 0 1.08980086286
31.59 0 1.0897441809
31.6 0 1.08925181582
31.61 0 1.09040652805
31.62 0 1.09045075361
31.63 0 1.09086290891
31.64 0 1.09021419953
31.65 0 1.09062178296
31.66 0 1.09145043188
31.67 0 1.0914715552
31.68 0 1.09320894669
31.69 0 1.09357366792
31.7 0 1.09285351578
31.71 0 1.09213642655
31.72 0 1.09172960139
31.73 0 1.09083463705
31.74 0 1.09049032911
31.75 0 1.08904358298
31.76 0 1.08838568188
31.77 0 1.08836657944
31.78 0 1.08845154477
31.79 0 1.08874862541
31.8 0 1.08785767931
31.81 0 1.08693556874
31.82 0 1.08430028916
31.83 0 1.0833506311
31.84 0 1.08095280405
31.85 0 1.08095280405
31.86 0 1.08095280405
31.87 0 1.08095280405
31.88 0 1.07617080945
31.89 0 1.07608293951
31.9 0 1.07608293951
31.91 0 1.07608293951
31.92 0 1.06944217566
31.93 0 1.06862694776
31.94 0 1.06827754243
31.95 0 1.06689373714
31.96 0 1.0669631326
31.97 0 1.06743456612
31.98 0 1.06711386548
31.99 0 1.06750882518
32.0 0 1.06969235724
32.01 0 1.0701371918
32.02 0 1.07020923262
32.03 0 1.07039685176
32.04 0 1.07030602319
32.05 0 1.07030602319
32.06 0 1.07121229182
32.07 0 1.07152653694
32.08 0 1.0746683186
32.09 0 1.07570475651
32.1 0 1.07665624612
32.11 0 1.07852502261
32.12 0 1.07852502261
32.13 0 1.07852502261
32.14 0 1.07852502261
32.15 0 1.08376586872
32.16 0 1.08331348466
32.17 0 1.085122696
32.18 0 1.08528732564
32.19 0 1.08514815919
32.2 0 1.08409775504
32.21 0 1.08817224323
32.22 0 1.08817224323
32.23 0 1.08817224323
32.24 0 1.08817224323
32.25 0 1.09177905974
32.26 0 1.081567442
32.27 0 1.08036174877
32.28 0 1.08943638981
32.29 0 1.09192216792
32.3 0 1.09344267415
32.31 0 1.09371580591
32.32 0 1.09730545114
32.33 0 1.09992514931
32.34 0 1.10116672497
32.35 0 1.10177188642
32.36 0 1.1019795723
32.37 0 1.10243562155
32.38 0 1.1016168665
32.39 0 1.10100287549
32.4 0 1.10100287549
32.41 0 1.09782791801
32.42 0 1.09994927543
32.43 0 1.10182894021
32.44 0 1.1033441586
32.45 0 1.10341649137
32.46 0 1.10309554079
32.47 0 1.10347018366
32.48 0 1.10382527331
32.49 0 1.10283761989
32.5 0 1.10223173166
32.51 0 1.09993638413
32.52 0 1.09773703478
32.53 0 1.09647660643
32.54 0 1.09777559361
32.55 0 1.09902495784
32.56 0 1.09959307371
32.57 0 1.09871761957
32.58 0 1.09803090159
32.59 0 1.09699618522
32.6 0 1.09513394571
32.61 0 1.09180447371
32.62 0 1.0907187647
32.63 0 1.09066240728
32.64 0 1.09039457391
32.65 0 1.09043872802
32.66 0 1.09043872802
32.67 0 1.09043872802
32.68 0 1.08760611473
32.69 0 1.08812644336
32.7 0 1.08933604332
32.71 0 1.08969112928
32.72 0 1.08858070738
32.73 0 1.08540157535
32.74 0 1.08174204487
32.75 0 1.08114856191
32.76 0 1.07957031138
32.77 0 1.08014053127
32.78 0 1.08098834318
32.79 0 1.0817269518
32.8 0 1.08213953332
32.81 0 1.08170499295
32.82 0 1.08200964747
32.83 0 1.0822235474
32.84 0 1.08348544566
32.85 0 1.08323080313
32.86 0 1.08467033896
32.87 0 1.08585520738
32.88 0 1.08578884506
32.89 0 1.09281268132
32.9 0 1.09483174425
32.91 0 1.09697174496
32.92 0 1.09697174496
32.93 0 1.10273296128
32.94 0 1.10043898041
32.95 0 1.09920239695
32.96 0 1.09744091551
32.97 0 1.1022196284
32.98 0 1.10651459129
32.99 0 1.10901763647
33.0 0 1.11003509504
33.01 0 1.11142021265
33.02 0 1.11143102853
33.03 0 1.11143102853
33.04 0 1.11143102853
33.05 0 1.11143102853
33.06 0 1.10819700512
33.07 0 1.10819700512
33.08 0 1.1075742386
33.09 0 1.10948509183
33.1 0 1.10783545612
33.11 0 1.1119979648
33.12 0 1.11109534449
33.13 0 1.11440628845
33.14 0 1.11561829622
33.15 0 1.11622585529
33.16 0 1.11450923522
33.17 0 1.11372224593
33.18 0 1.11160742035
33.19 0 1.11015618257
33.2 0 1.10918409381
33.21 0 1.10987496572
33.22 0 1.11212421804
33.23 0 1.11438822012
33.24 0 1.11493965989
33.25 0 1.11506260495
33.26 0 1.11546020189
33.27 0 1.11546020189
33.28 0 1.11546020189
33.29 0 1.11570713601
33.3 0 1.1153738534
33.31 0 1.11445847082
33.32 0 1.11361608192
33.33 0 1.11383472089
33.34 0 1.1141938296
33.35 0 1.11410919682
33.36 0 1.11335741401
33.37 0 1.11161100105
33.38 0 1.11077626832
33.39 0 1.1096011058
33.4 0 1.10850644245
33.41 0 1.10813195868
33.42 0 1.10745081628
33.43 0 1.10720723307
33.44 0 1.10738257098
33.45 0 1.1070197033
33.46 0 1.1057077646
33.47 0 1.10421062447
33.48 0 1.1030247839
33.49 0 1.10290014614
33.5 0 1.10193181283
33.51 0 1.10180223329
33.52 0 1.10192308524
33.53 0 1.10157507737
33.54 0 1.10183004233
33.55 0 1.10223678287
33.56 0 1.10223678287
33.57 0 1.10223678287
33.58 0 1.10494711915
33.59 0 1.10520389008
33.6 0 1.10704610304
33.61 0 1.10787027193
33.62 0 1.10753787441
33.63 0 1.10922297933
33.64 0 1.10998637817
33.65 0 1.10998637817
33.66 0 1.11139073045
33.67 0 1.11198817393
33.68 0 1.11408722511
33.69 0 1.11624356343
33.7 0 1.11803791983
33.71 0 1.11806479601
33.72 0 1.11722253323
33.73 0 1.11722173934
33.74 0 1.11596765707
33.75 0 1.11426211576
33.76 0 1.11086067219
33.77 0 1.11306974833
33.78 0 1.12095276272
33.79 0 1.11913081963
33.8 0 1.12026970233
33.81 0 1.11879050963
33.82 0 1.12631731209
33.83 0 1.12207116023
33.84 0 1.13063378871
33.85 0 1.13651530972
33.86 0 1.13874356162
33.87 0 1.13871492193
33.88 0 1.13919752349
33.89 0 1.13935006375
33.9 0 1.14063169508
33.91 0 1.14232450879
33.92 0 1.14200220053
33.93 0 1.14155858889
33.94 0 1.14026713809
33.95 0 1.13956056272
33.96 0 1.13774668812
33.97 0 1.13630233446
33.98 0 1.13671655878
33.99 0 1.13690636101
34.0 0 1.1374793485
34.01 0 1.13511526608
34.02 0 1.13630440088
34.03 0 1.13715553093
34.04 0 1.13740599852
34.05 0 1.13692684711
34.06 0 1.13675946626
34.07 0 1.13394922274
34.08 0 1.13394922274
34.09 0 1.13038859762
34.1 0 1.12935967136
34.11 0 1.12723255648
34.12 0 1.12708275678
34.13 0 1.12731727867
34.14 0 1.12748338354
34.15 0 1.12748338354
34.16 0 1.12748338354
34.17 0 1.1225923572
34.18 0 1.12095419708
34.19 0 1.12028579771
34.2 0 1.11834360111
34.21 0 1.11834360111
34.22 0 1.11786288261
34.23 0 1.11773702916
34.24 0 1.11716242694
34.25 0 1.11704923362
34.26 0 1.11720109209
34.27 0 1.11686905805
34.28 0 1.11747688913
34.29 0 1.11721807221
34.3 0 1.11769970894
34.31 0 1.11864651549
34.32 0 1.11950973436
34.33 0 1.11994157576
34.34 0 1.12211103463
34.35 0 1.12211103463
34.36 0 1.12289561985
34.37 0 1.12363246691
34.38 0 1.12590743835
34.39 0 1.12552745405
34.4 0 1.12701241132
34.41 0 1.12816366887
34.42 0 1.12997063556
34.43 0 1.13176509314
34.44 0 1.13306604637
34.45 0 1.13373283649
34.46 0 1.13799037102
34.47 0 1.14202141105
34.48 0 1.14315625521
34.49 0 1.14724347639
34.5 0 1.15138160699
34.51 0 1.15009880232
34.52 0 1.154032253
34.53 0 1.15489914346
34.54 0 1.15020382732
34.55 0 1.15034489333
34.56 0 1.15770238635
34.57 0 1.16014787804
34.58 0 1.16183124736
34.59 0 1.16117430356
34.6 0 1.1615716797
34.61 0 1.16326049855
34.62 0 1.16550171116
34.63 0 1.16635354351
34.64 0 1.16542842838
34.65 0 1.16149752416
34.66 0 1.16149752416
34.67 0 1.15988881743
34.68 0 1.16161592052
34.69 0 1.16329315025
34.7 0 1.16329315025
34.71 0 1.16700434685
34.72 0 1.16902972079
34.73 0 1.17018519352
34.74 0 1.17083629809
34.75 0 1.17012737697
34.76 0 1.17012737697
34.77 0 1.16636596189
34.78 0 1.16236166243
34.79 0 1.162383481
34.8 0 1.162383481
34.81 0 1.16390931042
34.82 0 1.16433547928
34.83 0 1.16430628525
34.84 0 1.16393870636
34.85 0 1.16411599284
34.86 0 1.16383070894
34.87 0 1.16251173064
34.88 0 1.15806697098
34.89 0 1.15806697098
34.9 0 1.1552769023
34.91 0 1.15492191255
34.92 0 1.15495290869
34.93 0 1.15503267562
34.94 0 1.15474615308
34.95 0 1.15443471167
34.96 0 1.15443471167
34.97 0 1.15443471167
34.98 0 1.15034030214
34.99 0 1.1481432659
35.0 0 1.14754381046
35.01 0 1.14663593874
35.02 0 1.14595226626
35.03 0 1.14513373658
35.04 0 1.14551369834
35.05 0 1.14395661273
35.06 0 1.14384099047
35.07 0 1.14300711852
35.08 0 1.14385339754
35.09 0 1.1452111759
35.1 0 1.14663461602
35.11 0 1.14683373889
35.12 0 1.14739292862
35.13 0 1.14964596417
35.14 0 1.15130096959
35.15 0 1.15205267731
35.16 0 1.15261609743
35.17 0 1.15304625892
35.18 0 1.15394570964
35.19 0 1.15434173137
35.2 0 1.15603710862
35.21 0 1.15603710862
35.22 0 1.15603710862
35.23 0 1.15603710862
35.24 0 1.15486992497
35.25 0 1.15486992497
35.26 0 1.15486992497
35.27 0 1.1655725756
35.28 0 1.1655725756
35.29 0 1.1655725756
35.3 0 1.17204895844
35.31 0 1.17204895844
35.32 0 1.17204895844
35.33 0 1.17204895844
35.34 0 1.17199485521
35.35 0 1.18168569822
35.36 0 1.18693471919
35.37 0 1.18886533776
35.38 0 1.18886533776
35.39 0 1.18886533776
35.4 0 1.19378581585
35.41 0 1.19378581585
35.42 0 1.19378581585
35.43 0 1.19378581585
35.44 0 1.19378581585
35.45 0 1.18572005113
35.46 0 1.18700509084
35.47 0 1.18776477026
35.48 0 1.18817055795
35.49 0 1.190306377
35.5 0 1.190306377
35.51 0 1.190306377
35.52 0 1.19400580237
35.53 0 1.19369342267
35.54 0 1.19283757628
35.55 0 1.19264233828
35.56 0 1.19404180912
35.57 0 1.19347260024
35.58 0 1.19347260024
35.59 0 1.19441654671
35.6 0 1.19841926491
35.61 0 1.19869843944
35.62 0 1.19902612472
35.63 0 1.20010453269
35.64 0 1.20000463602
35.65 0 1.1985476741
35.66 0 1.19761009623
35.67 0 1.19634450682
35.68 0 1.19616703548
35.69 0 1.19557132553
35.7 0 1.19514270956
35.71 0 1.19489904279
35.72 0 1.19329433476
35.73 0 1.19258892035
35.74 0 1.19217968606
35.75 0 1.19098291204
35.76 0 1.1889286914
35.77 0 1.18878455011
35.78 0 1.18742100544
35.79 0 1.18634849853
35.8 0 1.18577172451
35.81 0 1.18576558994
35.82 0 1.18671137063
35.83 0 1.18688352188
35.84 0 1.18694678776
35.85 0 1.18518123411
35.86 0 1.18490397474
35.87 0 1.184257364
35.88 0 1.18440136558
35.89 0 1.18385247372
35.9 0 1.18134087672
35.91 0 1.18094370481
35.92 0 1.18176802705
35.93 0 1.18263239737
35.94 0 1.18335509623
35.95 0 1.1834923033
35.96 0 1.18177136443
35.97 0 1.18146289172
35.98 0 1.18213696251
35.99 0 1.18202891684
36.0 0 1.18283959273
36.01 0 1.18610093672
36.02 0 1.18705596694
36.03 0 1.18761398285
36.04 0 1.19092163451
36.05 0 1.19187016306
36.06 0 1.19157392127
36.07 0 1.19158530333
36.08 0 1.19158530333
36.09 0 1.18955771896
36.1 0 1.18917999903
36.11 0 1.1916484038
36.12 0 1.18808847246
36.13 0 1.19089007768
36.14 0 1.19252805266
36.15 0 1.18885099239
36.16 0 1.19595278788
36.17 0 1.19203154813
36.18 0 1.19286810526
36.19 0 1.19905983852
36.2 0 1.20067642453
36.21 0 1.20079923253
36.22 0 1.20163568746
36.23 0 1.20211162085
36.24 0 1.20183181306
36.25 0 1.20516886783
36.26 0 1.20971735481
36.27 0 1.21076731958
36.28 0 1.21203630706
36.29 0 1.21256354654
36.3 0 1.21271378577
36.31 0 1.21158122218
36.32 0 1.20981162875
36.33 0 1.20956524483
36.34 0 1.20884468469
36.35 0 1.20868638143
36.36 0 1.20947983849
36.37 0 1.21016209863
36.38 0 1.21080439075
36.39 0 1.21051588967
36.4 0 1.21040260229
36.41 0 1.21028608155
36.42 0 1.20954991021
36.43 0 1.20887529423
36.44 0 1.20830737889
36.45 0 1.20712120548
36.46 0 1.20613200599
36.47 0 1.2059596123
36.48 0 1.2063496999
36.49 0 1.20662656416
36.5 0 1.20630939518
36.51 0 1.2059379409
36.52 0 1.20552058578
36.53 0 1.20552058578
36.54 0 1.20552058578
36.55 0 1.20208265095
36.56 0 1.20208265095
36.57 0 1.20208265095
36.58 0 1.19955394601
36.59 0 1.19826073896
36.6 0 1.1973162332
36.61 0 1.1964748785
36.62 0 1.19592625891
36.63 0 1.19600326308
36.64 0 1.19654273993
36.65 0 1.19742505297
36.66 0 1.19785974572
36.67 0 1.19845931711
36.68 0 1.19826048145
36.69 0 1.19744157776
36.7 0 1.19685711142
36.71 0 1.19685711142
36.72 0 1.19620896071
36.73 0 1.19716786247
36.74 0 1.19785834104
36.75 0 1.19869500491
36.76 0 1.19958663917
36.77 0 1.19955075485
36.78 0 1.20063184415
36.79 0 1.20236793627
36.8 0 1.20533707168
36.81 0 1.2064479914
36.82 0 1.2077111537
36.83 0 1.20886097097
36.84 0 1.2109090139
36.85 0 1.21184662169
36.86 0 1.21233188984
36.87 0 1.21032487308
36.88 0 1.20929400584
36.89 0 1.21077377722
36.9 0 1.20610183252
36.91 0 1.20910050545
36.92 0 1.21049340402
36.93 0 1.21191447137
36.94 0 1.21354619055
36.95 0 1.21660290431
36.96 0 1.21758801478
36.97 0 1.21647448138
36.98 0 1.21192002981
36.99 0 1.21829341192
37.0 0 1.22074861281
37.01 0 1.22355991493
37.02 0 1.22626122781
37.03 0 1.22922369537
37.04 0 1.23031187054
37.05 0 1.23118369401
37.06 0 1.23070130979
37.07 0 1.23081458484
37.08 0 1.22963108806
37.09 0 1.22728779957
37.1 0 1.2282231681
37.11 0 1.22594490683
37.12 0 1.22515298993
37.13 0 1.2260528115
37.14 0 1.22623111325
37.15 0 1.22661765945
37.16 0 1.22661765945
37.17 0 1.2282322018
37.18 0 1.2282481533
37.19 0 1.22790360421
37.2 0 1.2278846068
37.21 0 1.22669801126
37.22 0 1.22606283091
37.23 0 1.22405356665
37.24 0 1.22337847174
37.25 0 1.22285718377
37.26 0 1.22291368489
37.27 0 1.22322337887
37.28 0 1.22236099053
37.29 0 1.22151263432
37.3 0 1.22016115682
37.31 0 1.21901367613
37.32 0 1.21770340353
37.33 0 1.21738361806
37.34 0 1.21656232563
37.35 0 1.21660286519
37.36 0 1.21710305054
37.37 0 1.21715833788
37.38 0 1.21715833788
37.39 0 1.21715833788
37.4 0 1.2171218426
37.41 0 1.21664767427
37.42 0 1.21648457407
37.43 0 1.2158523353
37.44 0 1.21566776062
37.45 0 1.21552220441
37.46 0 1.21578211542
37.47 0 1.21573887489
37.48 0 1.21437861238
37.49 0 1.21262908259
37.5 0 1.21214953959
37.51 0 1.21216930908
37.52 0 1.21205533715
37.53 0 1.21207911681
37.54 0 1.21200572597
37.55 0 1.21314655241
37.56 0 1.21520456418
37.57 0 1.21591385955
37.58 0 1.21698235035
37.59 0 1.21997649812
37.6 0 1.22139065597
37.61 0 1.22201246521
37.62 0 1.22456528924
37.63 0 1.2258723154
37.64 0 1.22758572477
37.65 0 1.22887812567
37.66 0 1.22719433059
37.67 0 1.22573771998
37.68 0 1.2253745911
37.69 0 1.22556577454
37.7 0 1.22522312373
37.71 0 1.22855426507
37.72 0 1.22974131195
37.73 0 1.22833877105
37.74 0 1.23021017981
37.75 0 1.22644276411
37.76 0 1.22639936319
37.77 0 1.23357779126
37.78 0 1.23664488967
37.79 0 1.23573454393
37.8 0 1.23850877009
37.81 0 1.24037085242
37.82 0 1.23962174755
37.83 0 1.24335993654
37.84 0 1.24361983128
37.85 0 1.24405362664
37.86 0 1.24417661401
37.87 0 1.24334978935
37.88 0 1.24278351016
37.89 0 1.24190775763
37.9 0 1.24226161708
37.91 0 1.24212702373
37.92 0 1.24109043766
37.93 0 1.23893480529
37.94 0 1.23528499749
37.95 0 1.23528499749
37.96 0 1.23702069657
37.97 0 1.23693028866
37.98 0 1.23642193503
37.99 0 1.23600131443
38.0 0 1.23548878837
38.01 0 1.23515709669
38.02 0 1.23461003837
38.03 0 1.2345624058
38.04 0 1.23454195548
38.05 0 1.23420287855
38.06 0 1.23324231865
38.07 0 1.23324231865
38.08 0 1.23157363064
38.09 0 1.23120406769
38.1 0 1.23039815431
38.11 0 1.22937322214
38.12 0 1.22839966578
38.13 0 1.22817921658
38.14 0 1.22767633731
38.15 0 1.22769905297
38.16 0 1.22729871248
38.17 0 1.22640960883
38.18 0 1.22378171166
38.19 0 1.22286944822
38.2 0 1.22270631538
38.21 0 1.2221006778
38.22 0 1.22055822687
38.23 0 1.21980644545
38.24 0 1.2195364073
38.25 0 1.21930894777
38.26 0 1.21889166707
38.27 0 1.21872669856
38.28 0 1.21885557365
38.29 0 1.21885557365
38.3 0 1.21885557365
38.31 0 1.22005672778
38.32 0 1.22218978843
38.33 0 1.22285684754
38.34 0 1.22407674617
38.35 0 1.22424261043
38.36 0 1.22485730185
38.37 0 1.22342229456
38.38 0 1.23221957092
38.39 0 1.24783478018
38.4 0 1.24938806418
38.41 0 1.25039255997
38.42 0 1.2509570146
38.43 0 1.25142481549
38.44 0 1.25467457121
38.45 0 1.25432438276
38.46 0 1.25182238705
38.47 0 1.24995869674
38.48 0 1.24797463993
38.49 0 1.25075789642
38.5 0 1.2476364324
38.51 0 1.24479397989
38.52 0 1.24561025759
38.53 0 1.24243012011
38.54 0 1.24351133336
38.55 0 1.24360504876
38.56 0 1.24063286028
38.57 0 1.24671773882
38.58 0 1.24834189314
38.59 0 1.24803208872
38.6 0 1.24911374559
38.61 0 1.25046882491
38.62 0 1.25706183091
38.63 0 1.25772237474
38.64 0 1.25587464014
38.65 0 1.25651264419
38.66 0 1.25450154429
38.67 0 1.25450154429
38.68 0 1.25365228234
38.69 0 1.25124838621
38.7 0 1.25119876637
38.71 0 1.2521669236
38.72 0 1.25299645999
38.73 0 1.25408642584
38.74 0 1.25574434305
38.75 0 1.25594623117
38.76 0 1.25547741377
38.77 0 1.25541899291
38.78 0 1.2548537511
38.79 0 1.25440000603
38.8 0 1.25440000603
38.81 0 1.25440000603
38.82 0 1.25132802022
38.83 0 1.25127518506
38.84 0 1.25155303293
38.85 0 1.25156568634
38.86 0 1.2508196872
38.87 0 1.24967600527
38.88 0 1.24886849177
38.89 0 1.24781086746
38.9 0 1.24709585746
38.91 0 1.24644625849
38.92 0 1.24611937915
38.93 0 1.24579509903
38.94 0 1.24555652461
38.95 0 1.24530452784
38.96 0 1.24460430163
38.97 0 1.24427548799
38.98 0 1.24402098848
38.99 0 1.24402098848
39.0 0 1.24434913347
