time,index,height
0.01 0 0.0
0.02 0 0.0260093345994
0.03 0 0.0260093345994
0.04 0 0.0294066299636
0.05 0 0.0322345665596
0.06 0 0.0347688603868
0.07 0 0.0398787043713
0.08 0 0.0398787043713
0.09 0 0.0398787043713
0.1 0 0.0480633660304
0.11 0 0.0480633660304
0.12 0 0.0559856145599
0.13 0 0.0559856145599
0.14 0 0.0582114235967
0.15 0 0.059267409685
0.16 0 0.0613488680389
0.17 0 0.062679721032
0.18 0 0.0641998976873
0.19 0 0.0647368608682
0.2 0 0.0647855403487
0.21 0 0.0627886293527
0.22 0 0.0616017844928
0.23 0 0.0579593235292
0.24 0 0.0520403514974
0.25 0 0.0466464364748
0.26 0 0.0379085809719
0.27 0 0.0370506624613
0.28 0 0.034626882103
0.29 0 0.0317717963912
0.3 0 0.0301583526701
0.31 0 0.0301743118381
0.32 0 0.0302123936929
0.33 0 0.0303212988582
0.34 0 0.0304454502893
0.35 0 0.0306460470554
0.36 0 0.0311470105626
0.37 0 0.0316831650758
0.38 0 0.0331008045392
0.39 0 0.034631035656
0.4 0 0.034631035656
0.41 0 0.0362161558428
0.42 0 0.0381957849306
0.43 0 0.0392318199675
0.44 0 0.0408152439402
0.45 0 0.0426290437516
0.46 0 0.0428383828498
0.47 0 0.0430302348379
0.48 0 0.0429029685278
0.49 0 0.0424026737408
0.5 0 0.0416681755652
0.51 0 0.0406181010553
0.52 0 0.0391803284019
0.53 0 0.0383332182054
0.54 0 0.0371510730877
0.55 0 0.0361090094677
0.56 0 0.0361090094677
0.57 0 0.0363559853512
0.58 0 0.0371397063438
0.59 0 0.0374384526938
0.6 0 0.0385900247594
0.61 0 0.0394168665602
0.62 0 0.0403326847437
0.63 0 0.0406141731095
0.64 0 0.0407936640062
0.65 0 0.040888749757
0.66 0 0.0407741986947
0.67 0 0.0406680028652
0.68 0 0.0397706411429
0.69 0 0.0393867586895
0.7 0 0.0393601079137
0.71 0 0.0393987404028
0.72 0 0.0396519426476
0.73 0 0.0399820305715
0.74 0 0.0401846910753
0.75 0 0.0402429521859
0.76 0 0.0403630101497
0.77 0 0.0403424095607
0.78 0 0.0403844933794
0.79 0 0.0404086457961
0.8 0 0.0404479449302
0.81 0 0.04038794167
0.82 0 0.040347963435
0.83 0 0.040307692771
0.84 0 0.0402107003625
0.85 0 0.0399554839642
0.86 0 0.0395886206311
0.87 0 0.0390907171622
0.88 0 0.0388519463512
0.89 0 0.03871711352
0.9 0 0.0387632552187
0.91 0 0.0388775060494
0.92 0 0.0394359424918
0.93 0 0.041328061438
0.94 0 0.0424835925973
0.95 0 0.0450924125196
0.96 0 0.0490384036526
0.97 0 0.0494075920749
0.98 0 0.0512598071211
0.99 0 0.0532016499929
1.0 0 0.0535909111636
1.01 0 0.0542116279809
1.02 0 0.0543096135333
1.03 0 0.0545682968186
1.04 0 0.0546366592492
1.05 0 0.0547188197243
1.06 0 0.0550979721139
1.07 0 0.0553816052786
1.08 0 0.0553915118035
1.09 0 0.0554584608022
1.1 0 0.0554632124575
1.11 0 0.0555216678669
1.12 0 0.0556248040496
1.13 0 0.0554572559701
1.14 0 0.0553047630639
1.15 0 0.055201937195
1.16 0 0.0551903809338
1.17 0 0.0553361345207
1.18 0 0.0552385239935
1.19 0 0.0554573006214
1.2 0 0.0556552606747
1.21 0 0.0555707581799
1.22 0 0.0552999617236
1.23 0 0.0545181271604
1.24 0 0.0543182750389
1.25 0 0.0531571724899
1.26 0 0.0515848229071
1.27 0 0.0509810369847
1.28 0 0.0506343638733
1.29 0 0.0504266141421
1.3 0 0.0499126069488
1.31 0 0.0496299338063
1.32 0 0.048731281894
1.33 0 0.0482580507613
1.34 0 0.0471347217395
1.35 0 0.0469937330934
1.36 0 0.0460594748559
1.37 0 0.0451009465096
1.38 0 0.0441915329327
1.39 0 0.0436921864246
1.4 0 0.0444782276102
1.41 0 0.0450764534843
1.42 0 0.0462041149802
1.43 0 0.0462255024769
1.44 0 0.0468248155499
1.45 0 0.0475517639006
1.46 0 0.0486236443494
1.47 0 0.049507845409
1.48 0 0.0498626215333
1.49 0 0.0503025135812
1.5 0 0.0511737472623
1.51 0 0.0520673945349
1.52 0 0.0523631339277
1.53 0 0.0527006626576
1.54 0 0.0533364933107
1.55 0 0.0539889337501
1.56 0 0.0544779339484
1.57 0 0.0551179627622
1.58 0 0.0555096906693
1.59 0 0.0557836154289
1.6 0 0.0562219779555
1.61 0 0.0561176916296
1.62 0 0.056156919508
1.63 0 0.0562429431655
1.64 0 0.0558900661552
1.65 0 0.0553457891105
1.66 0 0.0550795018769
1.67 0 0.0547167424537
1.68 0 0.0539974271758
1.69 0 0.0541486490769
1.7 0 0.0536886111097
1.71 0 0.0528149848919
1.72 0 0.0526374195248
1.73 0 0.0520041633236
1.74 0 0.0519760153432
1.75 0 0.0530511255376
1.76 0 0.0548669265856
1.77 0 0.0553952886253
1.78 0 0.0574695606531
1.79 0 0.0582817494124
1.8 0 0.0625418525576
1.81 0 0.0629787653526
1.82 0 0.0657982670928
1.83 0 0.0657982670928
1.84 0 0.0687622348351
1.85 0 0.0693115465863
1.86 0 0.0699181854069
1.87 0 0.0709468434779
1.88 0 0.0715445066044
1.89 0 0.0718597804583
1.9 0 0.0725592878315
1.91 0 0.072749817779
1.92 0 0.0727157947273
1.93 0 0.0728748123621
1.94 0 0.0731721238321
1.95 0 0.0733759225905
1.96 0 0.0732930098944
1.97 0 0.0734888611318
1.98 0 0.0737218944186
1.99 0 0.0742918751942
2.0 0 0.0748335560497
2.01 0 0.0747715713158
2.02 0 0.0735909293135
2.03 0 0.0735909293135
2.04 0 0.0735909293135
2.05 0 0.0731685046627
2.06 0 0.0725035550241
2.07 0 0.0723819263733
2.08 0 0.0720061307611
2.09 0 0.0714926787033
2.1 0 0.0708893705609
2.11 0 0.0702384063291
2.12 0 0.069643258702
2.13 0 0.0691464030464
2.14 0 0.0688755780941
2.15 0 0.0685438235563
2.16 0 0.0679690376351
2.17 0 0.0673006639312
2.18 0 0.0660130521579
2.19 0 0.0654319943102
2.2 0 0.0645143965764
2.21 0 0.0638736526505
2.22 0 0.0632901766408
2.23 0 0.0626847668754
2.24 0 0.0628311580576
2.25 0 0.0641538198486
2.26 0 0.0642990143303
2.27 0 0.0658636075224
2.28 0 0.0663353368641
2.29 0 0.0671588617677
2.3 0 0.0676938634652
2.31 0 0.0688813887838
2.32 0 0.0699253292346
2.33 0 0.0712744394069
2.34 0 0.0736449408643
2.35 0 0.0751704314483
2.36 0 0.0764039391786
2.37 0 0.0769306637826
2.38 0 0.0798827788292
2.39 0 0.0814470406688
2.4 0 0.0823875415026
2.41 0 0.0843331608897
2.42 0 0.0868201667264
2.43 0 0.0880618651235
2.44 0 0.0897346871698
2.45 0 0.0897346871698
2.46 0 0.0908428364031
2.47 0 0.0910175864461
2.48 0 0.092141237712
2.49 0 0.0934937367247
2.5 0 0.0936649401339
2.51 0 0.0937605536683
2.52 0 0.0932069379456
2.53 0 0.0933754114377
2.54 0 0.0942025830343
2.55 0 0.0945374327488
2.56 0 0.0951362284036
2.57 0 0.0955042842491
2.58 0 0.0964109836097
2.59 0 0.0964109836097
2.6 0 0.0964109836097
2.61 0 0.0977449097874
2.62 0 0.0980971994276
2.63 0 0.0980287344828
2.64 0 0.097674610995
2.65 0 0.0971898923281
2.66 0 0.096530092506
2.67 0 0.095998962676
2.68 0 0.0962180539675
2.69 0 0.0965874672033
2.7 0 0.096712534505
2.71 0 0.0972424036711
2.72 0 0.0973504959808
2.73 0 0.0974416690781
2.74 0 0.0971002374108
2.75 0 0.0968039822852
2.76 0 0.0957816618411
2.77 0 0.0960758216328
2.78 0 0.0963093035116
2.79 0 0.0964940027616
2.8 0 0.0964261106627
2.81 0 0.0964025487726
2.82 0 0.0960754710135
2.83 0 0.0959811113602
2.84 0 0.0959178652852
2.85 0 0.0953896275096
2.86 0 0.0951019878595
2.87 0 0.0942941446908
2.88 0 0.0935109641933
2.89 0 0.0932285778839
2.9 0 0.0929911668137
2.91 0 0.0925712530498
2.92 0 0.0924216824629
2.93 0 0.0921165693374
2.94 0 0.0924809141458
2.95 0 0.0915373066457
2.96 0 0.0910686730592
2.97 0 0.0903601885441
2.98 0 0.0900091274776
2.99 0 0.0899105370632
3.0 0 0.0898808052066
3.01 0 0.0901913485683
3.02 0 0.0919149465572
3.03 0 0.0920526530617
3.04 0 0.0923181078139
3.05 0 0.0938608068613
3.06 0 0.0954746275134
3.07 0 0.0971884744649
3.08 0 0.0989634855194
3.09 0 0.10098429242
3.1 0 0.10390584299
3.11 0 0.104419900579
3.12 0 0.106599231754
3.13 0 0.109690825002
3.14 0 0.111919569126
3.15 0 0.114735345339
3.16 0 0.117229359428
3.17 0 0.120431858024
3.18 0 0.122077294726
3.19 0 0.124530198692
3.2 0 0.125787018812
3.21 0 0.128546477113
3.22 0 0.129091328363
3.23 0 0.131049381456
3.24 0 0.133676422836
3.25 0 0.134550677749
3.26 0 0.136944747323
3.27 0 0.13754901759
3.28 0 0.138706519691
3.29 0 0.139100430664
3.3 0 0.140851537123
3.31 0 0.14076251218
3.32 0 0.141394659396
3.33 0 0.141591155709
3.34 0 0.141746614446
3.35 0 0.141962228806
3.36 0 0.142568382535
3.37 0 0.142598654769
3.38 0 0.143048651226
3.39 0 0.14328526361
3.4 0 0.143601406805
3.41 0 0.14372369503
3.42 0 0.143517726482
3.43 0 0.143346463717
3.44 0 0.143547116926
3.45 0 0.143324360284
3.46 0 0.143381850444
3.47 0 0.143253592989
3.48 0 0.143305275555
3.49 0 0.143598424115
3.5 0 0.143598424115
3.51 0 0.143598424115
3.52 0 0.14486052533
3.53 0 0.145260553898
3.54 0 0.145441094987
3.55 0 0.145832840015
3.56 0 0.146405071673
3.57 0 0.147026396187
3.58 0 0.147250464163
3.59 0 0.147246646806
3.6 0 0.147588680255
3.61 0 0.147990298854
3.62 0 0.148089745227
3.63 0 0.148879184039
3.64 0 0.148747112126
3.65 0 0.147752056936
3.66 0 0.147752056936
3.67 0 0.147218840374
3.68 0 0.147218840374
3.69 0 0.147311831261
3.7 0 0.147090899168
3.71 0 0.146930683485
3.72 0 0.146401902637
3.73 0 0.145928564372
3.74 0 0.145312476436
3.75 0 0.145114834226
3.76 0 0.145003472686
3.77 0 0.143464185544
3.78 0 0.143676157432
3.79 0 0.143059031756
3.8 0 0.142504624737
3.81 0 0.141973923392
3.82 0 0.141928834082
3.83 0 0.142234341632
3.84 0 0.142234341632
3.85 0 0.143511041008
3.86 0 0.144320127165
3.87 0 0.145055384139
3.88 0 0.146033946101
3.89 0 0.147817223409
3.9 0 0.150451040465
3.91 0 0.153278832171
3.92 0 0.153278832171
3.93 0 0.157202736325
3.94 0 0.159968783774
3.95 0 0.159968783774
3.96 0 0.163496712327
3.97 0 0.164587065946
3.98 0 0.167903347962
3.99 0 0.170523231041
4.0 0 0.173601763933
4.01 0 0.17556032799
4.02 0 0.175905844648
4.03 0 0.178101193871
4.04 0 0.180743718583
4.05 0 0.183858879745
4.06 0 0.185652195236
4.07 0 0.187391220577
4.08 0 0.187335808766
4.09 0 0.190419136851
4.1 0 0.190419136851
4.11 0 0.191260371307
4.12 0 0.191960595643
4.13 0 0.192684134334
4.14 0 0.192514347299
4.15 0 0.192250785522
4.16 0 0.191885916831
4.17 0 0.191377115555
4.18 0 0.191406450835
4.19 0 0.190791429069
4.2 0 0.19013970442
4.21 0 0.18926633716
4.22 0 0.188255652414
4.23 0 0.186697851993
4.24 0 0.1865799853
4.25 0 0.1865799853
4.26 0 0.186399673618
4.27 0 0.186194229655
4.28 0 0.185833488659
4.29 0 0.185302520268
4.3 0 0.18469198834
4.31 0 0.184661468616
4.32 0 0.184620553018
4.33 0 0.184829054066
4.34 0 0.184801424201
4.35 0 0.18503490007
4.36 0 0.185600396061
4.37 0 0.185992524258
4.38 0 0.18662878594
4.39 0 0.187333714705
4.4 0 0.187333714705
4.41 0 0.187333714705
4.42 0 0.191286083675
4.43 0 0.192193701354
4.44 0 0.192764969534
4.45 0 0.193048589913
4.46 0 0.193783569573
4.47 0 0.194137559459
4.48 0 0.195185934611
4.49 0 0.195328834004
4.5 0 0.195726899937
4.51 0 0.195776264919
4.52 0 0.19490205049
4.53 0 0.194454505538
4.54 0 0.193669309871
4.55 0 0.193809508826
4.56 0 0.193797912847
4.57 0 0.192802659587
4.58 0 0.190577530182
4.59 0 0.188276493673
4.6 0 0.187093162218
4.61 0 0.184021229234
4.62 0 0.180122464566
4.63 0 0.176193086097
4.64 0 0.174299404021
4.65 0 0.172034106088
4.66 0 0.170064679182
4.67 0 0.169314620427
4.68 0 0.170252564556
4.69 0 0.169517593794
4.7 0 0.171881350358
4.71 0 0.173350439347
4.72 0 0.173257514239
4.73 0 0.175649737295
4.74 0 0.177759869842
4.75 0 0.179773314717
4.76 0 0.183072919312
4.77 0 0.185247448356
4.78 0 0.184693911517
4.79 0 0.188754428144
4.8 0 0.188972329493
4.81 0 0.193887905523
4.82 0 0.197952440713
4.83 0 0.199679139017
4.84 0 0.202074743717
4.85 0 0.202447158819
4.86 0 0.202171117507
4.87 0 0.202338619798
4.88 0 0.202046747867
4.89 0 0.201427629643
4.9 0 0.200754581916
4.91 0 0.200097311188
4.92 0 0.200097311188
4.93 0 0.197032430741
4.94 0 0.197032430741
4.95 0 0.19455381917
4.96 0 0.19455381917
4.97 0 0.19455381917
4.98 0 0.188789273058
4.99 0 0.188789273058
5.0 0 0.188789273058
5.01 0 0.183285342266
5.02 0 0.183285342266
5.03 0 0.180334648172
5.04 0 0.176200664113
5.05 0 0.175366863998
5.06 0 0.17324225109
5.07 0 0.173306932026
5.08 0 0.174252793655
5.09 0 0.174530189241
5.1 0 0.174946397314
5.11 0 0.175738172469
5.12 0 0.176793559527
5.13 0 0.178685182748
5.14 0 0.178685182748
5.15 0 0.180154039843
5.16 0 0.180574385975
5.17 0 0.180478164856
5.18 0 0.179987619996
5.19 0 0.17978454209
5.2 0 0.179987960421
5.21 0 0.180037897248
5.22 0 0.180561676131
5.23 0 0.180693629472
5.24 0 0.180188223984
5.25 0 0.179728115922
5.26 0 0.178429732322
5.27 0 0.177595334867
5.28 0 0.176951622439
5.29 0 0.175887016183
5.3 0 0.174206296965
5.31 0 0.173720819776
5.32 0 0.172046514318
5.33 0 0.171006653893
5.34 0 0.16861742226
5.35 0 0.168210451123
5.36 0 0.166156076948
5.37 0 0.164048725865
5.38 0 0.16116897573
5.39 0 0.160030016747
5.4 0 0.158671768917
5.41 0 0.158463318879
5.42 0 0.158485000454
5.43 0 0.157690208662
5.44 0 0.157795324447
5.45 0 0.158939842132
5.46 0 0.158939842132
5.47 0 0.15866812909
5.48 0 0.161213676976
5.49 0 0.159570748566
5.5 0 0.159597816959
5.51 0 0.159597816959
5.52 0 0.163406523266
5.53 0 0.163964861105
5.54 0 0.165364149272
5.55 0 0.164763918143
5.56 0 0.166917913071
5.57 0 0.169923159204
5.58 0 0.169664168327
5.59 0 0.174188900817
5.6 0 0.17449536444
5.61 0 0.181647286253
5.62 0 0.181647286253
5.63 0 0.18608782297
5.64 0 0.188370013535
5.65 0 0.189683349415
5.66 0 0.190450793986
5.67 0 0.193405082059
5.68 0 0.194471548094
5.69 0 0.19376454107
5.7 0 0.192776853561
5.71 0 0.190560912815
5.72 0 0.187934733387
5.73 0 0.185737101997
5.74 0 0.180905061693
5.75 0 0.177317048971
5.76 0 0.17090480197
5.77 0 0.170955554196
5.78 0 0.168658612942
5.79 0 0.167778827837
5.8 0 0.163652569685
5.81 0 0.160702635309
5.82 0 0.15697870408
5.83 0 0.154635009367
5.84 0 0.151461062799
5.85 0 0.150073434166
5.86 0 0.14563173145
5.87 0 0.145505842299
5.88 0 0.143713135254
5.89 0 0.14214840879
5.9 0 0.141734370818
5.91 0 0.140962797568
5.92 0 0.140964724789
5.93 0 0.140810019463
5.94 0 0.141153086983
5.95 0 0.141255259562
5.96 0 0.141255259562
5.97 0 0.141435935972
5.98 0 0.141883618801
5.99 0 0.142191986871
6.0 0 0.14293789692
6.01 0 0.143307918937
6.02 0 0.144201551632
6.03 0 0.145205385605
6.04 0 0.145922879147
6.05 0 0.145893589498
6.06 0 0.146438062041
6.07 0 0.146478585484
6.08 0 0.146517735167
6.09 0 0.145970141196
6.1 0 0.146147360392
6.11 0 0.146705586603
6.12 0 0.146510545247
6.13 0 0.146712527353
6.14 0 0.14588901716
6.15 0 0.14588901716
6.16 0 0.145502098559
6.17 0 0.145092496887
6.18 0 0.145092496887
6.19 0 0.145092496887
6.2 0 0.145092496887
6.21 0 0.148645379409
6.22 0 0.148645379409
6.23 0 0.150762880953
6.24 0 0.149861416759
6.25 0 0.151411071168
6.26 0 0.151227567752
6.27 0 0.150481700949
6.28 0 0.150148928564
6.29 0 0.1497236263
6.3 0 0.150234096745
6.31 0 0.149332070283
6.32 0 0.149702171562
6.33 0 0.152407736264
6.34 0 0.152123235687
6.35 0 0.153960797506
6.36 0 0.156373335358
6.37 0 0.1599809418
6.38 0 0.160885775674
6.39 0 0.164455536985
6.4 0 0.164323014672
6.41 0 0.166441811018
6.42 0 0.169749751337
6.43 0 0.17051953518
6.44 0 0.17171386084
6.45 0 0.17194244151
6.46 0 0.173368365056
6.47 0 0.175044887383
6.48 0 0.175142827435
6.49 0 0.174842645829
6.5 0 0.177613798899
6.51 0 0.178320808025
6.52 0 0.177355478217
6.53 0 0.175684044088
6.54 0 0.174636572862
6.55 0 0.173550740395
6.56 0 0.170885354722
6.57 0 0.16702673714
6.58 0 0.162662387416
6.59 0 0.161469798718
6.6 0 0.157476790824
6.61 0 0.156840410239
6.62 0 0.156390485996
6.63 0 0.155592223954
6.64 0 0.154266180902
6.65 0 0.153604736061
6.66 0 0.153337903218
6.67 0 0.153337903218
6.68 0 0.153337903218
6.69 0 0.1511006058
6.7 0 0.1511006058
6.71 0 0.150380529441
6.72 0 0.150964100773
6.73 0 0.151556408419
6.74 0 0.152094667976
6.75 0 0.151977292754
6.76 0 0.151136433852
6.77 0 0.151447316264
6.78 0 0.151062168357
6.79 0 0.150933257213
6.8 0 0.150958750009
6.81 0 0.151631351548
6.82 0 0.152154410101
6.83 0 0.152653432089
6.84 0 0.152964836495
6.85 0 0.152373904931
6.86 0 0.152189984113
6.87 0 0.151678122972
6.88 0 0.150410296918
6.89 0 0.149621063464
6.9 0 0.148655864913
6.91 0 0.147682416869
6.92 0 0.147682125934
6.93 0 0.148038436606
6.94 0 0.1482951336
6.95 0 0.149370561644
6.96 0 0.149349943447
6.97 0 0.152356954279
6.98 0 0.152356954279
6.99 0 0.152575374967
7.0 0 0.153575548847
7.01 0 0.154180637628
7.02 0 0.153931717716
7.03 0 0.155284000553
7.04 0 0.155610933154
7.05 0 0.158041100625
7.06 0 0.160347550847
7.07 0 0.161830253017
7.08 0 0.160988894402
7.09 0 0.163190431441
7.1 0 0.162840751185
7.11 0 0.163608247529
7.12 0 0.167064638216
7.13 0 0.168184926755
7.14 0 0.16828533612
7.15 0 0.172444674376
7.16 0 0.174025438231
7.17 0 0.176977126922
7.18 0 0.178443245368
7.19 0 0.176558273474
7.2 0 0.178848534618
7.21 0 0.176538228425
7.22 0 0.169949750543
7.23 0 0.180474536566
7.24 0 0.180474536566
7.25 0 0.179291977793
7.26 0 0.179291977793
7.27 0 0.180220008617
7.28 0 0.175097766708
7.29 0 0.175189291146
7.3 0 0.172889182753
7.31 0 0.170149231851
7.32 0 0.169634833465
7.33 0 0.168138841319
7.34 0 0.163659617605
7.35 0 0.16165353467
7.36 0 0.162136252481
7.37 0 0.159453714494
7.38 0 0.160355334711
7.39 0 0.160315183613
7.4 0 0.160502486726
7.41 0 0.160896151684
7.42 0 0.161159054721
7.43 0 0.160103422885
7.44 0 0.160317481563
7.45 0 0.160960393433
7.46 0 0.162395834874
7.47 0 0.165288227054
7.48 0 0.165288227054
7.49 0 0.167663278472
7.5 0 0.168203366557
7.51 0 0.167720170466
7.52 0 0.167229294184
7.53 0 0.167325274477
7.54 0 0.167078325269
7.55 0 0.167289249232
7.56 0 0.16805723766
7.57 0 0.168297127148
7.58 0 0.168247504252
7.59 0 0.168293399893
7.6 0 0.168433113994
7.61 0 0.169035139096
7.62 0 0.169645073177
7.63 0 0.169667711035
7.64 0 0.170520141772
7.65 0 0.170475412319
7.66 0 0.170096824949
7.67 0 0.17084478583
7.68 0 0.171481115327
7.69 0 0.172187610428
7.7 0 0.172822414007
7.71 0 0.172753176791
7.72 0 0.172698418936
7.73 0 0.172422219542
7.74 0 0.17210749178
7.75 0 0.17210749178
7.76 0 0.17210749178
7.77 0 0.17210749178
7.78 0 0.171142307872
7.79 0 0.17147004239
7.8 0 0.172360249848
7.81 0 0.171379254129
7.82 0 0.170747828753
7.83 0 0.1713327661
7.84 0 0.174828272339
7.85 0 0.174828272339
7.86 0 0.177282636198
7.87 0 0.177962746169
7.88 0 0.182451666529
7.89 0 0.185428511339
7.9 0 0.189280797625
7.91 0 0.193794030211
7.92 0 0.196044319
7.93 0 0.198447440365
7.94 0 0.199184666891
7.95 0 0.201236866964
7.96 0 0.203062837565
7.97 0 0.203126886815
7.98 0 0.204861384197
7.99 0 0.206040298102
8.0 0 0.206767633353
8.01 0 0.206344157513
8.02 0 0.207617670113
8.03 0 0.208960623003
8.04 0 0.208918887229
8.05 0 0.207899074752
8.06 0 0.207899074752
8.07 0 0.207899074752
8.08 0 0.206894707658
8.09 0 0.206894707658
8.1 0 0.206894707658
8.11 0 0.206318030126
8.12 0 0.206318030126
8.13 0 0.206318030126
8.14 0 0.206318030126
8.15 0 0.205860164176
8.16 0 0.204699936786
8.17 0 0.203264674747
8.18 0 0.202792386306
8.19 0 0.201648481881
8.2 0 0.201088491782
8.21 0 0.200614965305
8.22 0 0.200360001229
8.23 0 0.200301206737
8.24 0 0.200374770371
8.25 0 0.200985712983
8.26 0 0.201571930548
8.27 0 0.202208144306
8.28 0 0.20329922166
8.29 0 0.203383960277
8.3 0 0.203986421907
8.31 0 0.204284726984
8.32 0 0.204359833707
8.33 0 0.204494852275
8.34 0 0.204830377626
8.35 0 0.205040600064
8.36 0 0.204861152142
8.37 0 0.206323639283
8.38 0 0.206907742238
8.39 0 0.206658828473
8.4 0 0.206969181365
8.41 0 0.205960695229
8.42 0 0.205755381563
8.43 0 0.205308837768
8.44 0 0.204052624732
8.45 0 0.204174596951
8.46 0 0.205382193393
8.47 0 0.206761385616
8.48 0 0.208319732467
8.49 0 0.211679601136
8.5 0 0.211569788008
8.51 0 0.211569788008
8.52 0 0.212301311092
8.53 0 0.213843044925
8.54 0 0.215151086273
8.55 0 0.21760480541
8.56 0 0.218627546551
8.57 0 0.219422764775
8.58 0 0.219895836135
8.59 0 0.222481997824
8.6 0 0.224294242392
8.61 0 0.226512386427
8.62 0 0.227615459939
8.63 0 0.228344929792
8.64 0 0.228030732909
8.65 0 0.228621282461
8.66 0 0.23062308572
8.67 0 0.23232043659
8.68 0 0.233648716249
8.69 0 0.233648716249
8.7 0 0.235065629023
8.71 0 0.235276623966
8.72 0 0.237415064629
8.73 0 0.239240365631
8.74 0 0.241712815305
8.75 0 0.242495869879
8.76 0 0.243449467875
8.77 0 0.243339772254
8.78 0 0.244551352664
8.79 0 0.243416170156
8.8 0 0.242056001229
8.81 0 0.24061955442
8.82 0 0.238710771323
8.83 0 0.236975945623
8.84 0 0.234220337016
8.85 0 0.231240043575
8.86 0 0.230505837953
8.87 0 0.230614810381
8.88 0 0.23078140453
8.89 0 0.231020083912
8.9 0 0.230222262311
8.91 0 0.229925355922
8.92 0 0.228644638602
8.93 0 0.228854207495
8.94 0 0.229456106112
8.95 0 0.231215852355
8.96 0 0.233670900639
8.97 0 0.239275624322
8.98 0 0.241844300353
8.99 0 0.244419768694
9.0 0 0.245806924528
9.01 0 0.24706980005
9.02 0 0.244353582371
9.03 0 0.243862331907
9.04 0 0.240356032927
9.05 0 0.237919574529
9.06 0 0.234503418343
9.07 0 0.232654606456
9.08 0 0.231795819539
9.09 0 0.231136318683
9.1 0 0.230921788552
9.11 0 0.230071903497
9.12 0 0.229372019599
9.13 0 0.229372019599
9.14 0 0.229372019599
9.15 0 0.22766504645
9.16 0 0.227240963484
9.17 0 0.227155289385
9.18 0 0.227296786129
9.19 0 0.22779650002
9.2 0 0.227520142549
9.21 0 0.228910871493
9.22 0 0.228909585934
9.23 0 0.228808034837
9.24 0 0.228772833148
9.25 0 0.22948431225
9.26 0 0.230251741454
9.27 0 0.231858109788
9.28 0 0.231746674036
9.29 0 0.232977475235
9.3 0 0.23209323146
9.31 0 0.232923223507
9.32 0 0.234333458382
9.33 0 0.234409962591
9.34 0 0.240132130059
9.35 0 0.240132130059
9.36 0 0.240626418656
9.37 0 0.242574192234
9.38 0 0.245168035071
9.39 0 0.246790980247
9.4 0 0.247487588421
9.41 0 0.247928487681
9.42 0 0.249135333719
9.43 0 0.247852934826
9.44 0 0.249146485197
9.45 0 0.250575436477
9.46 0 0.250076200174
9.47 0 0.252775354993
9.48 0 0.252823441027
9.49 0 0.261733094497
9.5 0 0.264951905323
9.51 0 0.266912972211
9.52 0 0.273135663724
9.53 0 0.273939790638
9.54 0 0.277234294319
9.55 0 0.276093042551
9.56 0 0.275868207006
9.57 0 0.274873152521
9.58 0 0.273075095321
9.59 0 0.271205099137
9.6 0 0.267811026525
9.61 0 0.262381076327
9.62 0 0.262381076327
9.63 0 0.259761910403
9.64 0 0.257711005079
9.65 0 0.255637621824
9.66 0 0.253515239428
9.67 0 0.252566130416
9.68 0 0.251982643604
9.69 0 0.251464775006
9.7 0 0.251896871194
9.71 0 0.253158837062
9.72 0 0.254038390416
9.73 0 0.254730823298
9.74 0 0.255322454732
9.75 0 0.255708039079
9.76 0 0.254946450019
9.77 0 0.252915981757
9.78 0 0.251813433562
9.79 0 0.250721682988
9.8 0 0.249492646382
9.81 0 0.247597441592
9.82 0 0.24354649307
9.83 0 0.243235082018
9.84 0 0.240866812532
9.85 0 0.238888811448
9.86 0 0.236181795366
9.87 0 0.233964085298
9.88 0 0.232549633996
9.89 0 0.231884474221
9.9 0 0.230801222926
9.91 0 0.230175572184
9.92 0 0.229711927945
9.93 0 0.229968162811
9.94 0 0.230864018141
9.95 0 0.23087271662
9.96 0 0.231043708679
9.97 0 0.2312413516
9.98 0 0.2312413516
9.99 0 0.231438987236
10.0 0 0.231438987236
10.01 0 0.231438987236
10.02 0 0.233453419459
10.03 0 0.23410446905
10.04 0 0.235582639336
10.05 0 0.235459760379
10.06 0 0.238025728441
10.07 0 0.238732974935
10.08 0 0.239224918232
10.09 0 0.240003906271
10.1 0 0.240474118398
10.11 0 0.245136605049
10.12 0 0.244089055379
10.13 0 0.24706925553
10.14 0 0.249052922823
10.15 0 0.254676553177
10.16 0 0.255659636019
10.17 0 0.257606263618
10.18 0 0.258746704469
10.19 0 0.256118901292
10.2 0 0.257626434355
10.21 0 0.259437509034
10.22 0 0.263195810389
10.23 0 0.267414925638
10.24 0 0.269333230212
10.25 0 0.271095624606
10.26 0 0.271740382478
10.27 0 0.275082750477
10.28 0 0.27558757027
10.29 0 0.279566751715
10.3 0 0.281563194934
10.31 0 0.284310226083
10.32 0 0.284772039654
10.33 0 0.283995448955
10.34 0 0.282685497909
10.35 0 0.281341735711
10.36 0 0.279286115926
10.37 0 0.278803213563
10.38 0 0.278037666427
10.39 0 0.27645125108
10.4 0 0.276276258457
10.41 0 0.275920307523
10.42 0 0.27365464571
10.43 0 0.272367598441
10.44 0 0.271771925211
10.45 0 0.271068922313
10.46 0 0.269116424306
10.47 0 0.268037716538
10.48 0 0.267708696435
10.49 0 0.267532902183
10.5 0 0.265960614653
10.51 0 0.264070972073
10.52 0 0.262954386992
10.53 0 0.260040774951
10.54 0 0.258293608068
10.55 0 0.256772217142
10.56 0 0.256546062836
10.57 0 0.256701893846
10.58 0 0.256046871333
10.59 0 0.255109037128
10.6 0 0.254580086204
10.61 0 0.25354671371
10.62 0 0.25253847882
10.63 0 0.253123938635
10.64 0 0.2535322607
10.65 0 0.253805388827
10.66 0 0.25429632788
10.67 0 0.25439211041
10.68 0 0.255168822291
10.69 0 0.25546392342
10.7 0 0.25631492499
10.71 0 0.256920283156
10.72 0 0.258856971437
10.73 0 0.259709837454
10.74 0 0.260509338278
10.75 0 0.260532557034
10.76 0 0.261683890099
10.77 0 0.263035077782
10.78 0 0.263663397262
10.79 0 0.264239211378
10.8 0 0.265686252426
10.81 0 0.267099060838
10.82 0 0.269615043494
10.83 0 0.271193535013
10.84 0 0.273525032361
10.85 0 0.274267690398
10.86 0 0.277690855808
10.87 0 0.278731650764
10.88 0 0.280637777944
10.89 0 0.283692586315
10.9 0 0.284065947538
10.91 0 0.282360565111
10.92 0 0.282360565111
10.93 0 0.282360565111
10.94 0 0.282890098025
10.95 0 0.283094542108
10.96 0 0.285560506921
10.97 0 0.289034287421
10.98 0 0.291444303156
10.99 0 0.291699014064
11.0 0 0.294566784086
11.01 0 0.29630597405
11.02 0 0.298597472278
11.03 0 0.300812876577
11.04 0 0.303453175586
11.05 0 0.305757043697
11.06 0 0.307395555597
11.07 0 0.308783984933
11.08 0 0.311254051736
11.09 0 0.312838626126
11.1 0 0.313837475998
11.11 0 0.313837475998
11.12 0 0.314149364461
11.13 0 0.314189228746
11.14 0 0.31511615953
11.15 0 0.315107578569
11.16 0 0.314047287023
11.17 0 0.31283708094
11.18 0 0.30808234482
11.19 0 0.305043328679
11.2 0 0.304138395357
11.21 0 0.302599656116
11.22 0 0.300181005364
11.23 0 0.296725233293
11.24 0 0.29308070114
11.25 0 0.287070894989
11.26 0 0.283066498386
11.27 0 0.277985489628
11.28 0 0.273945750516
11.29 0 0.272401094289
11.3 0 0.272451150952
11.31 0 0.272215501184
11.32 0 0.273348554922
11.33 0 0.273292935904
11.34 0 0.272992334254
11.35 0 0.272918642862
11.36 0 0.272518628774
11.37 0 0.271851404685
11.38 0 0.272159337833
11.39 0 0.271613492475
11.4 0 0.270923258504
11.41 0 0.271261364668
11.42 0 0.27143565055
11.43 0 0.271608278789
11.44 0 0.271973523886
11.45 0 0.271951834713
11.46 0 0.272164241628
11.47 0 0.273008668926
11.48 0 0.273515312153
11.49 0 0.275373303561
11.5 0 0.276615396077
11.51 0 0.277685289713
11.52 0 0.278013197447
11.53 0 0.278190539023
11.54 0 0.279902253927
11.55 0 0.280423590048
11.56 0 0.280926443452
11.57 0 0.28222383492
11.58 0 0.28381027134
11.59 0 0.284551919708
11.6 0 0.285492787389
11.61 0 0.285383600444
11.62 0 0.286751226072
11.63 0 0.287278910799
11.64 0 0.289480003092
11.65 0 0.291645714679
11.66 0 0.293491398234
11.67 0 0.295614483998
11.68 0 0.299513201476
11.69 0 0.300706624749
11.7 0 0.301225998127
11.71 0 0.300724084337
11.72 0 0.302808203407
11.73 0 0.305679130275
11.74 0 0.308079980868
11.75 0 0.310167553792
11.76 0 0.31337114451
11.77 0 0.31562199116
11.78 0 0.317581281722
11.79 0 0.319900966392
11.8 0 0.322252768857
11.81 0 0.323438102318
11.82 0 0.327987237095
11.83 0 0.327953356875
11.84 0 0.329012499039
11.85 0 0.328169277168
11.86 0 0.329675002132
11.87 0 0.328922723331
11.88 0 0.330443203677
11.89 0 0.334526233343
11.9 0 0.337998980006
11.91 0 0.33899414434
11.92 0 0.339581093733
11.93 0 0.339891073438
11.94 0 0.339864859783
11.95 0 0.339318409368
11.96 0 0.337695875298
11.97 0 0.336695308457
11.98 0 0.335062925746
11.99 0 0.333433805203
12.0 0 0.331738871163
12.01 0 0.32940186173
12.02 0 0.326784182428
12.03 0 0.326200570973
12.04 0 0.322716878129
12.05 0 0.318567135851
12.06 0 0.317099488709
12.07 0 0.31503758038
12.08 0 0.314050074771
12.09 0 0.313698713624
12.1 0 0.31506024354
12.11 0 0.314539731566
12.12 0 0.313663481127
12.13 0 0.314041579453
12.14 0 0.312456488259
12.15 0 0.311593531272
12.16 0 0.310667974306
12.17 0 0.309795621147
12.18 0 0.308613642891
12.19 0 0.308613642891
12.2 0 0.307426826628
12.21 0 0.307337104653
12.22 0 0.30730520634
12.23 0 0.30730520634
12.24 0 0.307916070604
12.25 0 0.307195508526
12.26 0 0.307485351623
12.27 0 0.307253030767
12.28 0 0.307332283562
12.29 0 0.307056679971
12.3 0 0.307008186893
12.31 0 0.305566900273
12.32 0 0.30441994414
12.33 0 0.304761878848
12.34 0 0.305551602113
12.35 0 0.306259093424
12.36 0 0.308915326647
12.37 0 0.30961425153
12.38 0 0.311246361125
12.39 0 0.311844213419
12.4 0 0.312716719503
12.41 0 0.313424678395
12.42 0 0.31554323641
12.43 0 0.316099956608
12.44 0 0.318290523734
12.45 0 0.32172151943
12.46 0 0.322324719172
12.47 0 0.323236057424
12.48 0 0.321950031162
12.49 0 0.322550931464
12.5 0 0.323114392016
12.51 0 0.322118003388
12.52 0 0.321469504417
12.53 0 0.32066525713
12.54 0 0.319582676969
12.55 0 0.320362311344
12.56 0 0.316282121758
12.57 0 0.320807084439
12.58 0 0.323427901094
12.59 0 0.321677101207
12.6 0 0.323259146802
12.61 0 0.327151460359
12.62 0 0.331191134575
12.63 0 0.338684293693
12.64 0 0.340936056597
12.65 0 0.349590545916
12.66 0 0.35258116428
12.67 0 0.3550893935
12.68 0 0.355724421643
12.69 0 0.357283602138
12.7 0 0.359572898983
12.71 0 0.359615966675
12.72 0 0.359804917512
12.73 0 0.359804917512
12.74 0 0.359455709759
12.75 0 0.358754554324
12.76 0 0.357385907874
12.77 0 0.356819881603
12.78 0 0.3558555282
12.79 0 0.354633964779
12.8 0 0.35165866422
12.81 0 0.347391359251
12.82 0 0.341320253032
12.83 0 0.339212625016
12.84 0 0.337221640423
12.85 0 0.33555936179
12.86 0 0.334385919318
12.87 0 0.334373653995
12.88 0 0.334568982775
12.89 0 0.333045723215
12.9 0 0.330856047454
12.91 0 0.330724864556
12.92 0 0.330493797908
12.93 0 0.330459940856
12.94 0 0.33051113263
12.95 0 0.330276089003
12.96 0 0.330104517727
12.97 0 0.329223675792
12.98 0 0.32862621279
12.99 0 0.327759582484
13.0 0 0.327087256502
13.01 0 0.326780674804
13.02 0 0.326175098402
13.03 0 0.325283016677
13.04 0 0.326219881113
13.05 0 0.327073906323
13.06 0 0.327771790626
13.07 0 0.328448904378
13.08 0 0.329121384016
13.09 0 0.329450188465
13.1 0 0.329192127523
13.11 0 0.328941539792
13.12 0 0.329077344369
13.13 0 0.329883424014
13.14 0 0.331280142409
13.15 0 0.331923171231
13.16 0 0.334094731745
13.17 0 0.333775712519
13.18 0 0.335389304967
13.19 0 0.336683470954
13.2 0 0.337514395079
13.21 0 0.338849392705
13.22 0 0.340356369702
13.23 0 0.341910949563
13.24 0 0.344459131413
13.25 0 0.347357493645
13.26 0 0.348562670882
13.27 0 0.348058778876
13.28 0 0.349367062273
13.29 0 0.349313544425
13.3 0 0.347271782189
13.31 0 0.349670307588
13.32 0 0.352587097984
13.33 0 0.353835661989
13.34 0 0.356695980071
13.35 0 0.363039130575
13.36 0 0.363039130575
13.37 0 0.361024672279
13.38 0 0.362754649835
13.39 0 0.358968024336
13.4 0 0.359263914029
13.41 0 0.363581964255
13.42 0 0.365390081628
13.43 0 0.370621405823
13.44 0 0.372524003478
13.45 0 0.375476875319
13.46 0 0.377229845753
13.47 0 0.37940992094
13.48 0 0.381861910446
13.49 0 0.382070511916
13.5 0 0.38230821012
13.51 0 0.382206182238
13.52 0 0.382197259434
13.53 0 0.382451862194
13.54 0 0.382084672869
13.55 0 0.380793080307
13.56 0 0.380288833936
13.57 0 0.379597676241
13.58 0 0.378117116648
13.59 0 0.377277050197
13.6 0 0.37605469772
13.61 0 0.374458076409
13.62 0 0.373959214184
13.63 0 0.374528700951
13.64 0 0.376590188992
13.65 0 0.377437553714
13.66 0 0.378562650991
13.67 0 0.379699390539
13.68 0 0.38054433284
13.69 0 0.380451719042
13.7 0 0.380108428762
13.71 0 0.379601287906
13.72 0 0.378327481693
13.73 0 0.377869690352
13.74 0 0.37715333703
13.75 0 0.377292594952
13.76 0 0.376925405463
13.77 0 0.376578181114
13.78 0 0.376004774854
13.79 0 0.375001424584
13.8 0 0.374050833906
13.81 0 0.372949183354
13.82 0 0.372690950345
13.83 0 0.372716397674
13.84 0 0.373121416448
13.85 0 0.373131183648
13.86 0 0.372993654014
13.87 0 0.372738849652
13.88 0 0.372854999476
13.89 0 0.372717029941
13.9 0 0.372573651905
13.91 0 0.372693923993
13.92 0 0.371757198634
13.93 0 0.372844266274
13.94 0 0.373537319977
13.95 0 0.374072890773
13.96 0 0.376075257328
13.97 0 0.375767117011
13.98 0 0.378021218645
13.99 0 0.377188565243
14.0 0 0.379942082924
14.01 0 0.382964278467
14.02 0 0.382964278467
14.03 0 0.384669592485
14.04 0 0.388536021983
14.05 0 0.388053095702
14.06 0 0.388513717013
14.07 0 0.388238311258
14.08 0 0.388834515364
14.09 0 0.389094306903
14.1 0 0.390005808469
14.11 0 0.390606256863
14.12 0 0.386068079316
14.13 0 0.388490230385
14.14 0 0.388061244538
14.15 0 0.387273852817
14.16 0 0.38937585207
14.17 0 0.398627228489
14.18 0 0.395234771561
14.19 0 0.400450776886
14.2 0 0.405579552973
14.21 0 0.407651140322
14.22 0 0.412377319302
14.23 0 0.414891706696
14.24 0 0.418860550293
14.25 0 0.42034694751
14.26 0 0.423008902601
14.27 0 0.424782684478
14.28 0 0.424663560613
14.29 0 0.42428826166
14.3 0 0.42401064546
14.31 0 0.424040699616
14.32 0 0.423456564946
14.33 0 0.422609744654
14.34 0 0.421622209957
14.35 0 0.420376831386
14.36 0 0.41960879866
14.37 0 0.418574566491
14.38 0 0.4172193989
14.39 0 0.415220921057
14.4 0 0.411780848192
14.41 0 0.41161021784
14.42 0 0.4123376299
14.43 0 0.41383977981
14.44 0 0.413900358334
14.45 0 0.415100078103
14.46 0 0.418213110491
14.47 0 0.418649195793
14.48 0 0.419016576839
14.49 0 0.419106879281
14.5 0 0.418878140626
14.51 0 0.417784087066
14.52 0 0.41659385323
14.53 0 0.416070368927
14.54 0 0.416095084402
14.55 0 0.416834235918
14.56 0 0.417015451335
14.57 0 0.41632178264
14.58 0 0.416242354517
14.59 0 0.416640501236
14.6 0 0.418338598923
14.61 0 0.418968421919
14.62 0 0.418671307503
14.63 0 0.419213049943
14.64 0 0.420314796457
14.65 0 0.420432816338
14.66 0 0.42093721404
14.67 0 0.421232416717
14.68 0 0.421209953561
14.69 0 0.421726282137
14.7 0 0.421874912522
14.71 0 0.42155713562
14.72 0 0.422776023916
14.73 0 0.42351004181
14.74 0 0.425160845159
14.75 0 0.426225339473
14.76 0 0.427391082985
14.77 0 0.427751093043
14.78 0 0.428975996955
14.79 0 0.429632726692
14.8 0 0.432306012051
14.81 0 0.432721061015
14.82 0 0.435870344387
14.83 0 0.436735990902
14.84 0 0.435091206566
14.85 0 0.434708353666
14.86 0 0.43236125605
14.87 0 0.43236125605
14.88 0 0.431136606001
14.89 0 0.432405185373
14.9 0 0.434196034769
14.91 0 0.435352619283
14.92 0 0.44011197074
14.93 0 0.441913649958
14.94 0 0.446745212068
14.95 0 0.445300233839
14.96 0 0.450021045636
14.97 0 0.453050250431
14.98 0 0.452731400648
14.99 0 0.455291859502
15.0 0 0.460214123649
15.01 0 0.463816600605
15.02 0 0.466739569273
15.03 0 0.470454291097
15.04 0 0.474133429991
15.05 0 0.475185686237
15.06 0 0.477110680301
15.07 0 0.477147403091
15.08 0 0.477295064984
15.09 0 0.477373709028
15.1 0 0.477185127001
15.11 0 0.475879692527
15.12 0 0.475545033892
15.13 0 0.474641414272
15.14 0 0.472912107174
15.15 0 0.471221516566
15.16 0 0.46940048959
15.17 0 0.467139726688
15.18 0 0.463788802085
15.19 0 0.462903314413
15.2 0 0.461780459008
15.21 0 0.462208044653
15.22 0 0.463645030914
15.23 0 0.464325612381
15.24 0 0.465200996963
15.25 0 0.465511409394
15.26 0 0.466122440077
15.27 0 0.466687648225
15.28 0 0.466292096331
15.29 0 0.465608596378
15.3 0 0.463288056688
15.31 0 0.461764947191
15.32 0 0.460647957825
15.33 0 0.460514038533
15.34 0 0.460514038533
15.35 0 0.459924565336
15.36 0 0.460074748441
15.37 0 0.460151818585
15.38 0 0.46055002974
15.39 0 0.461024592953
15.4 0 0.460935639304
15.41 0 0.461768122877
15.42 0 0.461768122877
15.43 0 0.462157469998
15.44 0 0.462082171582
15.45 0 0.462629832707
15.46 0 0.463373964225
15.47 0 0.463755804729
15.48 0 0.464131423771
15.49 0 0.464674182738
15.5 0 0.464482655646
15.51 0 0.46456379075
15.52 0 0.465259449931
15.53 0 0.46614213526
15.54 0 0.467889398351
15.55 0 0.468129159414
15.56 0 0.470049415716
15.57 0 0.470668663013
15.58 0 0.470162108505
15.59 0 0.471414147875
15.6 0 0.475543551072
15.61 0 0.476661473068
15.62 0 0.476103896342
15.63 0 0.476270593764
15.64 0 0.473706972276
15.65 0 0.472775495395
15.66 0 0.470273307674
15.67 0 0.470626601637
15.68 0 0.474592095063
15.69 0 0.478356644347
15.7 0 0.483081911594
15.71 0 0.486809928419
15.72 0 0.487773782217
15.73 0 0.485488518815
15.74 0 0.486650032964
15.75 0 0.495386096164
15.76 0 0.494799365172
15.77 0 0.504389045009
15.78 0 0.507199982613
15.79 0 0.508970179052
15.8 0 0.508535692346
15.81 0 0.510595822478
15.82 0 0.511287049552
15.83 0 0.512624232824
15.84 0 0.513740690354
15.85 0 0.513774408564
15.86 0 0.513215806618
15.87 0 0.513258004554
15.88 0 0.512967546739
15.89 0 0.512090701736
15.9 0 0.511313791682
15.91 0 0.509904181468
15.92 0 0.508419167381
15.93 0 0.506155501178
15.94 0 0.505853627141
15.95 0 0.504641145408
15.96 0 0.503827898424
15.97 0 0.501706511994
15.98 0 0.50005770023
15.99 0 0.500804707067
16.0 0 0.503321700779
16.01 0 0.502934562546
16.02 0 0.501876582986
16.03 0 0.502386665465
16.04 0 0.502580750667
16.05 0 0.503073353301
16.06 0 0.502727234392
16.07 0 0.502284489129
16.08 0 0.502046141883
16.09 0 0.502046141883
16.1 0 0.502028137476
16.11 0 0.502534930319
16.12 0 0.503024550141
16.13 0 0.503334090611
16.14 0 0.503340245532
16.15 0 0.503628062981
16.16 0 0.503406238059
16.17 0 0.503812410434
16.18 0 0.502974238294
16.19 0 0.504808021748
16.2 0 0.505210633911
16.21 0 0.506357695421
16.22 0 0.507453780235
16.23 0 0.507129652409
16.24 0 0.508410554919
16.25 0 0.508506453127
16.26 0 0.508930433374
16.27 0 0.509131234743
16.28 0 0.509535904807
16.29 0 0.510099550824
16.3 0 0.510217263567
16.31 0 0.510385585286
16.32 0 0.511613828246
16.33 0 0.512706155597
16.34 0 0.513650327929
16.35 0 0.514057798463
16.36 0 0.514818670092
16.37 0 0.514119209907
16.38 0 0.517499031114
16.39 0 0.519197879547
16.4 0 0.51847605915
16.41 0 0.521981892483
16.42 0 0.523014613661
16.43 0 0.523587828756
16.44 0 0.523695316416
16.45 0 0.524301061975
16.46 0 0.524511654229
16.47 0 0.526831553867
16.48 0 0.527782276023
16.49 0 0.525953990928
16.5 0 0.525977843047
16.51 0 0.525211833202
16.52 0 0.52665009079
16.53 0 0.53757601224
16.54 0 0.539878369574
16.55 0 0.54044379443
16.56 0 0.540793559604
16.57 0 0.54191033525
16.58 0 0.543242588111
16.59 0 0.545344210351
16.6 0 0.545353084017
16.61 0 0.546291254417
16.62 0 0.546507691679
16.63 0 0.547598714739
16.64 0 0.550567548696
16.65 0 0.551462523597
16.66 0 0.551866037567
16.67 0 0.551948903677
16.68 0 0.551508823122
16.69 0 0.550509116349
16.7 0 0.549852690825
16.71 0 0.548864282787
16.72 0 0.547528385475
16.73 0 0.546217074812
16.74 0 0.54187761883
16.75 0 0.5414145154
16.76 0 0.540851662122
16.77 0 0.540851662122
16.78 0 0.540851662122
16.79 0 0.541291760649
16.8 0 0.542036503472
16.81 0 0.542234109916
16.82 0 0.542016049069
16.83 0 0.540494782917
16.84 0 0.539600809055
16.85 0 0.538859278796
16.86 0 0.53863976244
16.87 0 0.53833009202
16.88 0 0.537728252015
16.89 0 0.536989347374
16.9 0 0.536747404082
16.91 0 0.536956924825
16.92 0 0.537541374788
16.93 0 0.538174132828
16.94 0 0.538034916507
16.95 0 0.53790684415
16.96 0 0.537953419944
16.97 0 0.538174457108
16.98 0 0.538892697215
16.99 0 0.538983768945
17.0 0 0.538818984711
17.01 0 0.539633070959
17.02 0 0.540975917747
17.03 0 0.540945065106
17.04 0 0.542141921327
17.05 0 0.542238063203
17.06 0 0.542314613506
17.07 0 0.542475861628
17.08 0 0.542749426867
17.09 0 0.543266715673
17.1 0 0.544411497796
17.11 0 0.545414307089
17.12 0 0.547663806111
17.13 0 0.547849358667
17.14 0 0.551649832913
17.15 0 0.553888694429
17.16 0 0.553271202818
17.17 0 0.554108726585
17.18 0 0.556591019373
17.19 0 0.558091249729
17.2 0 0.558307560339
17.21 0 0.558751466259
17.22 0 0.556791208617
17.23 0 0.555896428855
17.24 0 0.559212532448
17.25 0 0.563783004392
17.26 0 0.564999546731
17.27 0 0.56633240952
17.28 0 0.561673599699
17.29 0 0.567502564625
17.3 0 0.567502564625
17.31 0 0.566925478751
17.32 0 0.562824126742
17.33 0 0.562615650835
17.34 0 0.562594272531
17.35 0 0.564377970086
17.36 0 0.566278681789
17.37 0 0.572064377612
17.38 0 0.574836129122
17.39 0 0.577459910912
17.4 0 0.581205991528
17.41 0 0.58297255386
17.42 0 0.583423212946
17.43 0 0.58368241319
17.44 0 0.583572667194
17.45 0 0.583356178671
17.46 0 0.583333649279
17.47 0 0.583230451466
17.48 0 0.58278322973
17.49 0 0.582952486098
17.5 0 0.582469128351
17.51 0 0.581693829783
17.52 0 0.581111524465
17.53 0 0.580098394039
17.54 0 0.578605877029
17.55 0 0.576471087218
17.56 0 0.576160621221
17.57 0 0.574872725018
17.58 0 0.57379837106
17.59 0 0.574737717925
17.6 0 0.575681897463
17.61 0 0.576031482655
17.62 0 0.575071239322
17.63 0 0.575153993786
17.64 0 0.575589579512
17.65 0 0.576087599562
17.66 0 0.576816316823
17.67 0 0.577162369084
17.68 0 0.577512002302
17.69 0 0.577666422026
17.7 0 0.577666422026
17.71 0 0.577666422026
17.72 0 0.578114947854
17.73 0 0.578258308705
17.74 0 0.57876411356
17.75 0 0.579405311048
17.76 0 0.57986423735
17.77 0 0.580794169816
17.78 0 0.581401279633
17.79 0 0.581903446354
17.8 0 0.582813302172
17.81 0 0.583572027813
17.82 0 0.583872461175
17.83 0 0.583987606543
17.84 0 0.584179506675
17.85 0 0.583917611463
17.86 0 0.583988578221
17.87 0 0.584564140129
17.88 0 0.584873887332
17.89 0 0.585647557457
17.9 0 0.587957586285
17.91 0 0.589283248248
17.92 0 0.590703715412
17.93 0 0.591483206068
17.94 0 0.593525756468
17.95 0 0.594060511577
17.96 0 0.594649970494
17.97 0 0.595863637502
17.98 0 0.59598779691
17.99 0 0.594345297186
18.0 0 0.592172806418
18.01 0 0.590935548011
18.02 0 0.593763096657
18.03 0 0.596049022821
18.04 0 0.600394338857
18.05 0 0.595253497285
18.06 0 0.595612502615
18.07 0 0.592971568583
18.08 0 0.593088366028
18.09 0 0.598587095147
18.1 0 0.595191008892
18.11 0 0.602170492139
18.12 0 0.603303655115
18.13 0 0.611288933552
18.14 0 0.615735219412
18.15 0 0.620038944879
18.16 0 0.621759162239
18.17 0 0.624083579029
18.18 0 0.62667995272
18.19 0 0.628170490318
18.2 0 0.630240071297
18.21 0 0.632717755167
18.22 0 0.633698094427
18.23 0 0.633472393214
18.24 0 0.632786694255
18.25 0 0.632026737166
18.26 0 0.631335525037
18.27 0 0.63034806392
18.28 0 0.629473049747
18.29 0 0.627625757293
18.3 0 0.626575264725
18.31 0 0.625596733429
18.32 0 0.623596000408
18.33 0 0.621980228257
18.34 0 0.620360524978
18.35 0 0.620183610844
18.36 0 0.620722737573
18.37 0 0.620522357763
18.38 0 0.620897833913
18.39 0 0.619881820579
18.4 0 0.619110624602
18.41 0 0.618317606828
18.42 0 0.617808604663
18.43 0 0.616208440452
18.44 0 0.614666739956
18.45 0 0.613011055067
18.46 0 0.611046725364
18.47 0 0.60996360102
18.48 0 0.608816909912
18.49 0 0.608122289068
18.5 0 0.607607106835
18.51 0 0.607607106835
18.52 0 0.607489077621
18.53 0 0.607746803269
18.54 0 0.606843357429
18.55 0 0.607266733305
18.56 0 0.60737848747
18.57 0 0.607720687303
18.58 0 0.607986386336
18.59 0 0.608011537103
18.6 0 0.608488468844
18.61 0 0.609015891031
18.62 0 0.608828165702
18.63 0 0.609591514162
18.64 0 0.609546514074
18.65 0 0.609505322337
18.66 0 0.610158646058
18.67 0 0.611242358082
18.68 0 0.611865174872
18.69 0 0.613400924653
18.7 0 0.613211775574
18.71 0 0.61578347138
18.72 0 0.615406674985
18.73 0 0.618140952097
18.74 0 0.620060446831
18.75 0 0.621483025658
18.76 0 0.622465583069
18.77 0 0.627056804278
18.78 0 0.62234718603
18.79 0 0.621019654542
18.8 0 0.625410873279
18.81 0 0.627923555416
18.82 0 0.631883336267
18.83 0 0.637622276136
18.84 0 0.635746680489
18.85 0 0.634800620216
18.86 0 0.633825529487
18.87 0 0.637942646469
18.88 0 0.633003349299
18.89 0 0.636354402052
18.9 0 0.640252655594
18.91 0 0.641962381996
18.92 0 0.644527527124
18.93 0 0.645933495489
18.94 0 0.649720686388
18.95 0 0.650951517545
18.96 0 0.652404679558
18.97 0 0.655131149748
18.98 0 0.657400141158
18.99 0 0.65875007063
19.0 0 0.659852923565
19.01 0 0.659774025443
19.02 0 0.659074808846
19.03 0 0.6578781002
19.04 0 0.657626308581
19.05 0 0.65672515082
19.06 0 0.656664323597
19.07 0 0.655110594464
19.08 0 0.654241670095
19.09 0 0.657794261073
19.1 0 0.657794261073
19.11 0 0.658726291497
19.12 0 0.658258614684
19.13 0 0.657443334135
19.14 0 0.65633079648
19.15 0 0.655479050237
19.16 0 0.6543849724
19.17 0 0.65205537728
19.18 0 0.650520648214
19.19 0 0.650810194768
19.2 0 0.650920146763
19.21 0 0.649760754242
19.22 0 0.648254666659
19.23 0 0.647075132244
19.24 0 0.645173006561
19.25 0 0.645192828394
19.26 0 0.645420435466
19.27 0 0.645704526223
19.28 0 0.645540832868
19.29 0 0.645062955906
19.3 0 0.644959835382
19.31 0 0.645490781815
19.32 0 0.646206709454
19.33 0 0.64664759645
19.34 0 0.647130830584
19.35 0 0.647003587762
19.36 0 0.647485101698
19.37 0 0.648099087934
19.38 0 0.648435159578
19.39 0 0.648733745675
19.4 0 0.648182603754
19.41 0 0.648110597465
19.42 0 0.647730729694
19.43 0 0.647876363327
19.44 0 0.648021657429
19.45 0 0.648181413202
19.46 0 0.649148704181
19.47 0 0.650820734863
19.48 0 0.652323820737
19.49 0 0.654140193321
19.5 0 0.655363871615
19.51 0 0.655813489344
19.52 0 0.656980212054
19.53 0 0.657731532933
19.54 0 0.662360047469
19.55 0 0.66538005084
19.56 0 0.667482381029
19.57 0 0.66878987035
19.58 0 0.671619010647
19.59 0 0.671546761941
19.6 0 0.671633178237
19.61 0 0.671001633622
19.62 0 0.673334992921
19.63 0 0.681487852631
19.64 0 0.683803933907
19.65 0 0.683339992672
19.66 0 0.683001872985
19.67 0 0.681815826754
19.68 0 0.677865246938
19.69 0 0.678857784473
19.7 0 0.6766461357
19.71 0 0.673260431707
19.72 0 0.674055058152
19.73 0 0.672457043756
19.74 0 0.67858328399
19.75 0 0.68485683881
19.76 0 0.686977742979
19.77 0 0.686328774453
19.78 0 0.690961622028
19.79 0 0.690961622028
19.8 0 0.69072645832
19.81 0 0.691552926009
19.82 0 0.692383424739
19.83 0 0.692166761461
19.84 0 0.692581457488
19.85 0 0.69248493735
19.86 0 0.692657959617
19.87 0 0.693138662021
19.88 0 0.694506489569
19.89 0 0.695069543691
19.9 0 0.695165351763
19.91 0 0.694461783318
19.92 0 0.69341099296
19.93 0 0.691684509679
19.94 0 0.691953168924
19.95 0 0.691642740468
19.96 0 0.690981729423
19.97 0 0.689996206398
19.98 0 0.689649077721
19.99 0 0.689500431999
20.0 0 0.688708184933
20.01 0 0.686716574936
20.02 0 0.684657743571
20.03 0 0.68350390451
20.04 0 0.679334190232
20.05 0 0.677527261811
20.06 0 0.676771735697
20.07 0 0.675626983061
20.08 0 0.674969681925
20.09 0 0.674641820412
20.1 0 0.673983913045
20.11 0 0.673562641538
20.12 0 0.673971538676
20.13 0 0.674229271504
20.14 0 0.674760495951
20.15 0 0.675343574306
20.16 0 0.676796137227
20.17 0 0.676837173348
20.18 0 0.676898061073
20.19 0 0.678167025024
20.2 0 0.678167025024
20.21 0 0.678303182248
20.22 0 0.678286274639
20.23 0 0.678286274639
20.24 0 0.679414545183
20.25 0 0.679414545183
20.26 0 0.681775303686
20.27 0 0.681775303686
20.28 0 0.682563733185
20.29 0 0.684680574388
20.3 0 0.686656651503
20.31 0 0.688447143706
20.32 0 0.689842783646
20.33 0 0.691066135725
20.34 0 0.69099089231
20.35 0 0.692000983801
20.36 0 0.691081905422
20.37 0 0.691722583809
20.38 0 0.693673747141
20.39 0 0.691812359398
20.4 0 0.696404350167
20.41 0 0.699299683273
20.42 0 0.697994490664
20.43 0 0.698970581103
20.44 0 0.705773329357
20.45 0 0.706193230969
20.46 0 0.705571472045
20.47 0 0.705651158406
20.48 0 0.705961252146
20.49 0 0.706024600956
20.5 0 0.706204093682
20.51 0 0.70827098045
20.52 0 0.70827098045
20.53 0 0.710748606056
20.54 0 0.711452052126
20.55 0 0.712480441795
20.56 0 0.715938678138
20.57 0 0.716368774684
20.58 0 0.717208953914
20.59 0 0.71753512586
20.6 0 0.715967038639
20.61 0 0.715967038639
20.62 0 0.715224534577
20.63 0 0.713539091473
20.64 0 0.713022728827
20.65 0 0.713606558405
20.66 0 0.712088126089
20.67 0 0.716242394482
20.68 0 0.715942730626
20.69 0 0.719850509547
20.7 0 0.719559985537
20.71 0 0.719070015142
20.72 0 0.719669814772
20.73 0 0.718504036662
20.74 0 0.717366815417
20.75 0 0.71573865364
20.76 0 0.71573865364
20.77 0 0.71573865364
20.78 0 0.71573865364
20.79 0 0.71276725898
20.8 0 0.710686812242
20.81 0 0.707238820899
20.82 0 0.706257740875
20.83 0 0.702742746407
20.84 0 0.701669898092
20.85 0 0.701950603732
20.86 0 0.70198173253
20.87 0 0.702420704464
20.88 0 0.702799306066
20.89 0 0.70340605849
20.9 0 0.704451583007
20.91 0 0.705156320376
20.92 0 0.705021225915
20.93 0 0.705021225915
20.94 0 0.705021225915
20.95 0 0.70668923348
20.96 0 0.70665669619
20.97 0 0.706947207677
20.98 0 0.706910243873
20.99 0 0.706422529035
21.0 0 0.706001469571
21.01 0 0.705466328948
21.02 0 0.705624819056
21.03 0 0.706712273461
21.04 0 0.708164699986
21.05 0 0.709718868021
21.06 0 0.712717976181
21.07 0 0.712892187235
21.08 0 0.715579078746
21.09 0 0.717064065674
21.1 0 0.717779677705
21.11 0 0.718692137572
21.12 0 0.718406436664
21.13 0 0.719811014815
21.14 0 0.720603597562
21.15 0 0.718153516315
21.16 0 0.717675166341
21.17 0 0.719807744641
21.18 0 0.719512525688
21.19 0 0.720528281308
21.2 0 0.718686385527
21.21 0 0.718900891463
21.22 0 0.719293205104
21.23 0 0.720059064812
21.24 0 0.717225464098
21.25 0 0.71560889133
21.26 0 0.717095575624
21.27 0 0.722980192396
21.28 0 0.727185641657
21.29 0 0.730971097434
21.3 0 0.735152180217
21.31 0 0.73776329132
21.32 0 0.73997988757
21.33 0 0.742465594424
21.34 0 0.744932330308
21.35 0 0.747192474689
21.36 0 0.747876182602
21.37 0 0.747990268427
21.38 0 0.747266518196
21.39 0 0.745377458508
21.4 0 0.744206595607
21.41 0 0.744206595607
21.42 0 0.73865580943
21.43 0 0.73865580943
21.44 0 0.736853233537
21.45 0 0.735810980766
21.46 0 0.735296827144
21.47 0 0.734231857274
21.48 0 0.733100154591
21.49 0 0.733100154591
21.5 0 0.733897617464
21.51 0 0.733897617464
21.52 0 0.733603297179
21.53 0 0.733771901645
21.54 0 0.73375489223
21.55 0 0.732984075262
21.56 0 0.732641121338
21.57 0 0.73174632837
21.58 0 0.730117041873
21.59 0 0.726009704624
21.6 0 0.722388622642
21.61 0 0.721723453432
21.62 0 0.721723453432
21.63 0 0.721723453432
21.64 0 0.715309095255
21.65 0 0.714651760815
21.66 0 0.713639895673
21.67 0 0.713679386077
21.68 0 0.714182847259
21.69 0 0.713871279063
21.7 0 0.714263227729
21.71 0 0.715162974224
21.72 0 0.715860193834
21.73 0 0.717448153245
21.74 0 0.717448153245
21.75 0 0.717715966643
21.76 0 0.718313712171
21.77 0 0.718436791649
21.78 0 0.718436791649
21.79 0 0.718530753035
21.8 0 0.718700072211
21.81 0 0.718799578834
21.82 0 0.719958002519
21.83 0 0.721017196525
21.84 0 0.723132948438
21.85 0 0.723597219829
21.86 0 0.724370301962
21.87 0 0.726604245551
21.88 0 0.728716128503
21.89 0 0.731054490284
21.9 0 0.730634941182
21.91 0 0.734452799257
21.92 0 0.736110491868
21.93 0 0.734473986713
21.94 0 0.736023670607
21.95 0 0.737444366724
21.96 0 0.743246815889
21.97 0 0.746797322187
21.98 0 0.747251320079
21.99 0 0.748101149454
22.0 0 0.748304516401
22.01 0 0.750068760912
22.02 0 0.748124247325
22.03 0 0.746663552855
22.04 0 0.745039147472
22.05 0 0.748301562833
22.06 0 0.745237994471
22.07 0 0.746934885788
22.08 0 0.749729983953
22.09 0 0.75620657075
22.1 0 0.75620657075
22.11 0 0.758687957913
22.12 0 0.758708145331
22.13 0 0.758665343133
22.14 0 0.758881052326
22.15 0 0.758167780799
22.16 0 0.757823015056
22.17 0 0.757723049868
22.18 0 0.757697688636
22.19 0 0.7576872319
22.2 0 0.756088994664
22.21 0 0.757197040428
22.22 0 0.758279479681
22.23 0 0.758322733427
22.24 0 0.757034934099
22.25 0 0.753149574943
22.26 0 0.752756871514
22.27 0 0.752141640048
22.28 0 0.753868469558
22.29 0 0.755609443936
22.3 0 0.757523138621
22.31 0 0.757523138621
22.32 0 0.757523138621
22.33 0 0.757523138621
22.34 0 0.760339976077
22.35 0 0.760339976077
22.36 0 0.760339976077
22.37 0 0.759717944332
22.38 0 0.759717944332
22.39 0 0.759717944332
22.4 0 0.752074309056
22.41 0 0.752070781393
22.42 0 0.75214817618
22.43 0 0.752376396337
22.44 0 0.752174348999
22.45 0 0.752247344405
22.46 0 0.752098226952
22.47 0 0.752302328463
22.48 0 0.751491158411
22.49 0 0.751582714367
22.5 0 0.751433940117
22.51 0 0.751424365411
22.52 0 0.751734142558
22.53 0 0.752447916205
22.54 0 0.752447916205
22.55 0 0.753846545361
22.56 0 0.753374594614
22.57 0 0.752653453276
22.58 0 0.752879632818
22.59 0 0.754509234338
22.6 0 0.754660305953
22.61 0 0.755651718044
22.62 0 0.757021615756
22.63 0 0.759016632186
22.64 0 0.760284610135
22.65 0 0.762267869804
22.66 0 0.762789215141
22.67 0 0.762959848877
22.68 0 0.764974019204
22.69 0 0.763315065902
22.7 0 0.763811804813
22.71 0 0.766338622044
22.72 0 0.766401596873
22.73 0 0.767455770728
22.74 0 0.764101316919
22.75 0 0.763506730029
22.76 0 0.764765079761
22.77 0 0.766148979775
22.78 0 0.774777997215
22.79 0 0.775302161797
22.8 0 0.774503323073
22.81 0 0.774517371132
22.82 0 0.77388558998
22.83 0 0.772517366112
22.84 0 0.770435396019
22.85 0 0.77189925653
22.86 0 0.77574785893
22.87 0 0.778495013292
22.88 0 0.7838199688
22.89 0 0.784491299155
22.9 0 0.789605724084
22.91 0 0.790948269707
22.92 0 0.790631814791
22.93 0 0.790592286029
22.94 0 0.792679022366
22.95 0 0.792909174877
22.96 0 0.792345676239
22.97 0 0.791688508661
22.98 0 0.790588543333
22.99 0 0.789717853359
23.0 0 0.789248283925
23.01 0 0.788440677907
23.02 0 0.787305153917
23.03 0 0.787305153917
23.04 0 0.784036145803
23.05 0 0.783157671584
23.06 0 0.781001181177
23.07 0 0.778572410334
23.08 0 0.777538277203
23.09 0 0.777433303012
23.1 0 0.77606501405
23.11 0 0.777137849466
23.12 0 0.777130353718
23.13 0 0.777438859462
23.14 0 0.777360134794
23.15 0 0.777286138523
23.16 0 0.776749140882
23.17 0 0.776233703067
23.18 0 0.776192472447
23.19 0 0.776624659349
23.2 0 0.777220455991
23.21 0 0.777757878101
23.22 0 0.77761774465
23.23 0 0.777318922349
23.24 0 0.777645293735
23.25 0 0.778696871782
23.26 0 0.778696871782
23.27 0 0.778696871782
23.28 0 0.778538219075
23.29 0 0.778210328643
23.3 0 0.777910380053
23.31 0 0.778090000625
23.32 0 0.777864929491
23.33 0 0.778525591087
23.34 0 0.778905123627
23.35 0 0.778721582619
23.36 0 0.778731263783
23.37 0 0.780451334498
23.38 0 0.781229056719
23.39 0 0.78148930922
23.4 0 0.781529242746
23.41 0 0.781293529328
23.42 0 0.781152304364
23.43 0 0.780994649701
23.44 0 0.780662027674
23.45 0 0.781711957075
23.46 0 0.782701967125
23.47 0 0.784192974933
23.48 0 0.783929199337
23.49 0 0.788507026128
23.5 0 0.787343547202
23.51 0 0.790496647464
23.52 0 0.786617189339
23.53 0 0.793854397764
23.54 0 0.792248195234
23.55 0 0.792998967108
23.56 0 0.801392821581
23.57 0 0.806875766424
23.58 0 0.809993197208
23.59 0 0.806415524408
23.6 0 0.806746965247
23.61 0 0.810174466954
23.62 0 0.811142879907
23.63 0 0.809524593856
23.64 0 0.818091196722
23.65 0 0.821099783614
23.66 0 0.825945516085
23.67 0 0.829463765989
23.68 0 0.829463765989
23.69 0 0.829923657395
23.7 0 0.830504143992
23.71 0 0.830571747365
23.72 0 0.830565381251
23.73 0 0.829658801085
23.74 0 0.82836498031
23.75 0 0.826207220274
23.76 0 0.825336681664
23.77 0 0.821560910853
23.78 0 0.81640495555
23.79 0 0.815874994283
23.8 0 0.813370024944
23.81 0 0.811154966315
23.82 0 0.809010592721
23.83 0 0.8083652449
23.84 0 0.805813142848
23.85 0 0.806088084697
23.86 0 0.806246774281
23.87 0 0.805819984943
23.88 0 0.805974602265
23.89 0 0.805747807047
23.9 0 0.805324846701
23.91 0 0.804699627395
23.92 0 0.80442510825
23.93 0 0.803611590557
23.94 0 0.800078970939
23.95 0 0.800078970939
23.96 0 0.799500478617
23.97 0 0.799409553511
23.98 0 0.799189256417
23.99 0 0.799110341715
24.0 0 0.799458026798
24.01 0 0.799651504103
24.02 0 0.799776075396
24.03 0 0.800502041179
24.04 0 0.800958346644
24.05 0 0.801892659212
24.06 0 0.802290181268
24.07 0 0.802978547328
24.08 0 0.803469450326
24.09 0 0.804053345991
24.1 0 0.804500007583
24.11 0 0.80437812523
24.12 0 0.804391470172
24.13 0 0.804086337236
24.14 0 0.803345549506
24.15 0 0.803829397418
24.16 0 0.804976559243
24.17 0 0.80573825785
24.18 0 0.807119574773
24.19 0 0.808535669644
24.2 0 0.808194566855
24.21 0 0.810282709662
24.22 0 0.808959915532
24.23 0 0.812310251969
24.24 0 0.811756135914
24.25 0 0.815423441358
24.26 0 0.814793143794
24.27 0 0.818253776087
24.28 0 0.818645917278
24.29 0 0.820997002914
24.3 0 0.824141680703
24.31 0 0.825303754353
24.32 0 0.825647297089
24.33 0 0.821396952249
24.34 0 0.823326080558
24.35 0 0.820749329537
24.36 0 0.822877363745
24.37 0 0.82155858941
24.38 0 0.822000123355
24.39 0 0.82344849501
24.4 0 0.829310049614
24.41 0 0.830555332285
24.42 0 0.830555332285
24.43 0 0.837990368603
24.44 0 0.847539840175
24.45 0 0.848045962323
24.46 0 0.849894894755
24.47 0 0.851211864998
24.48 0 0.85275232991
24.49 0 0.853378111504
24.5 0 0.853456463655
24.51 0 0.853362029751
24.52 0 0.852425307725
24.53 0 0.851220602214
24.54 0 0.849521433676
24.55 0 0.848334587268
24.56 0 0.846479982578
24.57 0 0.844967192719
24.58 0 0.843208636701
24.59 0 0.841515127219
24.6 0 0.839988318376
24.61 0 0.836268468217
24.62 0 0.833614678867
24.63 0 0.831753523605
24.64 0 0.831906077594
24.65 0 0.832033050371
24.66 0 0.832721492798
24.67 0 0.832721492798
24.68 0 0.832829620393
24.69 0 0.8328735408
24.7 0 0.833164779477
24.71 0 0.83447076707
24.72 0 0.834085107659
24.73 0 0.832064172319
24.74 0 0.830442952485
24.75 0 0.829242629311
24.76 0 0.828395651272
24.77 0 0.827590679565
24.78 0 0.827277668168
24.79 0 0.826952974632
24.8 0 0.827539689277
24.81 0 0.82769754841
24.82 0 0.827930364572
24.83 0 0.828142626458
24.84 0 0.827332013279
24.85 0 0.828331522516
24.86 0 0.828741771068
24.87 0 0.829883549697
24.88 0 0.830757202075
24.89 0 0.830757202075
24.9 0 0.831577992196
24.91 0 0.831577992196
24.92 0 0.832205662435
24.93 0 0.831395273275
24.94 0 0.831665586162
24.95 0 0.832404892555
24.96 0 0.833090218721
24.97 0 0.833090218721
24.98 0 0.83452224772
24.99 0 0.836690571191
25.0 0 0.836690571191
25.01 0 0.8365259812
25.02 0 0.839624853507
25.03 0 0.840550868612
25.04 0 0.842445979921
25.05 0 0.841712192417
25.06 0 0.846244664171
25.07 0 0.8471357592
25.08 0 0.851409699967
25.09 0 0.853476851826
25.1 0 0.85576820501
25.11 0 0.854759921676
25.12 0 0.849654915811
25.13 0 0.854704386306
25.14 0 0.854642288491
25.15 0 0.849706322254
25.16 0 0.849290266583
25.17 0 0.853077976536
25.18 0 0.848919789061
25.19 0 0.849000557329
25.2 0 0.847623902931
25.21 0 0.850140516645
25.22 0 0.850310591839
25.23 0 0.850465503721
25.24 0 0.852798865825
25.25 0 0.854123325937
25.26 0 0.856283889245
25.27 0 0.856693909438
25.28 0 0.85670487568
25.29 0 0.856791136618
25.3 0 0.856363894905
25.31 0 0.855589866032
25.32 0 0.854987475748
25.33 0 0.854748685334
25.34 0 0.85457429573
25.35 0 0.853402349882
25.36 0 0.852726088292
25.37 0 0.85402693677
25.38 0 0.853541634373
25.39 0 0.854547815633
25.4 0 0.854575017066
25.41 0 0.85318592554
25.42 0 0.852570810063
25.43 0 0.852075838802
25.44 0 0.850918279649
25.45 0 0.850356394976
25.46 0 0.850099444581
25.47 0 0.849196211792
25.48 0 0.848913015678
25.49 0 0.848549338021
25.5 0 0.847795030761
25.51 0 0.846722933723
25.52 0 0.845368219053
25.53 0 0.844596022706
25.54 0 0.843927863888
25.55 0 0.843383060965
25.56 0 0.841842515229
25.57 0 0.841330037562
25.58 0 0.840089500272
25.59 0 0.837808923774
25.6 0 0.836831326779
25.61 0 0.83585741199
25.62 0 0.835095987315
25.63 0 0.835195466283
25.64 0 0.835197651409
25.65 0 0.835197651409
25.66 0 0.835453337754
25.67 0 0.835475563255
25.68 0 0.8350275069
25.69 0 0.834728110539
25.7 0 0.834352280554
25.71 0 0.834134500668
25.72 0 0.835062304382
25.73 0 0.836909016831
25.74 0 0.837635294473
25.75 0 0.83875322484
25.76 0 0.839287795783
25.77 0 0.839041410271
25.78 0 0.838978616671
25.79 0 0.841275723447
25.8 0 0.841257072478
25.81 0 0.842403249378
25.82 0 0.842915028372
25.83 0 0.843461445669
25.84 0 0.84163297172
25.85 0 0.838197763044
25.86 0 0.840138079121
25.87 0 0.843857751797
25.88 0 0.843859051877
25.89 0 0.846349432961
25.9 0 0.850273339916
25.91 0 0.848089378562
25.92 0 0.846767334052
25.93 0 0.854103497654
25.94 0 0.85273130542
25.95 0 0.854915687974
25.96 0 0.857448078354
25.97 0 0.862451542752
25.98 0 0.86479060363
25.99 0 0.868062147687
26.0 0 0.868814696432
26.01 0 0.873196344995
26.02 0 0.873196344995
26.03 0 0.876733394168
26.04 0 0.880353210551
26.05 0 0.883033327607
26.06 0 0.883033327607
26.07 0 0.884973317052
26.08 0 0.884893820704
26.09 0 0.884269002219
26.1 0 0.883578778654
26.11 0 0.882226915513
26.12 0 0.880266134978
26.13 0 0.878417841625
26.14 0 0.878042011687
26.15 0 0.876715280483
26.16 0 0.876143542613
26.17 0 0.875058646001
26.18 0 0.875097314097
26.19 0 0.87478950614
26.2 0 0.874032411628
26.21 0 0.873837845685
26.22 0 0.873405046616
26.23 0 0.872881582136
26.24 0 0.872392986795
26.25 0 0.87148751418
26.26 0 0.870700509485
26.27 0 0.870394754745
26.28 0 0.869362296458
26.29 0 0.867579898995
26.3 0 0.864867080769
26.31 0 0.863830906874
26.32 0 0.863410843095
26.33 0 0.862269438993
26.34 0 0.858947731166
26.35 0 0.858521540773
26.36 0 0.857660249066
26.37 0 0.856391252656
26.38 0 0.85488498979
26.39 0 0.853720494731
26.4 0 0.853328714257
26.41 0 0.853086636855
26.42 0 0.853086636855
26.43 0 0.853086636855
26.44 0 0.852265755424
26.45 0 0.85180808066
26.46 0 0.851506883138
26.47 0 0.851545298399
26.48 0 0.850792462902
26.49 0 0.850291446564
26.5 0 0.849746385937
26.51 0 0.850394523184
26.52 0 0.851432208958
26.53 0 0.852525857604
26.54 0 0.853085029114
26.55 0 0.853898202043
26.56 0 0.853898202043
26.57 0 0.85519884953
26.58 0 0.856038310491
26.59 0 0.856996421816
26.6 0 0.858324094432
26.61 0 0.859221382156
26.62 0 0.859026946931
26.63 0 0.859720254777
26.64 0 0.86171466342
26.65 0 0.866527304091
26.66 0 0.867006179071
26.67 0 0.86943638244
26.68 0 0.871739234705
26.69 0 0.874185265716
26.7 0 0.87359499761
26.71 0 0.87459686545
26.72 0 0.876949218645
26.73 0 0.876236230189
26.74 0 0.872688239154
26.75 0 0.872749195174
26.76 0 0.876493797663
26.77 0 0.881641245254
26.78 0 0.883875887637
26.79 0 0.887726799887
26.8 0 0.890905872722
26.81 0 0.892617992895
26.82 0 0.894805928879
26.83 0 0.896962542255
26.84 0 0.897878036705
26.85 0 0.898023492063
26.86 0 0.898044331445
26.87 0 0.897668494219
26.88 0 0.896597006799
26.89 0 0.896357900614
26.9 0 0.895796336244
26.91 0 0.894903344454
26.92 0 0.893564112718
26.93 0 0.893328826033
26.94 0 0.892958895616
26.95 0 0.89277015356
26.96 0 0.891151755859
26.97 0 0.889230735915
26.98 0 0.888744433718
26.99 0 0.887271401926
27.0 0 0.887117286676
27.01 0 0.886793197834
27.02 0 0.887303984381
27.03 0 0.886577447836
27.04 0 0.886469064315
27.05 0 0.88602452245
27.06 0 0.885132804783
27.07 0 0.883347095329
27.08 0 0.880861337727
27.09 0 0.878387859249
27.1 0 0.876719912097
27.11 0 0.876657323982
27.12 0 0.877062281424
27.13 0 0.877281319822
27.14 0 0.877001355971
27.15 0 0.876922981538
27.16 0 0.877117932874
27.17 0 0.877300529142
27.18 0 0.877519609476
27.19 0 0.876662880194
27.2 0 0.876984229429
27.21 0 0.877025981496
27.22 0 0.878142735502
27.23 0 0.878224464636
27.24 0 0.878175988303
27.25 0 0.877346731721
27.26 0 0.87676616003
27.27 0 0.875514184401
27.28 0 0.875304551004
27.29 0 0.875049455625
27.3 0 0.875049455625
27.31 0 0.87562640487
27.32 0 0.875991628725
27.33 0 0.876394614833
27.34 0 0.87745457097
27.35 0 0.877276912946
27.36 0 0.87659267205
27.37 0 0.875385259174
27.38 0 0.876006070552
27.39 0 0.877521467826
27.4 0 0.876725019027
27.41 0 0.878804832279
27.42 0 0.88238225631
27.43 0 0.883951794231
27.44 0 0.88291891783
27.45 0 0.887648720247
27.46 0 0.891797334319
27.47 0 0.891797334319
27.48 0 0.885400714536
27.49 0 0.887435219001
27.5 0 0.885468632257
27.51 0 0.886894550979
27.52 0 0.888851424072
27.53 0 0.888679369865
27.54 0 0.890068416766
27.55 0 0.890350256846
27.56 0 0.891337621233
27.57 0 0.895736432294
27.58 0 0.893959288524
27.59 0 0.89815605558
27.6 0 0.900613539495
27.61 0 0.903551098382
27.62 0 0.905869116173
27.63 0 0.906687266197
27.64 0 0.906858586319
27.65 0 0.906498569091
27.66 0 0.905862234
27.67 0 0.904553589843
27.68 0 0.903746331655
27.69 0 0.903615761258
27.7 0 0.901347515176
27.71 0 0.901347515176
27.72 0 0.898250634111
27.73 0 0.898250634111
27.74 0 0.896761054696
27.75 0 0.894246771824
27.76 0 0.891887656506
27.77 0 0.889858459724
27.78 0 0.889931731521
27.79 0 0.895273842359
27.8 0 0.895273842359
27.81 0 0.897060744526
27.82 0 0.897588351836
27.83 0 0.897731183172
27.84 0 0.897680013346
27.85 0 0.89709259466
27.86 0 0.89705352638
27.87 0 0.89693730049
27.88 0 0.896588428321
27.89 0 0.894656770615
27.9 0 0.894656770615
27.91 0 0.893681541841
27.92 0 0.892943300728
27.93 0 0.891355307742
27.94 0 0.891081002833
27.95 0 0.891107668605
27.96 0 0.891212778807
27.97 0 0.89017659331
27.98 0 0.889256475131
27.99 0 0.888667198176
28.0 0 0.888416878464
28.01 0 0.888341494322
28.02 0 0.888575008941
28.03 0 0.888711040201
28.04 0 0.889458835913
28.05 0 0.88919810206
28.06 0 0.888624751165
28.07 0 0.888553429129
28.08 0 0.88839063564
28.09 0 0.888415960672
28.1 0 0.889686752616
28.11 0 0.889685465777
28.12 0 0.890565669256
28.13 0 0.890983227014
28.14 0 0.890709540892
28.15 0 0.891756779819
28.16 0 0.893542768239
28.17 0 0.89397733255
28.18 0 0.897557722768
28.19 0 0.898803708368
28.2 0 0.898532415301
28.21 0 0.903081559357
28.22 0 0.907465942506
28.23 0 0.907621524985
28.24 0 0.909214985432
28.25 0 0.906500523492
28.26 0 0.902350594036
28.27 0 0.903325570943
28.28 0 0.909248664272
28.29 0 0.910105810299
28.3 0 0.904532020118
28.31 0 0.909497138703
28.32 0 0.915495453057
28.33 0 0.915532968321
28.34 0 0.916740922563
28.35 0 0.916853430239
28.36 0 0.919118647547
28.37 0 0.92175498593
28.38 0 0.923449178252
28.39 0 0.927594898647
28.4 0 0.927594898647
28.41 0 0.928523905115
28.42 0 0.928523905115
28.43 0 0.929931710994
28.44 0 0.930399619651
28.45 0 0.930020860004
28.46 0 0.929868402036
28.47 0 0.928553740713
28.48 0 0.926218203175
28.49 0 0.92608581519
28.5 0 0.924841058581
28.51 0 0.923090718781
28.52 0 0.921476000815
28.53 0 0.921476000815
28.54 0 0.920533745606
28.55 0 0.920046789733
28.56 0 0.920653742822
28.57 0 0.921404825994
28.58 0 0.922187409184
28.59 0 0.921903868044
28.6 0 0.921673589527
28.61 0 0.920548181411
28.62 0 0.920548829396
28.63 0 0.920263692981
28.64 0 0.920263692981
28.65 0 0.91941766303
28.66 0 0.91941766303
28.67 0 0.914193390252
28.68 0 0.912825514981
28.69 0 0.911217788318
28.7 0 0.909983636112
28.71 0 0.910026295637
28.72 0 0.910127874306
28.73 0 0.910047429951
28.74 0 0.910499297336
28.75 0 0.913369746175
28.76 0 0.913369746175
28.77 0 0.9135309349
28.78 0 0.91490528548
28.79 0 0.915213433911
28.8 0 0.916361246354
28.81 0 0.916977120355
28.82 0 0.916906423985
28.83 0 0.916656237663
28.84 0 0.916113087887
28.85 0 0.91534794736
28.86 0 0.915411181513
28.87 0 0.915612598041
28.88 0 0.91678070436
28.89 0 0.916905099535
28.9 0 0.917669387704
28.91 0 0.918515033738
28.92 0 0.918708171187
28.93 0 0.919389376935
28.94 0 0.9220139223
28.95 0 0.923985983959
28.96 0 0.926362024015
28.97 0 0.928571925483
28.98 0 0.931108832755
28.99 0 0.92966801418
29.0 0 0.931543150091
29.01 0 0.933911212645
29.02 0 0.938084733724
29.03 0 0.938448135811
29.04 0 0.938368450878
29.05 0 0.939247918184
29.06 0 0.938380774673
29.07 0 0.934564187938
29.08 0 0.938730212095
29.09 0 0.939046870475
29.1 0 0.940319699622
29.11 0 0.941915759092
29.12 0 0.948582051673
29.13 0 0.951783220426
29.14 0 0.955710106387
29.15 0 0.958315268594
29.16 0 0.960833756308
29.17 0 0.962707053312
29.18 0 0.963725933455
29.19 0 0.96530429196
29.2 0 0.96647147432
29.21 0 0.964879558967
29.22 0 0.964692455722
29.23 0 0.963696239675
29.24 0 0.963035018314
29.25 0 0.961878978598
29.26 0 0.959788044334
29.27 0 0.957208716372
29.28 0 0.954990594213
29.29 0 0.953092888873
29.3 0 0.951187277912
29.31 0 0.950838813138
29.32 0 0.950992224094
29.33 0 0.951305697647
29.34 0 0.95113622354
29.35 0 0.948219227627
29.36 0 0.946770230347
29.37 0 0.946336947286
29.38 0 0.946321539813
29.39 0 0.945488164298
29.4 0 0.944249381156
29.41 0 0.942781151419
29.42 0 0.941290525529
29.43 0 0.940070108345
29.44 0 0.937300282271
29.45 0 0.93317285313
29.46 0 0.92945216129
29.47 0 0.924744241904
29.48 0 0.922280343961
29.49 0 0.921547390055
29.5 0 0.920472109841
29.51 0 0.919459533649
29.52 0 0.919517506782
29.53 0 0.920560300253
29.54 0 0.920860474546
29.55 0 0.921641956911
29.56 0 0.922569909096
29.57 0 0.922807784763
29.58 0 0.922989102291
29.59 0 0.923638203854
29.6 0 0.9235287553
29.61 0 0.92357723281
29.62 0 0.923849054525
29.63 0 0.92388799019
29.64 0 0.924038628985
29.65 0 0.924741211851
29.66 0 0.924859565182
29.67 0 0.924789323241
29.68 0 0.925829327801
29.69 0 0.927192019336
29.7 0 0.927312250081
29.71 0 0.927806816956
29.72 0 0.929152562017
29.73 0 0.929067528843
29.74 0 0.9300547746
29.75 0 0.931121124799
29.76 0 0.932863074693
29.77 0 0.932338904503
29.78 0 0.930396512815
29.79 0 0.93370066722
29.8 0 0.930666665305
29.81 0 0.938770969642
29.82 0 0.934284110654
29.83 0 0.935579902049
29.84 0 0.935579902049
29.85 0 0.937453284687
29.86 0 0.939255247126
29.87 0 0.938627563458
29.88 0 0.940490751869
29.89 0 0.942238700221
29.9 0 0.950792549476
29.91 0 0.952317182891
29.92 0 0.949388834435
29.93 0 0.954226646155
29.94 0 0.950302080404
29.95 0 0.952890494146
29.96 0 0.953336868284
29.97 0 0.955591481709
29.98 0 0.957387633949
29.99 0 0.956866690031
30.0 0 0.956206810986
30.01 0 0.955243216558
30.02 0 0.952764052238
30.03 0 0.951371566837
30.04 0 0.949399380498
30.05 0 0.949020086163
30.06 0 0.949386169238
30.07 0 0.947840665049
30.08 0 0.947521229015
30.09 0 0.94700138849
30.1 0 0.945877467498
30.11 0 0.947639654519
30.12 0 0.948581546308
30.13 0 0.951768032807
30.14 0 0.954811790187
30.15 0 0.955178934721
30.16 0 0.955350119184
30.17 0 0.955483401754
30.18 0 0.955609895859
30.19 0 0.95517579406
30.2 0 0.955016211584
30.21 0 0.95434540707
30.22 0 0.953468507651
30.23 0 0.951271891773
30.24 0 0.950480796252
30.25 0 0.95005228627
30.26 0 0.948828876192
30.27 0 0.948161892931
30.28 0 0.947350002044
30.29 0 0.947174188639
30.3 0 0.947178565142
30.31 0 0.947131369496
30.32 0 0.94673822989
30.33 0 0.946106995395
30.34 0 0.946652840353
30.35 0 0.947344033766
30.36 0 0.947829167521
30.37 0 0.949042512754
30.38 0 0.949371391339
30.39 0 0.949924222275
30.4 0 0.949736111145
30.41 0 0.949155963554
30.42 0 0.948974181715
30.43 0 0.948949301941
30.44 0 0.949235734905
30.45 0 0.949949220753
30.46 0 0.950892090232
30.47 0 0.951936764299
30.48 0 0.953211286243
30.49 0 0.95348723412
30.5 0 0.955498948689
30.51 0 0.955530459466
30.52 0 0.957779455396
30.53 0 0.959138610039
30.54 0 0.961077527227
30.55 0 0.959986934184
30.56 0 0.958520095232
30.57 0 0.961719572399
30.58 0 0.960427809101
30.59 0 0.961666822735
30.6 0 0.963800844355
30.61 0 0.963798825209
30.62 0 0.962840904166
30.63 0 0.961532385887
30.64 0 0.964842960646
30.65 0 0.961087296101
30.66 0 0.960906091491
30.67 0 0.961270778949
30.68 0 0.964030385367
30.69 0 0.963837350048
30.7 0 0.964440727519
30.71 0 0.963801107496
30.72 0 0.967135401524
30.73 0 0.972643606671
30.74 0 0.974552713555
30.75 0 0.976478552743
30.76 0 0.978178157936
30.77 0 0.978910558602
30.78 0 0.978465890492
30.79 0 0.978135556072
30.8 0 0.977854682502
30.81 0 0.977623457906
30.82 0 0.976378504611
30.83 0 0.975479927327
30.84 0 0.975709048236
30.85 0 0.975322725319
30.86 0 0.975732425615
30.87 0 0.975849674831
30.88 0 0.975047020901
30.89 0 0.972515507771
30.9 0 0.971427758068
30.91 0 0.971219699691
30.92 0 0.970904039618
30.93 0 0.972428062843
30.94 0 0.974072804056
30.95 0 0.973729982123
30.96 0 0.97425671653
30.97 0 0.97429311988
30.98 0 0.974042320711
30.99 0 0.974308529382
31.0 0 0.97440213162
31.01 0 0.974428905905
31.02 0 0.974818257982
31.03 0 0.974255873911
31.04 0 0.974255873911
31.05 0 0.974408864433
31.06 0 0.974408864433
31.07 0 0.974817562138
31.08 0 0.975194254993
31.09 0 0.975416384791
31.1 0 0.975349939628
31.11 0 0.975190379022
31.12 0 0.974686322614
31.13 0 0.97527602776
31.14 0 0.975431938984
31.15 0 0.975320516297
31.16 0 0.976829531691
31.17 0 0.978817924121
31.18 0 0.980554606543
31.19 0 0.981363078176
31.2 0 0.981027561916
31.21 0 0.980763922244
31.22 0 0.980763922244
31.23 0 0.981192605775
31.24 0 0.981547687054
31.25 0 0.981906026246
31.26 0 0.983231163651
31.27 0 0.983976989615
31.28 0 0.983840231847
31.29 0 0.986178830655
31.3 0 0.987498244462
31.31 0 0.989505293644
31.32 0 0.992573625267
31.33 0 0.993162156178
31.34 0 0.999385434711
31.35 0 0.999743296177
31.36 0 1.00327645593
31.37 0 1.00171137896
31.38 0 1.00475323869
31.39 0 1.00868032437
31.4 0 1.0096019881
31.41 0 1.0141081199
31.42 0 1.01523575317
31.43 0 1.0158664758
31.44 0 1.01745751079
31.45 0 1.01923313088
31.46 0 1.0206980234
31.47 0 1.02110533858
31.48 0 1.02266350443
31.49 0 1.02284039565
31.5 0 1.02417045798
31.51 0 1.02386053604
31.52 0 1.02303994434
31.53 0 1.0210845324
31.54 0 1.02167624359
31.55 0 1.02203409109
31.56 0 1.02203409109
31.57 0 1.02314197576
31.58 0 1.0240013597
31.59 0 1.0240013597
31.6 0 1.02373289833
31.61 0 1.02379153365
31.62 0 1.02311602855
31.63 0 1.02210560745
31.64 0 1.02105974799
31.65 0 1.02045055451
31.66 0 1.01986321555
31.67 0 1.01879944137
31.68 0 1.0187000503
31.69 0 1.01791516243
31.7 0 1.01573606408
31.71 0 1.01573606408
31.72 0 1.01573375514
31.73 0 1.0157545594
31.74 0 1.01561221124
31.75 0 1.01547111355
31.76 0 1.01423199187
31.77 0 1.01388802595
31.78 0 1.01311549039
31.79 0 1.01230364863
31.8 0 1.01160633486
31.81 0 1.01078948733
31.82 0 1.01025759821
31.83 0 1.00893670356
31.84 0 1.00787969777
31.85 0 1.00694314265
31.86 0 1.00696075905
31.87 0 1.00665594306
31.88 0 1.0063054825
31.89 0 1.00744595866
31.9 0 1.0076856531
31.91 0 1.00745574168
31.92 0 1.00744970696
31.93 0 1.00800325216
31.94 0 1.00918717532
31.95 0 1.0106269742
31.96 0 1.01211853162
31.97 0 1.0130108426
31.98 0 1.01341188028
31.99 0 1.01421142233
32.0 0 1.01419089207
32.01 0 1.01478740413
32.02 0 1.01512667171
32.03 0 1.01600921714
32.04 0 1.01686414179
32.05 0 1.01768810545
32.06 0 1.01964770534
32.07 0 1.0189759149
32.08 0 1.02127522394
32.09 0 1.0226607375
32.1 0 1.02323700227
32.11 0 1.03045846661
32.12 0 1.03045846661
32.13 0 1.03299105918
32.14 0 1.03551665611
32.15 0 1.03486045291
32.16 0 1.03955762883
32.17 0 1.04190274628
32.18 0 1.04168961231
32.19 0 1.04037926016
32.2 0 1.04295583621
32.21 0 1.04383986021
32.22 0 1.04405476107
32.23 0 1.0468597578
32.24 0 1.04824379464
32.25 0 1.04900691836
32.26 0 1.04997147622
32.27 0 1.05295812799
32.28 0 1.05318285123
32.29 0 1.05487200455
32.3 0 1.05670300317
32.31 0 1.05869354742
32.32 0 1.05869354742
32.33 0 1.05807671525
32.34 0 1.05799040279
32.35 0 1.0588857561
32.36 0 1.05992836023
32.37 0 1.05953607371
32.38 0 1.05951025593
32.39 0 1.05909417666
32.4 0 1.05925818277
32.41 0 1.05661382074
32.42 0 1.05533764752
32.43 0 1.05193683833
32.44 0 1.04571107531
32.45 0 1.04500194736
32.46 0 1.04263328029
32.47 0 1.0425377049
32.48 0 1.04164058601
32.49 0 1.04190185419
32.5 0 1.04295029353
32.51 0 1.04557948034
32.52 0 1.04776455876
32.53 0 1.04884283293
32.54 0 1.04905689508
32.55 0 1.04853299775
32.56 0 1.04853299775
32.57 0 1.0480645534
32.58 0 1.04660918291
32.59 0 1.04544367181
32.6 0 1.04503767942
32.61 0 1.04331514058
32.62 0 1.04325301281
32.63 0 1.04356470996
32.64 0 1.04339653145
32.65 0 1.04299660322
32.66 0 1.04466605692
32.67 0 1.04618903308
32.68 0 1.04585655968
32.69 0 1.04612517321
32.7 0 1.04687000213
32.71 0 1.04704314728
32.72 0 1.0476427583
32.73 0 1.04931313043
32.74 0 1.05038471267
32.75 0 1.05220245929
32.76 0 1.05298090188
32.77 0 1.05368950841
32.78 0 1.05347335086
32.79 0 1.05266256491
32.8 0 1.05260185346
32.81 0 1.0526427862
32.82 0 1.0530989361
32.83 0 1.05496443785
32.84 0 1.05690663926
32.85 0 1.05722633206
32.86 0 1.05806612172
32.87 0 1.06063104384
32.88 0 1.06441873843
32.89 0 1.06301112577
32.9 0 1.06729129799
32.91 0 1.0699150546
32.92 0 1.07241970303
32.93 0 1.07438594428
32.94 0 1.07800843683
32.95 0 1.08275432907
32.96 0 1.0783184964
32.97 0 1.07968454252
32.98 0 1.07923749594
32.99 0 1.08298325515
33.0 0 1.08298325515
33.01 0 1.08298325515
33.02 0 1.08950619769
33.03 0 1.09433209125
33.04 0 1.09498467293
33.05 0 1.09724497293
33.06 0 1.09693368047
33.07 0 1.09839628201
33.08 0 1.09943060348
33.09 0 1.10119008195
33.1 0 1.10279810418
33.11 0 1.10317183404
33.12 0 1.10533021919
33.13 0 1.10701131509
33.14 0 1.10839560761
33.15 0 1.10851283304
33.16 0 1.10836845704
33.17 0 1.10677495205
33.18 0 1.10629225717
33.19 0 1.10562122189
33.2 0 1.10413438826
33.21 0 1.10345213444
33.22 0 1.1027384804
33.23 0 1.10195354026
33.24 0 1.10161018439
33.25 0 1.10289877935
33.26 0 1.10311113001
33.27 0 1.10365781
33.28 0 1.10427380617
33.29 0 1.10319784264
33.3 0 1.10161330438
33.31 0 1.1014828074
33.32 0 1.10239972962
33.33 0 1.10239601779
33.34 0 1.10190954759
33.35 0 1.10159276802
33.36 0 1.10090417421
33.37 0 1.10048252017
33.38 0 1.10007880028
33.39 0 1.1004058079
33.4 0 1.10091445814
33.41 0 1.10173171534
33.42 0 1.10194617283
33.43 0 1.10267421817
33.44 0 1.10306350414
33.45 0 1.10373207254
33.46 0 1.10447465753
33.47 0 1.10495824243
33.48 0 1.10521584573
33.49 0 1.106953784
33.5 0 1.106953784
33.51 0 1.10824423513
33.52 0 1.10926850742
33.53 0 1.10948887827
33.54 0 1.10992601021
33.55 0 1.11021034223
33.56 0 1.11021034223
33.57 0 1.11009557017
33.58 0 1.11012065578
33.59 0 1.11083320618
33.6 0 1.11103403389
33.61 0 1.11138995769
33.62 0 1.11193860999
33.63 0 1.11152918559
33.64 0 1.11272204927
33.65 0 1.11450714834
33.66 0 1.11750503184
33.67 0 1.12193248735
33.68 0 1.12263524249
33.69 0 1.13115047297
33.7 0 1.1316370991
33.71 0 1.13908476022
33.72 0 1.1400970083
33.73 0 1.14012664515
33.74 0 1.14093104595
33.75 0 1.14093104595
33.76 0 1.14093104595
33.77 0 1.1415958645
33.78 0 1.1427961596
33.79 0 1.14125806305
33.8 0 1.15124353578
33.81 0 1.15210392587
33.82 0 1.15131239744
33.83 0 1.15743418975
33.84 0 1.15743907462
33.85 0 1.15946443461
33.86 0 1.16070606481
33.87 0 1.16254437723
33.88 0 1.16452861037
33.89 0 1.16648639631
33.9 0 1.16788265069
33.91 0 1.17050581849
33.92 0 1.1712494486
33.93 0 1.1712494486
33.94 0 1.16886850625
33.95 0 1.16859318102
33.96 0 1.16757740162
33.97 0 1.16708957756
33.98 0 1.16462442245
33.99 0 1.16484821916
34.0 0 1.16447549559
34.01 0 1.16305585615
34.02 0 1.16254630985
34.03 0 1.16316671386
34.04 0 1.16262819945
34.05 0 1.16215252869
34.06 0 1.16242172857
34.07 0 1.16308767213
34.08 0 1.16393339502
34.09 0 1.16440406192
34.1 0 1.16499172597
34.11 0 1.16517153084
34.12 0 1.1646649627
34.13 0 1.16404713714
34.14 0 1.16356450811
34.15 0 1.16335719762
34.16 0 1.16388945056
34.17 0 1.16507880256
34.18 0 1.16593532864
34.19 0 1.16609167688
34.2 0 1.16709732537
34.21 0 1.16794607137
34.22 0 1.16879117924
34.23 0 1.16947134695
34.24 0 1.16996751032
34.25 0 1.17065175432
34.26 0 1.17164808997
34.27 0 1.17249551909
34.28 0 1.17334472986
34.29 0 1.17523165285
34.3 0 1.17558933534
34.31 0 1.17617688784
34.32 0 1.17687588039
34.33 0 1.17794218367
34.34 0 1.17802652759
34.35 0 1.17822364314
34.36 0 1.17864913923
34.37 0 1.17958587689
34.38 0 1.17958587689
34.39 0 1.17982131166
34.4 0 1.18165050767
34.41 0 1.18075292175
34.42 0 1.17577395213
34.43 0 1.17750545154
34.44 0 1.17789590229
34.45 0 1.18329319361
34.46 0 1.18945961676
34.47 0 1.18945961676
34.48 0 1.1891997634
34.49 0 1.19809309804
34.5 0 1.20574812112
34.51 0 1.21145892718
34.52 0 1.21371897206
34.53 0 1.21272537208
34.54 0 1.21306897691
34.55 0 1.21652169407
34.56 0 1.21754477678
34.57 0 1.21812561785
34.58 0 1.21784525927
34.59 0 1.22112333322
34.6 0 1.22116157311
34.61 0 1.2227662341
34.62 0 1.22316146482
34.63 0 1.22375896914
34.64 0 1.22397986906
34.65 0 1.22407800494
34.66 0 1.22365860285
34.67 0 1.22365860285
34.68 0 1.22365860285
34.69 0 1.22498918963
34.7 0 1.22601183103
34.71 0 1.22764557016
34.72 0 1.2279522731
34.73 0 1.22721613963
34.74 0 1.22575022401
34.75 0 1.22617476972
34.76 0 1.22627416778
34.77 0 1.2260782071
34.78 0 1.22588112538
34.79 0 1.22553828838
34.8 0 1.22434469309
34.81 0 1.22347025429
34.82 0 1.22408583751
34.83 0 1.22227412061
34.84 0 1.22272686359
34.85 0 1.22364929898
34.86 0 1.22539687927
34.87 0 1.22695157292
34.88 0 1.22801402161
34.89 0 1.22801408093
34.9 0 1.22815146641
34.91 0 1.22825488727
34.92 0 1.22804282987
34.93 0 1.22757511322
34.94 0 1.22773889313
34.95 0 1.22794109233
34.96 0 1.22835349211
34.97 0 1.22926676986
34.98 0 1.23080268626
34.99 0 1.23114040134
35.0 0 1.23294948205
35.01 0 1.23367773384
35.02 0 1.23497400745
35.03 0 1.23571050021
35.04 0 1.23683525175
35.05 0 1.2377978871
35.06 0 1.23822607983
35.07 0 1.23992386006
35.08 0 1.2408269834
35.09 0 1.24197136144
35.1 0 1.24229920035
35.11 0 1.24258008148
35.12 0 1.24293231758
35.13 0 1.24369823659
35.14 0 1.24351886038
35.15 0 1.24411420461
35.16 0 1.24536307322
35.17 0 1.24621355882
35.18 0 1.24633302234
35.19 0 1.24705501233
35.2 0 1.24838675156
35.21 0 1.24966330265
35.22 0 1.24870640161
35.23 0 1.25176631857
35.24 0 1.25440152733
35.25 0 1.25420847227
35.26 0 1.25984867034
35.27 0 1.26158560124
35.28 0 1.26609327433
35.29 0 1.26807768275
35.3 0 1.27080700181
35.31 0 1.2710584896
35.32 0 1.2758519808
35.33 0 1.28037598665
35.34 0 1.28418194284
35.35 0 1.28445024305
35.36 0 1.28417344502
35.37 0 1.28429074531
35.38 0 1.28424640895
35.39 0 1.28450343254
35.4 0 1.28607898158
35.41 0 1.28605982041
35.42 0 1.28632559984
35.43 0 1.28560463509
35.44 0 1.28678387867
35.45 0 1.28681909948
35.46 0 1.28686110626
35.47 0 1.28779000228
35.48 0 1.28720835751
35.49 0 1.28774388831
35.5 0 1.28949102731
35.51 0 1.2894981899
35.52 0 1.2890019517
35.53 0 1.28886723498
35.54 0 1.28992554413
35.55 0 1.29010147324
35.56 0 1.29043791042
35.57 0 1.29126016994
35.58 0 1.29021287425
35.59 0 1.28899053108
35.6 0 1.28871353317
35.61 0 1.28859956894
35.62 0 1.28886283993
35.63 0 1.2886555248
35.64 0 1.28882035799
35.65 0 1.28883528205
35.66 0 1.28899988577
35.67 0 1.28940912933
35.68 0 1.29020904801
35.69 0 1.29062897127
35.7 0 1.29062437401
35.71 0 1.29108276114
35.72 0 1.29090712529
35.73 0 1.29062530615
35.74 0 1.29057874587
35.75 0 1.29126193666
35.76 0 1.29185402037
35.77 0 1.29362682343
35.78 0 1.29491698853
35.79 0 1.29508030718
35.8 0 1.29530751139
35.81 0 1.29506452065
35.82 0 1.29410644158
35.83 0 1.29385735771
35.84 0 1.29380471723
35.85 0 1.29352718086
35.86 0 1.29375642784
35.87 0 1.29386205757
35.88 0 1.29479593517
35.89 0 1.29521464802
35.9 0 1.29691605971
35.91 0 1.2977526229
35.92 0 1.29819077669
35.93 0 1.29921313862
35.94 0 1.30087678114
35.95 0 1.30300342499
35.96 0 1.30500045728
35.97 0 1.35746473124
35.98 0 1.34089096048
35.99 0 1.3455783927
36.0 0 1.34265089462
36.01 0 1.33831273055
36.02 0 1.33431233656
36.03 0 1.33315307025
36.04 0 1.33222926176
36.05 0 1.33312204623
36.06 0 1.33621032642
36.07 0 1.33831661522
36.08 0 1.33784724248
36.09 0 1.33821201004
36.1 0 1.33614689593
36.11 0 1.33956205573
36.12 0 1.34388376031
36.13 0 1.34272507786
36.14 0 1.34782112878
36.15 0 1.3718260189
