time,index,height
0.01 0 0.0
0.02 0 0.0267150916005
0.03 0 0.0273415093581
0.04 0 0.0342391924132
0.05 0 0.0361399550192
0.06 0 0.0444452520885
0.07 0 0.0483639853485
0.08 0 0.0486904951379
0.09 0 0.0516342408286
0.1 0 0.0516342408286
0.11 0 0.0646057016316
0.12 0 0.0677685838627
0.13 0 0.0703763264068
0.14 0 0.0726199069961
0.15 0 0.0737510243457
0.16 0 0.0737510243457
0.17 0 0.0737510243457
0.18 0 0.0731670388227
0.19 0 0.0723633578857
0.2 0 0.0714280369462
0.21 0 0.0679547592127
0.22 0 0.0628881608524
0.23 0 0.0596508820197
0.24 0 0.0552456674632
0.25 0 0.0483582566559
0.26 0 0.0463127372262
0.27 0 0.0358346645355
0.28 0 0.0347202920934
0.29 0 0.0303057292979
0.3 0 0.030185287854
0.31 0 0.0299668918598
0.32 0 0.0300086087247
0.33 0 0.0302061400452
0.34 0 0.031015924062
0.35 0 0.0319220814862
0.36 0 0.0330010225763
0.37 0 0.0341713920294
0.38 0 0.0345636578976
0.39 0 0.0360778352264
0.4 0 0.0375306708003
0.41 0 0.0379525679128
0.42 0 0.0389906248537
0.43 0 0.0390136353497
0.44 0 0.0391859335811
0.45 0 0.0394333241906
0.46 0 0.0398669774723
0.47 0 0.0402284846295
0.48 0 0.0403738100889
0.49 0 0.0404682537583
0.5 0 0.0403772104277
0.51 0 0.0399999861357
0.52 0 0.0395699779733
0.53 0 0.0386960716689
0.54 0 0.0383786250637
0.55 0 0.0371997788387
0.56 0 0.0372060119705
0.57 0 0.0376955282948
0.58 0 0.0384781313398
0.59 0 0.0388130748256
0.6 0 0.039340388512
0.61 0 0.0397733203709
0.62 0 0.0400790765149
0.63 0 0.0405202110055
0.64 0 0.040314733598
0.65 0 0.040001827398
0.66 0 0.0392298119897
0.67 0 0.0389489731188
0.68 0 0.0386715099187
0.69 0 0.0386388301693
0.7 0 0.0390172734463
0.71 0 0.0392064130596
0.72 0 0.0397051907266
0.73 0 0.0398740077544
0.74 0 0.0405576415573
0.75 0 0.0411796949911
0.76 0 0.0414514848587
0.77 0 0.0420429735934
0.78 0 0.0420979228177
0.79 0 0.042228962991
0.8 0 0.0423055629012
0.81 0 0.0419843170145
0.82 0 0.0412860166599
0.83 0 0.0406119043895
0.84 0 0.0401442988617
0.85 0 0.039381550499
0.86 0 0.0390542777188
0.87 0 0.0389526106875
0.88 0 0.0389489091398
0.89 0 0.039171496752
0.9 0 0.0393188768203
0.91 0 0.039760688
0.92 0 0.0408620543069
0.93 0 0.0419265527894
0.94 0 0.0437349567367
0.95 0 0.0459308929566
0.96 0 0.0480351517959
0.97 0 0.0497934868094
0.98 0 0.0512331717825
0.99 0 0.0518357116717
1.0 0 0.052547285226
1.01 0 0.0535237796741
1.02 0 0.0541227296504
1.03 0 0.0541227296504
1.04 0 0.0550069523906
1.05 0 0.0561244866558
1.06 0 0.0560626029357
1.07 0 0.0560681874873
1.08 0 0.0560681874873
1.09 0 0.0560681874873
1.1 0 0.0559683638568
1.11 0 0.0558918612831
1.12 0 0.0557758446602
1.13 0 0.0556128362818
1.14 0 0.0556128362818
1.15 0 0.0545924530569
1.16 0 0.0536071721669
1.17 0 0.0532670237976
1.18 0 0.0524602033064
1.19 0 0.052355455015
1.2 0 0.0512718392375
1.21 0 0.0504425161338
1.22 0 0.0494190016485
1.23 0 0.0491024206686
1.24 0 0.0484682950833
1.25 0 0.0481708268942
1.26 0 0.0479044719414
1.27 0 0.048165213971
1.28 0 0.0482232946747
1.29 0 0.0483044603406
1.3 0 0.0481964127331
1.31 0 0.0479054252716
1.32 0 0.0479054252716
1.33 0 0.0479054252716
1.34 0 0.0462803221463
1.35 0 0.044925841709
1.36 0 0.0435216517381
1.37 0 0.0424419039041
1.38 0 0.0428959390872
1.39 0 0.0434473016142
1.4 0 0.0451815451538
1.41 0 0.0460831703979
1.42 0 0.0470512011546
1.43 0 0.0478157407293
1.44 0 0.0481556987011
1.45 0 0.0490189955325
1.46 0 0.0497717741847
1.47 0 0.0500737430448
1.48 0 0.0505915620608
1.49 0 0.0511632515723
1.5 0 0.0514648795145
1.51 0 0.0514648795145
1.52 0 0.0515339974317
1.53 0 0.0516205664636
1.54 0 0.0516205664636
1.55 0 0.053444152688
1.56 0 0.0534040871051
1.57 0 0.0539918892757
1.58 0 0.0547277137661
1.59 0 0.0549620712124
1.6 0 0.0556341183571
1.61 0 0.0561134263719
1.62 0 0.0561388606261
1.63 0 0.0556451573604
1.64 0 0.0551646683343
1.65 0 0.0549887706894
1.66 0 0.0542150441288
1.67 0 0.0529686637477
1.68 0 0.0528429673695
1.69 0 0.052942566451
1.7 0 0.0520306002621
1.71 0 0.0520420542993
1.72 0 0.0514759530394
1.73 0 0.0518922784805
1.74 0 0.0531132759369
1.75 0 0.054598053882
1.76 0 0.0566101709939
1.77 0 0.0577912851715
1.78 0 0.0591563807335
1.79 0 0.0614076747861
1.8 0 0.0639148758251
1.81 0 0.0659571186554
1.82 0 0.0672398049659
1.83 0 0.0680335838558
1.84 0 0.0685864858476
1.85 0 0.068849056755
1.86 0 0.0700599846372
1.87 0 0.0706077539741
1.88 0 0.0710241192195
1.89 0 0.071569633771
1.9 0 0.0716106293526
1.91 0 0.0721001666832
1.92 0 0.0723928526214
1.93 0 0.0726780432941
1.94 0 0.0726780432941
1.95 0 0.07342834671
1.96 0 0.0736390018551
1.97 0 0.0742510410989
1.98 0 0.074857163144
1.99 0 0.0748441385296
2.0 0 0.0748408916152
2.01 0 0.0751493896306
2.02 0 0.0752536774907
2.03 0 0.0756682723733
2.04 0 0.0757846049485
2.05 0 0.0754468853292
2.06 0 0.0753488110203
2.07 0 0.0750240784338
2.08 0 0.0737407956687
2.09 0 0.0729578544873
2.1 0 0.0716712460179
2.11 0 0.0707829860248
2.12 0 0.0698707079321
2.13 0 0.0693938299701
2.14 0 0.0689499028066
2.15 0 0.0685379290589
2.16 0 0.068443548704
2.17 0 0.0684290815704
2.18 0 0.0674899042606
2.19 0 0.0660574619638
2.2 0 0.0655788414862
2.21 0 0.0643546283172
2.22 0 0.0637812288112
2.23 0 0.0632096051022
2.24 0 0.0626592738351
2.25 0 0.0628411830474
2.26 0 0.0633402594448
2.27 0 0.0651091260401
2.28 0 0.0671235576851
2.29 0 0.0678101530766
2.3 0 0.0689380039025
2.31 0 0.069381463034
2.32 0 0.0706714999515
2.33 0 0.0720398418968
2.34 0 0.0728643267012
2.35 0 0.0741369326001
2.36 0 0.0750022945316
2.37 0 0.0763898614497
2.38 0 0.0763898614497
2.39 0 0.0778622453782
2.4 0 0.0778622453782
2.41 0 0.0802611908494
2.42 0 0.082688955707
2.43 0 0.0833293480136
2.44 0 0.08443168063
2.45 0 0.0861802425
2.46 0 0.0859464269151
2.47 0 0.0869643093807
2.48 0 0.0889833928658
2.49 0 0.0906142977999
2.5 0 0.0907259195033
2.51 0 0.0911902196998
2.52 0 0.0913506556787
2.53 0 0.0920552811054
2.54 0 0.0925613609203
2.55 0 0.0933004092953
2.56 0 0.0937381711099
2.57 0 0.0937400188797
2.58 0 0.0944255715897
2.59 0 0.0960378923589
2.6 0 0.0969554263399
2.61 0 0.0984081897407
2.62 0 0.0991052277348
2.63 0 0.0992670007548
2.64 0 0.0996801515492
2.65 0 0.0998488426612
2.66 0 0.100035148392
2.67 0 0.1002161784
2.68 0 0.10067302177
2.69 0 0.100816318345
2.7 0 0.101068001761
2.71 0 0.100889614113
2.72 0 0.100538488701
2.73 0 0.100273395813
2.74 0 0.0996933411502
2.75 0 0.0990679557253
2.76 0 0.0989020796615
2.77 0 0.0990461256132
2.78 0 0.0981995183845
2.79 0 0.0978666741247
2.8 0 0.0973962231197
2.81 0 0.0955269747871
2.82 0 0.0954236662952
2.83 0 0.0954971086085
2.84 0 0.0956884104357
2.85 0 0.0955990754971
2.86 0 0.0957522379727
2.87 0 0.0959326022389
2.88 0 0.096178054642
2.89 0 0.0964497824772
2.9 0 0.0966867709514
2.91 0 0.0964727365747
2.92 0 0.0964095222151
2.93 0 0.0959211904073
2.94 0 0.0951504828289
2.95 0 0.0943907173249
2.96 0 0.0940180722092
2.97 0 0.0942846472785
2.98 0 0.0946615719787
2.99 0 0.0950164023895
3.0 0 0.0961229455115
3.01 0 0.0961874481211
3.02 0 0.0973433392931
3.03 0 0.0987763067065
3.04 0 0.0999669333997
3.05 0 0.10135835883
3.06 0 0.102171068732
3.07 0 0.102944675891
3.08 0 0.104369048498
3.09 0 0.106219348041
3.1 0 0.107861329825
3.11 0 0.110069585098
3.12 0 0.111665999864
3.13 0 0.113414288057
3.14 0 0.117587425835
3.15 0 0.120218375369
3.16 0 0.121990878827
3.17 0 0.124514199495
3.18 0 0.127385879954
3.19 0 0.129685594764
3.2 0 0.129802343545
3.21 0 0.131957622072
3.22 0 0.133795246977
3.23 0 0.134567901597
3.24 0 0.134394555233
3.25 0 0.1351081336
3.26 0 0.136153061323
3.27 0 0.136977441568
3.28 0 0.138257185435
3.29 0 0.139521190135
3.3 0 0.140429711416
3.31 0 0.141077175683
3.32 0 0.141241732013
3.33 0 0.141375313663
3.34 0 0.141375313663
3.35 0 0.141375313663
3.36 0 0.141997721274
3.37 0 0.142094155237
3.38 0 0.141596452258
3.39 0 0.141332977379
3.4 0 0.141157044157
3.41 0 0.140732942074
3.42 0 0.140589208159
3.43 0 0.139520935558
3.44 0 0.138990747503
3.45 0 0.138770787802
3.46 0 0.138496603573
3.47 0 0.138252750225
3.48 0 0.138168553528
3.49 0 0.138209365778
3.5 0 0.138556154052
3.51 0 0.138697170052
3.52 0 0.139487390454
3.53 0 0.139606769033
3.54 0 0.14016574061
3.55 0 0.141205550545
3.56 0 0.141854217671
3.57 0 0.142908638151
3.58 0 0.143828765479
3.59 0 0.14438848975
3.6 0 0.145005874268
3.61 0 0.145911158224
3.62 0 0.147135972095
3.63 0 0.14756621478
3.64 0 0.147848784816
3.65 0 0.147848784816
3.66 0 0.147848784816
3.67 0 0.147848784816
3.68 0 0.14752519562
3.69 0 0.147685626812
3.7 0 0.147741052411
3.71 0 0.147544637629
3.72 0 0.147499192014
3.73 0 0.147874589528
3.74 0 0.147539313914
3.75 0 0.147549002977
3.76 0 0.147498088981
3.77 0 0.147371283318
3.78 0 0.147120289674
3.79 0 0.147412450007
3.8 0 0.147336938966
3.81 0 0.148025424182
3.82 0 0.148790854904
3.83 0 0.149548977332
3.84 0 0.149409017498
3.85 0 0.149988446697
3.86 0 0.150989557028
3.87 0 0.152593222911
3.88 0 0.153679378542
3.89 0 0.155823884985
3.9 0 0.15764998561
3.91 0 0.159036073589
3.92 0 0.160761062151
3.93 0 0.162764092818
3.94 0 0.165330454355
3.95 0 0.16534001283
3.96 0 0.169563765978
3.97 0 0.171826231896
3.98 0 0.17343687278
3.99 0 0.175526213392
4.0 0 0.176500891161
4.01 0 0.178811813613
4.02 0 0.180972741462
4.03 0 0.182447456217
4.04 0 0.18438452416
4.05 0 0.185780242288
4.06 0 0.187103406925
4.07 0 0.188697240245
4.08 0 0.18916706964
4.09 0 0.190884415914
4.1 0 0.192550798015
4.11 0 0.192594763141
4.12 0 0.193279458266
4.13 0 0.193380321481
4.14 0 0.193627162841
4.15 0 0.193892645276
4.16 0 0.193784798977
4.17 0 0.193573640766
4.18 0 0.193081367116
4.19 0 0.192597059171
4.2 0 0.19238084349
4.21 0 0.191802104878
4.22 0 0.191063023936
4.23 0 0.190476132119
4.24 0 0.189423896673
4.25 0 0.188261088671
4.26 0 0.18762065504
4.27 0 0.186392120676
4.28 0 0.185662926013
4.29 0 0.184920460661
4.3 0 0.184917877903
4.31 0 0.185256027846
4.32 0 0.185190023269
4.33 0 0.185846670424
4.34 0 0.185846670424
4.35 0 0.185846670424
4.36 0 0.18641212264
4.37 0 0.186917828456
4.38 0 0.187923729237
4.39 0 0.188452673603
4.4 0 0.188347148989
4.41 0 0.188416040032
4.42 0 0.188931407337
4.43 0 0.188957893659
4.44 0 0.188660492479
4.45 0 0.187829345431
4.46 0 0.187257296071
4.47 0 0.186980415773
4.48 0 0.18666822224
4.49 0 0.186490717851
4.5 0 0.186367894635
4.51 0 0.186244293719
4.52 0 0.186152161596
4.53 0 0.186240579205
4.54 0 0.18562447119
4.55 0 0.185468093439
4.56 0 0.185386785996
4.57 0 0.185927036848
4.58 0 0.186423870857
4.59 0 0.186654472315
4.6 0 0.186401120908
4.61 0 0.186627667771
4.62 0 0.186961527688
4.63 0 0.188049952146
4.64 0 0.187494633437
4.65 0 0.187413346899
4.66 0 0.187177550292
4.67 0 0.187045934675
4.68 0 0.187992988411
4.69 0 0.186653415253
4.7 0 0.186450434022
4.71 0 0.187845273192
4.72 0 0.187317684631
4.73 0 0.187317684631
4.74 0 0.191440702936
4.75 0 0.193376498429
4.76 0 0.194079211868
4.77 0 0.195206429462
4.78 0 0.196692246039
4.79 0 0.197499143923
4.8 0 0.19822536565
4.81 0 0.197983803537
4.82 0 0.199361605823
4.83 0 0.199631946145
4.84 0 0.199890382878
4.85 0 0.20033316104
4.86 0 0.202600040773
4.87 0 0.203783296981
4.88 0 0.203935023839
4.89 0 0.203028144438
4.9 0 0.202760549784
4.91 0 0.201993690458
4.92 0 0.200764496167
4.93 0 0.199912258329
4.94 0 0.198596478397
4.95 0 0.197472587107
4.96 0 0.19683769787
4.97 0 0.196143824658
4.98 0 0.195365742083
4.99 0 0.194022031127
5.0 0 0.193490218641
5.01 0 0.192657237607
5.02 0 0.191966870979
5.03 0 0.19053671621
5.04 0 0.189899706481
5.05 0 0.189399876164
5.06 0 0.189052084464
5.07 0 0.188201399097
5.08 0 0.187914781791
5.09 0 0.186907514936
5.1 0 0.185092085796
5.11 0 0.184564578473
5.12 0 0.184564482639
5.13 0 0.185639691535
5.14 0 0.1863931037
5.15 0 0.185885897732
5.16 0 0.18623772047
5.17 0 0.186497868067
5.18 0 0.186684027009
5.19 0 0.186279510397
5.2 0 0.185939235046
5.21 0 0.185843468479
5.22 0 0.185843468479
5.23 0 0.185762212386
5.24 0 0.187995949717
5.25 0 0.189956531598
5.26 0 0.191619338186
5.27 0 0.19247595572
5.28 0 0.194156239064
5.29 0 0.19484894312
5.3 0 0.196318086886
5.31 0 0.196706312751
5.32 0 0.19834929113
5.33 0 0.19871632525
5.34 0 0.198629943404
5.35 0 0.198775119005
5.36 0 0.19995007287
5.37 0 0.19957557135
5.38 0 0.196527294948
5.39 0 0.193831494849
5.4 0 0.194273281707
5.41 0 0.194250456369
5.42 0 0.191654216635
5.43 0 0.189934558799
5.44 0 0.189527765409
5.45 0 0.189173756976
5.46 0 0.1893606984
5.47 0 0.1893606984
5.48 0 0.1893606984
5.49 0 0.191160689376
5.5 0 0.192844500598
5.51 0 0.191525807169
5.52 0 0.191611792893
5.53 0 0.192223767874
5.54 0 0.194014182475
5.55 0 0.194014182475
5.56 0 0.194014182475
5.57 0 0.196543450448
5.58 0 0.199315023933
5.59 0 0.200300738463
5.6 0 0.201976602984
5.61 0 0.201820082567
5.62 0 0.203001366052
5.63 0 0.203095557513
5.64 0 0.202477416843
5.65 0 0.201489691771
5.66 0 0.200242011029
5.67 0 0.197317512691
5.68 0 0.196474601292
5.69 0 0.193117410738
5.7 0 0.190741027936
5.71 0 0.186451539131
5.72 0 0.182938022592
5.73 0 0.180128231735
5.74 0 0.176739606246
5.75 0 0.17422639854
5.76 0 0.17287516542
5.77 0 0.170549747316
5.78 0 0.167488725024
5.79 0 0.164949038684
5.8 0 0.162436714026
5.81 0 0.159168564681
5.82 0 0.157767113671
5.83 0 0.154129838834
5.84 0 0.149718876536
5.85 0 0.1451038828
5.86 0 0.143153821851
5.87 0 0.141545292247
5.88 0 0.139799963942
5.89 0 0.13968028208
5.9 0 0.13976440989
5.91 0 0.139283417299
5.92 0 0.139819710261
5.93 0 0.140701486716
5.94 0 0.143244919303
5.95 0 0.144416027971
5.96 0 0.146430898853
5.97 0 0.148134882273
5.98 0 0.148949715613
5.99 0 0.151817727019
6.0 0 0.15288759202
6.01 0 0.153535041008
6.02 0 0.154162987328
6.03 0 0.154104979957
6.04 0 0.154000744007
6.05 0 0.154849643091
6.06 0 0.156313446419
6.07 0 0.1572544941
6.08 0 0.158093504335
6.09 0 0.158578512225
6.1 0 0.159147778249
6.11 0 0.1593297651
6.12 0 0.160747388518
6.13 0 0.161082459055
6.14 0 0.161737289968
6.15 0 0.16208079739
6.16 0 0.162422188949
6.17 0 0.163539933679
6.18 0 0.164751571131
6.19 0 0.16527099964
6.2 0 0.164907711269
6.21 0 0.167040300131
6.22 0 0.16838171801
6.23 0 0.169105825984
6.24 0 0.168990109272
6.25 0 0.17212399756
6.26 0 0.172426311772
6.27 0 0.172841760817
6.28 0 0.171397619568
6.29 0 0.173287330602
6.3 0 0.172086677831
6.31 0 0.172270785386
6.32 0 0.172771106702
6.33 0 0.172244169886
6.34 0 0.172166997913
6.35 0 0.17432230969
6.36 0 0.172040681957
6.37 0 0.174371178942
6.38 0 0.172461690929
6.39 0 0.172669178894
6.4 0 0.173264178881
6.41 0 0.174704493905
6.42 0 0.179831764739
6.43 0 0.179439306163
6.44 0 0.178804490435
6.45 0 0.179291406577
6.46 0 0.176329215834
6.47 0 0.174419697582
6.48 0 0.173304966404
6.49 0 0.169171832413
6.5 0 0.166034992817
6.51 0 0.165738413467
6.52 0 0.163301520454
6.53 0 0.16070262557
6.54 0 0.15659923166
6.55 0 0.151114580087
6.56 0 0.148712035278
6.57 0 0.144863595322
6.58 0 0.143664524073
6.59 0 0.140103493893
6.6 0 0.138451632832
6.61 0 0.136925867355
6.62 0 0.135765381732
6.63 0 0.135103291389
6.64 0 0.134514323684
6.65 0 0.133916269021
6.66 0 0.132673417284
6.67 0 0.131846438248
6.68 0 0.131249599468
6.69 0 0.13036533883
6.7 0 0.130341733517
6.71 0 0.130398113339
6.72 0 0.132001038388
6.73 0 0.132195094726
6.74 0 0.133339315697
6.75 0 0.133760461499
6.76 0 0.134241011649
6.77 0 0.135376243502
6.78 0 0.136066966311
6.79 0 0.136751518792
6.8 0 0.137770749968
6.81 0 0.138414253395
6.82 0 0.13881359105
6.83 0 0.138876641352
6.84 0 0.138460383279
6.85 0 0.13824477161
6.86 0 0.137990310005
6.87 0 0.138237814943
6.88 0 0.138725847998
6.89 0 0.139151190149
6.9 0 0.138632403315
6.91 0 0.139057603954
6.92 0 0.140993566236
6.93 0 0.141976086329
6.94 0 0.14338940652
6.95 0 0.1445227691
6.96 0 0.145758357769
6.97 0 0.146941045917
6.98 0 0.148260720902
6.99 0 0.148995635362
7.0 0 0.148425037967
7.01 0 0.148081446216
7.02 0 0.150511221866
7.03 0 0.151809850454
7.04 0 0.154835215398
7.05 0 0.15625372971
7.06 0 0.157493833091
7.07 0 0.157281320778
7.08 0 0.160388696712
7.09 0 0.160132476921
7.1 0 0.161177028122
7.11 0 0.164175875441
7.12 0 0.164886172346
7.13 0 0.167167674882
7.14 0 0.171357918721
7.15 0 0.170775922361
7.16 0 0.172799835358
7.17 0 0.176507415159
7.18 0 0.17783226679
7.19 0 0.176507854218
7.2 0 0.179557445597
7.21 0 0.179322309033
7.22 0 0.179361725217
7.23 0 0.180833499461
7.24 0 0.177165704552
7.25 0 0.176569122644
7.26 0 0.174566680502
7.27 0 0.176324711421
7.28 0 0.176648478168
7.29 0 0.173629354971
7.3 0 0.172952652618
7.31 0 0.174085488785
7.32 0 0.1709023862
7.33 0 0.171894790754
7.34 0 0.169820977682
7.35 0 0.167575074545
7.36 0 0.166358335136
7.37 0 0.164336177097
7.38 0 0.164533967841
7.39 0 0.164529464474
7.4 0 0.164183410801
7.41 0 0.163615866615
7.42 0 0.16371090284
7.43 0 0.164356306194
7.44 0 0.163344449108
7.45 0 0.162680723012
7.46 0 0.162148175454
7.47 0 0.162763287465
7.48 0 0.163973809657
7.49 0 0.164860022649
7.5 0 0.165568757857
7.51 0 0.165901650041
7.52 0 0.165126534349
7.53 0 0.163402176499
7.54 0 0.161357665735
7.55 0 0.15915378101
7.56 0 0.157437557285
7.57 0 0.154431425372
7.58 0 0.152867424728
7.59 0 0.149601108548
7.6 0 0.148652168807
7.61 0 0.14641216672
7.62 0 0.145377523724
7.63 0 0.144081286318
7.64 0 0.142163498762
7.65 0 0.14024189392
7.66 0 0.139232683049
7.67 0 0.137993052019
7.68 0 0.136676549394
7.69 0 0.13519854663
7.7 0 0.13519854663
7.71 0 0.131254287696
7.72 0 0.130034969364
7.73 0 0.128015282962
7.74 0 0.127980728828
7.75 0 0.127967384703
7.76 0 0.127071463088
7.77 0 0.126401819417
7.78 0 0.126060729913
7.79 0 0.127461537954
7.8 0 0.128094799791
7.81 0 0.12996556595
7.82 0 0.129989186743
7.83 0 0.133878676148
7.84 0 0.134622056728
7.85 0 0.139917821741
7.86 0 0.140239868488
7.87 0 0.143174185948
7.88 0 0.146672190721
7.89 0 0.148855584954
7.9 0 0.150399681838
7.91 0 0.152826521111
7.92 0 0.154415947063
7.93 0 0.156959056557
7.94 0 0.158631206565
7.95 0 0.161041042535
7.96 0 0.162072874792
7.97 0 0.162652557685
7.98 0 0.162819842048
7.99 0 0.162765593133
8.0 0 0.161451188259
8.01 0 0.160982280801
8.02 0 0.159207512722
8.03 0 0.158242586724
8.04 0 0.157086288933
8.05 0 0.155957610942
8.06 0 0.155706768419
8.07 0 0.154134472735
8.08 0 0.150847369756
8.09 0 0.149722449537
8.1 0 0.149722449537
8.11 0 0.145190086928
8.12 0 0.141210264668
8.13 0 0.138805093081
8.14 0 0.134629619432
8.15 0 0.13195456892
8.16 0 0.125199616636
8.17 0 0.120930012466
8.18 0 0.120419416864
8.19 0 0.117909220485
8.2 0 0.116386781373
8.21 0 0.114825213598
8.22 0 0.113854738575
8.23 0 0.113154493369
8.24 0 0.112856188011
8.25 0 0.112554730516
8.26 0 0.112984110425
8.27 0 0.113460293622
8.28 0 0.11383444861
8.29 0 0.113857688537
8.3 0 0.113361667417
8.31 0 0.113217478823
8.32 0 0.112892653531
8.33 0 0.111910424948
8.34 0 0.11104917203
8.35 0 0.110379096049
8.36 0 0.110722479857
8.37 0 0.111870281773
8.38 0 0.112867542508
8.39 0 0.113560699781
8.4 0 0.114410561666
8.41 0 0.115657555796
8.42 0 0.116046719218
8.43 0 0.116209564681
8.44 0 0.116486245329
8.45 0 0.116476264978
8.46 0 0.115833699534
8.47 0 0.115878984677
8.48 0 0.116372873161
8.49 0 0.117060102072
8.5 0 0.118963760713
8.51 0 0.120426821662
8.52 0 0.12172509676
8.53 0 0.123325950932
8.54 0 0.125136850668
8.55 0 0.127535927128
8.56 0 0.129452473753
8.57 0 0.130454523203
8.58 0 0.130668597772
8.59 0 0.132223151347
8.6 0 0.132137978149
8.61 0 0.132112348981
8.62 0 0.131979447698
8.63 0 0.133468322707
8.64 0 0.134168008639
8.65 0 0.136632775965
8.66 0 0.139018958726
8.67 0 0.142762633788
8.68 0 0.143701403443
8.69 0 0.144408386009
8.7 0 0.14597922256
8.71 0 0.14685986572
8.72 0 0.147798414568
8.73 0 0.148168337499
8.74 0 0.150021857431
8.75 0 0.150253716942
8.76 0 0.152101764917
8.77 0 0.153284728725
8.78 0 0.15457748923
8.79 0 0.156349619401
8.8 0 0.157271081384
8.81 0 0.158358109067
8.82 0 0.158465503924
8.83 0 0.158426545774
8.84 0 0.158150047155
8.85 0 0.157630565252
8.86 0 0.158187364379
8.87 0 0.158360103857
8.88 0 0.158562287428
8.89 0 0.158505197764
8.9 0 0.158540862187
8.91 0 0.158790558993
8.92 0 0.159070389283
8.93 0 0.159528207851
8.94 0 0.15982637249
8.95 0 0.160030116815
8.96 0 0.16002835156
8.97 0 0.160376842376
8.98 0 0.160671906858
8.99 0 0.160813644375
9.0 0 0.160918022063
9.01 0 0.161123978859
9.02 0 0.161680818028
9.03 0 0.162253174397
9.04 0 0.162812712347
9.05 0 0.163305052478
9.06 0 0.16379194091
9.07 0 0.164235533057
9.08 0 0.164504507538
9.09 0 0.164901325933
9.1 0 0.164996199853
9.11 0 0.165547210592
9.12 0 0.166470209314
9.13 0 0.166826848575
9.14 0 0.167256148086
9.15 0 0.167565234102
9.16 0 0.16730553932
9.17 0 0.16717080917
9.18 0 0.166447249775
9.19 0 0.165628108781
9.2 0 0.164871150457
9.21 0 0.164071902076
9.22 0 0.162866003115
9.23 0 0.16221624297
9.24 0 0.162021244216
9.25 0 0.162358866845
9.26 0 0.162674185841
9.27 0 0.16400575152
9.28 0 0.164530408516
9.29 0 0.165890050222
9.3 0 0.167250583821
9.31 0 0.16868092896
9.32 0 0.17079719334
9.33 0 0.17141676246
9.34 0 0.174466374217
9.35 0 0.174191093998
9.36 0 0.17827654095
9.37 0 0.180178847708
9.38 0 0.180309929611
9.39 0 0.182055252814
9.4 0 0.18266937862
9.41 0 0.185328672137
9.42 0 0.187705284244
9.43 0 0.189401965751
9.44 0 0.190910744672
9.45 0 0.193018972431
9.46 0 0.193958066165
9.47 0 0.194655682377
9.48 0 0.196402732242
9.49 0 0.196546410756
9.5 0 0.198394238286
9.51 0 0.200041044795
9.52 0 0.201076802841
9.53 0 0.201843798819
9.54 0 0.202354832154
9.55 0 0.202672493235
9.56 0 0.202973711514
9.57 0 0.203177632701
9.58 0 0.203289315852
9.59 0 0.202903741423
9.6 0 0.203169462021
9.61 0 0.20325471049
9.62 0 0.203385489441
9.63 0 0.20297932464
9.64 0 0.202520950623
9.65 0 0.202520950623
9.66 0 0.202520950623
9.67 0 0.199758533103
9.68 0 0.199043324623
9.69 0 0.197624203043
9.7 0 0.1964942685
9.71 0 0.195722204822
9.72 0 0.193964533378
9.73 0 0.19292553369
9.74 0 0.192170799966
9.75 0 0.192241381691
9.76 0 0.192114736176
9.77 0 0.191997061857
9.78 0 0.192352680445
9.79 0 0.191945453959
9.8 0 0.192008084251
9.81 0 0.192404141551
9.82 0 0.193257828135
9.83 0 0.193343762912
9.84 0 0.193343762912
9.85 0 0.194056345672
9.86 0 0.194926253772
9.87 0 0.195577851021
9.88 0 0.197481560159
9.89 0 0.198070842739
9.9 0 0.198484100835
9.91 0 0.199185668364
9.92 0 0.200299671917
9.93 0 0.200568380985
9.94 0 0.200536744927
9.95 0 0.200264513296
9.96 0 0.200675405759
9.97 0 0.200859446255
9.98 0 0.201579528654
9.99 0 0.201997909433
10.0 0 0.20205283478
10.01 0 0.201728357759
10.02 0 0.201701009435
10.03 0 0.201701009435
10.04 0 0.202722900893
10.05 0 0.202608277771
10.06 0 0.202090337831
10.07 0 0.201462846848
10.08 0 0.20228921724
10.09 0 0.201778246709
10.1 0 0.203407089425
10.11 0 0.203951733749
10.12 0 0.205227067767
10.13 0 0.206635959609
10.14 0 0.208043945538
10.15 0 0.208442273597
10.16 0 0.209137368864
10.17 0 0.211807794087
10.18 0 0.211935161834
10.19 0 0.211935161834
10.2 0 0.209078107321
10.21 0 0.208896057415
10.22 0 0.212436021018
10.23 0 0.214084222829
10.24 0 0.208365288409
10.25 0 0.208365288409
10.26 0 0.220897073134
10.27 0 0.217883572995
10.28 0 0.2173934611
10.29 0 0.216683551142
10.3 0 0.214401908989
10.31 0 0.213787001981
10.32 0 0.213077172671
10.33 0 0.21236733535
10.34 0 0.209295866907
10.35 0 0.208410442783
10.36 0 0.207337372628
10.37 0 0.206304669757
10.38 0 0.206304669757
10.39 0 0.206304669757
10.4 0 0.201843361689
10.41 0 0.200870754503
10.42 0 0.200368798958
10.43 0 0.201230207319
10.44 0 0.200602573776
10.45 0 0.199579576547
10.46 0 0.19880479512
10.47 0 0.197520036735
10.48 0 0.196879621511
10.49 0 0.196111433923
10.5 0 0.195204754756
10.51 0 0.193862972524
10.52 0 0.193430770468
10.53 0 0.193377069699
10.54 0 0.192260856433
10.55 0 0.191888732083
10.56 0 0.191362958169
10.57 0 0.1895447281
10.58 0 0.188001734021
10.59 0 0.187083929334
10.6 0 0.184488728609
10.61 0 0.181327149562
10.62 0 0.178477313774
10.63 0 0.176470002118
10.64 0 0.174823586756
10.65 0 0.17266320295
10.66 0 0.171701968911
10.67 0 0.16907058227
10.68 0 0.167609240478
10.69 0 0.167798761009
10.7 0 0.168882976152
10.71 0 0.170065384967
10.72 0 0.171613098038
10.73 0 0.172566580766
10.74 0 0.174444323123
10.75 0 0.175065849798
10.76 0 0.176384153449
10.77 0 0.177110460982
10.78 0 0.177667082304
10.79 0 0.178867832179
10.8 0 0.180106886869
10.81 0 0.18055943503
10.82 0 0.183590248161
10.83 0 0.184535677676
10.84 0 0.185682602098
10.85 0 0.186209484295
10.86 0 0.187369522583
10.87 0 0.188444024381
10.88 0 0.19029048459
10.89 0 0.193003502298
10.9 0 0.195205612659
10.91 0 0.197875522851
10.92 0 0.201738752299
10.93 0 0.202385932492
10.94 0 0.20576569042
10.95 0 0.207999126426
10.96 0 0.208833999781
10.97 0 0.212923992549
10.98 0 0.215315202322
10.99 0 0.214117917004
11.0 0 0.214368464283
11.01 0 0.216362522941
11.02 0 0.216785732647
11.03 0 0.214707457012
11.04 0 0.215355823728
11.05 0 0.213432888612
11.06 0 0.211725900536
11.07 0 0.212232139173
11.08 0 0.215226422651
11.09 0 0.216939140594
11.1 0 0.2163108196
11.11 0 0.218735594923
11.12 0 0.219394651054
11.13 0 0.221173613096
11.14 0 0.220930163194
11.15 0 0.221219763331
11.16 0 0.220524107639
11.17 0 0.219748280248
11.18 0 0.221313237965
11.19 0 0.222789342899
11.2 0 0.223803337587
11.21 0 0.224128021118
11.22 0 0.224128778324
11.23 0 0.223618519871
11.24 0 0.222795056235
11.25 0 0.22147122624
11.26 0 0.219825451173
11.27 0 0.217371079602
11.28 0 0.216895350305
11.29 0 0.216917139031
11.3 0 0.217546815598
11.31 0 0.217665265222
11.32 0 0.215844969856
11.33 0 0.214068855556
11.34 0 0.212652190459
11.35 0 0.212442933695
11.36 0 0.21154902579
11.37 0 0.211463044086
11.38 0 0.211420900673
11.39 0 0.211129726422
11.4 0 0.21055520375
11.41 0 0.209521188613
11.42 0 0.208751885168
11.43 0 0.206662751032
11.44 0 0.203269725704
11.45 0 0.201741108889
11.46 0 0.198916970423
11.47 0 0.196103760679
11.48 0 0.195135417727
11.49 0 0.195506395135
11.5 0 0.196027884647
11.51 0 0.19836955122
11.52 0 0.199552604886
11.53 0 0.200671613061
11.54 0 0.201379159959
11.55 0 0.201308677918
11.56 0 0.201498265681
11.57 0 0.201977245743
11.58 0 0.202632116407
11.59 0 0.203098342389
11.6 0 0.204528143757
11.61 0 0.204440988387
11.62 0 0.204706326072
11.63 0 0.204958335499
11.64 0 0.205524316614
11.65 0 0.207160279104
11.66 0 0.208063007608
11.67 0 0.209503275135
11.68 0 0.209565966131
11.69 0 0.208719403594
11.7 0 0.210357198132
11.71 0 0.209125492894
11.72 0 0.209618075947
11.73 0 0.210194170699
11.74 0 0.211940117547
11.75 0 0.212074832392
11.76 0 0.211321689823
11.77 0 0.210582968512
11.78 0 0.210758399355
11.79 0 0.210225974573
11.8 0 0.210709588044
11.81 0 0.211160815285
11.82 0 0.213430168367
11.83 0 0.213124597168
11.84 0 0.218217293963
11.85 0 0.219897297052
11.86 0 0.221812443427
11.87 0 0.225086110225
11.88 0 0.226482743079
11.89 0 0.228656358736
11.9 0 0.229932713348
11.91 0 0.229716650094
11.92 0 0.230071736859
11.93 0 0.231172874749
11.94 0 0.231158899661
11.95 0 0.231965225724
11.96 0 0.232416132422
11.97 0 0.231975903502
11.98 0 0.231190104274
11.99 0 0.230463867292
12.0 0 0.227980521161
12.01 0 0.226644071742
12.02 0 0.223850301775
12.03 0 0.221134215866
12.04 0 0.219612749203
12.05 0 0.217796285248
12.06 0 0.21539359037
12.07 0 0.214368403456
12.08 0 0.213595741343
12.09 0 0.212809407413
12.1 0 0.212838116484
12.11 0 0.212948432413
12.12 0 0.212331644183
12.13 0 0.211705056139
12.14 0 0.211195421212
12.15 0 0.211195421212
12.16 0 0.210161739957
12.17 0 0.209674053991
12.18 0 0.208575966187
12.19 0 0.208138904107
12.2 0 0.207732736264
12.21 0 0.206497351883
12.22 0 0.204398547991
12.23 0 0.203013332895
12.24 0 0.201841735499
12.25 0 0.201258316767
12.26 0 0.201035630226
12.27 0 0.20066260965
12.28 0 0.200619201204
12.29 0 0.200211878051
12.3 0 0.199892197962
12.31 0 0.198556295637
12.32 0 0.196276686074
12.33 0 0.195120889071
12.34 0 0.194603332843
12.35 0 0.193942085527
12.36 0 0.192525512727
12.37 0 0.190921768643
12.38 0 0.187992497697
12.39 0 0.184696958342
12.4 0 0.183688017807
12.41 0 0.182816612097
12.42 0 0.183612615683
12.43 0 0.182910304691
12.44 0 0.183275786955
12.45 0 0.183569018922
12.46 0 0.183837757372
12.47 0 0.185579265345
12.48 0 0.18521084989
12.49 0 0.186363347925
12.5 0 0.188768247404
12.51 0 0.189382585512
12.52 0 0.188574711305
12.53 0 0.188227436409
12.54 0 0.188477210893
12.55 0 0.190138691666
12.56 0 0.190032739987
12.57 0 0.188650798148
12.58 0 0.190467606797
12.59 0 0.192742344842
12.6 0 0.192590895822
12.61 0 0.190551298023
12.62 0 0.190757861741
12.63 0 0.194527681288
12.64 0 0.195058754327
12.65 0 0.199976587942
12.66 0 0.203796725251
12.67 0 0.204304034284
12.68 0 0.204307045457
12.69 0 0.205475348261
12.7 0 0.205329690426
12.71 0 0.203243039829
12.72 0 0.201440659113
12.73 0 0.199274981289
12.74 0 0.199034010507
12.75 0 0.198162337702
12.76 0 0.19726221715
12.77 0 0.198510412695
12.78 0 0.198045598618
12.79 0 0.197454794568
12.8 0 0.197929364126
12.81 0 0.196553833782
12.82 0 0.194876785411
12.83 0 0.193193345711
12.84 0 0.190419445712
12.85 0 0.189609834643
12.86 0 0.18782427595
12.87 0 0.186361477725
12.88 0 0.184246524275
12.89 0 0.18292715165
12.9 0 0.182945953026
12.91 0 0.183090896398
12.92 0 0.183810540232
12.93 0 0.185520564367
12.94 0 0.186817821003
12.95 0 0.186353264103
12.96 0 0.186526996093
12.97 0 0.187029630688
12.98 0 0.187679838588
12.99 0 0.187708107138
13.0 0 0.187955919402
13.01 0 0.187328710489
13.02 0 0.186911611984
13.03 0 0.185629035675
13.04 0 0.185650776811
13.05 0 0.185069885345
13.06 0 0.185475575942
13.07 0 0.185374432246
13.08 0 0.185713106047
13.09 0 0.185862397522
13.1 0 0.185947664296
13.11 0 0.185445589875
13.12 0 0.185817268866
13.13 0 0.186052206092
13.14 0 0.185784699697
13.15 0 0.185672351165
13.16 0 0.184771036595
13.17 0 0.184794199506
13.18 0 0.183251064025
13.19 0 0.182690806527
13.2 0 0.183191755737
13.21 0 0.184536119162
13.22 0 0.186963076652
13.23 0 0.188140455337
13.24 0 0.190712686607
13.25 0 0.190122077348
13.26 0 0.192561311638
13.27 0 0.194858037194
13.28 0 0.197631020695
13.29 0 0.19998971009
13.3 0 0.200970638297
13.31 0 0.201587752954
13.32 0 0.202492052396
13.33 0 0.203654185304
13.34 0 0.203355934612
13.35 0 0.204935028513
13.36 0 0.207462637059
13.37 0 0.212259106311
13.38 0 0.210424442703
13.39 0 0.212430243996
13.4 0 0.212451872493
13.41 0 0.21802152678
13.42 0 0.217395474504
13.43 0 0.219996759193
13.44 0 0.22099857629
13.45 0 0.222099881015
13.46 0 0.222657690472
13.47 0 0.222834165647
13.48 0 0.223505062684
13.49 0 0.236046953135
13.5 0 0.236229472145
13.51 0 0.236979141478
13.52 0 0.2331736102
13.53 0 0.23509244275
13.54 0 0.232358236611
13.55 0 0.230677392499
13.56 0 0.228355789143
13.57 0 0.226780893311
13.58 0 0.223691092348
13.59 0 0.222889813621
13.6 0 0.221334844395
13.61 0 0.222759690353
13.62 0 0.22277914608
13.63 0 0.222964681112
13.64 0 0.222065867856
13.65 0 0.221610872039
13.66 0 0.221437440883
13.67 0 0.221377270778
13.68 0 0.221359099969
13.69 0 0.220522321022
13.7 0 0.218768553022
13.71 0 0.218091215826
13.72 0 0.217762938799
13.73 0 0.217917950678
13.74 0 0.21754730007
13.75 0 0.216585798535
13.76 0 0.215772307365
13.77 0 0.216062990971
13.78 0 0.216497432502
13.79 0 0.216796151292
13.8 0 0.216786498222
13.81 0 0.216778739504
13.82 0 0.21672194649
13.83 0 0.217103804376
13.84 0 0.217321166
13.85 0 0.21847288354
13.86 0 0.219920717579
13.87 0 0.220729106633
13.88 0 0.221147408383
13.89 0 0.221382820599
13.9 0 0.220771950627
13.91 0 0.219831973458
13.92 0 0.21914337847
13.93 0 0.218776787883
13.94 0 0.218601411148
13.95 0 0.219282755527
13.96 0 0.222133781924
13.97 0 0.223002909683
13.98 0 0.223159101174
13.99 0 0.224448090305
14.0 0 0.22522372416
14.01 0 0.22522372416
14.02 0 0.22522372416
14.03 0 0.228434558368
14.04 0 0.231127750646
14.05 0 0.230540212838
14.06 0 0.233651002749
14.07 0 0.234848847611
14.08 0 0.237204230923
14.09 0 0.239874172688
14.1 0 0.242283807136
14.11 0 0.244011339683
14.12 0 0.245564422707
14.13 0 0.244777695297
14.14 0 0.250001287526
14.15 0 0.25030566236
14.16 0 0.249867987701
14.17 0 0.250734799886
14.18 0 0.252173905559
14.19 0 0.253560034688
14.2 0 0.253434770606
14.21 0 0.253255977068
14.22 0 0.256202464956
14.23 0 0.257861329
14.24 0 0.258632034892
14.25 0 0.259126680262
14.26 0 0.260617511053
14.27 0 0.261423075488
14.28 0 0.263056399498
14.29 0 0.263895049241
14.3 0 0.263682911931
14.31 0 0.263204022449
14.32 0 0.262020016885
14.33 0 0.262023918211
14.34 0 0.261976119018
14.35 0 0.26543229943
14.36 0 0.265743065451
14.37 0 0.267142450843
14.38 0 0.265959379217
14.39 0 0.26418651878
14.4 0 0.26066480269
14.41 0 0.257182674252
14.42 0 0.255510441743
14.43 0 0.255180330165
14.44 0 0.254946155008
14.45 0 0.254579640493
14.46 0 0.253376295578
14.47 0 0.252057371252
14.48 0 0.250831835423
14.49 0 0.250780712474
14.5 0 0.25065555688
14.51 0 0.250725681073
14.52 0 0.250324477982
14.53 0 0.250367560647
14.54 0 0.250604223716
14.55 0 0.248807509436
14.56 0 0.246931057789
14.57 0 0.245708457117
14.58 0 0.244771137172
14.59 0 0.244280568372
14.6 0 0.244303761116
14.61 0 0.243356204052
14.62 0 0.242913368296
14.63 0 0.241481848457
14.64 0 0.239970823735
14.65 0 0.239003886983
14.66 0 0.238842726621
14.67 0 0.238341788421
14.68 0 0.238844719988
14.69 0 0.239340813639
14.7 0 0.23953036239
14.71 0 0.23953036239
14.72 0 0.242011257744
14.73 0 0.242967441792
14.74 0 0.244786030975
14.75 0 0.248049312624
14.76 0 0.250052713097
14.77 0 0.253337883306
14.78 0 0.253290660394
14.79 0 0.255382816109
14.8 0 0.257237455937
14.81 0 0.25828759869
14.82 0 0.263249723675
14.83 0 0.264309960392
14.84 0 0.267539417167
14.85 0 0.270790713738
14.86 0 0.274562649039
14.87 0 0.273458144927
14.88 0 0.27496027555
14.89 0 0.27548721416
14.9 0 0.279862047755
14.91 0 0.282767361611
14.92 0 0.284551765186
14.93 0 0.288653433454
14.94 0 0.286842509371
14.95 0 0.284992793024
14.96 0 0.27728048803
14.97 0 0.287271477916
14.98 0 0.270501592737
14.99 0 0.26514516027
15.0 0 0.279763321796
15.01 0 0.283886467742
15.02 0 0.280651134664
15.03 0 0.291415161613
15.04 0 0.293494623738
15.05 0 0.293494623738
15.06 0 0.297932584556
15.07 0 0.297639466052
15.08 0 0.296889635402
15.09 0 0.296605417829
15.1 0 0.295922467709
15.11 0 0.294915242001
15.12 0 0.291585192081
15.13 0 0.290507178943
15.14 0 0.287205405851
15.15 0 0.28365034772
15.16 0 0.277721156407
15.17 0 0.27116627492
15.18 0 0.26932898107
15.19 0 0.266296822849
15.2 0 0.263864591831
15.21 0 0.260949324519
15.22 0 0.258469414098
15.23 0 0.257332232203
15.24 0 0.256824526143
15.25 0 0.256435813658
15.26 0 0.256348697442
15.27 0 0.256199746664
15.28 0 0.256208467062
15.29 0 0.256051029875
15.3 0 0.25510674472
15.31 0 0.254012874216
15.32 0 0.253504701549
15.33 0 0.252444075427
15.34 0 0.252118622949
15.35 0 0.249703548955
15.36 0 0.248930943936
15.37 0 0.248361137787
15.38 0 0.247440770672
15.39 0 0.246204216332
15.4 0 0.246668846253
15.41 0 0.246822458272
15.42 0 0.248141831512
15.43 0 0.248758058884
15.44 0 0.248670699041
15.45 0 0.248216393471
15.46 0 0.247617118349
15.47 0 0.247132933144
15.48 0 0.246952936589
15.49 0 0.249076976879
15.5 0 0.251484380016
15.51 0 0.252577933894
15.52 0 0.253213581885
15.53 0 0.254255347225
15.54 0 0.254531887738
15.55 0 0.254525378676
15.56 0 0.257000900057
15.57 0 0.258382669589
15.58 0 0.261824930699
15.59 0 0.263222479359
15.6 0 0.266632466602
15.61 0 0.268828895964
15.62 0 0.271961589749
15.63 0 0.270393455468
15.64 0 0.268634148135
15.65 0 0.268249326138
15.66 0 0.269018805036
15.67 0 0.270247073892
15.68 0 0.268050885896
15.69 0 0.271319612976
15.7 0 0.278885627591
15.71 0 0.277300175123
15.72 0 0.280926556626
15.73 0 0.279994008529
15.74 0 0.280688076849
15.75 0 0.281346295836
15.76 0 0.281936418395
15.77 0 0.288969317038
15.78 0 0.28729715712
15.79 0 0.287144090382
15.8 0 0.292394913711
15.81 0 0.294611234442
15.82 0 0.296069457463
15.83 0 0.296825511265
15.84 0 0.297367860071
15.85 0 0.298078319318
15.86 0 0.298324238572
15.87 0 0.297633545109
15.88 0 0.296030021243
15.89 0 0.294854272057
15.9 0 0.293892390861
15.91 0 0.293691295071
15.92 0 0.291988366315
15.93 0 0.289818030245
15.94 0 0.288109347442
15.95 0 0.28378611315
15.96 0 0.280020936516
15.97 0 0.275047374126
15.98 0 0.27189746351
15.99 0 0.270033050367
16.0 0 0.268577842065
16.01 0 0.266869193704
16.02 0 0.266222999269
16.03 0 0.265451986949
16.04 0 0.265465834277
16.05 0 0.265300203616
16.06 0 0.26474393028
16.07 0 0.264706816764
16.08 0 0.263961451613
16.09 0 0.263258725319
16.1 0 0.263337577503
16.11 0 0.263147219081
16.12 0 0.262958244442
16.13 0 0.262054532215
16.14 0 0.261154257397
16.15 0 0.260307923073
16.16 0 0.257754353377
16.17 0 0.257778056836
16.18 0 0.2577079465
16.19 0 0.258016522893
16.2 0 0.258636389063
16.21 0 0.259164967671
16.22 0 0.261220391996
16.23 0 0.262682994348
16.24 0 0.263196816256
16.25 0 0.263418900028
16.26 0 0.263289988013
16.27 0 0.263528378297
16.28 0 0.262972954454
16.29 0 0.263673367628
16.3 0 0.264887394426
16.31 0 0.266980665849
16.32 0 0.270482956324
16.33 0 0.275159665391
16.34 0 0.27627705737
16.35 0 0.278596101132
16.36 0 0.281395440073
16.37 0 0.281516770862
16.38 0 0.282731242432
16.39 0 0.284037974603
16.4 0 0.290580216738
16.41 0 0.291965323161
16.42 0 0.2922019654
16.43 0 0.29367435029
16.44 0 0.292620776658
16.45 0 0.290238230496
16.46 0 0.292473537352
16.47 0 0.292751472544
16.48 0 0.293748899144
16.49 0 0.29806795918
16.5 0 0.298377279829
16.51 0 0.30455177309
16.52 0 0.304874727523
16.53 0 0.310332286971
16.54 0 0.311562048791
16.55 0 0.316475499259
16.56 0 0.316475499259
16.57 0 0.316475499259
16.58 0 0.324068735525
16.59 0 0.323220770126
16.6 0 0.320076352965
16.61 0 0.320371633741
16.62 0 0.3211316557
16.63 0 0.321568327485
16.64 0 0.321717125206
16.65 0 0.321947736741
16.66 0 0.321980739048
16.67 0 0.321974137538
16.68 0 0.319545960693
16.69 0 0.318837074875
16.7 0 0.317442387852
16.71 0 0.315750537055
16.72 0 0.312729478964
16.73 0 0.30875831966
16.74 0 0.308191690061
16.75 0 0.304486958794
16.76 0 0.302197723599
16.77 0 0.300531367509
16.78 0 0.298479677309
16.79 0 0.297118119821
16.8 0 0.294044971626
16.81 0 0.293252619971
16.82 0 0.292494749061
16.83 0 0.291798362624
16.84 0 0.291798362624
16.85 0 0.29146375783
16.86 0 0.291651661972
16.87 0 0.291813644992
16.88 0 0.291694463673
16.89 0 0.291869731737
16.9 0 0.291977875737
16.91 0 0.292923660364
16.92 0 0.293069408614
16.93 0 0.293565506456
16.94 0 0.293291526334
16.95 0 0.293748991698
16.96 0 0.294791086691
16.97 0 0.295148780503
16.98 0 0.295837302586
16.99 0 0.296645843251
17.0 0 0.298577963526
17.01 0 0.299596229674
17.02 0 0.300404111404
17.03 0 0.300785639766
17.04 0 0.300187684413
17.05 0 0.299119568158
17.06 0 0.298752646411
17.07 0 0.298276606516
17.08 0 0.298863334015
17.09 0 0.300314313237
17.1 0 0.301580346012
17.11 0 0.30341938545
17.12 0 0.303181591897
17.13 0 0.304784944066
17.14 0 0.306152868175
17.15 0 0.305848267743
17.16 0 0.307002402667
17.17 0 0.308834975204
17.18 0 0.310255645108
17.19 0 0.313410522921
17.2 0 0.316319583307
17.21 0 0.321320251504
17.22 0 0.322382630629
17.23 0 0.324229530893
17.24 0 0.328259084035
17.25 0 0.332391238708
17.26 0 0.337275163462
17.27 0 0.340293534159
17.28 0 0.340991871632
17.29 0 0.340701139141
17.3 0 0.340701139141
17.31 0 0.343578791613
17.32 0 0.346033319968
17.33 0 0.345196453686
17.34 0 0.34680677826
17.35 0 0.347132544881
17.36 0 0.347726868986
17.37 0 0.351182806899
17.38 0 0.35194728835
17.39 0 0.351374682663
17.4 0 0.349738843337
17.41 0 0.350398347528
17.42 0 0.351082598989
17.43 0 0.352848882334
17.44 0 0.353185710072
17.45 0 0.353060671164
17.46 0 0.352381936633
17.47 0 0.352131348629
17.48 0 0.351746756188
17.49 0 0.350527757636
17.5 0 0.347306071402
17.51 0 0.345619537497
17.52 0 0.345577437492
17.53 0 0.345106420266
17.54 0 0.345208027013
17.55 0 0.344531024589
17.56 0 0.344000180037
17.57 0 0.342519565446
17.58 0 0.341093503586
17.59 0 0.340990696925
17.6 0 0.342448912015
17.61 0 0.343506745353
17.62 0 0.344189390955
17.63 0 0.344309071647
17.64 0 0.34430487662
17.65 0 0.343765371563
17.66 0 0.343392453064
17.67 0 0.343211568655
17.68 0 0.343267623481
17.69 0 0.342829447234
17.7 0 0.34246108813
17.71 0 0.342283901187
17.72 0 0.342050576142
17.73 0 0.340026354378
17.74 0 0.339391173402
17.75 0 0.339103163121
17.76 0 0.338575712066
17.77 0 0.3385266644
17.78 0 0.337797414343
17.79 0 0.338346176318
17.8 0 0.338678702661
17.81 0 0.339322054688
17.82 0 0.340247788158
17.83 0 0.340243082934
17.84 0 0.34084223311
17.85 0 0.340428218189
17.86 0 0.340439246971
17.87 0 0.34020216206
17.88 0 0.340655113354
17.89 0 0.341774306565
17.9 0 0.343406227018
17.91 0 0.345346739288
17.92 0 0.347130318964
17.93 0 0.34969617178
17.94 0 0.3515711614
17.95 0 0.353336060921
17.96 0 0.358645698523
17.97 0 0.359752994613
17.98 0 0.358731048885
17.99 0 0.361596727279
18.0 0 0.363242624814
18.01 0 0.36586727473
18.02 0 0.36674387484
18.03 0 0.364811873116
18.04 0 0.365152723041
18.05 0 0.365371030804
18.06 0 0.366982030064
18.07 0 0.369807073085
18.08 0 0.370633201732
18.09 0 0.370555555341
18.1 0 0.370298351197
18.11 0 0.369921370359
18.12 0 0.371995805195
18.13 0 0.364979795186
18.14 0 0.374760025061
18.15 0 0.37444545398
18.16 0 0.37664222621
18.17 0 0.374635303873
18.18 0 0.378731396195
18.19 0 0.380758538497
18.2 0 0.380483340293
18.21 0 0.37994695109
18.22 0 0.379690921641
18.23 0 0.379959849728
18.24 0 0.379062297398
18.25 0 0.378030098234
18.26 0 0.376776236189
18.27 0 0.375898458476
18.28 0 0.375351639581
18.29 0 0.374600553703
18.3 0 0.37357507094
18.31 0 0.3733322709
18.32 0 0.373832846897
18.33 0 0.373605422365
18.34 0 0.373019338516
18.35 0 0.371000596657
18.36 0 0.370011446344
18.37 0 0.368386804755
18.38 0 0.36590763934
18.39 0 0.364922451769
18.4 0 0.364074506988
18.41 0 0.363761908854
18.42 0 0.362619812216
18.43 0 0.3611427613
18.44 0 0.358564180552
18.45 0 0.3578419867
18.46 0 0.351744642573
18.47 0 0.34963324249
18.48 0 0.347771374721
18.49 0 0.344885734579
18.5 0 0.34080397095
18.51 0 0.338985634541
18.52 0 0.33893264519
18.53 0 0.338803822775
18.54 0 0.339125659891
18.55 0 0.339778846887
18.56 0 0.340052142575
18.57 0 0.340068645663
18.58 0 0.340064794417
18.59 0 0.340745551215
18.6 0 0.341791572383
18.61 0 0.341278986558
18.62 0 0.341175394818
18.63 0 0.341359230218
18.64 0 0.34195490548
18.65 0 0.342851338326
18.66 0 0.342305225694
18.67 0 0.342810855992
18.68 0 0.344194828383
18.69 0 0.346376527538
18.7 0 0.348543084404
18.71 0 0.350497665498
18.72 0 0.353275865224
18.73 0 0.353648526543
18.74 0 0.354796381897
18.75 0 0.356666822684
18.76 0 0.360293269523
18.77 0 0.362380755209
18.78 0 0.363238305839
18.79 0 0.367393265067
18.8 0 0.368209800141
18.81 0 0.366985224219
18.82 0 0.367721136523
18.83 0 0.369333425044
18.84 0 0.375045243271
18.85 0 0.37704478045
18.86 0 0.381178253823
18.87 0 0.383421776382
18.88 0 0.382892074641
18.89 0 0.383175446193
18.9 0 0.385402316622
18.91 0 0.387747968376
18.92 0 0.387386999795
18.93 0 0.389910307933
18.94 0 0.38968942271
18.95 0 0.388913772843
18.96 0 0.390321694908
18.97 0 0.3928061966
18.98 0 0.396813606224
18.99 0 0.398643900309
19.0 0 0.398930344895
19.01 0 0.398862429133
19.02 0 0.398557800944
19.03 0 0.397994647513
19.04 0 0.397208808417
19.05 0 0.39516315702
19.06 0 0.394048356217
19.07 0 0.392654697719
19.08 0 0.39102722326
19.09 0 0.39070384318
19.1 0 0.38951972154
19.11 0 0.389514082014
19.12 0 0.389583223079
19.13 0 0.388573848728
19.14 0 0.386536508564
19.15 0 0.385157740281
19.16 0 0.381988767004
19.17 0 0.379835248732
19.18 0 0.378912804459
19.19 0 0.377112945952
19.2 0 0.376503441219
19.21 0 0.376113389495
19.22 0 0.374838385435
19.23 0 0.373642139281
19.24 0 0.371224550312
19.25 0 0.369163805729
19.26 0 0.367793217493
19.27 0 0.367642328665
19.28 0 0.367642328665
19.29 0 0.367642328665
19.3 0 0.363569220227
19.31 0 0.361215512296
19.32 0 0.359818943688
19.33 0 0.358588730609
19.34 0 0.358588730609
19.35 0 0.358588730609
19.36 0 0.356843294763
19.37 0 0.357206393603
19.38 0 0.35827205889
19.39 0 0.358630446218
19.4 0 0.358611692406
19.41 0 0.358747117679
19.42 0 0.359025211379
19.43 0 0.360621616781
19.44 0 0.360775509791
19.45 0 0.361685215492
19.46 0 0.361308583322
19.47 0 0.362378540921
19.48 0 0.361920285991
19.49 0 0.363579822561
19.5 0 0.366914090815
19.51 0 0.368967485302
19.52 0 0.370317316702
19.53 0 0.373066326706
19.54 0 0.371568531508
19.55 0 0.373578862224
19.56 0 0.375739904092
19.57 0 0.375965828545
19.58 0 0.377435083649
19.59 0 0.377457695547
19.6 0 0.378723134222
19.61 0 0.378914155908
19.62 0 0.381293742739
19.63 0 0.381293742739
19.64 0 0.381293742739
19.65 0 0.381293742739
19.66 0 0.386552599386
19.67 0 0.387703179477
19.68 0 0.389644021565
19.69 0 0.389564167627
19.7 0 0.38976173825
19.71 0 0.391275123699
19.72 0 0.390885941602
19.73 0 0.393419557757
19.74 0 0.394884852514
19.75 0 0.398864691794
19.76 0 0.399932643918
19.77 0 0.401112309571
19.78 0 0.401299081959
19.79 0 0.400579970264
19.8 0 0.39973544598
19.81 0 0.397665488944
19.82 0 0.39672399217
19.83 0 0.395620896158
19.84 0 0.394913041069
19.85 0 0.393501375248
19.86 0 0.393834354358
19.87 0 0.393834317032
19.88 0 0.393970641802
19.89 0 0.392913699838
19.9 0 0.392361822188
19.91 0 0.390968748915
19.92 0 0.389175132884
19.93 0 0.388939496569
19.94 0 0.387430533117
19.95 0 0.386186425303
19.96 0 0.385113783418
19.97 0 0.383505005574
19.98 0 0.38157993269
19.99 0 0.379206958071
20.0 0 0.377575850145
20.01 0 0.377073245407
20.02 0 0.372766532057
20.03 0 0.371236172002
20.04 0 0.366765820402
20.05 0 0.365685415512
20.06 0 0.364312383381
20.07 0 0.364312383381
20.08 0 0.363711524562
20.09 0 0.362963239475
20.1 0 0.363896533211
20.11 0 0.364365542676
20.12 0 0.364125288781
20.13 0 0.362916623048
20.14 0 0.361373742616
20.15 0 0.359809454909
20.16 0 0.357960788537
20.17 0 0.357222097745
20.18 0 0.353600583018
20.19 0 0.35411009032
20.2 0 0.356163694007
20.21 0 0.357153065189
20.22 0 0.357949622286
20.23 0 0.358571732002
20.24 0 0.360315138631
20.25 0 0.361642085608
20.26 0 0.363334440754
20.27 0 0.363748987456
20.28 0 0.363566265449
20.29 0 0.364182064259
20.3 0 0.36904068711
20.31 0 0.370594669562
20.32 0 0.369976908613
20.33 0 0.372075393781
20.34 0 0.371467462681
20.35 0 0.37579185406
20.36 0 0.378054077244
20.37 0 0.380370994891
20.38 0 0.38394200798
20.39 0 0.381746220905
20.4 0 0.382675501389
20.41 0 0.383698153645
20.42 0 0.386868516742
20.43 0 0.387462248042
20.44 0 0.391827922639
20.45 0 0.392097084329
20.46 0 0.389505886406
20.47 0 0.390538800848
20.48 0 0.390209260828
20.49 0 0.389738452729
20.5 0 0.388249015497
20.51 0 0.381020977183
20.52 0 0.378588355146
20.53 0 0.396898920253
20.54 0 0.401123600925
20.55 0 0.402309174568
20.56 0 0.402317188977
20.57 0 0.40231866654
20.58 0 0.402257125289
20.59 0 0.402638987407
20.6 0 0.40322667687
20.61 0 0.402925117972
20.62 0 0.402631302713
20.63 0 0.402826790103
20.64 0 0.402442568079
20.65 0 0.402474123894
20.66 0 0.399017866973
time,index,height
0.01 0 0.324697317514
0.02 0 0.32466944141
0.03 0 0.324674220723
0.04 0 0.324603843514
0.05 0 0.324571863845
0.06 0 0.324419846108
0.07 0 0.324419538761
0.08 0 0.324387295533
0.09 0 0.324315437871
0.1 0 0.324322511046
0.11 0 0.324251066738
0.12 0 0.324227495783
0.13 0 0.324179490615
0.14 0 0.324146738709
0.15 0 0.324152577357
0.16 0 0.324163962044
0.17 0 0.324163962044
0.18 0 0.324163962044
0.19 0 0.323962541662
0.2 0 0.323928665631
0.21 0 0.323899921695
0.22 0 0.323873351835
0.23 0 0.323839535956
0.24 0 0.323773395263
0.25 0 0.323747145223
0.26 0 0.323682573044
0.27 0 0.322135160877
0.28 0 0.319108098677
0.29 0 0.311774318077
0.3 0 0.309991014094
0.31 0 0.314273831972
0.32 0 0.31489741948
0.33 0 0.316132525112
0.34 0 0.318766466361
0.35 0 0.32196630338
0.36 0 0.32702598836
0.37 0 0.330792020651
0.38 0 0.34140879541
0.39 0 0.350840144836
0.4 0 0.355809002347
0.41 0 0.368464579306
0.42 0 0.381603989392
0.43 0 0.386441322338
0.44 0 0.400077613214
0.45 0 0.41529323774
0.46 0 0.425867335934
0.47 0 0.433357702616
0.48 0 0.449668189956
0.49 0 0.465512078554
0.5 0 0.468888967492
0.51 0 0.48643998003
0.52 0 0.493142632353
0.53 0 0.503845697877
0.54 0 0.515668529184
0.55 0 0.518495657474
0.56 0 0.522629596203
0.57 0 0.532054010762
0.58 0 0.537454997975
0.59 0 0.537454997975
0.6 0 0.54119787073
0.61 0 0.541548997449
0.62 0 0.54122389544
0.63 0 0.539883093568
0.64 0 0.536995219719
0.65 0 0.535148819881
0.66 0 0.531706229186
0.67 0 0.521869647867
0.68 0 0.517529416353
0.69 0 0.517529416353
0.7 0 0.500761456208
0.71 0 0.486675617487
0.72 0 0.486675617487
0.73 0 0.467768285673
0.74 0 0.445909980343
time,index,height
0.01 0 0.0174036373257
0.02 0 0.0174031748586
0.03 0 0.0174025075257
0.04 0 0.0173937156999
0.05 0 0.0173924861805
0.06 0 0.0173921590266
0.07 0 0.0173909274589
0.08 0 0.0173992122594
0.09 0 0.0174116072748
0.1 0 0.0174176177114
0.11 0 0.0174259079097
0.12 0 0.0174385411407
0.13 0 0.017379598547
0.14 0 0.0187797836503
0.15 0 0.0283079173718
0.16 0 0.0345470647653
0.17 0 0.0405139700056
0.18 0 0.0432893065739
0.19 0 0.0504187278011
0.2 0 0.0504187278011
0.21 0 0.0504187278011
0.22 0 0.0616031150821
0.23 0 0.0651712914269
0.24 0 0.0727479356101
0.25 0 0.0754049818172
0.26 0 0.0754049818172
0.27 0 0.079615703723
0.28 0 0.0794625259571
0.29 0 0.0786696999219
0.3 0 0.0779494193193
0.31 0 0.0768359889687
0.32 0 0.0768359889687
0.33 0 0.0582325115327
0.34 0 0.0582325115327
0.35 0 0.0374627428931
0.36 0 0.0347669167411
0.37 0 0.0287883942796
0.38 0 0.0297379945612
0.39 0 0.0307502256122
0.4 0 0.0322231348995
0.41 0 0.0323843010576
0.42 0 0.0313235191149
0.43 0 0.0309013284439
0.44 0 0.0297813081239
0.45 0 0.0265496621453
0.46 0 0.0264777690993
0.47 0 0.0263001388936
0.48 0 0.0260574312077
0.49 0 0.0259920478684
0.5 0 0.0259835257895
0.51 0 0.025965434343
0.52 0 0.0259495596481
0.53 0 0.0259458835677
0.54 0 0.025919933559
0.55 0 0.0259041477971
0.56 0 0.025895313683
0.57 0 0.0258665837515
0.58 0 0.0258520924468
0.59 0 0.0257776335008
0.6 0 0.0257177930322
0.61 0 0.0256626030529
0.62 0 0.0255785509861
0.63 0 0.0253938520771
0.64 0 0.0253304936894
0.65 0 0.0248361568381
0.66 0 0.0247478413102
0.67 0 0.0246373455066
0.68 0 0.0245394325943
0.69 0 0.0245394325943
0.7 0 0.0239037974756
0.71 0 0.0237578624365
0.72 0 0.0235341671605
0.73 0 0.0231608392586
0.74 0 0.022877269111
0.75 0 0.0227415516326
0.76 0 0.0227415516326
0.77 0 0.0227051147568
0.78 0 0.0227366278286
0.79 0 0.0230569114151
0.8 0 0.0231516928988
time,index,height
0.01 0 0.0259993686792
0.02 0 0.0260015885899
0.03 0 0.0259992157534
0.04 0 0.0259992157534
0.05 0 0.0259983469732
0.06 0 0.0260001885098
0.07 0 0.0259993633455
0.08 0 0.0260018013212
0.09 0 0.0259992743942
0.1 0 0.0259992743942
0.11 0 0.0259992743942
0.12 0 0.0259817406297
0.13 0 0.0259611134537
0.14 0 0.0259549042622
0.15 0 0.0259371788832
0.16 0 0.0259123530314
0.17 0 0.0258868831103
0.18 0 0.0258382805614
0.19 0 0.0257650403275
0.2 0 0.0257639810027
0.21 0 0.0257239275392
0.22 0 0.0257388413124
0.23 0 0.0242422672253
0.24 0 0.0258147777317
0.25 0 0.0259061367427
0.26 0 0.0261025125644
0.27 0 0.0243244200633
0.28 0 0.0224897639127
0.29 0 0.0260570714455
0.3 0 0.024563187006
0.31 0 0.0245969585972
0.32 0 0.0244123076395
0.33 0 0.0240655693793
0.34 0 0.0239791866989
0.35 0 0.0239254205642
0.36 0 0.0239254205642
0.37 0 0.0239254205642
0.38 0 0.0234423239829
0.39 0 0.0232080236836
0.4 0 0.0229436309638
0.41 0 0.0227996920238
0.42 0 0.0229637553581
0.43 0 0.0225880286865
0.44 0 0.0228182476963
0.45 0 0.0227921965026
0.46 0 0.0228452134621
0.47 0 0.0227823209335
0.48 0 0.0227645140829
0.49 0 0.0231860424532
0.5 0 0.0230552069332
0.51 0 0.0235031157121
0.52 0 0.0234981455727
0.53 0 0.023726304869
0.54 0 0.0240716648635
0.55 0 0.0244398420713
0.56 0 0.0246759391927
0.57 0 0.0247739909936
0.58 0 0.0248990894217
0.59 0 0.0254223887526
0.6 0 0.0254183428684
0.61 0 0.025862991332
0.62 0 0.0277487509097
0.63 0 0.0301794541535
0.64 0 0.0315371166507
0.65 0 0.0327324667448
0.66 0 0.0332883214206
0.67 0 0.0334170424752
0.68 0 0.0330424940277
0.69 0 0.0324348328313
0.7 0 0.0318132906474
0.71 0 0.0315912371782
0.72 0 0.0305885443555
0.73 0 0.029886124957
0.74 0 0.0295554171433
0.75 0 0.0292051761652
0.76 0 0.027863918329
0.77 0 0.0274509687436
0.78 0 0.0266842109434
0.79 0 0.0258521147274
0.8 0 0.0259127878193
0.81 0 0.0259396628519
0.82 0 0.0259580625655
0.83 0 0.0259651387655
0.84 0 0.0259714150275
0.85 0 0.0259932076555
0.86 0 0.0259996267901
0.87 0 0.0259992711914
0.88 0 0.0255299694335
0.89 0 0.0255361815507
0.9 0 0.0256449422982
0.91 0 0.0257092992907
0.92 0 0.0257598306399
0.93 0 0.0264683498392
0.94 0 0.0266081093146
0.95 0 0.0267591486562
0.96 0 0.0261107234463
0.97 0 0.0268450715466
0.98 0 0.0269065193204
0.99 0 0.0273903542138
1.0 0 0.0273745732498
1.01 0 0.0278194935716
1.02 0 0.0286101356168
1.03 0 0.0290861505918
1.04 0 0.0300397471176
1.05 0 0.0300685607787
1.06 0 0.0300470161322
1.07 0 0.0300560924069
1.08 0 0.0300871283592
1.09 0 0.030111410645
1.1 0 0.0301251697786
1.11 0 0.0305584154143
1.12 0 0.0315881048529
1.13 0 0.0320333317083
1.14 0 0.032434625511
1.15 0 0.0331928351417
1.16 0 0.033590367156
1.17 0 0.034669160568
1.18 0 0.0350658233648
1.19 0 0.035436513126
1.2 0 0.0358478263864
1.21 0 0.0362762133234
1.22 0 0.0363833786152
1.23 0 0.0368427041075
1.24 0 0.0370853176102
1.25 0 0.0377571807327
1.26 0 0.0382605610721
1.27 0 0.0385631781717
1.28 0 0.0387783175493
1.29 0 0.0392019400367
1.3 0 0.0395470928531
1.31 0 0.0402815875138
1.32 0 0.0404662632969
1.33 0 0.0407664081578
1.34 0 0.0412060036129
1.35 0 0.0416054438696
1.36 0 0.0421177505352
1.37 0 0.0425953042353
1.38 0 0.0430466396757
1.39 0 0.0442248738664
1.4 0 0.0448312662653
1.41 0 0.0451139533461
1.42 0 0.0453206071444
1.43 0 0.0452635899927
1.44 0 0.0451043718942
1.45 0 0.0451781846772
1.46 0 0.0451418555061
1.47 0 0.04491539053
1.48 0 0.0448218763252
1.49 0 0.0447985098784
1.5 0 0.0448984601672
1.51 0 0.0450643602648
1.52 0 0.0452032049182
1.53 0 0.0452707773079
1.54 0 0.0454258060425
1.55 0 0.0454294976798
1.56 0 0.0455087630498
1.57 0 0.045697285024
1.58 0 0.0462740210154
1.59 0 0.04678083823
1.6 0 0.0475884422337
1.61 0 0.0481289952545
1.62 0 0.0491592969427
1.63 0 0.04944937035
1.64 0 0.0502151752113
1.65 0 0.0509420251568
1.66 0 0.0514457496683
1.67 0 0.0517203109283
1.68 0 0.0515718427857
1.69 0 0.0513359104668
1.7 0 0.0512285627212
1.71 0 0.0509292673186
1.72 0 0.0497510080233
1.73 0 0.049310110908
1.74 0 0.0479979327033
1.75 0 0.047635736453
1.76 0 0.0482747005743
1.77 0 0.0494983000442
1.78 0 0.0512828785177
1.79 0 0.0525271523854
1.8 0 0.0542977123964
1.81 0 0.0546932003677
time,index,height
0.01 0 0.0575057970294
0.02 0 0.0575076157157
0.03 0 0.057510997748
0.04 0 0.0575130024145
0.05 0 0.0575148572791
0.06 0 0.0575190536899
0.07 0 0.0575231188073
0.08 0 0.0575284106486
0.09 0 0.0575397667982
0.1 0 0.0575345557299
0.11 0 0.0575267547604
0.12 0 0.0575250346547
0.13 0 0.0575267318191
0.14 0 0.0575267318191
0.15 0 0.0575267318191
0.16 0 0.0575285896909
0.17 0 0.0575330939214
0.18 0 0.0575377132288
0.19 0 0.0575420049383
0.2 0 0.0575567697229
0.21 0 0.0575473476663
0.22 0 0.0575491830123
0.23 0 0.0575518259642
0.24 0 0.0575592421017
0.25 0 0.0575513714504
0.26 0 0.0572612086056
0.27 0 0.0552638979428
0.28 0 0.0536804699262
0.29 0 0.0518967017523
0.3 0 0.0501343810556
0.31 0 0.049178182574
0.32 0 0.0479429989715
0.33 0 0.0463206392363
0.34 0 0.0452108807081
0.35 0 0.0430134772267
0.36 0 0.0422926450669
0.37 0 0.0405866796983
0.38 0 0.0397907237235
0.39 0 0.0385128327166
0.4 0 0.0375404245648
0.41 0 0.0372358342759
0.42 0 0.0364973084096
0.43 0 0.0361183388821
0.44 0 0.0355907193583
0.45 0 0.0347443793977
0.46 0 0.0346915605598
0.47 0 0.0340007880068
0.48 0 0.0333323820065
0.49 0 0.0329280913315
0.5 0 0.0327237196731
0.51 0 0.0324928847268
0.52 0 0.0320359971548
0.53 0 0.0318644364928
0.54 0 0.0317816136306
0.55 0 0.0316885491603
0.56 0 0.0316517173132
0.57 0 0.0315650574739
0.58 0 0.0314768772195
0.59 0 0.031331174378
0.6 0 0.0310904630287
0.61 0 0.0309322100821
0.62 0 0.0305766939667
0.63 0 0.0302130064492
0.64 0 0.0301242455411
0.65 0 0.029705796358
0.66 0 0.0294325377602
0.67 0 0.0292893532849
0.68 0 0.0289995117529
0.69 0 0.0288228869324
0.7 0 0.0282024107926
0.71 0 0.027605094787
0.72 0 0.0273125954178
0.73 0 0.0268275562693
0.74 0 0.0264672487426
0.75 0 0.0260505365286
0.76 0 0.0259452703267
0.77 0 0.0259472893203
0.78 0 0.0260406931979
0.79 0 0.0260574685748
time,index,height
0.01 0 0.0352462848815
0.02 0 0.0352461575603
time,index,height
0.01 0 0.0352465408794
0.02 0 0.0352488769765
0.03 0 0.0352464501391
0.04 0 0.0352466052986
0.05 0 0.0352465413931
0.06 0 0.0352464927368
0.07 0 0.0352465887765
0.08 0 0.0352464791684
0.09 0 0.0352489851617
0.1 0 0.0352465853322
0.11 0 0.0352464631855
0.12 0 0.0352489546399
0.13 0 0.0352465556889
0.14 0 0.0352464653435
0.15 0 0.0352464653435
0.16 0 0.0352464653435
0.17 0 0.0364926266286
0.18 0 0.0374704021594
0.19 0 0.0378426302475
0.2 0 0.0387399725641
0.21 0 0.0390367928872
0.22 0 0.0394977447261
0.23 0 0.0397357589096
0.24 0 0.0403480956335
0.25 0 0.0409215944115
0.26 0 0.0411106893544
0.27 0 0.0424650023327
0.28 0 0.0436504630543
0.29 0 0.0445823464508
0.3 0 0.0452154450916
0.31 0 0.0456588221782
0.32 0 0.046135600413
0.33 0 0.0461934597236
0.34 0 0.0458835041835
0.35 0 0.0451185577823
0.36 0 0.0447745277737
0.37 0 0.0431804264008
0.38 0 0.0393263483125
0.39 0 0.038583882137
0.4 0 0.0354432898852
0.41 0 0.0337393141383
0.42 0 0.0321288739054
0.43 0 0.0305362976066
0.44 0 0.0304283557486
0.45 0 0.0303650293468
0.46 0 0.030229106449
0.47 0 0.0302012225576
0.48 0 0.0301946155584
0.49 0 0.0301896686634
0.5 0 0.0301134836396
0.51 0 0.030083027379
0.52 0 0.0300119918023
0.53 0 0.0299702949651
0.54 0 0.0299154324103
0.55 0 0.0298674434557
0.56 0 0.0298439438269
0.57 0 0.0297794275754
0.58 0 0.0297190581361
0.59 0 0.0296990840506
