time,index,height
0.01 0 0.0
0.02 0 0.0277366144011
0.03 0 0.0293039194976
0.04 0 0.036931986937
0.05 0 0.0373187285615
0.06 0 0.0423382055197
0.07 0 0.0480980782958
0.08 0 0.0480980782958
0.09 0 0.0559811857581
0.1 0 0.0559811857581
0.11 0 0.0559811857581
0.12 0 0.0677226543573
0.13 0 0.0690079958879
0.14 0 0.0707675559366
0.15 0 0.0736874834897
0.16 0 0.0758423755526
0.17 0 0.0762871782758
0.18 0 0.0765573288043
0.19 0 0.0764038062196
0.2 0 0.074692547599
0.21 0 0.0742241249223
0.22 0 0.0720594703055
0.23 0 0.0692460894919
0.24 0 0.0672029957011
0.25 0 0.0616268107092
0.26 0 0.0560560809316
0.27 0 0.0498367667387
0.28 0 0.0355480932876
0.29 0 0.0349981008725
0.3 0 0.0301103490992
0.31 0 0.0300431306365
0.32 0 0.0299517248527
0.33 0 0.0298456434733
0.34 0 0.0297851576942
0.35 0 0.029776224541
0.36 0 0.0297545611904
0.37 0 0.0304124732952
0.38 0 0.0310841841542
0.39 0 0.0312743315868
0.4 0 0.0325529662332
0.41 0 0.0336958692904
0.42 0 0.035165988446
0.43 0 0.035165988446
0.44 0 0.035165988446
0.45 0 0.037433599314
0.46 0 0.0396092106545
0.47 0 0.0405262000272
0.48 0 0.0412326915032
0.49 0 0.0412638331225
0.5 0 0.0410595810297
0.51 0 0.0401977674103
0.52 0 0.0401977674103
0.53 0 0.0386032402316
0.54 0 0.0383866486225
0.55 0 0.0379851517189
0.56 0 0.0371419416121
0.57 0 0.0371920945515
0.58 0 0.0376193115623
0.59 0 0.0386819157659
0.6 0 0.0387359423765
0.61 0 0.0390943021986
0.62 0 0.0390943021986
0.63 0 0.0400408660789
0.64 0 0.04050851382
0.65 0 0.0404827452714
0.66 0 0.0402800395618
0.67 0 0.0397982795869
0.68 0 0.039773801501
0.69 0 0.0397569066456
0.7 0 0.0398234274974
0.71 0 0.0401904011502
0.72 0 0.0405505239985
0.73 0 0.0405505239985
0.74 0 0.0404791415444
0.75 0 0.0408909804583
0.76 0 0.0410467739002
0.77 0 0.0409565978718
0.78 0 0.0413055561417
0.79 0 0.0411545606523
0.8 0 0.0411545606523
0.81 0 0.0401148810733
0.82 0 0.0399898636915
0.83 0 0.0397276923867
0.84 0 0.0393769348661
0.85 0 0.0391805444548
0.86 0 0.0391805444548
0.87 0 0.0391805444548
0.88 0 0.0383237214083
0.89 0 0.0384213065243
0.9 0 0.0386348591761
0.91 0 0.0398428217727
0.92 0 0.0422781382131
0.93 0 0.0435763855913
0.94 0 0.0464173267899
0.95 0 0.0475572186248
0.96 0 0.0475572186248
0.97 0 0.0475572186248
0.98 0 0.0475572186248
0.99 0 0.053088281604
1.0 0 0.053088281604
1.01 0 0.0555914885427
1.02 0 0.0559393616592
1.03 0 0.0557974440695
1.04 0 0.055849248589
1.05 0 0.055720536816
1.06 0 0.0550259568478
1.07 0 0.054280912291
1.08 0 0.0536758038861
1.09 0 0.0533225466637
1.1 0 0.0528671810555
1.11 0 0.0526918452612
1.12 0 0.052692839024
1.13 0 0.0526805403701
1.14 0 0.0528373845356
1.15 0 0.0533075575889
1.16 0 0.0533075575889
1.17 0 0.0533075575889
1.18 0 0.0533075575889
1.19 0 0.0537252677416
1.2 0 0.0537252677416
1.21 0 0.0555831675807
1.22 0 0.0550825019084
1.23 0 0.0547649740209
1.24 0 0.0548564966812
1.25 0 0.055479714499
1.26 0 0.0555340813382
1.27 0 0.0554441513371
1.28 0 0.0554680351637
1.29 0 0.0554680351637
1.3 0 0.0554680351637
1.31 0 0.0554680351637
1.32 0 0.0551792511658
1.33 0 0.0546720500529
1.34 0 0.0537066993709
1.35 0 0.0515174913727
1.36 0 0.0495508592095
1.37 0 0.0475952247632
1.38 0 0.0476691278787
1.39 0 0.0489627041972
1.4 0 0.0491990262794
1.41 0 0.0502245805513
1.42 0 0.0512333929358
1.43 0 0.051226544274
1.44 0 0.0515003153297
1.45 0 0.0523121233182
1.46 0 0.0525460112926
1.47 0 0.0525460112926
1.48 0 0.0525460112926
1.49 0 0.0525460112926
1.5 0 0.053553557581
1.51 0 0.0541122650734
1.52 0 0.0541900895417
1.53 0 0.054548677056
1.54 0 0.0544604597016
1.55 0 0.0546944302936
1.56 0 0.0547673275087
1.57 0 0.0547673275087
1.58 0 0.0547673275087
1.59 0 0.0556150180914
1.6 0 0.0556150180914
1.61 0 0.0556150180914
1.62 0 0.0558331917951
1.63 0 0.0558331917951
1.64 0 0.0558331917951
1.65 0 0.0543330020298
1.66 0 0.0542028344784
1.67 0 0.053208213957
1.68 0 0.0530072545601
1.69 0 0.0528056396138
1.7 0 0.0523943188331
1.71 0 0.0522152113648
1.72 0 0.0516898994468
1.73 0 0.0531709792603
1.74 0 0.054444986386
1.75 0 0.0543697365295
1.76 0 0.0584816316507
1.77 0 0.0608916405625
1.78 0 0.062508573935
1.79 0 0.0629216305972
1.8 0 0.0636957028905
1.81 0 0.0636957028905
1.82 0 0.0636957028905
1.83 0 0.0690345036847
1.84 0 0.0690345036847
1.85 0 0.0716497283989
1.86 0 0.0720552435676
1.87 0 0.0726882254322
1.88 0 0.0727406366642
1.89 0 0.0730613955271
1.9 0 0.0731222817067
1.91 0 0.0730174094423
1.92 0 0.0729909166166
1.93 0 0.072730350884
1.94 0 0.0724776778417
1.95 0 0.0723152935638
1.96 0 0.0723152935638
1.97 0 0.0723152935638
1.98 0 0.0732185772881
1.99 0 0.0732185772881
2.0 0 0.0732185772881
2.01 0 0.0732185772881
2.02 0 0.0732059221371
2.03 0 0.0731785801169
2.04 0 0.073211558128
2.05 0 0.0728633341769
2.06 0 0.0728633341769
2.07 0 0.0728633341769
2.08 0 0.0728633341769
2.09 0 0.0709660638769
2.1 0 0.0709660638769
2.11 0 0.0709660638769
2.12 0 0.0687715945472
2.13 0 0.0687715945472
2.14 0 0.0687715945472
2.15 0 0.0661567104938
2.16 0 0.0661236153665
2.17 0 0.0661236153665
2.18 0 0.0661236153665
2.19 0 0.06515442629
2.2 0 0.0648844057834
2.21 0 0.0640023408968
2.22 0 0.0635980687006
2.23 0 0.0629916534579
2.24 0 0.0629939725684
2.25 0 0.0629939725684
2.26 0 0.0629939725684
2.27 0 0.0629939725684
2.28 0 0.0658384827004
2.29 0 0.0658384827004
2.3 0 0.0658384827004
2.31 0 0.0677332819906
2.32 0 0.0677332819906
2.33 0 0.0677332819906
2.34 0 0.0693657450925
