time,index,height
0.01 0 0.0
0.02 0 0.0259949438761
0.03 0 0.0259949438761
0.04 0 0.0268826297007
0.05 0 0.0268826297007
0.06 0 0.0268826297007
0.07 0 0.0338832824706
0.08 0 0.0338832824706
0.09 0 0.0410354912961
0.1 0 0.0423093750184
0.11 0 0.0445364709949
0.12 0 0.0466635741264
0.13 0 0.0471819692889
0.14 0 0.0481156917402
0.15 0 0.0481166852283
0.16 0 0.0477779785493
0.17 0 0.046051189682
0.18 0 0.042739997076
0.19 0 0.0393574605334
0.2 0 0.0345999780324
0.21 0 0.0318851718227
0.22 0 0.029914984057
0.23 0 0.0298725370558
0.24 0 0.0298126307828
0.25 0 0.0298119595917
0.26 0 0.0298385863862
0.27 0 0.0299000560796
0.28 0 0.0299768256205
0.29 0 0.0302552751227
0.3 0 0.0307721619853
0.31 0 0.0317842278414
0.32 0 0.0322918738643
0.33 0 0.0336223497616
0.34 0 0.0344929970533
0.35 0 0.0357140499635
0.36 0 0.0375902781715
0.37 0 0.0375902781715
0.38 0 0.0375902781715
0.39 0 0.0389349605334
0.4 0 0.0393967204123
0.41 0 0.0398642588366
0.42 0 0.0399939485157
0.43 0 0.0401509636854
0.44 0 0.0398641379701
0.45 0 0.0394292749562
0.46 0 0.0390918875056
0.47 0 0.0383091793764
0.48 0 0.0379564709469
0.49 0 0.037238282548
0.5 0 0.036430092074
0.51 0 0.0358641017255
0.52 0 0.0352768346679
0.53 0 0.0348681282127
0.54 0 0.034413980631
0.55 0 0.034413980631
0.56 0 0.035290572182
0.57 0 0.0355726145274
0.58 0 0.0362786269268
0.59 0 0.0374474534731
0.6 0 0.0378081296056
0.61 0 0.0381165357966
0.62 0 0.0383228552025
0.63 0 0.0385298083014
0.64 0 0.0387828260077
0.65 0 0.0388770107975
0.66 0 0.0387756496709
0.67 0 0.0385434097978
0.68 0 0.0382668384328
0.69 0 0.0381242898698
0.7 0 0.0376816746041
0.71 0 0.0374843807741
0.72 0 0.0373970225083
0.73 0 0.0373063467006
0.74 0 0.0373490217729
0.75 0 0.0376454551093
0.76 0 0.0380114643029
0.77 0 0.0380591564651
0.78 0 0.0381163073315
0.79 0 0.0381065777007
0.8 0 0.0381621794877
0.81 0 0.038184285936
0.82 0 0.0382344610012
0.83 0 0.0382494883486
0.84 0 0.038385711565
0.85 0 0.0381610044159
0.86 0 0.0378414159187
0.87 0 0.0376024610324
0.88 0 0.0374297778996
0.89 0 0.0373757080263
0.9 0 0.0372234926776
0.91 0 0.0372210023102
0.92 0 0.0375752991783
0.93 0 0.0389811102626
0.94 0 0.0404651084888
0.95 0 0.0422778663427
0.96 0 0.0447651300532
0.97 0 0.0469083870275
0.98 0 0.0485256094137
0.99 0 0.048868660851
1.0 0 0.0490306178707
1.01 0 0.0490306178707
1.02 0 0.0492687441487
1.03 0 0.049108389309
1.04 0 0.0487180120665
1.05 0 0.0483763898923
1.06 0 0.0481480977588
1.07 0 0.0486173434272
1.08 0 0.0491576597794
1.09 0 0.0506386132748
1.1 0 0.0512256855348
1.11 0 0.0521495200108
1.12 0 0.0528733503218
1.13 0 0.0532111900381
1.14 0 0.0535843879948
1.15 0 0.0537133184224
1.16 0 0.0536407100641
1.17 0 0.0532882443188
1.18 0 0.0524306290213
1.19 0 0.0515004879554
1.2 0 0.0505413192823
1.21 0 0.0496562250943
1.22 0 0.0487559436283
1.23 0 0.0476820255263
1.24 0 0.0466832761532
1.25 0 0.0462103377869
1.26 0 0.0457941360371
1.27 0 0.0454680815598
1.28 0 0.0450966565777
1.29 0 0.0445575744909
1.3 0 0.0440123359943
1.31 0 0.0437177329463
1.32 0 0.0435242338117
1.33 0 0.0435242338117
1.34 0 0.0435242338117
1.35 0 0.0420880751348
1.36 0 0.0416810814393
1.37 0 0.0410806067076
1.38 0 0.0410036216021
1.39 0 0.0417183357306
1.4 0 0.0422280694259
1.41 0 0.0431399097103
1.42 0 0.0436095732416
1.43 0 0.0440378164182
1.44 0 0.0443976153828
1.45 0 0.044919453425
1.46 0 0.0453504133144
1.47 0 0.0461730419798
1.48 0 0.0471002401737
1.49 0 0.0474050028295
1.5 0 0.0474826111049
1.51 0 0.0487505842036
1.52 0 0.0490249521259
1.53 0 0.0496342068184
1.54 0 0.0505757497244
1.55 0 0.051071713838
1.56 0 0.0512760967359
1.57 0 0.0514563490774
1.58 0 0.0512443138097
1.59 0 0.0515363274007
1.6 0 0.0515363274007
1.61 0 0.0509711977832
1.62 0 0.0509711977832
1.63 0 0.0505977484892
1.64 0 0.0499087770917
1.65 0 0.050024027967
1.66 0 0.048784788954
1.67 0 0.048926601861
1.68 0 0.0479653160395
1.69 0 0.0479653160395
1.7 0 0.0479653160395
1.71 0 0.0479995148842
1.72 0 0.0475803875985
1.73 0 0.0478553584794
1.74 0 0.0479453332419
1.75 0 0.0484038751283
1.76 0 0.0485717509575
1.77 0 0.0496007787015
1.78 0 0.050001771784
1.79 0 0.0511536142259
1.8 0 0.0526529135305
1.81 0 0.0535038332681
1.82 0 0.0551962258265
1.83 0 0.0562559961018
1.84 0 0.0579844027593
1.85 0 0.0593932806985
1.86 0 0.0601295306347
1.87 0 0.0607062767529
1.88 0 0.0610973036514
1.89 0 0.0617445839378
1.9 0 0.0626328135194
1.91 0 0.0626328135194
1.92 0 0.0631204052123
1.93 0 0.0638644284675
1.94 0 0.0638644284675
1.95 0 0.064698401087
1.96 0 0.0649762031781
1.97 0 0.0655836564474
1.98 0 0.0655151178213
1.99 0 0.0654550799605
2.0 0 0.065204163981
2.01 0 0.0649292837138
2.02 0 0.0640114830484
2.03 0 0.0633689997302
2.04 0 0.0627393632546
2.05 0 0.0623806522724
2.06 0 0.0616095074941
2.07 0 0.061235926156
2.08 0 0.0599478410663
2.09 0 0.0591548776746
2.1 0 0.0583548988495
2.11 0 0.0576171876454
2.12 0 0.0570424048523
2.13 0 0.0565647172747
2.14 0 0.0558517021628
2.15 0 0.0550400897145
2.16 0 0.0540169063901
2.17 0 0.0522785583513
2.18 0 0.0522172651857
2.19 0 0.0520022276663
2.2 0 0.0520022276663
2.21 0 0.0552228651449
2.22 0 0.0565169242352
2.23 0 0.0589699051785
2.24 0 0.0593432040682
2.25 0 0.060055262421
2.26 0 0.0603811854021
2.27 0 0.0610728027643
2.28 0 0.0621914610808
2.29 0 0.062291816139
2.3 0 0.0628330062333
2.31 0 0.0632295389672
2.32 0 0.0638435223028
2.33 0 0.0636965479725
2.34 0 0.0642963153616
2.35 0 0.0644732675934
2.36 0 0.0649276735171
2.37 0 0.0657383580463
2.38 0 0.0657657817368
2.39 0 0.0660645755379
2.4 0 0.0657976068854
2.41 0 0.066043618576
2.42 0 0.0660489670553
2.43 0 0.067229571416
2.44 0 0.0670661228832
2.45 0 0.0681496414064
2.46 0 0.0678922887803
2.47 0 0.0684796153608
2.48 0 0.0698662836652
2.49 0 0.0704255707327
2.5 0 0.0708455301611
2.51 0 0.0708455301611
2.52 0 0.0712445826283
2.53 0 0.0713575926579
2.54 0 0.0719331125308
2.55 0 0.0719628888022
2.56 0 0.0729997025131
2.57 0 0.0725685257015
2.58 0 0.0733451904744
2.59 0 0.0745036070192
2.6 0 0.0758458785633
2.61 0 0.0777925271688
2.62 0 0.0789067879228
2.63 0 0.0805831384067
2.64 0 0.0820738064145
2.65 0 0.0831525463195
2.66 0 0.084811287932
2.67 0 0.0850545106474
2.68 0 0.0860166417833
2.69 0 0.086774139399
2.7 0 0.086774139399
2.71 0 0.0870202174873
2.72 0 0.0868452658828
2.73 0 0.0867410869782
2.74 0 0.0858035724583
2.75 0 0.0853394297788
2.76 0 0.0853394297788
2.77 0 0.0854004054738
2.78 0 0.0854525505838
2.79 0 0.0858083294808
2.8 0 0.0857382415796
2.81 0 0.0857382415796
2.82 0 0.0859001081538
2.83 0 0.0863607580265
2.84 0 0.0867249382043
2.85 0 0.0872828246595
2.86 0 0.0878970698225
2.87 0 0.0879810875342
2.88 0 0.0874389209057
2.89 0 0.086996711042
2.9 0 0.0860340475688
2.91 0 0.0853503702322
2.92 0 0.0840990795282
2.93 0 0.082532140673
2.94 0 0.0811746686912
2.95 0 0.0801539621405
2.96 0 0.0791878825512
2.97 0 0.0785895469109
2.98 0 0.0779657838576
2.99 0 0.0776813055107
3.0 0 0.0770877176791
3.01 0 0.0771539858537
3.02 0 0.0776686170326
3.03 0 0.0778015567894
3.04 0 0.0784371876708
3.05 0 0.0796263531649
3.06 0 0.0810014577239
3.07 0 0.0813926726678
3.08 0 0.0826493319704
3.09 0 0.0838669803866
3.1 0 0.0853772125775
3.11 0 0.0872785405155
3.12 0 0.0889010807888
3.13 0 0.0903712947402
3.14 0 0.0918427106005
3.15 0 0.0918427106005
3.16 0 0.0918427106005
3.17 0 0.0997226187116
3.18 0 0.0997226187116
3.19 0 0.0997226187116
3.2 0 0.0997226187116
3.21 0 0.10669334476
3.22 0 0.10669334476
3.23 0 0.10669334476
3.24 0 0.109035718192
3.25 0 0.109452865722
3.26 0 0.109704856608
3.27 0 0.110497316188
3.28 0 0.110190697222
3.29 0 0.108947882606
3.3 0 0.107041988144
3.31 0 0.106203799602
3.32 0 0.105230593693
3.33 0 0.102662479751
3.34 0 0.101367888614
3.35 0 0.0992736805976
3.36 0 0.0987832336942
3.37 0 0.0969006117826
3.38 0 0.0964677494406
3.39 0 0.0956403852602
3.4 0 0.0950659513539
3.41 0 0.0947875992216
3.42 0 0.0952942789526
3.43 0 0.0958727585003
3.44 0 0.0979945385975
3.45 0 0.0987359969348
3.46 0 0.0993368957219
3.47 0 0.100439824933
3.48 0 0.101150936003
3.49 0 0.101737328331
3.5 0 0.102209947118
3.51 0 0.102543330673
3.52 0 0.103235626785
3.53 0 0.104131814392
3.54 0 0.104895789607
3.55 0 0.105088976451
3.56 0 0.105284721667
3.57 0 0.1054113075
3.58 0 0.106137045682
3.59 0 0.106235618417
3.6 0 0.106355786943
3.61 0 0.106620941401
3.62 0 0.107212198591
3.63 0 0.107227583597
3.64 0 0.107183492777
3.65 0 0.107326200369
3.66 0 0.107340015002
3.67 0 0.107372610748
3.68 0 0.10738774403
3.69 0 0.106998653397
3.7 0 0.106890209616
3.71 0 0.10676941683
3.72 0 0.106859316482
3.73 0 0.107040312779
3.74 0 0.107222599966
3.75 0 0.108084492573
3.76 0 0.109359226917
3.77 0 0.110380590855
3.78 0 0.111024279352
3.79 0 0.111931738169
3.8 0 0.112617631428
3.81 0 0.114299533763
3.82 0 0.11606456535
3.83 0 0.115979470051
3.84 0 0.11947743325
3.85 0 0.120492347968
3.86 0 0.122143547258
3.87 0 0.12432253519
3.88 0 0.125811228565
3.89 0 0.128560395099
3.9 0 0.130697800651
3.91 0 0.133351054729
3.92 0 0.134983947843
3.93 0 0.136302035729
3.94 0 0.139549612416
3.95 0 0.140120386953
3.96 0 0.143489693194
3.97 0 0.145268033197
3.98 0 0.144973215643
3.99 0 0.1466301171
4.0 0 0.148801133167
4.01 0 0.148801133167
4.02 0 0.148801133167
4.03 0 0.151474996946
4.04 0 0.151460016328
4.05 0 0.152419754806
4.06 0 0.152922560185
4.07 0 0.153883586942
4.08 0 0.154175943518
4.09 0 0.153593677148
4.1 0 0.153367520891
4.11 0 0.153367520891
4.12 0 0.153379744029
4.13 0 0.153539834996
4.14 0 0.153630224015
4.15 0 0.1538792899
4.16 0 0.153905378352
4.17 0 0.154028217585
4.18 0 0.154486875291
4.19 0 0.154612936531
4.2 0 0.155310619625
4.21 0 0.155020740106
4.22 0 0.154939405051
4.23 0 0.154854560818
4.24 0 0.154848083102
4.25 0 0.154984029741
4.26 0 0.155300781734
4.27 0 0.155825100635
4.28 0 0.15648434607
4.29 0 0.15730347722
4.3 0 0.159270498081
4.31 0 0.160855596937
4.32 0 0.161889928703
4.33 0 0.163901070827
4.34 0 0.164839055519
4.35 0 0.166203544455
4.36 0 0.16718923879
4.37 0 0.168720464349
4.38 0 0.169701728623
4.39 0 0.170964346688
4.4 0 0.171100032449
4.41 0 0.171496215372
4.42 0 0.171622359759
4.43 0 0.171671597714
4.44 0 0.171682135781
4.45 0 0.171350355461
4.46 0 0.171513298829
4.47 0 0.171543832446
4.48 0 0.171501543208
4.49 0 0.171609982157
4.5 0 0.17174589758
4.51 0 0.171738737109
4.52 0 0.171784559127
4.53 0 0.17199399969
4.54 0 0.172076631732
4.55 0 0.171399532782
4.56 0 0.171398133002
4.57 0 0.170861598058
4.58 0 0.171009336207
4.59 0 0.170848114787
4.6 0 0.170209371265
4.61 0 0.1701763026
4.62 0 0.170597260694
4.63 0 0.171413186222
4.64 0 0.171145673459
4.65 0 0.171491020881
4.66 0 0.171547172522
4.67 0 0.172033528118
4.68 0 0.171370440628
4.69 0 0.17229429662
4.7 0 0.172490057277
4.71 0 0.173723173945
4.72 0 0.174052552868
4.73 0 0.174330994696
4.74 0 0.174316554965
4.75 0 0.176110472107
4.76 0 0.176577924822
4.77 0 0.176041104968
4.78 0 0.176766671359
4.79 0 0.176375452204
4.8 0 0.177155677089
4.81 0 0.177155677089
4.82 0 0.177187671981
4.83 0 0.177030536529
4.84 0 0.176715514746
4.85 0 0.176810531359
4.86 0 0.176897430477
4.87 0 0.177197578376
4.88 0 0.177197578376
4.89 0 0.176685425904
4.9 0 0.176732835918
4.91 0 0.177545923402
4.92 0 0.177460613767
4.93 0 0.177953076891
4.94 0 0.179317395705
4.95 0 0.180484784911
4.96 0 0.180669920389
4.97 0 0.181552955557
4.98 0 0.182382559356
4.99 0 0.182985275572
5.0 0 0.183515229315
5.01 0 0.183957332889
5.02 0 0.184189825561
5.03 0 0.184189825561
5.04 0 0.184091986616
5.05 0 0.184007807006
5.06 0 0.183010822753
5.07 0 0.18254279019
5.08 0 0.182195863994
5.09 0 0.181898626345
5.1 0 0.181898626345
5.11 0 0.181782783356
5.12 0 0.181903309746
5.13 0 0.181869497592
5.14 0 0.181869497592
5.15 0 0.182181221119
5.16 0 0.182771897663
5.17 0 0.182771897663
5.18 0 0.183221648116
5.19 0 0.183280962159
5.2 0 0.183622889036
5.21 0 0.183914317106
5.22 0 0.184212633672
5.23 0 0.184378440779
5.24 0 0.184846745773
5.25 0 0.18427795493
5.26 0 0.18378112827
5.27 0 0.183029438278
5.28 0 0.182761111806
5.29 0 0.182429738469
5.3 0 0.181791896781
5.31 0 0.181140497475
5.32 0 0.181072420218
5.33 0 0.180117402319
5.34 0 0.179281797518
5.35 0 0.179034271041
5.36 0 0.178756696249
5.37 0 0.178756696249
5.38 0 0.178756696249
5.39 0 0.178481609861
5.4 0 0.178481609861
5.41 0 0.177614792488
5.42 0 0.177563572845
5.43 0 0.178174814974
5.44 0 0.178350193854
5.45 0 0.178476547313
5.46 0 0.17783796106
5.47 0 0.176196174448
5.48 0 0.177158540357
5.49 0 0.176958659102
5.5 0 0.17692938732
5.51 0 0.176855055713
5.52 0 0.176788764956
5.53 0 0.174867987831
5.54 0 0.174867987831
5.55 0 0.174867987831
5.56 0 0.174867987831
5.57 0 0.173167475779
5.58 0 0.173167475779
5.59 0 0.171562058755
5.6 0 0.173223611436
5.61 0 0.171638533148
5.62 0 0.17139996968
5.63 0 0.171732512205
5.64 0 0.171112759621
5.65 0 0.170352704206
5.66 0 0.169925716839
5.67 0 0.167450154022
5.68 0 0.165755740991
5.69 0 0.163573368096
5.7 0 0.159612652597
5.71 0 0.157819715058
5.72 0 0.155556811768
5.73 0 0.152634165388
5.74 0 0.148769923477
5.75 0 0.14525642456
5.76 0 0.142785715801
5.77 0 0.140531516056
5.78 0 0.138164203909
5.79 0 0.13613398994
5.8 0 0.132705646225
5.81 0 0.12847834952
5.82 0 0.124475786688
5.83 0 0.120751120762
5.84 0 0.117761799827
5.85 0 0.113568267003
5.86 0 0.111457767095
5.87 0 0.109615958702
5.88 0 0.11051475272
5.89 0 0.111551028467
5.9 0 0.11360856511
5.91 0 0.116727759322
5.92 0 0.12049797221
5.93 0 0.123690250879
5.94 0 0.126471008376
5.95 0 0.130527337112
5.96 0 0.130527337112
5.97 0 0.132101938696
5.98 0 0.132101938696
5.99 0 0.132101938696
6.0 0 0.140189344467
6.01 0 0.142925127103
6.02 0 0.144601415494
6.03 0 0.145040680149
6.04 0 0.14673610378
6.05 0 0.147839537661
6.06 0 0.149192538123
6.07 0 0.150303796751
6.08 0 0.150828855211
6.09 0 0.150828855211
6.1 0 0.154009704695
6.11 0 0.156606877387
6.12 0 0.157002142547
6.13 0 0.15805633621
6.14 0 0.158727464358
6.15 0 0.159803546996
6.16 0 0.160985800644
6.17 0 0.162492338431
6.18 0 0.163200517868
6.19 0 0.165120699235
6.2 0 0.166076080165
6.21 0 0.170964450712
6.22 0 0.170964450712
6.23 0 0.173691262111
6.24 0 0.17543243023
6.25 0 0.176144760321
6.26 0 0.178178917409
6.27 0 0.18133588537
6.28 0 0.183692804275
6.29 0 0.187187324023
6.3 0 0.191056195148
6.31 0 0.191056195148
6.32 0 0.195641156474
6.33 0 0.198300005938
6.34 0 0.198300005938
6.35 0 0.198300005938
6.36 0 0.198300005938
6.37 0 0.205078308753
6.38 0 0.205078308753
6.39 0 0.205078308753
6.4 0 0.211642841414
6.41 0 0.213144136646
6.42 0 0.214038545762
6.43 0 0.215828089916
6.44 0 0.215828089916
6.45 0 0.222215705766
6.46 0 0.222477430355
6.47 0 0.223121400922
6.48 0 0.223424814855
6.49 0 0.223774517521
6.5 0 0.224131415997
6.51 0 0.223806807966
6.52 0 0.223364447388
6.53 0 0.217822676455
6.54 0 0.216475517945
6.55 0 0.216475517945
6.56 0 0.212372361273
6.57 0 0.210849662173
6.58 0 0.207925111709
6.59 0 0.201718876721
6.6 0 0.20073795144
6.61 0 0.197486958373
6.62 0 0.197486958373
6.63 0 0.19423370158
6.64 0 0.193964122456
6.65 0 0.19271545679
6.66 0 0.192671179049
6.67 0 0.193138205728
6.68 0 0.194064905289
6.69 0 0.195384658531
6.7 0 0.196769907927
6.71 0 0.197943660251
6.72 0 0.198679134646
6.73 0 0.199429040261
6.74 0 0.200377683907
6.75 0 0.201750202797
6.76 0 0.203203159285
6.77 0 0.204381931891
6.78 0 0.20575537411
6.79 0 0.206974045401
6.8 0 0.208298913714
6.81 0 0.209906503071
6.82 0 0.211300717631
6.83 0 0.211814657799
6.84 0 0.212503863746
6.85 0 0.212485641613
6.86 0 0.212928027743
6.87 0 0.212386241095
6.88 0 0.212518587441
6.89 0 0.212260089192
6.9 0 0.213821824201
6.91 0 0.213968426825
6.92 0 0.213936279587
6.93 0 0.214145899429
6.94 0 0.214063579651
6.95 0 0.215939738158
6.96 0 0.214950351978
6.97 0 0.213938616703
6.98 0 0.21266488609
6.99 0 0.21266488609
7.0 0 0.2094907762
7.01 0 0.206910821732
7.02 0 0.204865470449
7.03 0 0.199343841939
7.04 0 0.199427130943
7.05 0 0.19212277939
7.06 0 0.188937708111
7.07 0 0.185359010799
7.08 0 0.18179292148
7.09 0 0.181047130367
7.1 0 0.17716310791
7.11 0 0.176600095538
7.12 0 0.174944458082
7.13 0 0.170896227583
7.14 0 0.170627204878
7.15 0 0.17056442684
7.16 0 0.170582168832
7.17 0 0.170691505285
7.18 0 0.170711230591
7.19 0 0.17132499175
7.2 0 0.172004083189
7.21 0 0.173743397043
7.22 0 0.174792646632
7.23 0 0.177072370247
7.24 0 0.18140305355
7.25 0 0.183766084448
7.26 0 0.184338773242
7.27 0 0.18437117617
7.28 0 0.183184385332
7.29 0 0.182766216796
7.3 0 0.182258696108
7.31 0 0.18203447301
7.32 0 0.180168233439
7.33 0 0.178911636019
7.34 0 0.176841221193
7.35 0 0.175184326774
7.36 0 0.173378239238
7.37 0 0.170372554988
7.38 0 0.166093651455
7.39 0 0.162609275909
7.4 0 0.154978045695
7.41 0 0.151659588604
7.42 0 0.150487192439
7.43 0 0.1473183496
7.44 0 0.146444565012
7.45 0 0.146195244771
7.46 0 0.146182977709
7.47 0 0.147874879594
7.48 0 0.147874879594
7.49 0 0.149679346175
7.5 0 0.151029350845
7.51 0 0.152293638174
7.52 0 0.152746496595
7.53 0 0.15336923521
7.54 0 0.154005949303
7.55 0 0.154507271427
7.56 0 0.15483071417
7.57 0 0.155767795602
7.58 0 0.156589359809
7.59 0 0.157137132155
7.6 0 0.158233141459
7.61 0 0.158183196677
7.62 0 0.158315012078
7.63 0 0.158457758307
7.64 0 0.158256349629
7.65 0 0.158251880591
7.66 0 0.157998210144
7.67 0 0.157588517117
7.68 0 0.157747482049
7.69 0 0.157473874763
7.7 0 0.157143536178
7.71 0 0.160007315176
7.72 0 0.160455609512
7.73 0 0.160455609512
7.74 0 0.16077906182
7.75 0 0.161257932373
7.76 0 0.163065129378
7.77 0 0.163359990077
7.78 0 0.163315261029
7.79 0 0.164228511735
7.8 0 0.162727323469
7.81 0 0.163820144801
7.82 0 0.162784057893
7.83 0 0.165961747485
7.84 0 0.16597433429
7.85 0 0.164924500438
7.86 0 0.167046410626
7.87 0 0.167783064344
7.88 0 0.168545912539
7.89 0 0.171439100481
7.9 0 0.172134168074
7.91 0 0.173998614103
7.92 0 0.176270822361
7.93 0 0.18176273378
7.94 0 0.184757501025
7.95 0 0.182765487688
7.96 0 0.185622172632
7.97 0 0.186216125854
7.98 0 0.187068017079
7.99 0 0.190224851714
8.0 0 0.187503351965
8.01 0 0.186559365507
8.02 0 0.188993559027
8.03 0 0.191368352169
8.04 0 0.191780866296
8.05 0 0.191704138755
8.06 0 0.190959172506
8.07 0 0.190959172506
8.08 0 0.187683211583
8.09 0 0.185954466756
8.1 0 0.183943268661
8.11 0 0.1833431137
8.12 0 0.180703931981
8.13 0 0.177599226033
8.14 0 0.174434440383
8.15 0 0.172228570313
8.16 0 0.169226636436
8.17 0 0.166089184376
8.18 0 0.162396145204
8.19 0 0.161378688848
8.2 0 0.161173822155
8.21 0 0.160836137803
8.22 0 0.160859624167
8.23 0 0.161904995735
8.24 0 0.16188431641
8.25 0 0.162366538905
8.26 0 0.162562917754
8.27 0 0.162979838899
8.28 0 0.16373728773
8.29 0 0.16373728773
8.3 0 0.164128726314
8.31 0 0.163989953987
8.32 0 0.16370884945
8.33 0 0.163497922748
8.34 0 0.163918124922
8.35 0 0.164964433982
8.36 0 0.165059817245
8.37 0 0.165592271384
8.38 0 0.165503261969
8.39 0 0.165963404804
8.4 0 0.166371927399
8.41 0 0.166997838342
8.42 0 0.166935948748
8.43 0 0.167008180441
8.44 0 0.167626232815
8.45 0 0.168160175639
8.46 0 0.168901275977
8.47 0 0.168903549757
8.48 0 0.16896147482
8.49 0 0.169504926395
8.5 0 0.170238316692
8.51 0 0.171099456135
8.52 0 0.171099456135
8.53 0 0.171402857298
8.54 0 0.170662685256
8.55 0 0.170188999129
8.56 0 0.170258543774
8.57 0 0.170481089006
8.58 0 0.171891863196
8.59 0 0.170408694028
8.6 0 0.17189984348
8.61 0 0.171500998899
8.62 0 0.172283112978
8.63 0 0.174380580642
8.64 0 0.175363318407
8.65 0 0.177593955301
8.66 0 0.176348810325
8.67 0 0.177978056686
8.68 0 0.176976802556
8.69 0 0.180261002508
8.7 0 0.178803878044
8.71 0 0.178803878044
8.72 0 0.18380383165
8.73 0 0.184060011177
8.74 0 0.188207602825
8.75 0 0.192627373025
8.76 0 0.19306749423
8.77 0 0.190975949467
8.78 0 0.190152576378
8.79 0 0.187123031617
8.8 0 0.187393570789
8.81 0 0.194719615575
8.82 0 0.196677441503
8.83 0 0.197489319539
8.84 0 0.19971987331
8.85 0 0.202215242584
8.86 0 0.202620504333
8.87 0 0.20321816253
8.88 0 0.203328493064
8.89 0 0.203743603931
8.9 0 0.204426582265
8.91 0 0.204541537586
8.92 0 0.20460246459
8.93 0 0.204637251265
8.94 0 0.204637251265
8.95 0 0.203213422951
8.96 0 0.202257287861
8.97 0 0.202054772094
8.98 0 0.201188470768
8.99 0 0.200563471425
9.0 0 0.199471997249
9.01 0 0.198294511889
9.02 0 0.197818763342
9.03 0 0.198055616422
9.04 0 0.198123474755
9.05 0 0.198053379445
9.06 0 0.197440440093
9.07 0 0.196478312294
9.08 0 0.195488928828
9.09 0 0.195254164871
9.1 0 0.194312797035
9.11 0 0.192143653431
9.12 0 0.192708817381
9.13 0 0.193549153368
9.14 0 0.19366797977
9.15 0 0.193752025475
9.16 0 0.193425796392
9.17 0 0.193302637827
9.18 0 0.193164635655
9.19 0 0.193450792504
9.2 0 0.19414600465
9.21 0 0.19414600465
9.22 0 0.195043932431
9.23 0 0.196077611906
9.24 0 0.195938289151
9.25 0 0.195423376015
9.26 0 0.195297163452
9.27 0 0.195490675372
9.28 0 0.193025540852
9.29 0 0.190543801739
9.3 0 0.188204733033
9.31 0 0.18580702973
9.32 0 0.181497869383
9.33 0 0.177149888372
9.34 0 0.176198104616
9.35 0 0.174674412673
9.36 0 0.175665851973
9.37 0 0.175908227713
9.38 0 0.173336809043
9.39 0 0.17310621448
9.4 0 0.170563499098
9.41 0 0.174073914789
9.42 0 0.178814511686
9.43 0 0.180791936139
9.44 0 0.183483220464
9.45 0 0.184886314513
9.46 0 0.187907232501
9.47 0 0.188572446714
9.48 0 0.190607169889
9.49 0 0.19268993022
9.5 0 0.193365113862
9.51 0 0.194327770446
9.52 0 0.196883603221
9.53 0 0.197837595829
9.54 0 0.198064657281
9.55 0 0.199728350106
9.56 0 0.200520752438
9.57 0 0.199880488632
9.58 0 0.199838169216
9.59 0 0.200539474827
9.6 0 0.200588054857
9.61 0 0.201037802271
9.62 0 0.201801477648
9.63 0 0.202074097368
9.64 0 0.20171288778
9.65 0 0.201546800378
9.66 0 0.200660577574
9.67 0 0.200350054881
9.68 0 0.200075355243
9.69 0 0.199572356898
9.7 0 0.198578096886
9.71 0 0.197014444486
9.72 0 0.194870898485
9.73 0 0.193364600261
9.74 0 0.191816489814
9.75 0 0.19101439337
9.76 0 0.188641249612
9.77 0 0.187595163085
9.78 0 0.183998190808
9.79 0 0.183178104698
9.8 0 0.181736288546
9.81 0 0.180133401111
9.82 0 0.179425964889
9.83 0 0.179717878626
9.84 0 0.179849824556
9.85 0 0.1804358436
9.86 0 0.181003006239
9.87 0 0.181984448269
9.88 0 0.182740697737
9.89 0 0.183210403446
9.9 0 0.184881146387
9.91 0 0.186058323404
9.92 0 0.186646180322
9.93 0 0.187851948914
9.94 0 0.188458964004
9.95 0 0.188767621226
9.96 0 0.189181745699
9.97 0 0.189273405134
9.98 0 0.190145108075
9.99 0 0.191066997298
10.0 0 0.191191968594
10.01 0 0.191244939973
10.02 0 0.191557076008
10.03 0 0.191451644125
10.04 0 0.192566399611
10.05 0 0.192566399611
10.06 0 0.193243004637
10.07 0 0.193809686061
10.08 0 0.194747044909
10.09 0 0.19570234501
10.1 0 0.195779640534
10.11 0 0.196181683781
10.12 0 0.195129811385
10.13 0 0.195800012117
10.14 0 0.193014034172
10.15 0 0.193570365959
10.16 0 0.192936524454
10.17 0 0.192198359544
10.18 0 0.192467367748
10.19 0 0.192237290709
10.2 0 0.19469585737
10.21 0 0.196217181667
10.22 0 0.195486940398
10.23 0 0.195888372665
10.24 0 0.192594523067
10.25 0 0.193140675638
10.26 0 0.195041617736
10.27 0 0.197126321653
10.28 0 0.200181129081
10.29 0 0.201133104001
10.3 0 0.204646180232
10.31 0 0.206348314197
10.32 0 0.208901318117
10.33 0 0.21271356612
10.34 0 0.216375702702
10.35 0 0.21738289357
10.36 0 0.219023830844
10.37 0 0.220452991406
10.38 0 0.220452991406
10.39 0 0.220452991406
10.4 0 0.22415148559
10.41 0 0.222981260509
10.42 0 0.222035395503
10.43 0 0.220857018657
10.44 0 0.220395251782
10.45 0 0.220221195088
10.46 0 0.218958221106
10.47 0 0.218604008187
10.48 0 0.21744850601
10.49 0 0.217171689906
10.5 0 0.216143121528
10.51 0 0.215705458383
10.52 0 0.215500667647
10.53 0 0.214374075536
10.54 0 0.21271649415
10.55 0 0.211475325391
10.56 0 0.209418606114
10.57 0 0.206387672261
10.58 0 0.202522792471
10.59 0 0.200613927115
10.6 0 0.200613927115
10.61 0 0.200613927115
10.62 0 0.200613927115
10.63 0 0.190892015663
10.64 0 0.190892015663
10.65 0 0.175524546518
10.66 0 0.173398157332
10.67 0 0.172316218877
10.68 0 0.172115566255
10.69 0 0.172710480081
10.7 0 0.173452795799
10.71 0 0.174326231013
10.72 0 0.176758644062
10.73 0 0.177041553085
10.74 0 0.177856420992
10.75 0 0.178954517251
10.76 0 0.180000116591
10.77 0 0.180281086196
10.78 0 0.181570087694
10.79 0 0.181912933213
10.8 0 0.183765612441
10.81 0 0.184332856368
10.82 0 0.186858660123
10.83 0 0.187812141971
10.84 0 0.1885062039
10.85 0 0.189763208201
10.86 0 0.190029008487
10.87 0 0.191447955495
10.88 0 0.193021784746
10.89 0 0.194029494153
10.9 0 0.19639692773
10.91 0 0.199493035762
10.92 0 0.201364330677
10.93 0 0.201935208761
10.94 0 0.201379547363
10.95 0 0.203637038546
10.96 0 0.203587073604
10.97 0 0.203618043912
10.98 0 0.203391786808
10.99 0 0.203209596402
11.0 0 0.206269360011
11.01 0 0.208852661812
11.02 0 0.21377574936
11.03 0 0.214106740168
11.04 0 0.215722814526
11.05 0 0.21870868286
11.06 0 0.222308575921
11.07 0 0.223924317678
11.08 0 0.225500401324
11.09 0 0.225519237764
11.1 0 0.226263159541
11.11 0 0.227936399604
11.12 0 0.22838340828
11.13 0 0.228101979663
11.14 0 0.227569930043
11.15 0 0.225372530227
11.16 0 0.223564143965
11.17 0 0.22365497465
11.18 0 0.223354612752
11.19 0 0.222731112718
11.2 0 0.221833300441
11.21 0 0.221412205456
11.22 0 0.221905641947
11.23 0 0.222088182024
11.24 0 0.222282211277
11.25 0 0.221512474902
11.26 0 0.221290150501
11.27 0 0.220552249249
11.28 0 0.22002169712
11.29 0 0.219586970572
11.3 0 0.219361858829
11.31 0 0.218922587375
11.32 0 0.21837434312
11.33 0 0.217538900447
11.34 0 0.21773739648
11.35 0 0.21730174192
11.36 0 0.217188372946
11.37 0 0.214972631306
11.38 0 0.214909311004
11.39 0 0.214816777038
11.4 0 0.213789063619
11.41 0 0.211019824978
11.42 0 0.210206934827
11.43 0 0.20919731647
11.44 0 0.207964914033
11.45 0 0.207357642019
11.46 0 0.206542278941
11.47 0 0.20591172354
11.48 0 0.204619103805
11.49 0 0.204697933903
11.5 0 0.204729481973
11.51 0 0.204258375197
11.52 0 0.203044701142
11.53 0 0.202516612857
11.54 0 0.202720772527
11.55 0 0.20324347793
11.56 0 0.203192029953
11.57 0 0.203314502835
11.58 0 0.20392012049
11.59 0 0.203704441422
11.6 0 0.204617095163
11.61 0 0.20531463036
11.62 0 0.205384485998
11.63 0 0.206569802728
11.64 0 0.207301240683
11.65 0 0.207287892731
11.66 0 0.209146840119
11.67 0 0.209107945271
11.68 0 0.209999181198
11.69 0 0.211481752487
11.7 0 0.210623330109
11.71 0 0.210606498893
11.72 0 0.212440783236
11.73 0 0.212404552289
11.74 0 0.212506555265
11.75 0 0.212497739761
11.76 0 0.21382803956
11.77 0 0.215414237375
11.78 0 0.214673484332
11.79 0 0.215747608385
11.8 0 0.218470039237
11.81 0 0.220774303842
11.82 0 0.221826569761
11.83 0 0.221788500423
11.84 0 0.222373754885
11.85 0 0.223677969013
11.86 0 0.228414265561
11.87 0 0.228447132546
11.88 0 0.231620007489
11.89 0 0.232995661381
11.9 0 0.234891356304
11.91 0 0.235501372843
11.92 0 0.237808175812
11.93 0 0.237345656378
11.94 0 0.238872767382
11.95 0 0.238616635447
11.96 0 0.239958166135
11.97 0 0.240178330347
11.98 0 0.239220048516
11.99 0 0.23854226756
12.0 0 0.237552149157
12.01 0 0.236552985214
12.02 0 0.235661541721
12.03 0 0.2348652447
12.04 0 0.23379200622
12.05 0 0.232968176263
12.06 0 0.231242019321
12.07 0 0.229380651037
12.08 0 0.226742908157
12.09 0 0.22485416762
12.1 0 0.22261224537
12.11 0 0.219310363268
12.12 0 0.215472330102
12.13 0 0.213134409213
12.14 0 0.208456642854
12.15 0 0.206164509682
12.16 0 0.205997531264
12.17 0 0.203998066092
12.18 0 0.202486711439
12.19 0 0.202486711439
12.2 0 0.20248073329
12.21 0 0.203220280369
12.22 0 0.203220280369
12.23 0 0.203695859872
12.24 0 0.203695859872
12.25 0 0.203882469004
12.26 0 0.204229324949
12.27 0 0.204229324949
12.28 0 0.204527511233
12.29 0 0.204722839577
12.3 0 0.20530105129
12.31 0 0.205992867538
12.32 0 0.205966280863
12.33 0 0.206389239406
12.34 0 0.206430007439
12.35 0 0.206281758565
12.36 0 0.206007820081
12.37 0 0.205502034234
12.38 0 0.204980587447
12.39 0 0.206101418701
12.4 0 0.207254920283
12.41 0 0.208095362032
12.42 0 0.208675440968
12.43 0 0.208997542011
12.44 0 0.210507584079
12.45 0 0.210794839535
12.46 0 0.211549210766
12.47 0 0.212288204682
12.48 0 0.212861658556
12.49 0 0.213161994336
12.5 0 0.213264407032
12.51 0 0.210759572729
12.52 0 0.210168066798
12.53 0 0.206926159167
12.54 0 0.206926159167
12.55 0 0.208490425929
12.56 0 0.209389041637
12.57 0 0.211270873858
12.58 0 0.212598768585
12.59 0 0.214167926826
12.6 0 0.216476462424
12.61 0 0.21882121558
12.62 0 0.222216261623
12.63 0 0.221335445853
12.64 0 0.225765425838
12.65 0 0.227039127977
12.66 0 0.228633529038
12.67 0 0.229141743637
12.68 0 0.227567225389
12.69 0 0.227339825894
12.7 0 0.227174028052
12.71 0 0.228415299765
12.72 0 0.229126376438
12.73 0 0.227851982707
12.74 0 0.228317112194
12.75 0 0.228095424288
12.76 0 0.227578541034
12.77 0 0.22681770269
12.78 0 0.226227278791
12.79 0 0.226227278791
12.8 0 0.226227278791
12.81 0 0.224479988463
12.82 0 0.223634024338
12.83 0 0.223302886447
12.84 0 0.223008194511
12.85 0 0.2232225228
12.86 0 0.224292177042
12.87 0 0.225486013286
12.88 0 0.225833516925
12.89 0 0.226788939121
12.9 0 0.226788939121
12.91 0 0.226640589079
12.92 0 0.226182889793
12.93 0 0.225723983381
12.94 0 0.225687590249
12.95 0 0.2257072111
12.96 0 0.225080798323
12.97 0 0.224786890123
12.98 0 0.224561990202
12.99 0 0.224468334938
13.0 0 0.224650097405
13.01 0 0.224690674059
13.02 0 0.224470839393
13.03 0 0.224591708328
13.04 0 0.224954400715
13.05 0 0.225036677499
13.06 0 0.224647673851
13.07 0 0.224111810639
13.08 0 0.223187289245
13.09 0 0.222088400385
13.1 0 0.220453681448
13.11 0 0.218674133399
13.12 0 0.217745399159
13.13 0 0.218271827073
13.14 0 0.218424517237
13.15 0 0.218517684013
13.16 0 0.218724954397
13.17 0 0.219103710945
13.18 0 0.219692934648
13.19 0 0.220930740772
13.2 0 0.222061120869
13.21 0 0.223366750358
13.22 0 0.223134753844
13.23 0 0.222942781242
13.24 0 0.22321381779
13.25 0 0.223316147621
13.26 0 0.222412860705
13.27 0 0.223096953635
13.28 0 0.225149941079
13.29 0 0.223576043905
13.3 0 0.22394756811
13.31 0 0.222718064495
13.32 0 0.223581909693
13.33 0 0.223386400592
13.34 0 0.224111816512
13.35 0 0.225685903089
13.36 0 0.229117338746
13.37 0 0.228583808629
13.38 0 0.228514727323
13.39 0 0.229403139852
13.4 0 0.231135315896
13.41 0 0.230493787625
13.42 0 0.23177105058
13.43 0 0.231774436243
13.44 0 0.235375853238
13.45 0 0.234789925517
13.46 0 0.237169021145
13.47 0 0.236053187236
13.48 0 0.241015837408
13.49 0 0.242493141685
13.5 0 0.248113572544
13.51 0 0.248056764711
13.52 0 0.248667583813
13.53 0 0.24857743155
13.54 0 0.248424095927
13.55 0 0.247888664602
13.56 0 0.247622410566
13.57 0 0.248478594027
13.58 0 0.248845708442
13.59 0 0.247940377135
13.6 0 0.245969617198
13.61 0 0.245778854968
13.62 0 0.244080304176
13.63 0 0.242421921008
13.64 0 0.241866247335
13.65 0 0.241140967218
13.66 0 0.240429918064
13.67 0 0.238422846026
13.68 0 0.236507208312
13.69 0 0.234088611434
13.7 0 0.232548104019
13.71 0 0.231716997109
13.72 0 0.229548570354
13.73 0 0.227647997653
13.74 0 0.227067412966
13.75 0 0.226635021133
13.76 0 0.225938446257
13.77 0 0.225408150488
13.78 0 0.226096771278
13.79 0 0.226444174069
13.8 0 0.226741850105
13.81 0 0.227280608993
13.82 0 0.228224074427
13.83 0 0.229605523783
13.84 0 0.23010540983
13.85 0 0.230360828594
13.86 0 0.2311010806
13.87 0 0.2311010806
13.88 0 0.2311010806
13.89 0 0.23566274833
13.9 0 0.236830815264
13.91 0 0.237772271606
13.92 0 0.23850175021
13.93 0 0.239968359411
13.94 0 0.240500047076
13.95 0 0.241947233943
13.96 0 0.243267660165
13.97 0 0.244335888503
13.98 0 0.244854865553
13.99 0 0.244020756895
14.0 0 0.243420250667
14.01 0 0.244070247281
14.02 0 0.245703764889
14.03 0 0.2448704277
14.04 0 0.246411020817
14.05 0 0.249559341243
14.06 0 0.251986965519
14.07 0 0.25560747162
14.08 0 0.255920811363
14.09 0 0.256478384387
14.1 0 0.257611672825
14.11 0 0.25802908135
14.12 0 0.257110538554
14.13 0 0.258889220091
14.14 0 0.258964599874
14.15 0 0.259518265088
14.16 0 0.259665670543
14.17 0 0.261375187999
14.18 0 0.261954586185
14.19 0 0.264497609347
14.2 0 0.26670589792
14.21 0 0.272625466828
14.22 0 0.272625466828
14.23 0 0.273558996026
14.24 0 0.278519776439
14.25 0 0.279551029112
14.26 0 0.281193600445
14.27 0 0.280857151014
14.28 0 0.280871117441
14.29 0 0.279775329421
14.3 0 0.278135169802
14.31 0 0.277237154268
14.32 0 0.275178925758
14.33 0 0.271944587471
14.34 0 0.266152449658
14.35 0 0.261852869718
14.36 0 0.256020304819
14.37 0 0.250486003582
14.38 0 0.244251402872
14.39 0 0.239749760647
14.4 0 0.238071913686
14.41 0 0.234240219403
14.42 0 0.23198897258
14.43 0 0.229746818697
14.44 0 0.22893963983
14.45 0 0.22893963983
14.46 0 0.22893963983
14.47 0 0.225680086636
14.48 0 0.225680086636
14.49 0 0.222010406226
14.5 0 0.221592857138
14.51 0 0.222148731944
14.52 0 0.223271703495
14.53 0 0.224173172079
14.54 0 0.225716395843
14.55 0 0.224671339346
14.56 0 0.224564816621
14.57 0 0.22551549891
14.58 0 0.226841970324
14.59 0 0.227482173369
14.6 0 0.228262921182
14.61 0 0.228558334209
14.62 0 0.228976756494
14.63 0 0.229307145933
14.64 0 0.228735485712
14.65 0 0.228670928711
14.66 0 0.228495617464
14.67 0 0.229058677633
14.68 0 0.22919334074
14.69 0 0.229316284006
14.7 0 0.230466032117
14.71 0 0.230466032117
14.72 0 0.231629087077
14.73 0 0.232638944359
14.74 0 0.232990973702
14.75 0 0.233724938604
14.76 0 0.234731659254
14.77 0 0.236620869228
14.78 0 0.239728955468
14.79 0 0.239728955468
14.8 0 0.241883657447
14.81 0 0.244470446876
14.82 0 0.244990693458
14.83 0 0.248577340156
14.84 0 0.252763296439
14.85 0 0.255104608836
14.86 0 0.256351642907
14.87 0 0.25877261762
14.88 0 0.257624847018
14.89 0 0.258770014795
14.9 0 0.259505923579
14.91 0 0.260504943302
14.92 0 0.260389815564
14.93 0 0.259307716235
14.94 0 0.260955678627
14.95 0 0.260692466484
14.96 0 0.260692466484
14.97 0 0.260692466484
14.98 0 0.265463635174
14.99 0 0.265463635174
15.0 0 0.271401020526
15.01 0 0.271401020526
15.02 0 0.271401020526
15.03 0 0.271401020526
15.04 0 0.280524095044
15.05 0 0.27991349897
15.06 0 0.279472351837
15.07 0 0.27802058616
15.08 0 0.27403874846
15.09 0 0.271673395254
15.1 0 0.269534475731
15.11 0 0.268722958974
15.12 0 0.267227622608
15.13 0 0.266999930141
15.14 0 0.265598198247
15.15 0 0.262187418267
15.16 0 0.260990753709
15.17 0 0.25545166901
15.18 0 0.253630637673
15.19 0 0.253438925288
15.2 0 0.253539433111
15.21 0 0.254353235709
15.22 0 0.254417481147
15.23 0 0.254860439599
15.24 0 0.25431424576
15.25 0 0.253868756591
15.26 0 0.253426855495
15.27 0 0.252938794555
15.28 0 0.252679426368
15.29 0 0.252356116761
15.3 0 0.250439955425
15.31 0 0.248422778164
15.32 0 0.246771526648
15.33 0 0.246540607591
15.34 0 0.246941022209
15.35 0 0.247888557664
15.36 0 0.24922660684
15.37 0 0.249799926792
15.38 0 0.250814862034
15.39 0 0.251161976087
15.4 0 0.251477239195
15.41 0 0.252189071947
15.42 0 0.252604913901
15.43 0 0.253510259616
15.44 0 0.254291903126
15.45 0 0.255788534464
15.46 0 0.255877604725
15.47 0 0.257580844383
15.48 0 0.258111676845
15.49 0 0.258318082781
15.5 0 0.260544060721
15.51 0 0.26041341402
15.52 0 0.261575971015
15.53 0 0.26322986562
15.54 0 0.264907624226
15.55 0 0.266372156712
15.56 0 0.2701180729
15.57 0 0.2701180729
15.58 0 0.273955062193
15.59 0 0.274439667822
15.6 0 0.275275608839
15.61 0 0.277985946907
15.62 0 0.278065419734
15.63 0 0.276826515434
15.64 0 0.277558867617
15.65 0 0.278229517087
15.66 0 0.276945626448
15.67 0 0.27677846601
15.68 0 0.274243603642
15.69 0 0.274444878352
15.7 0 0.277971153403
15.71 0 0.270741777215
15.72 0 0.276630988996
15.73 0 0.270697726908
15.74 0 0.271978880087
15.75 0 0.27696913836
15.76 0 0.273297607431
15.77 0 0.27996071216
15.78 0 0.282812484708
15.79 0 0.28442264279
15.8 0 0.290416452303
15.81 0 0.298032676293
15.82 0 0.299418017597
15.83 0 0.303352522765
15.84 0 0.304764588756
15.85 0 0.307418560554
15.86 0 0.307533469821
15.87 0 0.307605011539
15.88 0 0.304271703635
15.89 0 0.303282710436
15.9 0 0.297903550944
15.91 0 0.295160511886
15.92 0 0.291111016334
15.93 0 0.28771736221
15.94 0 0.283966539742
15.95 0 0.277012954819
15.96 0 0.272224108551
15.97 0 0.271389084877
15.98 0 0.268435803363
15.99 0 0.267729018025
16.0 0 0.261665471512
16.01 0 0.258599577283
16.02 0 0.258324096893
16.03 0 0.259505263237
16.04 0 0.262640054663
16.05 0 0.26552114959
16.06 0 0.267752178954
16.07 0 0.268432190074
16.08 0 0.268906143096
16.09 0 0.269738784885
16.1 0 0.270070457148
16.11 0 0.270067574102
16.12 0 0.269694823309
16.13 0 0.268693816182
16.14 0 0.267141399056
16.15 0 0.267516162478
16.16 0 0.268560709503
16.17 0 0.269520368056
16.18 0 0.270179148151
16.19 0 0.270564874797
16.2 0 0.271131605236
16.21 0 0.271131605236
16.22 0 0.272559819
16.23 0 0.273725674209
16.24 0 0.27483811237
16.25 0 0.275335654103
16.26 0 0.275901646796
16.27 0 0.276849902041
16.28 0 0.278236284052
16.29 0 0.280256574809
16.3 0 0.281134966839
16.31 0 0.282732500089
16.32 0 0.283992880948
16.33 0 0.284538801597
16.34 0 0.285460618688
16.35 0 0.28755811795
16.36 0 0.291566959792
16.37 0 0.293741187839
16.38 0 0.296395189453
16.39 0 0.296340188026
16.4 0 0.296274758635
16.41 0 0.294317544728
16.42 0 0.293660098548
16.43 0 0.294115912345
16.44 0 0.292766262266
16.45 0 0.295802807583
16.46 0 0.295931585682
16.47 0 0.296059287573
16.48 0 0.297039752235
16.49 0 0.295776519553
16.5 0 0.295558586167
16.51 0 0.29523612315
16.52 0 0.30119104936
16.53 0 0.30119104936
16.54 0 0.303661935351
16.55 0 0.303661935351
16.56 0 0.303661935351
16.57 0 0.303661935351
16.58 0 0.303661935351
16.59 0 0.315001546443
16.6 0 0.317347569879
16.61 0 0.321540067724
16.62 0 0.323303529714
16.63 0 0.324316594372
16.64 0 0.324848908464
16.65 0 0.325589595662
16.66 0 0.325047521883
16.67 0 0.3245362468
16.68 0 0.318265445831
16.69 0 0.318265445831
16.7 0 0.318265445831
16.71 0 0.307305118404
16.72 0 0.307305118404
16.73 0 0.307305118404
16.74 0 0.307305118404
16.75 0 0.293191633186
16.76 0 0.288175750943
16.77 0 0.279448502353
16.78 0 0.279448502353
16.79 0 0.26981420009
16.8 0 0.269485722669
16.81 0 0.268811657872
16.82 0 0.269587918828
16.83 0 0.27115790489
16.84 0 0.2756058094
16.85 0 0.282089643065
16.86 0 0.284515432048
16.87 0 0.286545530464
16.88 0 0.288335700919
16.89 0 0.290506697909
16.9 0 0.29322941089
16.91 0 0.294681793357
16.92 0 0.295000277322
16.93 0 0.295702086221
16.94 0 0.296362125042
16.95 0 0.296678917368
16.96 0 0.296912191572
16.97 0 0.296398070753
16.98 0 0.295670782854
16.99 0 0.295220721806
17.0 0 0.295538269355
17.01 0 0.295765321278
17.02 0 0.296275345389
17.03 0 0.297080575907
17.04 0 0.297142388806
17.05 0 0.29776785071
17.06 0 0.298506773425
17.07 0 0.298752411
17.08 0 0.300816878741
17.09 0 0.300554557544
17.1 0 0.301471053534
17.11 0 0.303218245195
17.12 0 0.304625955112
17.13 0 0.306262278654
17.14 0 0.307551205611
17.15 0 0.309478159867
17.16 0 0.312490669057
17.17 0 0.312521382098
17.18 0 0.312788226467
17.19 0 0.312371651919
17.2 0 0.312072955328
17.21 0 0.312082767789
17.22 0 0.311626433475
17.23 0 0.310876151295
17.24 0 0.31122070255
17.25 0 0.312680966853
17.26 0 0.314019543227
17.27 0 0.310356227957
17.28 0 0.31188716384
17.29 0 0.315989448754
17.3 0 0.319015194071
17.31 0 0.322439498055
17.32 0 0.32823028659
17.33 0 0.332124600251
17.34 0 0.336541916975
17.35 0 0.343857288486
17.36 0 0.346304103129
17.37 0 0.350314791723
17.38 0 0.352855784968
17.39 0 0.352884666686
17.4 0 0.353441313594
17.41 0 0.354734482717
17.42 0 0.354977077418
17.43 0 0.356045779424
17.44 0 0.355806292878
17.45 0 0.353478990133
17.46 0 0.353478990133
17.47 0 0.35242068271
17.48 0 0.351393893755
17.49 0 0.350104110322
17.5 0 0.349962410284
17.51 0 0.346532727021
17.52 0 0.343127352943
17.53 0 0.340989793709
17.54 0 0.338592037268
17.55 0 0.33829731327
17.56 0 0.336394945317
17.57 0 0.334316284686
17.58 0 0.333397486361
17.59 0 0.334209551192
17.6 0 0.335382063127
17.61 0 0.336224698765
17.62 0 0.336921766374
17.63 0 0.337971272584
17.64 0 0.338516251412
17.65 0 0.339192320685
17.66 0 0.339367858378
17.67 0 0.339326442393
17.68 0 0.339968161588
17.69 0 0.339246196538
17.7 0 0.33842370744
17.71 0 0.337436864401
17.72 0 0.336280953839
17.73 0 0.335663932466
17.74 0 0.333841485656
17.75 0 0.333922441704
17.76 0 0.334367069422
17.77 0 0.334572723789
17.78 0 0.334905340268
17.79 0 0.335375843415
17.8 0 0.336411439938
17.81 0 0.3368739064
17.82 0 0.337198258828
17.83 0 0.337802010518
17.84 0 0.338372523335
17.85 0 0.339212597675
17.86 0 0.340310819698
17.87 0 0.342105702784
17.88 0 0.341677816572
17.89 0 0.343221819779
17.9 0 0.343744615008
17.91 0 0.345830639395
17.92 0 0.347714356674
17.93 0 0.348593140363
17.94 0 0.349603895648
17.95 0 0.35039973158
17.96 0 0.353097343353
17.97 0 0.355052776456
17.98 0 0.353136247415
17.99 0 0.352892626705
18.0 0 0.353068811822
18.01 0 0.355194276889
18.02 0 0.355029915295
18.03 0 0.357152002752
18.04 0 0.358805934926
18.05 0 0.360083573317
18.06 0 0.362808172374
18.07 0 0.361190213613
18.08 0 0.361359493579
18.09 0 0.362012861767
18.1 0 0.363242565048
18.11 0 0.360387672807
18.12 0 0.365019362811
18.13 0 0.368128559605
18.14 0 0.369805926808
18.15 0 0.372490165028
18.16 0 0.37477067786
18.17 0 0.377291294103
18.18 0 0.380323254796
18.19 0 0.382352184796
18.2 0 0.38399725493
18.21 0 0.385530415745
18.22 0 0.38638044309
18.23 0 0.387255977315
18.24 0 0.387575190746
18.25 0 0.387581148378
18.26 0 0.387874655525
18.27 0 0.387429154803
18.28 0 0.386603561926
18.29 0 0.385673027841
18.3 0 0.384432612109
18.31 0 0.383995308766
18.32 0 0.382874398616
18.33 0 0.381350618444
18.34 0 0.380263258576
18.35 0 0.379909965189
18.36 0 0.379451489569
18.37 0 0.376974577423
18.38 0 0.376000091596
18.39 0 0.375589960127
18.4 0 0.374699620399
18.41 0 0.374726852378
18.42 0 0.375127504541
18.43 0 0.374432761115
18.44 0 0.373789158845
18.45 0 0.373365151041
18.46 0 0.372421201961
18.47 0 0.371123002717
18.48 0 0.370459470078
18.49 0 0.369655106955
18.5 0 0.369555283334
18.51 0 0.368749724041
18.52 0 0.368451734723
18.53 0 0.367759543164
18.54 0 0.367014698548
18.55 0 0.367262895907
18.56 0 0.367174394338
18.57 0 0.366749407457
18.58 0 0.366401275399
18.59 0 0.365884332055
18.6 0 0.365687374252
18.61 0 0.365579315179
18.62 0 0.36576616562
18.63 0 0.366134970714
18.64 0 0.366980209138
18.65 0 0.367797953438
18.66 0 0.368100180661
18.67 0 0.368200057752
18.68 0 0.371305480446
18.69 0 0.371091986726
18.7 0 0.374431946532
18.71 0 0.373812510472
18.72 0 0.37496034204
18.73 0 0.378080841097
18.74 0 0.381449112808
18.75 0 0.381449112808
18.76 0 0.383287630413
18.77 0 0.383131178667
18.78 0 0.384862405301
18.79 0 0.384263218312
18.8 0 0.384203285427
18.81 0 0.387672390738
18.82 0 0.393552009878
18.83 0 0.39287094505
18.84 0 0.395215758481
18.85 0 0.395075720931
18.86 0 0.394550514746
18.87 0 0.394915256154
18.88 0 0.39473765149
18.89 0 0.394275164293
18.9 0 0.396548915282
18.91 0 0.396619274353
18.92 0 0.398399056793
18.93 0 0.400585993337
18.94 0 0.400585993337
18.95 0 0.402870332952
18.96 0 0.403500802418
18.97 0 0.404767107919
18.98 0 0.406548252791
18.99 0 0.408208336305
19.0 0 0.409637656535
19.01 0 0.410475603606
19.02 0 0.410475603606
19.03 0 0.410475603606
19.04 0 0.409007931423
19.05 0 0.409007931423
19.06 0 0.409007931423
19.07 0 0.407557285295
19.08 0 0.406953961458
19.09 0 0.406813040571
19.1 0 0.405048954196
19.11 0 0.403877382632
19.12 0 0.401529087438
19.13 0 0.400226517758
19.14 0 0.399252754864
19.15 0 0.398848107415
19.16 0 0.399082589708
19.17 0 0.399714991837
19.18 0 0.400174480622
19.19 0 0.400829425282
19.2 0 0.401310106347
19.21 0 0.401277329141
19.22 0 0.401444669973
19.23 0 0.401444669973
19.24 0 0.400149168393
19.25 0 0.399175044981
19.26 0 0.398402168239
19.27 0 0.39764799644
19.28 0 0.39594667562
19.29 0 0.395777624326
19.3 0 0.396060601654
19.31 0 0.395164906285
19.32 0 0.39541886876
19.33 0 0.39541886876
19.34 0 0.395560375695
19.35 0 0.395688070698
19.36 0 0.395915178737
19.37 0 0.395821465658
19.38 0 0.395934918949
19.39 0 0.396329695884
19.4 0 0.397367084406
19.41 0 0.397955234633
19.42 0 0.39782301921
19.43 0 0.399228910559
19.44 0 0.399156094713
19.45 0 0.400850083137
19.46 0 0.400850083137
19.47 0 0.402977943265
19.48 0 0.404438386462
19.49 0 0.40555098045
19.5 0 0.40510578625
19.51 0 0.408548093311
19.52 0 0.408918826879
19.53 0 0.409117298061
19.54 0 0.407691133556
19.55 0 0.407691133556
19.56 0 0.406930245029
19.57 0 0.406958741959
19.58 0 0.405785176469
19.59 0 0.404590618786
19.6 0 0.40378002033
19.61 0 0.409410476213
19.62 0 0.406124437572
19.63 0 0.403382608318
19.64 0 0.403506211888
19.65 0 0.408029150225
19.66 0 0.403896108331
19.67 0 0.401775305769
19.68 0 0.409615131194
19.69 0 0.40581529518
19.7 0 0.414664241618
19.71 0 0.414664241618
19.72 0 0.426583986341
19.73 0 0.425868912032
19.74 0 0.433366356745
19.75 0 0.435545188626
19.76 0 0.439914278043
19.77 0 0.440316960432
19.78 0 0.441272734396
19.79 0 0.441466007455
19.8 0 0.440881808734
19.81 0 0.440549297853
19.82 0 0.440618328505
19.83 0 0.440476229794
19.84 0 0.440558974166
19.85 0 0.440643481279
19.86 0 0.440577949888
19.87 0 0.43850152717
19.88 0 0.435863699974
19.89 0 0.43277483583
19.9 0 0.431598048522
19.91 0 0.428630735251
19.92 0 0.42456140192
19.93 0 0.417118011309
19.94 0 0.413362254513
19.95 0 0.414039107793
19.96 0 0.414462853726
19.97 0 0.415530256576
19.98 0 0.416193025322
19.99 0 0.419610490634
20.0 0 0.423707078533
20.01 0 0.428121870324
20.02 0 0.42815368748
20.03 0 0.427858690575
20.04 0 0.427848157733
20.05 0 0.42726866241
20.06 0 0.427432648559
20.07 0 0.426646121328
20.08 0 0.426241142329
20.09 0 0.426428198712
20.1 0 0.425272834998
20.11 0 0.425630500041
20.12 0 0.425801705687
20.13 0 0.426074951022
20.14 0 0.426548757823
20.15 0 0.426486667921
20.16 0 0.42623126926
20.17 0 0.425892544798
20.18 0 0.425849010395
20.19 0 0.426446449322
20.2 0 0.426802526119
20.21 0 0.427649769362
20.22 0 0.427528377453
20.23 0 0.428144526048
20.24 0 0.428410641232
20.25 0 0.42937132352
20.26 0 0.431519706953
20.27 0 0.432529736787
20.28 0 0.433579810065
20.29 0 0.43379058624
20.3 0 0.435950906152
20.31 0 0.435723178856
20.32 0 0.435505857834
20.33 0 0.435505857834
20.34 0 0.435505857834
20.35 0 0.435000261937
20.36 0 0.433194462431
20.37 0 0.433775942001
20.38 0 0.430383497235
20.39 0 0.432647427602
20.4 0 0.432485849529
20.41 0 0.433921496511
20.42 0 0.428864621117
20.43 0 0.426507952298
20.44 0 0.433578839836
20.45 0 0.429337002149
20.46 0 0.432874774121
20.47 0 0.434522257738
20.48 0 0.433077556772
20.49 0 0.435050313477
20.5 0 0.442765551283
20.51 0 0.446477746406
20.52 0 0.450449931513
20.53 0 0.453195826906
20.54 0 0.456305998564
20.55 0 0.457096805379
20.56 0 0.458156626387
20.57 0 0.458529243191
20.58 0 0.458250542428
20.59 0 0.458475223713
20.6 0 0.460511092793
20.61 0 0.461391639684
20.62 0 0.462183065326
20.63 0 0.462810259969
20.64 0 0.462343495737
20.65 0 0.461696019105
20.66 0 0.461696019105
20.67 0 0.462393046979
20.68 0 0.461951509801
20.69 0 0.459935266997
20.7 0 0.45662500658
20.71 0 0.453567898626
20.72 0 0.451597698974
20.73 0 0.451009149855
20.74 0 0.451719343521
20.75 0 0.454114297923
20.76 0 0.458280685838
20.77 0 0.460644440836
20.78 0 0.462324064961
20.79 0 0.465589163847
20.8 0 0.467022230214
20.81 0 0.46750446942
20.82 0 0.467884378154
20.83 0 0.46711390553
20.84 0 0.467068199072
20.85 0 0.467323291498
20.86 0 0.466856984859
20.87 0 0.466496550199
20.88 0 0.466672933058
20.89 0 0.467179652954
20.9 0 0.465851669302
20.91 0 0.465915149166
20.92 0 0.46551015235
20.93 0 0.465223846897
20.94 0 0.464302883814
20.95 0 0.464154630697
20.96 0 0.464155042884
20.97 0 0.464014490542
20.98 0 0.464565379126
20.99 0 0.465277379606
21.0 0 0.466863335688
21.01 0 0.46695656182
21.02 0 0.468029451976
21.03 0 0.467823349772
21.04 0 0.469586444382
21.05 0 0.469768185505
21.06 0 0.472292078302
21.07 0 0.472883135142
21.08 0 0.472804717744
21.09 0 0.47277702611
21.1 0 0.472118364246
21.11 0 0.471119326354
21.12 0 0.472029548366
21.13 0 0.47191962533
21.14 0 0.470409449535
21.15 0 0.469112732607
21.16 0 0.469112732607
21.17 0 0.466564540928
21.18 0 0.46837537995
21.19 0 0.46410256005
21.2 0 0.470938627732
21.21 0 0.47253967379
21.22 0 0.462482957962
21.23 0 0.470913161029
21.24 0 0.472789756554
21.25 0 0.468523848614
21.26 0 0.474953342855
21.27 0 0.47911636052
21.28 0 0.484066014708
21.29 0 0.489595191872
21.3 0 0.496573227045
21.31 0 0.499997765459
21.32 0 0.502976743488
21.33 0 0.504675627466
21.34 0 0.50636742486
21.35 0 0.507669109644
21.36 0 0.508095418979
21.37 0 0.508095418979
21.38 0 0.507455998623
21.39 0 0.507360458929
21.4 0 0.50744090014
21.41 0 0.50786807502
21.42 0 0.507546761362
21.43 0 0.506619238944
21.44 0 0.506619238944
21.45 0 0.506683413303
21.46 0 0.50587281462
21.47 0 0.503876145786
21.48 0 0.503876145786
21.49 0 0.500653071185
21.5 0 0.499663334014
21.51 0 0.499018340113
21.52 0 0.498188982928
21.53 0 0.497773146772
21.54 0 0.497773146772
21.55 0 0.504448583305
21.56 0 0.50545576154
21.57 0 0.50545576154
21.58 0 0.507677340168
21.59 0 0.509884878994
21.6 0 0.511487086893
21.61 0 0.512233381951
21.62 0 0.512427130876
21.63 0 0.512219007878
21.64 0 0.512246909781
21.65 0 0.512599873239
21.66 0 0.512726572663
21.67 0 0.512770691496
21.68 0 0.512742906765
21.69 0 0.512750969971
21.7 0 0.512374596486
21.71 0 0.512413457374
21.72 0 0.512544522411
21.73 0 0.512800862749
21.74 0 0.512599514302
21.75 0 0.51271750973
21.76 0 0.513614134408
21.77 0 0.514132136762
21.78 0 0.515185082469
21.79 0 0.514714529979
21.8 0 0.515984352296
21.81 0 0.516686798419
21.82 0 0.517482894639
21.83 0 0.519123559175
21.84 0 0.520513482156
21.85 0 0.520623793561
21.86 0 0.521688333604
21.87 0 0.522526512558
21.88 0 0.523086452609
21.89 0 0.522880173499
21.9 0 0.523578372907
21.91 0 0.522923885365
21.92 0 0.521088800516
21.93 0 0.520552974582
21.94 0 0.518468558031
21.95 0 0.520488808504
21.96 0 0.519368326392
21.97 0 0.516381846012
21.98 0 0.514808890483
21.99 0 0.521696581225
22.0 0 0.518411318537
22.01 0 0.522229955455
22.02 0 0.520943085757
22.03 0 0.526873859225
22.04 0 0.535291929396
22.05 0 0.538404487998
22.06 0 0.546564451417
22.07 0 0.549941450432
22.08 0 0.551854426232
22.09 0 0.554570873576
22.1 0 0.558348620596
22.11 0 0.559844338767
22.12 0 0.563980416881
22.13 0 0.566005944124
22.14 0 0.567800168333
22.15 0 0.568663831764
22.16 0 0.568580730735
22.17 0 0.568370640772
22.18 0 0.567499744225
22.19 0 0.565743755878
22.2 0 0.565534160147
22.21 0 0.564500147813
22.22 0 0.56312972359
22.23 0 0.561248263934
22.24 0 0.559439097945
22.25 0 0.557803678391
22.26 0 0.557554550814
22.27 0 0.55652450863
22.28 0 0.555524743602
22.29 0 0.555935115631
22.3 0 0.555071034768
22.31 0 0.556778061576
22.32 0 0.556778061576
22.33 0 0.558889631016
22.34 0 0.558889631016
22.35 0 0.558889631016
22.36 0 0.559876265829
22.37 0 0.559876265829
22.38 0 0.559876265829
22.39 0 0.559876265829
22.4 0 0.559876265829
22.41 0 0.558476209592
22.42 0 0.556925660587
22.43 0 0.555696808785
22.44 0 0.553953707463
22.45 0 0.552866764559
22.46 0 0.552661332018
22.47 0 0.552007712452
22.48 0 0.552014096148
22.49 0 0.551906030741
22.5 0 0.552145077701
22.51 0 0.552918785872
22.52 0 0.552644572239
22.53 0 0.55291418638
22.54 0 0.552560083537
22.55 0 0.552772613169
22.56 0 0.5534572686
22.57 0 0.554023791569
22.58 0 0.554473063791
22.59 0 0.554521181288
22.6 0 0.556523845405
22.61 0 0.556993137723
22.62 0 0.557789515693
22.63 0 0.558937856687
22.64 0 0.560487581503
22.65 0 0.562039872275
22.66 0 0.563419918406
22.67 0 0.562530364996
22.68 0 0.561477134203
22.69 0 0.559697542255
22.7 0 0.559647979963
22.71 0 0.557100055321
22.72 0 0.561002921042
22.73 0 0.563350826742
22.74 0 0.563014134959
22.75 0 0.563516526277
22.76 0 0.567104667817
22.77 0 0.563844321154
22.78 0 0.563393179886
22.79 0 0.571793755255
22.8 0 0.566647239304
22.81 0 0.568298815837
22.82 0 0.57565568813
22.83 0 0.58052924751
22.84 0 0.581188152348
22.85 0 0.58282358996
22.86 0 0.584068932521
22.87 0 0.585012140276
22.88 0 0.586692101559
22.89 0 0.58783551736
22.9 0 0.589455697751
22.91 0 0.593007935911
22.92 0 0.595876842717
22.93 0 0.595901522921
22.94 0 0.596536814222
22.95 0 0.596847366789
22.96 0 0.596860120628
22.97 0 0.596749122744
22.98 0 0.596319744836
22.99 0 0.595861687723
23.0 0 0.595165977593
23.01 0 0.594303734733
23.02 0 0.593223250893
23.03 0 0.593786298237
23.04 0 0.594032029268
23.05 0 0.592661972326
23.06 0 0.591134544316
23.07 0 0.590193083497
23.08 0 0.589309963094
23.09 0 0.587975963314
23.1 0 0.587033526307
23.11 0 0.586232804258
23.12 0 0.584751084034
23.13 0 0.583722837269
23.14 0 0.581203071886
23.15 0 0.578413626129
23.16 0 0.574778727614
23.17 0 0.573270971531
23.18 0 0.569832706251
23.19 0 0.567702342145
23.2 0 0.565375663335
23.21 0 0.564099803082
23.22 0 0.562091314658
23.23 0 0.560034639869
23.24 0 0.558518158111
23.25 0 0.558028676548
23.26 0 0.557889836925
23.27 0 0.556315849438
23.28 0 0.556032488492
23.29 0 0.555309929659
23.3 0 0.555928087832
23.31 0 0.556462493706
23.32 0 0.55638678603
23.33 0 0.556594672506
23.34 0 0.557803793549
23.35 0 0.559147377934
23.36 0 0.560601009438
23.37 0 0.560703905208
23.38 0 0.561779941406
23.39 0 0.562079787132
23.4 0 0.563272532614
23.41 0 0.564024486876
23.42 0 0.564902209383
23.43 0 0.565110662997
23.44 0 0.565707960551
23.45 0 0.566058999847
23.46 0 0.567055597452
23.47 0 0.56801667778
23.48 0 0.570056879952
23.49 0 0.570147993705
23.5 0 0.572212618774
23.51 0 0.572143536321
23.52 0 0.574829294304
23.53 0 0.573505176398
23.54 0 0.572630228064
23.55 0 0.569310640399
23.56 0 0.569324969835
23.57 0 0.573367034869
23.58 0 0.573561644095
23.59 0 0.573436638849
23.6 0 0.572157742288
23.61 0 0.57387276577
23.62 0 0.57896629815
23.63 0 0.579850994808
23.64 0 0.582820200631
23.65 0 0.584621749317
23.66 0 0.58787793597
23.67 0 0.583867243832
23.68 0 0.591018296539
23.69 0 0.589437198594
23.7 0 0.592805373001
23.71 0 0.592805373001
23.72 0 0.592805373001
23.73 0 0.593419892399
23.74 0 0.593419892399
23.75 0 0.593419892399
23.76 0 0.593419892399
23.77 0 0.596079863848
23.78 0 0.596770235503
23.79 0 0.593190586911
23.8 0 0.594521631068
23.81 0 0.594002731724
23.82 0 0.593690435569
23.83 0 0.59246225607
23.84 0 0.58850208638
23.85 0 0.583599416719
23.86 0 0.58138641729
23.87 0 0.578544677392
23.88 0 0.578584764571
23.89 0 0.579336905544
23.9 0 0.581036179962
23.91 0 0.583262470006
23.92 0 0.584713406878
23.93 0 0.587138047754
23.94 0 0.590183110083
23.95 0 0.593113880932
23.96 0 0.594156351138
23.97 0 0.59528763576
23.98 0 0.596089838805
23.99 0 0.595847209426
24.0 0 0.595733828592
24.01 0 0.595036886914
24.02 0 0.595317401936
24.03 0 0.59531661068
24.04 0 0.595224448156
24.05 0 0.595130174208
24.06 0 0.594630145712
24.07 0 0.594630145712
24.08 0 0.593947600021
24.09 0 0.594040794664
24.1 0 0.594224963262
24.11 0 0.594608853022
24.12 0 0.595321423606
24.13 0 0.596706334733
24.14 0 0.59752481318
24.15 0 0.598123847895
24.16 0 0.59907593961
24.17 0 0.599049556656
24.18 0 0.599288507828
24.19 0 0.599886842945
24.2 0 0.600248694629
24.21 0 0.601061261309
24.22 0 0.600529402191
24.23 0 0.600486849227
24.24 0 0.600992827981
24.25 0 0.600754565815
24.26 0 0.602202363173
24.27 0 0.602914795056
24.28 0 0.602545164183
24.29 0 0.601520989171
24.3 0 0.604315133232
24.31 0 0.6041836936
24.32 0 0.600323371715
24.33 0 0.602391131262
24.34 0 0.603151295284
24.35 0 0.605052001255
24.36 0 0.603820639093
24.37 0 0.603355202252
24.38 0 0.603355202252
24.39 0 0.603355202252
24.4 0 0.603355202252
24.41 0 0.600862499038
24.42 0 0.600862499038
24.43 0 0.600862499038
24.44 0 0.600862499038
24.45 0 0.622312716957
24.46 0 0.624428555178
24.47 0 0.626735295138
24.48 0 0.627206457181
24.49 0 0.626714632629
24.5 0 0.630231122881
24.51 0 0.630801167017
24.52 0 0.630414214783
24.53 0 0.626555415493
24.54 0 0.626274050769
24.55 0 0.622305569034
24.56 0 0.623320281394
24.57 0 0.622588695782
24.58 0 0.619750453766
24.59 0 0.617092831571
24.6 0 0.616527233571
24.61 0 0.611214384597
24.62 0 0.611214384597
24.63 0 0.61032418782
24.64 0 0.61032418782
24.65 0 0.61032418782
24.66 0 0.604357972798
24.67 0 0.605120402956
24.68 0 0.607644084512
24.69 0 0.609960281681
24.7 0 0.61456905019
24.71 0 0.617395635088
24.72 0 0.618454610962
24.73 0 0.618822297442
24.74 0 0.619249097159
24.75 0 0.620336786355
24.76 0 0.621728123944
24.77 0 0.623230213702
24.78 0 0.623988725086
24.79 0 0.624365125423
24.8 0 0.6248465692
24.81 0 0.625136776102
24.82 0 0.625792039806
24.83 0 0.625971598529
24.84 0 0.625858287135
24.85 0 0.626783659718
24.86 0 0.627562511503
24.87 0 0.627363963979
24.88 0 0.62703120708
24.89 0 0.627057487756
24.9 0 0.62729286618
24.91 0 0.628532135989
24.92 0 0.628798599084
24.93 0 0.62933910053
24.94 0 0.629988316776
24.95 0 0.630718328647
24.96 0 0.633673599562
24.97 0 0.634777640828
24.98 0 0.635247062169
24.99 0 0.635763018448
25.0 0 0.636591860717
25.01 0 0.634891744062
25.02 0 0.635185254863
25.03 0 0.634830765087
25.04 0 0.634666011791
25.05 0 0.636031065305
25.06 0 0.633849405472
25.07 0 0.63545045488
25.08 0 0.633973677339
25.09 0 0.632526569403
25.1 0 0.632593679342
25.11 0 0.624802102782
25.12 0 0.627449425311
25.13 0 0.624081263883
25.14 0 0.632450758042
25.15 0 0.631116469381
25.16 0 0.635008384231
25.17 0 0.638380920913
25.18 0 0.640028540505
25.19 0 0.646333581979
25.2 0 0.648850187779
25.21 0 0.654462072841
25.22 0 0.66147060544
25.23 0 0.664238997095
25.24 0 0.666663393451
25.25 0 0.668021423228
25.26 0 0.668514333634
25.27 0 0.669338108477
25.28 0 0.669647238676
25.29 0 0.668773954053
25.3 0 0.669328420201
25.31 0 0.669129686056
25.32 0 0.666301982013
25.33 0 0.668012931661
25.34 0 0.668012931661
25.35 0 0.667580084782
25.36 0 0.666475728494
25.37 0 0.665324708509
25.38 0 0.66263610818
25.39 0 0.664792789801
25.4 0 0.662556421969
25.41 0 0.659549706199
25.42 0 0.656809938775
25.43 0 0.649618864856
25.44 0 0.649617949173
25.45 0 0.646819192834
25.46 0 0.645358224037
25.47 0 0.647121679629
25.48 0 0.649202478897
25.49 0 0.650988311328
25.5 0 0.657120419791
25.51 0 0.65854364676
25.52 0 0.659850326208
25.53 0 0.663339312175
25.54 0 0.665407245537
25.55 0 0.667356819562
25.56 0 0.667988777755
25.57 0 0.667630154731
25.58 0 0.667479645179
25.59 0 0.66679038652
25.6 0 0.666669135463
25.61 0 0.666530017975
25.62 0 0.666590446832
25.63 0 0.666613294655
25.64 0 0.666160535088
25.65 0 0.665414703243
25.66 0 0.665160918266
25.67 0 0.665149138293
25.68 0 0.664811797134
25.69 0 0.664735620482
25.7 0 0.664884703505
25.71 0 0.665791212866
25.72 0 0.665832406363
25.73 0 0.665980980815
25.74 0 0.66604974063
25.75 0 0.666314771193
25.76 0 0.667969190002
25.77 0 0.668063331347
25.78 0 0.668004242342
25.79 0 0.667604782398
25.8 0 0.667868579304
25.81 0 0.666971584551
25.82 0 0.665795913997
25.83 0 0.665434050625
25.84 0 0.666199407607
25.85 0 0.666199407607
25.86 0 0.666199407607
25.87 0 0.666199407607
25.88 0 0.667994841148
25.89 0 0.667994841148
25.9 0 0.667994841148
25.91 0 0.660010011652
25.92 0 0.660010011652
25.93 0 0.660010011652
25.94 0 0.660010011652
25.95 0 0.66132135896
25.96 0 0.66132135896
25.97 0 0.66132135896
25.98 0 0.673612169181
25.99 0 0.673612169181
26.0 0 0.673612169181
26.01 0 0.673612169181
26.02 0 0.688338224865
26.03 0 0.690374117083
26.04 0 0.69220658688
26.05 0 0.692562446953
26.06 0 0.692400896195
26.07 0 0.692145272102
26.08 0 0.692192875341
26.09 0 0.691959675778
26.1 0 0.691985759323
26.11 0 0.692371169492
26.12 0 0.691839155291
26.13 0 0.692759544169
26.14 0 0.692798673396
26.15 0 0.690078085984
26.16 0 0.691697953076
26.17 0 0.690537147556
26.18 0 0.690318326605
26.19 0 0.685779591144
26.2 0 0.682700271775
26.21 0 0.679126466574
26.22 0 0.674416056316
26.23 0 0.671520512456
26.24 0 0.669838418195
26.25 0 0.667098596391
26.26 0 0.665555585613
26.27 0 0.665555585613
26.28 0 0.664719839725
26.29 0 0.664109357699
26.3 0 0.663464235834
26.31 0 0.663488911399
26.32 0 0.663428115954
26.33 0 0.663381667291
26.34 0 0.663580714079
26.35 0 0.663269809217
26.36 0 0.661926899659
26.37 0 0.66180124268
26.38 0 0.661055469104
26.39 0 0.660961593919
26.4 0 0.660195910834
26.41 0 0.658912430158
26.42 0 0.657422884203
26.43 0 0.656669678807
26.44 0 0.656379031553
26.45 0 0.656322402772
26.46 0 0.654695241312
26.47 0 0.65455026742
26.48 0 0.655045852288
26.49 0 0.65775643449
26.5 0 0.65983796579
26.51 0 0.65983796579
26.52 0 0.660437109783
26.53 0 0.660593202463
26.54 0 0.660206260161
26.55 0 0.65990293479
26.56 0 0.660229874588
26.57 0 0.660790735375
26.58 0 0.661690932073
26.59 0 0.660302875919
26.6 0 0.658454176117
26.61 0 0.658244880479
26.62 0 0.66140088632
26.63 0 0.661494489697
26.64 0 0.661494489697
26.65 0 0.661494489697
26.66 0 0.661494489697
26.67 0 0.663752155419
26.68 0 0.663752155419
26.69 0 0.663752155419
26.7 0 0.657347579822
26.71 0 0.657347579822
26.72 0 0.657347579822
26.73 0 0.656484793845
26.74 0 0.657493946301
26.75 0 0.661386086651
26.76 0 0.663532152025
26.77 0 0.663532152025
26.78 0 0.663532152025
26.79 0 0.678677875108
26.8 0 0.686103454445
26.81 0 0.688334060138
26.82 0 0.693866814659
26.83 0 0.697596591707
26.84 0 0.699755517588
26.85 0 0.701465612372
26.86 0 0.703846272903
26.87 0 0.703846272903
26.88 0 0.704095652401
26.89 0 0.703950259576
26.9 0 0.702780489548
26.91 0 0.701109917215
26.92 0 0.699153057148
26.93 0 0.698119408964
26.94 0 0.69656168527
26.95 0 0.694705004719
26.96 0 0.693605386283
26.97 0 0.691896907755
26.98 0 0.68949316735
26.99 0 0.686485995379
27.0 0 0.686485995379
27.01 0 0.686485995379
27.02 0 0.684743072409
27.03 0 0.685403313259
27.04 0 0.686999369749
27.05 0 0.687695486777
27.06 0 0.688005482649
27.07 0 0.686091064464
27.08 0 0.685258671473
27.09 0 0.685336017205
27.1 0 0.685566401275
27.11 0 0.685738080793
27.12 0 0.686189070594
27.13 0 0.687294212467
27.14 0 0.688291880155
27.15 0 0.688402380104
27.16 0 0.689073755276
27.17 0 0.689819416947
27.18 0 0.69031830579
27.19 0 0.689801930491
27.2 0 0.690345462339
27.21 0 0.691824423521
27.22 0 0.692429346576
27.23 0 0.692552819933
27.24 0 0.692259425461
27.25 0 0.692053763281
27.26 0 0.692311363401
27.27 0 0.692544380259
27.28 0 0.69327425695
27.29 0 0.694472289133
27.3 0 0.695454409073
27.31 0 0.696651290262
27.32 0 0.697862259581
27.33 0 0.698570315278
27.34 0 0.697838715015
27.35 0 0.699304930357
27.36 0 0.700642391915
27.37 0 0.703427780254
27.38 0 0.702750614186
27.39 0 0.704406476358
27.4 0 0.707941850815
27.41 0 0.711082377971
27.42 0 0.711082377971
27.43 0 0.712564936316
27.44 0 0.715449283593
27.45 0 0.713952154243
27.46 0 0.720097382016
27.47 0 0.717469448731
27.48 0 0.716592056435
27.49 0 0.719019261773
27.5 0 0.722354446945
27.51 0 0.723557843429
27.52 0 0.723490718439
27.53 0 0.723635747839
27.54 0 0.723792466369
27.55 0 0.721048105753
27.56 0 0.720175171488
27.57 0 0.721948522044
27.58 0 0.724185816359
27.59 0 0.727100279745
27.6 0 0.727947456701
27.61 0 0.728658328398
27.62 0 0.730503080947
27.63 0 0.733226816381
27.64 0 0.736368667639
27.65 0 0.736557879823
27.66 0 0.736440825074
27.67 0 0.736445979665
27.68 0 0.736451088343
27.69 0 0.736087535842
27.7 0 0.735424571501
27.71 0 0.734282291286
27.72 0 0.734282291286
27.73 0 0.733956395703
27.74 0 0.733288852498
27.75 0 0.730067612163
27.76 0 0.729535087675
27.77 0 0.729535087675
27.78 0 0.729535087675
27.79 0 0.729535087675
27.8 0 0.735279139272
27.81 0 0.735279139272
27.82 0 0.735279139272
27.83 0 0.730640047039
27.84 0 0.730640047039
27.85 0 0.730640047039
27.86 0 0.730640047039
27.87 0 0.723272570569
27.88 0 0.722692936331
27.89 0 0.721638099065
27.9 0 0.72155804085
27.91 0 0.721318042024
27.92 0 0.720732285505
27.93 0 0.720401263264
27.94 0 0.719792038764
27.95 0 0.718917634608
27.96 0 0.7179700307
27.97 0 0.717223228858
27.98 0 0.717223228858
27.99 0 0.717223228858
28.0 0 0.716471575234
28.01 0 0.716471575234
28.02 0 0.716471575234
28.03 0 0.716471575234
28.04 0 0.713995666064
28.05 0 0.713995666064
28.06 0 0.713995666064
28.07 0 0.713352486046
28.08 0 0.714665493414
28.09 0 0.71536719897
28.1 0 0.715681225232
28.11 0 0.716209767939
28.12 0 0.716366553355
28.13 0 0.716955121939
28.14 0 0.717087637347
28.15 0 0.717604241886
28.16 0 0.717121580748
28.17 0 0.715075176529
28.18 0 0.714414206617
28.19 0 0.714743500129
28.2 0 0.717758914843
28.21 0 0.71627559298
28.22 0 0.716838357525
28.23 0 0.716679164922
28.24 0 0.713889372992
28.25 0 0.713261172039
28.26 0 0.720013089572
28.27 0 0.709245679326
28.28 0 0.71702358696
28.29 0 0.713013282828
28.3 0 0.716662629284
28.31 0 0.713910450247
28.32 0 0.721096810494
28.33 0 0.725178529705
28.34 0 0.726645457453
28.35 0 0.724690611669
28.36 0 0.730066967407
28.37 0 0.733822940418
28.38 0 0.737045476292
28.39 0 0.741543438696
28.4 0 0.744098462812
28.41 0 0.746600836225
28.42 0 0.747885811688
28.43 0 0.748015130957
28.44 0 0.74792836443
28.45 0 0.747260237293
28.46 0 0.747969922677
28.47 0 0.746632847981
28.48 0 0.747538545595
28.49 0 0.745898560448
28.5 0 0.745896163134
28.51 0 0.743911406517
28.52 0 0.741183106225
28.53 0 0.739011862423
28.54 0 0.736730225593
28.55 0 0.731223374947
28.56 0 0.728314500136
28.57 0 0.72662502069
28.58 0 0.725054223646
28.59 0 0.727511045841
28.6 0 0.727511045841
28.61 0 0.72920969953
28.62 0 0.72920969953
28.63 0 0.730675366283
28.64 0 0.733275220238
28.65 0 0.734043658283
28.66 0 0.735024471533
28.67 0 0.735832043336
28.68 0 0.736277620229
28.69 0 0.736609402239
28.7 0 0.73678508454
28.71 0 0.736906697911
28.72 0 0.737205201382
28.73 0 0.738230429735
28.74 0 0.738612139385
28.75 0 0.739072858321
28.76 0 0.739107767582
28.77 0 0.73883368663
28.78 0 0.738174429982
28.79 0 0.737765479576
28.8 0 0.737248956988
28.81 0 0.736972837336
28.82 0 0.73595239882
28.83 0 0.735950935343
28.84 0 0.735921390604
28.85 0 0.736882013127
28.86 0 0.737911655398
28.87 0 0.739305851252
28.88 0 0.739568998975
28.89 0 0.740449104846
28.9 0 0.741553604596
28.91 0 0.743347695367
28.92 0 0.745408851298
28.93 0 0.745666134731
28.94 0 0.74897754046
28.95 0 0.748491752219
28.96 0 0.749312418185
28.97 0 0.750430092392
28.98 0 0.753974601005
28.99 0 0.756918441637
29.0 0 0.758036144245
29.01 0 0.758072538147
29.02 0 0.757032063647
29.03 0 0.752437539467
29.04 0 0.755819659997
29.05 0 0.752090501425
29.06 0 0.752920603726
29.07 0 0.751912274636
29.08 0 0.752727592341
29.09 0 0.762807221196
29.1 0 0.764785190517
29.11 0 0.766668499918
29.12 0 0.76668021844
29.13 0 0.767271725053
29.14 0 0.767539114256
29.15 0 0.768945558162
29.16 0 0.77140776665
29.17 0 0.774255785741
29.18 0 0.774248286139
29.19 0 0.776326486582
29.2 0 0.778644956632
29.21 0 0.779883934079
29.22 0 0.780470704273
29.23 0 0.780583459704
29.24 0 0.780667919751
29.25 0 0.780742555352
29.26 0 0.780013457485
29.27 0 0.778980149456
29.28 0 0.778980149456
29.29 0 0.778980149456
29.3 0 0.777586243894
29.31 0 0.777586243894
29.32 0 0.772465516272
29.33 0 0.770662510415
29.34 0 0.771106222332
29.35 0 0.771214559736
29.36 0 0.769652391597
29.37 0 0.76791280983
29.38 0 0.767452811797
29.39 0 0.767504942345
29.4 0 0.768580386199
29.41 0 0.768622507655
29.42 0 0.767230454183
29.43 0 0.767230454183
29.44 0 0.766768543431
29.45 0 0.766768543431
29.46 0 0.766445437303
29.47 0 0.766065661169
29.48 0 0.765306952207
29.49 0 0.764809060609
29.5 0 0.764634307798
29.51 0 0.764634307798
29.52 0 0.764390738412
29.53 0 0.764390738412
29.54 0 0.764390738412
29.55 0 0.762325744256
29.56 0 0.762772935357
29.57 0 0.763717764953
29.58 0 0.763911248972
29.59 0 0.763911248972
29.6 0 0.764000684142
29.61 0 0.764365533974
29.62 0 0.764498395921
29.63 0 0.764682377675
29.64 0 0.765423704387
29.65 0 0.767242491412
29.66 0 0.76721854624
29.67 0 0.767871798175
29.68 0 0.768660943224
29.69 0 0.770152982128
29.7 0 0.769302974141
29.71 0 0.772269379218
29.72 0 0.77426835411
29.73 0 0.776769490815
29.74 0 0.777695591603
29.75 0 0.779655999539
29.76 0 0.780125146397
29.77 0 0.780891602165
29.78 0 0.781593061436
29.79 0 0.785854357505
29.8 0 0.790178850372
29.81 0 0.791885678535
29.82 0 0.792480577373
29.83 0 0.789259878611
29.84 0 0.789096753626
29.85 0 0.789551018285
29.86 0 0.787740919535
29.87 0 0.787246389052
29.88 0 0.787188347577
29.89 0 0.787054193727
29.9 0 0.787157175784
29.91 0 0.787396864594
29.92 0 0.792388903164
29.93 0 0.796127865235
29.94 0 0.799240998892
29.95 0 0.800126218984
29.96 0 0.800466328951
29.97 0 0.803971783351
29.98 0 0.806048189434
29.99 0 0.808163172621
30.0 0 0.80884525858
30.01 0 0.808364722776
30.02 0 0.807975029558
30.03 0 0.807463708315
30.04 0 0.807965060294
30.05 0 0.80752525922
30.06 0 0.807321091184
30.07 0 0.807203755742
30.08 0 0.805487723708
30.09 0 0.805296257833
30.1 0 0.802276466837
30.11 0 0.803330676154
30.12 0 0.801752836113
30.13 0 0.801565489648
30.14 0 0.803850586548
30.15 0 0.805071865809
30.16 0 0.806022427931
30.17 0 0.808113568005
30.18 0 0.809479098076
30.19 0 0.809239110822
30.2 0 0.808732872388
30.21 0 0.807339384751
30.22 0 0.806156892059
30.23 0 0.804904013102
30.24 0 0.80287042742
30.25 0 0.8016894468
30.26 0 0.800309897981
30.27 0 0.798347658302
30.28 0 0.796640418905
30.29 0 0.794981535487
30.3 0 0.793159838234
30.31 0 0.791375010661
30.32 0 0.789636617091
30.33 0 0.788558007048
30.34 0 0.788546078975
30.35 0 0.788465303447
30.36 0 0.787985718019
30.37 0 0.788224663041
30.38 0 0.78769283036
30.39 0 0.78639258974
30.4 0 0.785011053558
30.41 0 0.785011053558
30.42 0 0.785046650439
30.43 0 0.785173435602
30.44 0 0.785965135329
30.45 0 0.787351298604
30.46 0 0.787023964224
30.47 0 0.788026621549
30.48 0 0.792526604066
30.49 0 0.796828958944
30.5 0 0.80595361045
30.51 0 0.817161324593
30.52 0 0.816447871632
30.53 0 0.813447253197
30.54 0 0.813076081197
30.55 0 0.813255605619
30.56 0 0.816223718501
30.57 0 0.817143885991
30.58 0 0.816427017946
30.59 0 0.815713293568
30.6 0 0.812981091256
30.61 0 0.80990386019
30.62 0 0.807170837327
30.63 0 0.804983349188
30.64 0 0.803800713043
30.65 0 0.795614979987
30.66 0 0.791961943718
30.67 0 0.791441395552
30.68 0 0.792072645375
30.69 0 0.795612153288
30.7 0 0.795376507744
30.71 0 0.796383998913
30.72 0 0.785544364082
30.73 0 0.783749279726
30.74 0 0.790143829754
30.75 0 0.787297116976
30.76 0 0.791218923255
30.77 0 0.792027602105
30.78 0 0.794440335637
30.79 0 0.797342354704
30.8 0 0.799539051061
30.81 0 0.801918465691
30.82 0 0.803172235891
30.83 0 0.804680900367
30.84 0 0.805955826584
30.85 0 0.807062174748
30.86 0 0.805559124788
30.87 0 0.808734242765
30.88 0 0.809535996155
30.89 0 0.812385055818
30.9 0 0.812385055818
30.91 0 0.809673882739
30.92 0 0.80952494291
30.93 0 0.80705723324
30.94 0 0.806282893785
30.95 0 0.80457475299
30.96 0 0.803098116664
30.97 0 0.802451746848
30.98 0 0.802019472419
30.99 0 0.801377318481
31.0 0 0.80036222576
31.01 0 0.800727434693
31.02 0 0.801029704861
31.03 0 0.802000530491
31.04 0 0.80260433761
31.05 0 0.803496158459
31.06 0 0.803917729175
31.07 0 0.804173785065
31.08 0 0.804173785065
31.09 0 0.805242000142
31.1 0 0.805474361879
31.11 0 0.805474361879
31.12 0 0.80580420983
31.13 0 0.805937574569
31.14 0 0.806090836247
31.15 0 0.805920798402
31.16 0 0.805512981179
31.17 0 0.805512981179
31.18 0 0.805119837618
31.19 0 0.804394932059
31.2 0 0.803274385445
31.21 0 0.80460842787
31.22 0 0.805156540347
31.23 0 0.805803044116
31.24 0 0.80797930385
31.25 0 0.808621248074
31.26 0 0.80820919337
31.27 0 0.81170542543
31.28 0 0.811463856414
31.29 0 0.813191854685
31.3 0 0.81575386831
31.31 0 0.814625483823
31.32 0 0.815163488802
31.33 0 0.81635984996
31.34 0 0.819759235295
31.35 0 0.820095413145
31.36 0 0.825295928434
31.37 0 0.829502659207
31.38 0 0.829502659207
31.39 0 0.829502659207
31.4 0 0.820634513032
31.41 0 0.82635204333
31.42 0 0.821596551756
31.43 0 0.829524504067
31.44 0 0.82347391591
31.45 0 0.828312862379
31.46 0 0.825567745233
31.47 0 0.833887640414
31.48 0 0.836318720803
31.49 0 0.838938417277
31.5 0 0.839164537415
31.51 0 0.839656013241
31.52 0 0.840350247569
31.53 0 0.841400895593
31.54 0 0.841919952525
31.55 0 0.843055845966
31.56 0 0.844326926987
31.57 0 0.846639130754
31.58 0 0.84706909011
31.59 0 0.847466199577
31.6 0 0.846423818495
31.61 0 0.845561856416
31.62 0 0.844351451865
31.63 0 0.842459195937
31.64 0 0.841176193271
31.65 0 0.840296736283
31.66 0 0.839513399204
31.67 0 0.838066948785
31.68 0 0.833257080391
31.69 0 0.832906695358
31.7 0 0.832460286329
31.71 0 0.832544276713
31.72 0 0.833011934647
31.73 0 0.8327686908
31.74 0 0.831617645888
31.75 0 0.831991633918
31.76 0 0.831082374703
31.77 0 0.829535248881
31.78 0 0.827450564528
31.79 0 0.826665017244
31.8 0 0.826383786749
31.81 0 0.825953507726
31.82 0 0.825236275476
31.83 0 0.824865205895
31.84 0 0.824231037236
31.85 0 0.824241543219
31.86 0 0.824708685014
31.87 0 0.825002819278
31.88 0 0.824327571299
31.89 0 0.823822494842
31.9 0 0.823718653788
31.91 0 0.82371151541
31.92 0 0.823459852965
31.93 0 0.823257104352
31.94 0 0.823371784769
31.95 0 0.822899283881
31.96 0 0.822504961975
31.97 0 0.822595284804
31.98 0 0.822603610886
31.99 0 0.822574295253
32.0 0 0.822616460479
32.01 0 0.822481272919
32.02 0 0.822409755462
32.03 0 0.82190132375
32.04 0 0.821794154554
32.05 0 0.822673633127
32.06 0 0.822916424595
32.07 0 0.823684874686
32.08 0 0.824572174528
32.09 0 0.824687125686
32.1 0 0.8219657513
32.11 0 0.8241153147
32.12 0 0.830023807357
32.13 0 0.83308401166
32.14 0 0.835621969541
32.15 0 0.842954296775
32.16 0 0.841676029919
32.17 0 0.839823761503
32.18 0 0.844259588859
32.19 0 0.839801718839
32.2 0 0.847518249213
32.21 0 0.847518249213
32.22 0 0.840776311598
32.23 0 0.842133997544
32.24 0 0.846061062752
32.25 0 0.841257719986
32.26 0 0.847826054939
32.27 0 0.84621236123
32.28 0 0.850722982073
32.29 0 0.854632394962
32.3 0 0.859152941737
32.31 0 0.85957856203
32.32 0 0.859379210105
32.33 0 0.859242697636
32.34 0 0.86089412284
32.35 0 0.862524531908
32.36 0 0.862486801279
32.37 0 0.862221910369
32.38 0 0.861784381802
32.39 0 0.86128822897
32.4 0 0.861167902563
32.41 0 0.860902628962
32.42 0 0.860452065944
32.43 0 0.859960431349
32.44 0 0.859641274689
32.45 0 0.857213318133
32.46 0 0.856814543805
32.47 0 0.856832378599
32.48 0 0.856623380178
32.49 0 0.856493277389
32.5 0 0.856471904917
32.51 0 0.855892264104
32.52 0 0.856372199776
32.53 0 0.856640635924
32.54 0 0.857776746393
32.55 0 0.857951919761
32.56 0 0.857977335876
32.57 0 0.857602267526
32.58 0 0.856099656617
32.59 0 0.855976312233
32.6 0 0.85579893412
32.61 0 0.855919388919
32.62 0 0.855261237577
32.63 0 0.855261237577
32.64 0 0.854383604893
32.65 0 0.852016135956
32.66 0 0.852016135956
32.67 0 0.850803961747
32.68 0 0.850451189381
32.69 0 0.850524043883
32.7 0 0.850524043883
32.71 0 0.850096251783
32.72 0 0.850159117658
32.73 0 0.85020662197
32.74 0 0.8504699335
32.75 0 0.849898668648
32.76 0 0.849346072233
32.77 0 0.849184610789
32.78 0 0.850070413515
32.79 0 0.850035954327
32.8 0 0.850531503064
32.81 0 0.850906334855
32.82 0 0.851651967193
32.83 0 0.85152622947
32.84 0 0.852937819447
32.85 0 0.853643459616
32.86 0 0.853772129184
32.87 0 0.854421549499
32.88 0 0.854421549499
32.89 0 0.85514316602
32.9 0 0.854591824924
32.91 0 0.855735785248
32.92 0 0.855929374935
32.93 0 0.855009424644
32.94 0 0.862858764849
32.95 0 0.862951868215
32.96 0 0.865811245367
32.97 0 0.865451833716
32.98 0 0.86669024151
32.99 0 0.86879036868
33.0 0 0.869396180398
33.01 0 0.8721047899
33.02 0 0.873445293918
33.03 0 0.869600575099
33.04 0 0.877757329773
33.05 0 0.88276339199
33.06 0 0.886198477587
33.07 0 0.88886896557
33.08 0 0.890873713467
33.09 0 0.892869145929
33.1 0 0.895164136228
33.11 0 0.896091723282
33.12 0 0.897286786269
33.13 0 0.89762041014
33.14 0 0.89784012069
33.15 0 0.897891610442
33.16 0 0.897637131609
33.17 0 0.89663697156
33.18 0 0.895904412714
33.19 0 0.895798241238
33.2 0 0.894835959675
33.21 0 0.893806681349
33.22 0 0.891010061421
33.23 0 0.890155991008
33.24 0 0.886651255836
33.25 0 0.883763812932
33.26 0 0.882227045079
33.27 0 0.882650374218
33.28 0 0.883680612499
33.29 0 0.884339429204
33.3 0 0.884059964974
33.31 0 0.885062718454
33.32 0 0.885289062568
33.33 0 0.885776694839
33.34 0 0.88591473154
33.35 0 0.885379973188
33.36 0 0.883146593877
33.37 0 0.881623515363
33.38 0 0.881623515363
33.39 0 0.881620409294
33.4 0 0.882065617101
33.41 0 0.882534277637
33.42 0 0.882534277637
33.43 0 0.882793588229
33.44 0 0.882752067733
33.45 0 0.882351489776
33.46 0 0.881594275771
33.47 0 0.881594275771
33.48 0 0.883365064639
33.49 0 0.883365064639
33.5 0 0.884552579716
33.51 0 0.88536715548
33.52 0 0.885555559568
33.53 0 0.885277930761
33.54 0 0.885540173188
33.55 0 0.88524239682
33.56 0 0.885481693915
33.57 0 0.885951765254
33.58 0 0.887053073302
33.59 0 0.887396393323
33.6 0 0.887867682992
33.61 0 0.889731115817
33.62 0 0.890348628684
33.63 0 0.891595102122
33.64 0 0.891437212376
33.65 0 0.894090404544
33.66 0 0.8943684796
33.67 0 0.896476697165
33.68 0 0.899447414471
33.69 0 0.903130705834
33.7 0 0.901655997364
33.71 0 0.907676635712
33.72 0 0.906779728855
33.73 0 0.905852931629
33.74 0 0.908852153127
33.75 0 0.911124875786
33.76 0 0.910961430766
33.77 0 0.914210568254
33.78 0 0.914069840247
33.79 0 0.913543510109
33.8 0 0.910926062523
33.81 0 0.913323171501
33.82 0 0.912200813792
33.83 0 0.909710404262
33.84 0 0.911784241723
33.85 0 0.911784241723
33.86 0 0.910071082412
33.87 0 0.907921356085
33.88 0 0.909405445207
33.89 0 0.912965512224
33.9 0 0.914061237314
33.91 0 0.916294431902
33.92 0 0.916496279258
33.93 0 0.916467192372
33.94 0 0.915589832656
33.95 0 0.914986059165
33.96 0 0.913933875506
33.97 0 0.913635111828
33.98 0 0.914029148204
33.99 0 0.912966378836
34.0 0 0.91247541704
34.01 0 0.912430061551
34.02 0 0.910985907305
34.03 0 0.911623751969
34.04 0 0.912679566853
34.05 0 0.912545934794
34.06 0 0.915017505115
34.07 0 0.916916605626
34.08 0 0.917923126299
34.09 0 0.917457285806
34.1 0 0.916742342826
34.11 0 0.916869815306
34.12 0 0.916414002037
34.13 0 0.915810499894
34.14 0 0.915024684577
34.15 0 0.914583390418
34.16 0 0.913620513605
34.17 0 0.912466898514
34.18 0 0.910849243121
34.19 0 0.909023118448
34.2 0 0.907774229067
34.21 0 0.907392073186
34.22 0 0.90692978897
34.23 0 0.906239378611
34.24 0 0.905936572741
34.25 0 0.904718132866
34.26 0 0.904116922212
34.27 0 0.90397075512
34.28 0 0.903248886913
34.29 0 0.902133298986
34.3 0 0.901308472582
34.31 0 0.900095562786
34.32 0 0.899693791326
34.33 0 0.900277140892
34.34 0 0.90052747747
34.35 0 0.902021207935
34.36 0 0.902838722291
34.37 0 0.904646709064
34.38 0 0.911664072911
34.39 0 0.913040494221
34.4 0 0.91672677902
34.41 0 0.91672677902
34.42 0 0.924366371548
34.43 0 0.926212136697
34.44 0 0.92984758522
34.45 0 0.930884949452
34.46 0 0.931020178275
34.47 0 0.930991596707
34.48 0 0.930991596707
34.49 0 0.930991596707
34.5 0 0.929864013078
34.51 0 0.928443767907
34.52 0 0.927007488988
34.53 0 0.926027588441
34.54 0 0.92058652744
34.55 0 0.918741425167
34.56 0 0.919534456358
34.57 0 0.91903327403
34.58 0 0.915432499805
34.59 0 0.916265491449
34.6 0 0.908353368098
34.61 0 0.905339626931
34.62 0 0.910817239247
34.63 0 0.907599824845
34.64 0 0.911643994148
34.65 0 0.911996383259
34.66 0 0.911983461696
34.67 0 0.918162197148
34.68 0 0.918162197148
34.69 0 0.920477813574
34.7 0 0.918214714245
34.71 0 0.919251160264
34.72 0 0.924449587504
34.73 0 0.924449587504
34.74 0 0.923543227895
34.75 0 0.923974117728
34.76 0 0.924310636008
34.77 0 0.923357076768
34.78 0 0.922508432776
34.79 0 0.921581657835
34.8 0 0.921662216365
34.81 0 0.924661337058
34.82 0 0.927690600591
34.83 0 0.929321223467
34.84 0 0.929968436611
34.85 0 0.930586440927
34.86 0 0.93217072937
34.87 0 0.932312199584
34.88 0 0.932904950265
34.89 0 0.932048280417
34.9 0 0.9309461628
34.91 0 0.929849556705
34.92 0 0.928259336179
34.93 0 0.926415638743
34.94 0 0.925209591634
34.95 0 0.92528488997
34.96 0 0.925406228463
34.97 0 0.925879056831
34.98 0 0.925681914334
34.99 0 0.924164162272
35.0 0 0.924164162272
35.01 0 0.924183289663
35.02 0 0.925080546778
35.03 0 0.925269626374
35.04 0 0.92589307599
35.05 0 0.926589321741
35.06 0 0.927226515782
35.07 0 0.927570996775
35.08 0 0.927816583254
35.09 0 0.92761662448
35.1 0 0.927601089949
35.11 0 0.92753981376
35.12 0 0.928174883657
35.13 0 0.928493558407
35.14 0 0.929180587468
35.15 0 0.929590752612
35.16 0 0.929997592402
35.17 0 0.930050367261
35.18 0 0.930638898535
35.19 0 0.930884341224
35.2 0 0.931671077435
35.21 0 0.93214445776
35.22 0 0.93297972741
35.23 0 0.932798253472
35.24 0 0.933352791479
35.25 0 0.93627657948
35.26 0 0.936166991946
35.27 0 0.93705620059
35.28 0 0.94361646085
35.29 0 0.947281686393
35.3 0 0.950371447656
35.31 0 0.952768203167
35.32 0 0.953909284984
35.33 0 0.950719730587
35.34 0 0.951109815741
35.35 0 0.951273119815
35.36 0 0.951018406079
35.37 0 0.951018406079
35.38 0 0.951018406079
35.39 0 0.951685160273
35.4 0 0.957708371403
35.41 0 0.955549243703
35.42 0 0.955501356114
35.43 0 0.955650357214
35.44 0 0.956752185652
35.45 0 0.958772032398
35.46 0 0.961184587855
35.47 0 0.961750205608
35.48 0 0.961455831052
35.49 0 0.96119720623
35.5 0 0.960043906605
35.51 0 0.958849352425
35.52 0 0.9587404132
35.53 0 0.958570755273
35.54 0 0.959346409816
35.55 0 0.958431723174
35.56 0 0.957016037311
35.57 0 0.956693377435
35.58 0 0.956716803608
35.59 0 0.954822404294
35.6 0 0.954883382241
35.61 0 0.955619118588
35.62 0 0.956635915768
35.63 0 0.956226888651
35.64 0 0.956733154034
35.65 0 0.958090269823
35.66 0 0.95970405485
35.67 0 0.961248334352
35.68 0 0.961645630773
35.69 0 0.960268295489
35.7 0 0.959708138521
35.71 0 0.959584780576
35.72 0 0.959820964766
35.73 0 0.960341920497
35.74 0 0.960556287423
35.75 0 0.960649336364
35.76 0 0.960940313436
35.77 0 0.960939028039
35.78 0 0.96121683042
35.79 0 0.961247979606
35.8 0 0.961418977461
35.81 0 0.961258093968
35.82 0 0.960843163646
35.83 0 0.960594265782
35.84 0 0.960337887478
35.85 0 0.960708963069
35.86 0 0.960485584078
35.87 0 0.960237125998
35.88 0 0.959366629844
35.89 0 0.958395885001
35.9 0 0.957644744762
35.91 0 0.957592874416
35.92 0 0.958053692913
35.93 0 0.95796147114
35.94 0 0.957829530927
35.95 0 0.958291019742
35.96 0 0.958047683216
35.97 0 0.958547815108
35.98 0 0.957755139678
35.99 0 0.959930901846
36.0 0 0.962007582486
36.01 0 0.962417027122
36.02 0 0.964646863128
36.03 0 0.969246915232
36.04 0 0.971231390858
36.05 0 0.97184336889
36.06 0 0.972114953535
36.07 0 0.977642891868
36.08 0 0.977109541122
36.09 0 0.973853503645
36.1 0 0.979351257857
36.11 0 0.977202117399
36.12 0 0.982440273065
36.13 0 0.983235834724
36.14 0 0.980617567332
36.15 0 0.984369213515
36.16 0 0.980897861697
36.17 0 0.986227088654
36.18 0 0.994747392279
36.19 0 0.99833831385
36.2 0 1.00067075161
36.21 0 1.00315620265
36.22 0 1.00593198759
36.23 0 1.00763897232
36.24 0 1.00946206593
36.25 0 1.01151118401
36.26 0 1.0128162996
36.27 0 1.0152866832
36.28 0 1.01608918471
36.29 0 1.01653247142
36.3 0 1.01640156342
36.31 0 1.01584212385
36.32 0 1.01525411076
36.33 0 1.01527227071
36.34 0 1.01534683326
36.35 0 1.01492121801
36.36 0 1.01402776096
36.37 0 1.01337411024
36.38 0 1.01335013702
36.39 0 1.01272260164
36.4 0 1.01205193548
36.41 0 1.01034012912
36.42 0 1.01030169349
36.43 0 1.01030379036
36.44 0 1.00968055952
36.45 0 1.00896825272
36.46 0 1.00772145004
36.47 0 1.00719317758
36.48 0 1.00719317758
36.49 0 1.00645372517
36.5 0 1.00617220358
36.51 0 1.00552614441
36.52 0 1.00516060885
36.53 0 1.00432983864
36.54 0 1.00394739709
36.55 0 1.00399371632
36.56 0 1.0038783358
36.57 0 1.00345461486
36.58 0 1.00370803501
36.59 0 1.00364971305
36.6 0 1.00364971305
36.61 0 1.00364971305
36.62 0 1.00442177687
36.63 0 1.00442177687
36.64 0 1.00442177687
36.65 0 1.00391109042
36.66 0 1.00391109042
36.67 0 1.00385806674
36.68 0 1.00290881006
36.69 0 1.00372870022
36.7 0 1.00410080639
36.71 0 1.00438380845
36.72 0 1.00446021014
36.73 0 1.00539352464
36.74 0 1.0050008781
36.75 0 1.00487491285
36.76 0 1.00354222066
36.77 0 1.00269110122
36.78 0 1.00056511152
36.79 0 1.00416612535
36.8 0 1.0049418
36.81 0 1.00422539168
36.82 0 1.01273245151
36.83 0 1.01510781784
36.84 0 1.01755658682
36.85 0 1.02303683173
36.86 0 1.0216687322
36.87 0 1.0216687322
36.88 0 1.0216687322
36.89 0 1.02868321285
36.9 0 1.02928145022
36.91 0 1.03009091251
36.92 0 1.03473997071
36.93 0 1.03403125723
36.94 0 1.03123417329
36.95 0 1.03317886751
36.96 0 1.03569372441
36.97 0 1.03397691976
36.98 0 1.03755933405
36.99 0 1.03491290611
37.0 0 1.03780956074
37.01 0 1.03959955736
37.02 0 1.04056352723
37.03 0 1.04218489569
37.04 0 1.04333772363
37.05 0 1.04358410263
37.06 0 1.04384212007
37.07 0 1.04378299789
37.08 0 1.04347183413
37.09 0 1.03945933199
37.1 0 1.04030998778
37.11 0 1.04075404682
37.12 0 1.04120607583
37.13 0 1.0383943397
37.14 0 1.03736691687
37.15 0 1.03833849262
37.16 0 1.03856058601
37.17 0 1.03856058601
37.18 0 1.03856058601
37.19 0 1.04211748693
37.2 0 1.04745840755
37.21 0 1.0493406327
37.22 0 1.0521134013
37.23 0 1.05416081674
37.24 0 1.05531136813
37.25 0 1.05478973786
37.26 0 1.05428119505
37.27 0 1.05342578943
37.28 0 1.05207653181
37.29 0 1.05019380549
37.3 0 1.05000689843
37.31 0 1.04951108431
37.32 0 1.04908706672
37.33 0 1.048345484
37.34 0 1.04760435497
37.35 0 1.04754944059
37.36 0 1.04709791179
37.37 0 1.04680446118
37.38 0 1.04594661553
37.39 0 1.04514109721
37.4 0 1.04485199032
37.41 0 1.0441295046
37.42 0 1.04267384405
37.43 0 1.04175836498
37.44 0 1.0408413985
37.45 0 1.04063121012
37.46 0 1.03997952418
37.47 0 1.03935537876
37.48 0 1.03908138912
37.49 0 1.03902347465
37.5 0 1.03937076655
37.51 0 1.04020970759
37.52 0 1.04271687071
37.53 0 1.04490709568
37.54 0 1.04685446734
37.55 0 1.0498491125
37.56 0 1.05333667347
37.57 0 1.05529558279
37.58 0 1.05529558279
37.59 0 1.05529558279
37.6 0 1.06320329725
37.61 0 1.06501309632
37.62 0 1.06569824127
37.63 0 1.06668497874
37.64 0 1.06933922356
37.65 0 1.07090116494
37.66 0 1.07103284816
37.67 0 1.07058530739
37.68 0 1.0679448021
37.69 0 1.05876250764
37.7 0 1.0623460304
37.71 0 1.05758479487
37.72 0 1.0538601695
37.73 0 1.0547130832
37.74 0 1.05007084848
37.75 0 1.05070163887
37.76 0 1.04175200969
37.77 0 1.04763584044
37.78 0 1.04307403269
37.79 0 1.04412075189
37.8 0 1.04793489638
37.81 0 1.04905222631
37.82 0 1.05075675354
37.83 0 1.05300604852
37.84 0 1.05504171805
37.85 0 1.05077955312
37.86 0 1.04400630583
37.87 0 1.05322709264
37.88 0 1.05371410327
37.89 0 1.05473680645
37.9 0 1.05450932399
37.91 0 1.05247684487
37.92 0 1.04809415037
37.93 0 1.04932709057
37.94 0 1.04793818644
37.95 0 1.04820760029
37.96 0 1.05226348426
37.97 0 1.05324274127
37.98 0 1.0573303931
37.99 0 1.06053109043
38.0 0 1.06589926513
38.01 0 1.06645611129
38.02 0 1.06658431174
38.03 0 1.06637713126
38.04 0 1.06565525854
38.05 0 1.06504613291
38.06 0 1.06367895826
38.07 0 1.06263463408
38.08 0 1.06203560895
38.09 0 1.05971439826
38.1 0 1.05848590895
38.11 0 1.05707013911
38.12 0 1.05550009851
38.13 0 1.05359733556
38.14 0 1.05130151495
38.15 0 1.04943842488
38.16 0 1.04793016005
38.17 0 1.046085328
38.18 0 1.04451644175
38.19 0 1.04297464522
38.2 0 1.04175600522
38.21 0 1.04095937686
38.22 0 1.04115641827
38.23 0 1.04105712353
38.24 0 1.04075911033
38.25 0 1.04072747798
38.26 0 1.04094020522
38.27 0 1.04281740015
38.28 0 1.04455800712
38.29 0 1.04549683672
38.3 0 1.04746443468
38.31 0 1.04942860918
38.32 0 1.05096411537
38.33 0 1.05308798558
38.34 0 1.05467017209
38.35 0 1.05659543394
38.36 0 1.06034349469
38.37 0 1.06211175173
38.38 0 1.0696540609
38.39 0 1.08201776939
38.4 0 1.08449859556
38.41 0 1.08450356959
38.42 0 1.08584279426
38.43 0 1.08819055067
38.44 0 1.08819055067
38.45 0 1.08724759647
38.46 0 1.090306732
38.47 0 1.08425283937
38.48 0 1.08425283937
38.49 0 1.08392493277
38.5 0 1.08392493277
38.51 0 1.08136933524
38.52 0 1.08021198621
38.53 0 1.06832289395
38.54 0 1.07166159092
38.55 0 1.06702958382
38.56 0 1.07823532516
38.57 0 1.07888975957
38.58 0 1.08217855777
38.59 0 1.08266452607
38.6 0 1.08176202406
38.61 0 1.0810954786
38.62 0 1.08038726976
38.63 0 1.08038726976
38.64 0 1.08038726976
38.65 0 1.07898273105
38.66 0 1.07890043944
38.67 0 1.07823677526
38.68 0 1.07771335993
38.69 0 1.07666417954
38.7 0 1.07480409653
38.71 0 1.07316242889
38.72 0 1.0721475462
38.73 0 1.07073575966
38.74 0 1.06937719884
38.75 0 1.06871353408
38.76 0 1.06762418664
38.77 0 1.06746563587
38.78 0 1.06668722713
38.79 0 1.06580473064
38.8 0 1.06553381198
38.81 0 1.06484349651
38.82 0 1.0636085097
38.83 0 1.06312658986
38.84 0 1.0621887745
38.85 0 1.06093146611
38.86 0 1.06020474871
38.87 0 1.05804311634
38.88 0 1.05684558331
38.89 0 1.05309334334
38.9 0 1.05267105333
38.91 0 1.04891931723
38.92 0 1.04606203556
38.93 0 1.0457323376
38.94 0 1.04447210018
38.95 0 1.043266
38.96 0 1.04119402853
38.97 0 1.03910959504
38.98 0 1.0382698269
38.99 0 1.03678155955
39.0 0 1.03551897086
39.01 0 1.03501049023
39.02 0 1.03679279326
39.03 0 1.03844897756
39.04 0 1.0406653886
39.05 0 1.04086534239
39.06 0 1.04250807757
39.07 0 1.04237256532
39.08 0 1.04328082475
39.09 0 1.04301002641
39.1 0 1.04425200855
39.11 0 1.04460131639
39.12 0 1.0470240727
39.13 0 1.04797394819
39.14 0 1.04711995781
39.15 0 1.04876406608
39.16 0 1.04698214713
39.17 0 1.0495535529
39.18 0 1.05036092139
39.19 0 1.05221699419
39.2 0 1.05119366385
39.21 0 1.05387530855
39.22 0 1.05314442842
39.23 0 1.05333614374
39.24 0 1.05414329376
39.25 0 1.05421378167
39.26 0 1.05276204053
39.27 0 1.05051892781
39.28 0 1.04865824521
39.29 0 1.04240213726
39.3 0 1.04335146356
39.31 0 1.03888173301
39.32 0 1.02898145612
39.33 0 1.02560681556
39.34 0 1.01799288548
39.35 0 1.01204854773
39.36 0 1.00437483402
39.37 0 0.996728118966
39.38 0 0.99518731866
39.39 0 0.985068551876
39.4 0 0.97800133986
39.41 0 0.969775090819
39.42 0 0.969760030821
39.43 0 0.969760030821
39.44 0 0.967487799646
39.45 0 0.969550128916
39.46 0 0.966910178625
39.47 0 0.970395479263
39.48 0 0.96658637157
39.49 0 0.969148007869
39.5 0 0.967720856067
39.51 0 0.965902188384
39.52 0 0.963317340667
39.53 0 0.9621109484
39.54 0 0.961670563145
39.55 0 0.961130182448
39.56 0 0.961434488005
39.57 0 0.958089476439
39.58 0 0.954824489344
39.59 0 0.951465194764
39.6 0 0.949848648768
39.61 0 0.945203531765
39.62 0 0.944017218533
39.63 0 0.940167646823
39.64 0 0.937314173866
39.65 0 0.937314173866
39.66 0 0.937314173866
39.67 0 0.924899774133
39.68 0 0.919838525893
39.69 0 0.917558190196
39.7 0 0.91156278986
39.71 0 0.906425369657
39.72 0 0.902301092697
39.73 0 0.898632513555
39.74 0 0.895953913671
39.75 0 0.89107850286
39.76 0 0.88871608251
39.77 0 0.885008603844
39.78 0 0.880595862195
39.79 0 0.876342258207
39.8 0 0.873416544256
39.81 0 0.868334886243
39.82 0 0.864475184195
39.83 0 0.860342334532
39.84 0 0.858648716281
39.85 0 0.857836552858
39.86 0 0.857374095994
39.87 0 0.856755254323
39.88 0 0.856382704279
39.89 0 0.855942396145
39.9 0 0.856324170565
39.91 0 0.855776964822
39.92 0 0.855311479183
39.93 0 0.855231844588
39.94 0 0.854811426074
39.95 0 0.854811426074
39.96 0 0.852577506283
39.97 0 0.852577506283
39.98 0 0.853004903055
39.99 0 0.853004903055
40.0 0 0.845671119443
40.01 0 0.843137013696
40.02 0 0.837224393842
40.03 0 0.837224393842
40.04 0 0.830177194382
40.05 0 0.827633076886
40.06 0 0.823370543172
40.07 0 0.8155386956
40.08 0 0.806386343141
40.09 0 0.799970474161
40.1 0 0.794809433856
40.11 0 0.787873374117
40.12 0 0.780269234421
40.13 0 0.773764830521
40.14 0 0.767421800879
40.15 0 0.743963930569
40.16 0 0.743963930569
40.17 0 0.726942507484
40.18 0 0.725298404487
40.19 0 0.725298404487
40.2 0 0.714040432074
40.21 0 0.702317664328
40.22 0 0.692530965515
40.23 0 0.693097263775
40.24 0 0.683280659202
40.25 0 0.680852227715
40.26 0 0.674949556376
40.27 0 0.6635493623
40.28 0 0.659264764989
40.29 0 0.650733905296
40.3 0 0.640590395855
40.31 0 0.62569192666
40.32 0 0.61251539689
40.33 0 0.608498412855
40.34 0 0.598934749856
40.35 0 0.586474270301
40.36 0 0.575569969505
40.37 0 0.568442914358
40.38 0 0.55703844157
40.39 0 0.545814504175
40.4 0 0.535557117787
40.41 0 0.518477787695
40.42 0 0.511472907941
40.43 0 0.497972038755
40.44 0 0.486033549021
40.45 0 0.472744469976
40.46 0 0.46089875975
40.47 0 0.44879046038
40.48 0 0.432185943519
40.49 0 0.419886883752
40.5 0 0.410207630185
40.51 0 0.39900006948
40.52 0 0.387744007715
40.53 0 0.373136284671
40.54 0 0.36407002705
40.55 0 0.355207740122
40.56 0 0.33744499782
40.57 0 0.329965290662
40.58 0 0.303047249754
40.59 0 0.303047249754
40.6 0 0.28702513319
40.61 0 0.278450101215
40.62 0 0.262988999749
40.63 0 0.250476605025
40.64 0 0.23226744668
40.65 0 0.23226744668
40.66 0 0.222399676764
40.67 0 0.216337386212
40.68 0 0.208053265507
40.69 0 0.208053265507
40.7 0 0.205214504553
40.71 0 0.20134256089
40.72 0 0.201051736379
40.73 0 0.199750202974
40.74 0 0.195151680031
40.75 0 0.194522037116
40.76 0 0.191912421124
40.77 0 0.187009859885
40.78 0 0.185896298904
40.79 0 0.185896298904
40.8 0 0.185896298904
40.81 0 0.185896298904
40.82 0 0.187861724077
40.83 0 0.187861724077
40.84 0 0.192132792857
40.85 0 0.192132792857
40.86 0 0.192380418556
40.87 0 0.191322236961
40.88 0 0.189089157677
40.89 0 0.187247287861
40.9 0 0.185075946739
40.91 0 0.180292855408
40.92 0 0.176679621356
40.93 0 0.171081200859
40.94 0 0.165278043081
40.95 0 0.155953089833
40.96 0 0.146588655205
40.97 0 0.139104781653
40.98 0 0.119396853111
40.99 0 0.119396853111
41.0 0 0.110761149419
41.01 0 0.0979391931908
41.02 0 0.0906106539889
41.03 0 0.0789971360772
41.04 0 0.0789971360772
41.05 0 0.0789971360772
41.06 0 0.0778843332714
41.07 0 0.0778843332714
41.08 0 0.0778843332714
41.09 0 0.0949771257903
41.1 0 0.0953453633484
41.11 0 0.0971326441437
41.12 0 0.10057854529
41.13 0 0.101821879332
41.14 0 0.10427875532
41.15 0 0.1058806845
41.16 0 0.109184108333
41.17 0 0.11140836509
41.18 0 0.114936797481
41.19 0 0.116357482443
41.2 0 0.118842856741
41.21 0 0.121706960004
41.22 0 0.122607565312
41.23 0 0.123400114603
41.24 0 0.123482674143
41.25 0 0.122129353513
41.26 0 0.121512000017
41.27 0 0.117475689093
41.28 0 0.117475689093
