time,index,height
0.01 0 0.0
0.02 0 0.0260104184081
0.03 0 0.0263537054348
0.04 0 0.0286713032352
0.05 0 0.0327867572931
0.06 0 0.0360865289791
0.07 0 0.0398256430892
0.08 0 0.0452045429104
0.09 0 0.0476479494101
0.1 0 0.0521736209139
0.11 0 0.056241386845
0.12 0 0.062238434725
0.13 0 0.0639153877593
0.14 0 0.0681703056186
0.15 0 0.0718048225185
0.16 0 0.074266950296
0.17 0 0.076385268747
0.18 0 0.0775530682972
0.19 0 0.078404567699
0.2 0 0.0787319111569
0.21 0 0.0783663876842
0.22 0 0.0777342089943
0.23 0 0.0766990342005
0.24 0 0.0747201755304
0.25 0 0.072253916987
0.26 0 0.0692897251543
0.27 0 0.0650608828798
0.28 0 0.0598343573468
0.29 0 0.0530709687422
0.3 0 0.046031662559
0.31 0 0.0386979340453
0.32 0 0.0328390864069
0.33 0 0.0299353754291
0.34 0 0.0297398467088
0.35 0 0.0296207137982
0.36 0 0.0295725279073
0.37 0 0.0295523191579
0.38 0 0.0296623326827
0.39 0 0.030025088151
0.4 0 0.0306087585028
0.41 0 0.0315768495948
0.42 0 0.0322750327404
0.43 0 0.0336359705348
0.44 0 0.0347516350363
0.45 0 0.0359307705552
0.46 0 0.0373523979851
0.47 0 0.0383432791694
0.48 0 0.039237103078
0.49 0 0.039839771612
0.5 0 0.0403311187242
0.51 0 0.040595621786
0.52 0 0.0405873127487
0.53 0 0.0402763910374
0.54 0 0.0399247678231
0.55 0 0.039168911242
0.56 0 0.0383005097606
0.57 0 0.0377369424491
0.58 0 0.0381523748508
0.59 0 0.0384293790631
0.6 0 0.0387637890284
0.61 0 0.0392375325353
0.62 0 0.0397512097723
0.63 0 0.0401312216618
0.64 0 0.0403813020111
0.65 0 0.0404891672618
0.66 0 0.0404692715885
0.67 0 0.0403436418164
0.68 0 0.0401075956326
0.69 0 0.0399153468917
0.7 0 0.0399101777211
0.71 0 0.0402279425815
0.72 0 0.040520721256
0.73 0 0.0405862148228
0.74 0 0.0408461607838
0.75 0 0.0412238203944
0.76 0 0.0414036252223
0.77 0 0.0413990534817
0.78 0 0.0418461933695
0.79 0 0.0423057953038
0.8 0 0.0425539442444
0.81 0 0.0424995522171
0.82 0 0.0423291322988
0.83 0 0.0421414226269
0.84 0 0.0418757043894
0.85 0 0.0410923951931
0.86 0 0.0399147532868
0.87 0 0.0392777800598
0.88 0 0.0392513771616
0.89 0 0.0391089885043
0.9 0 0.0391811858498
0.91 0 0.0394303549165
0.92 0 0.0402792446019
0.93 0 0.0418629537359
0.94 0 0.0438040481785
0.95 0 0.0456648339193
0.96 0 0.0472442580351
0.97 0 0.0491822797272
0.98 0 0.0507434838002
0.99 0 0.0514853743323
1.0 0 0.0521057930061
1.01 0 0.0529213559982
1.02 0 0.0536851589884
1.03 0 0.0540716094897
1.04 0 0.0543074971602
1.05 0 0.0541526073209
1.06 0 0.0543321282852
1.07 0 0.0546872566099
1.08 0 0.0546504216397
1.09 0 0.0546260188065
1.1 0 0.0543768314443
1.11 0 0.0540720250048
1.12 0 0.0534882051974
1.13 0 0.0529888042081
1.14 0 0.0528896789263
1.15 0 0.052616055579
1.16 0 0.0521979732147
1.17 0 0.051688363555
1.18 0 0.0511167351094
1.19 0 0.0505699711634
1.2 0 0.0499522865942
1.21 0 0.0494368716196
1.22 0 0.049113700306
1.23 0 0.0489961949055
1.24 0 0.0488898626277
1.25 0 0.0489464269225
1.26 0 0.0491505959807
1.27 0 0.0493673821447
1.28 0 0.0495845461591
1.29 0 0.049467813293
1.3 0 0.0491557806278
1.31 0 0.0489785581955
1.32 0 0.0485506744305
1.33 0 0.0480668226047
1.34 0 0.0476181210201
1.35 0 0.0468913615931
1.36 0 0.0456653637615
1.37 0 0.0446442226875
1.38 0 0.0437324291376
1.39 0 0.044071720959
1.4 0 0.0449468484347
1.41 0 0.0460749538339
1.42 0 0.0468259355398
1.43 0 0.0475113515011
1.44 0 0.0484294585314
1.45 0 0.0491010918148
1.46 0 0.0499729266505
1.47 0 0.0508506131663
1.48 0 0.0516206887264
1.49 0 0.0519127609659
1.5 0 0.0523677957808
1.51 0 0.0528917823596
1.52 0 0.0531640495084
1.53 0 0.053625897286
1.54 0 0.0537348930444
1.55 0 0.0543210403548
1.56 0 0.0546202326223
1.57 0 0.0549866051314
1.58 0 0.0554849164934
1.59 0 0.055575170342
1.6 0 0.0557937582767
1.61 0 0.0555693523675
1.62 0 0.0561102595142
1.63 0 0.0558346593968
1.64 0 0.0562336161616
1.65 0 0.0555240022198
1.66 0 0.0552763779316
1.67 0 0.0555069410594
1.68 0 0.0550083154411
1.69 0 0.0539504238507
1.7 0 0.0531580192571
1.71 0 0.0531560757743
1.72 0 0.0521982437909
1.73 0 0.0517702895722
1.74 0 0.0526171040746
1.75 0 0.0536302910303
1.76 0 0.0559755123791
1.77 0 0.0573488299053
1.78 0 0.0591051785506
1.79 0 0.0614751392162
1.8 0 0.0629797903023
1.81 0 0.0648886929124
1.82 0 0.0671643453868
1.83 0 0.0679387243699
1.84 0 0.0685323274777
1.85 0 0.0693390371872
1.86 0 0.0701557113666
1.87 0 0.0711405595004
1.88 0 0.07174500989
1.89 0 0.0722427295566
1.9 0 0.0725523967486
1.91 0 0.072833561493
1.92 0 0.0730145515763
1.93 0 0.0732146641555
1.94 0 0.073247683827
1.95 0 0.0732752514559
1.96 0 0.0727923916279
1.97 0 0.0723262621045
1.98 0 0.0721567272409
1.99 0 0.0727927873368
2.0 0 0.0735810340053
2.01 0 0.0742640746542
2.02 0 0.0748339658948
2.03 0 0.074914202138
2.04 0 0.0746349893544
2.05 0 0.0745285593802
2.06 0 0.0742742913678
2.07 0 0.0740137531809
2.08 0 0.0735801037222
2.09 0 0.072872951654
2.1 0 0.0719805332426
2.11 0 0.070953018508
2.12 0 0.0702911163331
2.13 0 0.0695198156362
2.14 0 0.0689239061018
2.15 0 0.0684816936205
2.16 0 0.0684721654047
2.17 0 0.068407808634
2.18 0 0.0681411588013
2.19 0 0.0680841621913
2.2 0 0.0665553443354
2.21 0 0.065306642763
2.22 0 0.0642107897058
2.23 0 0.0635266653808
2.24 0 0.0631058328589
2.25 0 0.0636541632965
2.26 0 0.0645156320456
2.27 0 0.06540915311
2.28 0 0.067645694862
2.29 0 0.0686792553578
2.3 0 0.0695501129333
2.31 0 0.0710559943787
2.32 0 0.0728055360152
2.33 0 0.0730322375524
2.34 0 0.0736471445906
2.35 0 0.0753205322169
2.36 0 0.076583080154
2.37 0 0.0779072163146
2.38 0 0.0790618582001
2.39 0 0.0809113283963
2.4 0 0.0813383277713
2.41 0 0.0837514188497
2.42 0 0.0844390136853
2.43 0 0.0857209936567
2.44 0 0.0862028354754
2.45 0 0.0874916990551
2.46 0 0.0886724178599
2.47 0 0.0906243422091
2.48 0 0.0907869308132
2.49 0 0.0920107060766
2.5 0 0.0927008154779
2.51 0 0.0930493586713
2.52 0 0.0939164994702
2.53 0 0.0946041184648
2.54 0 0.0951759096052
2.55 0 0.0957705424662
2.56 0 0.0963628144364
2.57 0 0.0969727907403
2.58 0 0.0973178335702
2.59 0 0.0983079175742
2.6 0 0.0987958772933
2.61 0 0.0997233850988
2.62 0 0.10053035727
2.63 0 0.100977425442
2.64 0 0.100751121994
2.65 0 0.0997729350238
2.66 0 0.0988525428902
2.67 0 0.0982856052866
2.68 0 0.0978039255244
2.69 0 0.0973278126646
2.7 0 0.0969645941741
2.71 0 0.0969235566229
2.72 0 0.0968396310091
2.73 0 0.0966442518507
2.74 0 0.095834760074
2.75 0 0.0953063108288
2.76 0 0.0948262999338
2.77 0 0.0947678882927
2.78 0 0.0949925677403
2.79 0 0.094467164249
2.8 0 0.0943011585418
2.81 0 0.093748209671
2.82 0 0.0934260237153
2.83 0 0.0933209908017
2.84 0 0.0928699495536
2.85 0 0.0924801721375
2.86 0 0.0921902860759
2.87 0 0.0922140247939
2.88 0 0.0921236812053
2.89 0 0.0917296441748
2.9 0 0.0912831085377
2.91 0 0.0906281867026
2.92 0 0.0901431553877
2.93 0 0.0897481790594
2.94 0 0.0896714892253
2.95 0 0.0888847686179
2.96 0 0.0881965932062
2.97 0 0.0874173300606
2.98 0 0.0871436806615
2.99 0 0.087615564
3.0 0 0.0881651563736
3.01 0 0.0886775583149
3.02 0 0.089657320811
3.03 0 0.0907992226373
3.04 0 0.0920883030277
3.05 0 0.0939583194452
3.06 0 0.094776153628
3.07 0 0.0968461350831
3.08 0 0.0981877586031
3.09 0 0.0993691791787
3.1 0 0.101295155824
3.11 0 0.10336060616
3.12 0 0.104789570349
3.13 0 0.106880372511
3.14 0 0.109605495683
3.15 0 0.111448673736
3.16 0 0.113736999071
3.17 0 0.117285535871
3.18 0 0.118526819142
3.19 0 0.119807881314
3.2 0 0.121942304453
3.21 0 0.123662657466
3.22 0 0.124752023971
3.23 0 0.126146807278
3.24 0 0.125830162095
3.25 0 0.127037299119
3.26 0 0.127898249474
3.27 0 0.128441942892
3.28 0 0.128571333656
3.29 0 0.128464405686
3.3 0 0.129345518089
3.31 0 0.130208128422
3.32 0 0.130027669024
3.33 0 0.130225846854
3.34 0 0.131074154025
3.35 0 0.132454799449
3.36 0 0.13450593902
3.37 0 0.136041393106
3.38 0 0.137082520164
3.39 0 0.139164611233
3.4 0 0.140264748868
3.41 0 0.140520605993
3.42 0 0.140842098198
3.43 0 0.141347021101
3.44 0 0.141946190917
3.45 0 0.142809226433
3.46 0 0.143858930011
3.47 0 0.145203957685
3.48 0 0.147258130029
3.49 0 0.149303319125
3.5 0 0.151099196414
3.51 0 0.153121912909
3.52 0 0.154184270609
3.53 0 0.154743217838
3.54 0 0.155210921137
3.55 0 0.155642322516
3.56 0 0.155679693151
3.57 0 0.155896217789
3.58 0 0.156412489117
3.59 0 0.156244347906
3.6 0 0.155814901381
3.61 0 0.155494641741
3.62 0 0.15509395012
3.63 0 0.154690955924
3.64 0 0.15402327231
3.65 0 0.153734812441
3.66 0 0.15393066329
3.67 0 0.153877487616
3.68 0 0.153579166248
3.69 0 0.153500554488
3.7 0 0.153750380764
3.71 0 0.15403996561
3.72 0 0.154823973185
3.73 0 0.154963851545
3.74 0 0.155372208057
3.75 0 0.156126349775
3.76 0 0.15691340969
3.77 0 0.157428608639
3.78 0 0.157957024304
3.79 0 0.158566764935
3.8 0 0.159414985696
3.81 0 0.15994517824
3.82 0 0.160984211985
3.83 0 0.16212105484
3.84 0 0.163752189429
3.85 0 0.164735717726
3.86 0 0.166351460694
3.87 0 0.168560401401
3.88 0 0.170840048888
3.89 0 0.171985785286
3.9 0 0.174304772722
3.91 0 0.17631691585
3.92 0 0.178363201584
3.93 0 0.17966205719
3.94 0 0.18374728632
3.95 0 0.184652511365
3.96 0 0.187678762561
3.97 0 0.190883863689
3.98 0 0.191445594123
3.99 0 0.193020475674
4.0 0 0.196237538604
4.01 0 0.197514834571
4.02 0 0.196916274747
4.03 0 0.197792379352
4.04 0 0.199234034931
4.05 0 0.198919382858
4.06 0 0.200669188637
4.07 0 0.200538929705
4.08 0 0.20072187479
4.09 0 0.200149173101
4.1 0 0.20037136478
4.11 0 0.199448912448
4.12 0 0.19907091566
4.13 0 0.19858652221
4.14 0 0.197934049718
4.15 0 0.1980227643
4.16 0 0.197027864284
4.17 0 0.196761142688
4.18 0 0.196305149912
4.19 0 0.195713382008
4.2 0 0.195253057566
4.21 0 0.194220255558
4.22 0 0.193915611745
4.23 0 0.193344062322
4.24 0 0.19267592614
4.25 0 0.191821650082
4.26 0 0.191144856662
4.27 0 0.190693487472
4.28 0 0.190378651809
4.29 0 0.18997603516
4.3 0 0.189964626074
4.31 0 0.190305817374
4.32 0 0.191035513548
4.33 0 0.191795588453
4.34 0 0.192437131956
4.35 0 0.19289354603
4.36 0 0.192788414805
4.37 0 0.193084705927
4.38 0 0.193454418278
4.39 0 0.194035739338
4.4 0 0.194138047652
4.41 0 0.194323992065
4.42 0 0.193284242438
4.43 0 0.192335184738
4.44 0 0.191439930913
4.45 0 0.190674118797
4.46 0 0.189281406115
4.47 0 0.18724721635
4.48 0 0.186168769223
4.49 0 0.185277452466
4.5 0 0.183937244446
4.51 0 0.182047013668
4.52 0 0.180689899293
4.53 0 0.179937974811
4.54 0 0.178666429641
4.55 0 0.178044121444
4.56 0 0.178044121444
4.57 0 0.174798579364
4.58 0 0.173981493903
4.59 0 0.173981493903
4.6 0 0.172235571981
4.61 0 0.172625139105
4.62 0 0.171050731635
4.63 0 0.170370748788
4.64 0 0.168262750187
4.65 0 0.168502886996
4.66 0 0.168035910897
4.67 0 0.167937188401
4.68 0 0.168417808835
4.69 0 0.168289644686
4.7 0 0.170535818712
4.71 0 0.172007855595
4.72 0 0.172266830411
4.73 0 0.173409819114
4.74 0 0.176342680102
4.75 0 0.179539369299
4.76 0 0.179895424261
4.77 0 0.184195342205
4.78 0 0.185019160293
4.79 0 0.186370710328
4.8 0 0.188154646201
4.81 0 0.189957270918
4.82 0 0.191365829791
4.83 0 0.191970978866
4.84 0 0.192780169995
4.85 0 0.19558072811
4.86 0 0.195884515066
4.87 0 0.196203139895
4.88 0 0.198316092708
4.89 0 0.198158740027
4.9 0 0.196387066766
4.91 0 0.195479161251
4.92 0 0.194914060345
4.93 0 0.195039067827
4.94 0 0.193296294913
4.95 0 0.192160118212
4.96 0 0.193416861296
4.97 0 0.195600439624
4.98 0 0.19801105897
4.99 0 0.200934117179
5.0 0 0.2035915875
5.01 0 0.204781770068
5.02 0 0.206078108054
5.03 0 0.208512333686
5.04 0 0.209240312879
5.05 0 0.210102379345
5.06 0 0.211237589831
5.07 0 0.211965177619
5.08 0 0.212832911717
5.09 0 0.21361303161
5.1 0 0.214500123605
5.11 0 0.215014941608
5.12 0 0.215297156274
5.13 0 0.215279877285
5.14 0 0.21571213014
5.15 0 0.216529144898
5.16 0 0.216491651219
5.17 0 0.216568303848
5.18 0 0.217202198187
5.19 0 0.217505876962
5.2 0 0.217431623604
5.21 0 0.217456211904
5.22 0 0.218189567879
5.23 0 0.218336939969
5.24 0 0.217165635968
5.25 0 0.21562337226
5.26 0 0.213628412799
5.27 0 0.212132462856
5.28 0 0.209331562674
5.29 0 0.207427435145
5.3 0 0.206291353132
5.31 0 0.2075930511
5.32 0 0.205583108363
5.33 0 0.203232526806
5.34 0 0.200953070137
5.35 0 0.199558369233
5.36 0 0.197965811958
5.37 0 0.195208885386
5.38 0 0.194338379134
5.39 0 0.193927850444
5.4 0 0.193187592001
5.41 0 0.194354392225
5.42 0 0.193819088713
5.43 0 0.194046309828
5.44 0 0.196129954404
5.45 0 0.196778201726
5.46 0 0.196434496847
5.47 0 0.197678830989
5.48 0 0.200406368888
5.49 0 0.201807783054
5.5 0 0.202142716303
5.51 0 0.203263951387
5.52 0 0.204807265469
5.53 0 0.207933330216
5.54 0 0.206681016477
5.55 0 0.208522680744
5.56 0 0.211314986955
5.57 0 0.212585174521
5.58 0 0.215550006703
5.59 0 0.213747205561
5.6 0 0.213969627272
5.61 0 0.213713573054
5.62 0 0.215311322461
5.63 0 0.213835931772
5.64 0 0.215039333253
5.65 0 0.211967424865
5.66 0 0.211097546005
5.67 0 0.209398131938
5.68 0 0.205352996297
5.69 0 0.203456795503
5.7 0 0.20254414634
5.71 0 0.200765644375
5.72 0 0.196217452438
5.73 0 0.189890340893
5.74 0 0.185019803288
5.75 0 0.177595696284
5.76 0 0.173004793009
5.77 0 0.168579922395
5.78 0 0.164159926775
5.79 0 0.159305687149
5.8 0 0.155222370716
5.81 0 0.151125714823
5.82 0 0.147973747326
5.83 0 0.144304089689
5.84 0 0.140505615942
5.85 0 0.135438806284
5.86 0 0.133004066509
5.87 0 0.128911955918
5.88 0 0.126401771403
5.89 0 0.122503609651
5.9 0 0.120015726061
5.91 0 0.117195041193
5.92 0 0.115386445148
5.93 0 0.114015371033
5.94 0 0.113280113403
5.95 0 0.112665849453
5.96 0 0.112256445102
5.97 0 0.112245764992
5.98 0 0.112208394225
5.99 0 0.112688967988
6.0 0 0.113194521026
6.01 0 0.113524716664
6.02 0 0.114842584807
6.03 0 0.116380224733
6.04 0 0.118095972672
6.05 0 0.119927935442
6.06 0 0.121424759624
6.07 0 0.122572382543
6.08 0 0.123184490825
6.09 0 0.123163714237
6.1 0 0.123530431353
6.11 0 0.123803250441
6.12 0 0.123812959667
6.13 0 0.12396375956
6.14 0 0.124689243567
6.15 0 0.124776337898
6.16 0 0.12443360921
6.17 0 0.12347207517
6.18 0 0.122455234994
6.19 0 0.121348258915
6.2 0 0.121403224397
6.21 0 0.12174226128
6.22 0 0.122117664506
6.23 0 0.122577248244
6.24 0 0.121506102576
6.25 0 0.120556484488
6.26 0 0.122567591161
6.27 0 0.12195215947
6.28 0 0.12300191994
6.29 0 0.124366776142
6.3 0 0.124783876058
6.31 0 0.125043448932
6.32 0 0.125471596398
6.33 0 0.126495137257
6.34 0 0.12791131307
6.35 0 0.129945088557
6.36 0 0.13224635282
6.37 0 0.134843011038
6.38 0 0.137607964562
6.39 0 0.13931802677
6.4 0 0.141522285062
6.41 0 0.143253001174
6.42 0 0.145803850747
6.43 0 0.147441504346
6.44 0 0.14878336566
6.45 0 0.150977213212
6.46 0 0.152735408064
6.47 0 0.153154998397
6.48 0 0.156509803576
6.49 0 0.157483939426
6.5 0 0.157416334422
6.51 0 0.157095155148
6.52 0 0.155755431498
6.53 0 0.155474178363
6.54 0 0.155709729876
6.55 0 0.156545545127
6.56 0 0.155445848371
6.57 0 0.154164297529
6.58 0 0.152703268519
6.59 0 0.150478511566
6.6 0 0.146489768429
6.61 0 0.144457685881
6.62 0 0.143433977909
6.63 0 0.141466828801
6.64 0 0.141282577184
6.65 0 0.14157893337
6.66 0 0.141592713111
6.67 0 0.141288156946
6.68 0 0.141137283687
6.69 0 0.140967293969
6.7 0 0.141166075546
6.71 0 0.141331628245
6.72 0 0.141634534075
6.73 0 0.142095829764
6.74 0 0.142409625443
6.75 0 0.141970995917
6.76 0 0.140851898978
6.77 0 0.140422097068
6.78 0 0.139981094813
6.79 0 0.139791924002
6.8 0 0.139770752961
6.81 0 0.138041728328
6.82 0 0.137340249892
6.83 0 0.136645387005
6.84 0 0.136204365936
6.85 0 0.134773296248
6.86 0 0.133505712851
6.87 0 0.132431508984
6.88 0 0.130559594494
6.89 0 0.129391305729
6.9 0 0.128306800341
6.91 0 0.127741962354
6.92 0 0.127440344235
6.93 0 0.126736255511
6.94 0 0.126065965486
6.95 0 0.124754379085
6.96 0 0.125205087003
6.97 0 0.125101590965
6.98 0 0.126453378247
6.99 0 0.127928236451
7.0 0 0.130752934553
7.01 0 0.130619484477
7.02 0 0.132788356714
7.03 0 0.135127342805
7.04 0 0.138892032781
7.05 0 0.141248946683
7.06 0 0.141246345492
7.07 0 0.144516482088
7.08 0 0.146667939837
7.09 0 0.147084507436
7.1 0 0.150065706335
7.11 0 0.15088300662
7.12 0 0.15362845961
7.13 0 0.154105085714
7.14 0 0.155839660405
7.15 0 0.157887907297
7.16 0 0.159672260898
7.17 0 0.161168815977
7.18 0 0.162446920887
7.19 0 0.163282850126
7.2 0 0.164241619976
7.21 0 0.164754709842
7.22 0 0.16505597016
7.23 0 0.162329788807
7.24 0 0.160935508931
7.25 0 0.162172879725
7.26 0 0.161343547529
7.27 0 0.162150761069
7.28 0 0.162391559489
7.29 0 0.161637929001
7.3 0 0.16203905554
7.31 0 0.162662451915
7.32 0 0.160595352826
7.33 0 0.158322561017
7.34 0 0.157146273887
7.35 0 0.153021718923
7.36 0 0.149109501027
7.37 0 0.145807433877
7.38 0 0.143786384965
7.39 0 0.141246384612
7.4 0 0.139876645528
7.41 0 0.137970467365
7.42 0 0.136764153259
7.43 0 0.136085244732
7.44 0 0.135263188174
7.45 0 0.13444827082
7.46 0 0.13357659288
7.47 0 0.132811123961
7.48 0 0.132273118042
7.49 0 0.131755635833
7.5 0 0.131604956818
7.51 0 0.132206225247
7.52 0 0.133237014046
7.53 0 0.134465079219
7.54 0 0.135206236134
7.55 0 0.135261335344
7.56 0 0.135438038707
7.57 0 0.135195470303
7.58 0 0.135363238075
7.59 0 0.135135403441
7.6 0 0.134950537673
7.61 0 0.135033654528
7.62 0 0.134472557097
7.63 0 0.134592196021
7.64 0 0.135212026999
7.65 0 0.135357561121
7.66 0 0.135500115303
7.67 0 0.13504912004
7.68 0 0.134293053871
7.69 0 0.13336595661
7.7 0 0.132912981418
7.71 0 0.133798204038
7.72 0 0.135087846638
7.73 0 0.13570578353
7.74 0 0.137096757361
7.75 0 0.137402470125
7.76 0 0.137203042962
7.77 0 0.137541936869
7.78 0 0.136581399891
7.79 0 0.136159754944
7.8 0 0.137766024444
7.81 0 0.137654633456
7.82 0 0.137703016536
7.83 0 0.138174070099
7.84 0 0.137853005559
7.85 0 0.138733798505
7.86 0 0.13831320858
7.87 0 0.138923128663
7.88 0 0.14151884534
7.89 0 0.143027858309
7.9 0 0.144038262344
7.91 0 0.146922622803
7.92 0 0.151907336396
7.93 0 0.1551631481
7.94 0 0.158268140977
7.95 0 0.160879607206
7.96 0 0.162973125566
7.97 0 0.167309039555
7.98 0 0.169739359506
7.99 0 0.171977639046
8.0 0 0.172815475765
8.01 0 0.174424069214
8.02 0 0.174988992059
8.03 0 0.17521280171
8.04 0 0.17422825302
8.05 0 0.172210479591
8.06 0 0.16973344783
8.07 0 0.168258729155
8.08 0 0.165928299005
8.09 0 0.163616226911
8.1 0 0.161194306816
8.11 0 0.159287932218
8.12 0 0.157498133309
8.13 0 0.155289330407
8.14 0 0.153157172572
8.15 0 0.150724828901
8.16 0 0.148446092371
8.17 0 0.146105021448
8.18 0 0.144088181104
8.19 0 0.141206575256
8.2 0 0.139070358053
8.21 0 0.138198245018
8.22 0 0.137443856298
8.23 0 0.136879823425
8.24 0 0.137187772678
8.25 0 0.137913794321
8.26 0 0.138954107686
8.27 0 0.139562443096
8.28 0 0.140973778997
8.29 0 0.141301689971
8.3 0 0.141048462651
8.31 0 0.141289263805
8.32 0 0.14155200701
8.33 0 0.142145231836
8.34 0 0.143544002195
8.35 0 0.143825831453
8.36 0 0.144281718833
8.37 0 0.145121144783
8.38 0 0.145495002586
8.39 0 0.145932547861
8.4 0 0.146432382099
8.41 0 0.14668120702
8.42 0 0.147248884058
8.43 0 0.149032310265
8.44 0 0.148655339615
8.45 0 0.14891975687
8.46 0 0.148616107594
8.47 0 0.149032765999
8.48 0 0.150062634827
8.49 0 0.150962617003
8.5 0 0.151864772739
8.51 0 0.152171724489
8.52 0 0.152698526401
8.53 0 0.153278449806
8.54 0 0.154162322804
8.55 0 0.154979848997
8.56 0 0.156524640452
8.57 0 0.15670327907
8.58 0 0.156751162041
8.59 0 0.157467578513
8.6 0 0.157488424094
8.61 0 0.158050863559
8.62 0 0.15877362866
8.63 0 0.160134075887
8.64 0 0.161440509015
8.65 0 0.16431321552
8.66 0 0.165908941084
8.67 0 0.167415501993
8.68 0 0.167245630072
8.69 0 0.168582549034
8.7 0 0.173457312539
8.71 0 0.175719363248
8.72 0 0.179109740773
8.73 0 0.182491431538
8.74 0 0.183469384962
8.75 0 0.18572263828
8.76 0 0.187617033956
8.77 0 0.191948028008
8.78 0 0.193812467611
8.79 0 0.195177859207
8.8 0 0.194820029949
8.81 0 0.196328207557
8.82 0 0.198665905174
8.83 0 0.197908557902
8.84 0 0.20284536106
8.85 0 0.203276767672
8.86 0 0.20269562073
8.87 0 0.201408026079
8.88 0 0.200092896959
8.89 0 0.197975284715
8.9 0 0.195216732235
8.91 0 0.193477130257
8.92 0 0.191728275772
8.93 0 0.187611028429
8.94 0 0.184460546021
8.95 0 0.182421409683
8.96 0 0.180236502043
8.97 0 0.179394008319
8.98 0 0.178730519177
8.99 0 0.178612886552
9.0 0 0.177560154011
9.01 0 0.176589254799
9.02 0 0.17636818794
9.03 0 0.175794328868
9.04 0 0.175920210612
9.05 0 0.176131193025
9.06 0 0.176055016214
9.07 0 0.175358492651
9.08 0 0.175400494954
9.09 0 0.174873734591
9.1 0 0.173722498913
9.11 0 0.172087439427
9.12 0 0.169356813786
9.13 0 0.167832325319
9.14 0 0.165917650723
9.15 0 0.163026178833
9.16 0 0.160124723137
9.17 0 0.155225567543
9.18 0 0.152674756923
9.19 0 0.149588867292
9.2 0 0.146984452022
9.21 0 0.14394598485
9.22 0 0.141678241328
9.23 0 0.139336752032
9.24 0 0.137140818501
9.25 0 0.135896254124
9.26 0 0.135234879407
9.27 0 0.13510251147
9.28 0 0.134537186158
9.29 0 0.134677355747
9.3 0 0.135469152659
9.31 0 0.136783543581
9.32 0 0.138597917183
9.33 0 0.139523465409
9.34 0 0.142415910937
9.35 0 0.144418087794
9.36 0 0.147334458104
9.37 0 0.148651839487
9.38 0 0.148710837208
9.39 0 0.149623482748
9.4 0 0.150952651861
9.41 0 0.151602539189
9.42 0 0.154532238795
9.43 0 0.154967789127
9.44 0 0.158193141636
9.45 0 0.160014781857
9.46 0 0.162714319391
9.47 0 0.16315256569
9.48 0 0.167158246916
9.49 0 0.168075916869
9.5 0 0.172469531543
9.51 0 0.173461616941
9.52 0 0.177660964728
9.53 0 0.179175502439
9.54 0 0.181104105828
9.55 0 0.182825984666
9.56 0 0.181710361118
9.57 0 0.183300042883
9.58 0 0.184722585319
9.59 0 0.186202008181
9.6 0 0.184200958118
9.61 0 0.18409066912
9.62 0 0.183276404438
9.63 0 0.181527090247
9.64 0 0.178656611327
9.65 0 0.176569356028
9.66 0 0.174406859695
9.67 0 0.170999682165
9.68 0 0.168330463056
9.69 0 0.167742154505
9.7 0 0.168176355548
9.71 0 0.168060111397
9.72 0 0.167196575722
9.73 0 0.166826048472
9.74 0 0.166904238208
9.75 0 0.1666935053
9.76 0 0.165797533703
9.77 0 0.166036221486
9.78 0 0.16594530367
9.79 0 0.165377866776
9.8 0 0.164393015946
9.81 0 0.163982679753
9.82 0 0.162560780213
9.83 0 0.162939362143
9.84 0 0.162114180981
9.85 0 0.160409780475
9.86 0 0.159312111177
9.87 0 0.159216905299
9.88 0 0.159874878761
9.89 0 0.161172885294
9.9 0 0.161904539349
9.91 0 0.162697404161
9.92 0 0.1636643121
9.93 0 0.165370022072
9.94 0 0.166345100083
9.95 0 0.167265983022
9.96 0 0.168353247799
9.97 0 0.16935232695
9.98 0 0.169854658533
9.99 0 0.170727087385
10.0 0 0.172343883555
10.01 0 0.172641066558
10.02 0 0.173018047241
10.03 0 0.172621083666
10.04 0 0.172887034518
10.05 0 0.173250871772
10.06 0 0.173421601038
10.07 0 0.173706477339
10.08 0 0.17403398422
10.09 0 0.174463242821
10.1 0 0.17328836042
10.11 0 0.171758746772
10.12 0 0.170682122554
10.13 0 0.170516964035
10.14 0 0.171784887957
10.15 0 0.172588391892
10.16 0 0.173139754136
10.17 0 0.175487183347
10.18 0 0.178345231158
10.19 0 0.179100353587
10.2 0 0.182629570046
10.21 0 0.182712327412
10.22 0 0.185755144377
10.23 0 0.185715325851
10.24 0 0.186462979035
10.25 0 0.189899945559
10.26 0 0.189536710266
10.27 0 0.192550601205
10.28 0 0.19452423658
10.29 0 0.196683435777
10.3 0 0.198006188621
10.31 0 0.199597506709
10.32 0 0.203017377529
10.33 0 0.2047671863
10.34 0 0.204558308946
10.35 0 0.203883587976
10.36 0 0.203128302849
10.37 0 0.203929960565
10.38 0 0.207191147789
10.39 0 0.206680367026
10.4 0 0.209552506136
10.41 0 0.21034096209
10.42 0 0.21002282522
10.43 0 0.20955946111
10.44 0 0.208324112177
10.45 0 0.206949209085
10.46 0 0.204889286032
10.47 0 0.202681858181
10.48 0 0.20048982861
10.49 0 0.198368928844
10.5 0 0.196132686981
10.51 0 0.195514660036
10.52 0 0.194172472898
10.53 0 0.191695479819
10.54 0 0.188973744983
10.55 0 0.18784722077
10.56 0 0.187813361879
10.57 0 0.186195625226
10.58 0 0.184906497251
10.59 0 0.183778159768
10.6 0 0.182495932941
10.61 0 0.181262258881
10.62 0 0.180715207376
10.63 0 0.180055517534
10.64 0 0.180588038955
10.65 0 0.182336465039
10.66 0 0.182466110696
10.67 0 0.18228382252
10.68 0 0.181611367911
10.69 0 0.181058488058
10.7 0 0.180385556225
10.71 0 0.180122149106
10.72 0 0.18085871661
10.73 0 0.182171481703
10.74 0 0.183534342404
10.75 0 0.184497451482
10.76 0 0.185342782993
10.77 0 0.18599906747
10.78 0 0.186133857114
10.79 0 0.18650470048
10.8 0 0.186469470203
10.81 0 0.187693456659
10.82 0 0.189214154777
10.83 0 0.19019991849
10.84 0 0.190767399615
10.85 0 0.192799990674
10.86 0 0.194578099914
10.87 0 0.195315914369
10.88 0 0.195772232537
10.89 0 0.199273339333
10.9 0 0.200911324726
10.91 0 0.206108477843
10.92 0 0.208794580242
10.93 0 0.208776528202
10.94 0 0.208776528202
10.95 0 0.214461531797
10.96 0 0.216389357764
10.97 0 0.218340596677
10.98 0 0.220142376703
10.99 0 0.223346927018
11.0 0 0.225022428
11.01 0 0.225909014642
11.02 0 0.226356942524
11.03 0 0.228154758916
11.04 0 0.230542956984
11.05 0 0.232049015953
11.06 0 0.233561825252
11.07 0 0.236634191026
11.08 0 0.237149229575
11.09 0 0.238375161401
11.1 0 0.241378003611
11.11 0 0.242688016045
11.12 0 0.244631056041
11.13 0 0.245554768079
11.14 0 0.247457765261
11.15 0 0.247939525594
11.16 0 0.248299382058
11.17 0 0.246984409214
11.18 0 0.247371225411
11.19 0 0.247630571683
11.2 0 0.247040872843
11.21 0 0.245840765546
11.22 0 0.243228988858
11.23 0 0.24213800309
11.24 0 0.241175103112
11.25 0 0.239229426548
11.26 0 0.239259333902
11.27 0 0.23922595253
11.28 0 0.238706118944
11.29 0 0.239845391161
11.3 0 0.241572204729
11.31 0 0.244616012398
11.32 0 0.246198918166
11.33 0 0.245995874247
11.34 0 0.245093561941
11.35 0 0.244115544192
11.36 0 0.244078861343
11.37 0 0.244257870556
11.38 0 0.244998539249
11.39 0 0.245815201121
11.4 0 0.246399411634
11.41 0 0.246310882144
11.42 0 0.246290833566
11.43 0 0.245236893977
11.44 0 0.243269234826
11.45 0 0.241292131181
11.46 0 0.240366544539
11.47 0 0.239811369238
11.48 0 0.23880747493
11.49 0 0.236603132528
11.5 0 0.234324040676
11.51 0 0.231622836586
11.52 0 0.23012316981
11.53 0 0.228892784544
11.54 0 0.229037560928
11.55 0 0.229621345466
11.56 0 0.230817678271
11.57 0 0.230581673024
11.58 0 0.231711650811
11.59 0 0.232404430674
11.6 0 0.232935319588
11.61 0 0.234192803487
11.62 0 0.234052464881
11.63 0 0.235231740162
11.64 0 0.23797038485
11.65 0 0.239957353172
11.66 0 0.241290480032
11.67 0 0.243615133729
11.68 0 0.243849963137
11.69 0 0.245492583982
11.7 0 0.248556523334
11.71 0 0.252287936025
11.72 0 0.255136408591
11.73 0 0.257247254742
11.74 0 0.258618754897
11.75 0 0.262479620092
11.76 0 0.263417028049
11.77 0 0.265056256874
11.78 0 0.26958638507
11.79 0 0.268565743913
11.8 0 0.27159086282
11.81 0 0.269367370288
11.82 0 0.26832407884
11.83 0 0.269698664857
11.84 0 0.267265229928
11.85 0 0.268765378462
11.86 0 0.268705743423
11.87 0 0.26904354966
11.88 0 0.271717309947
11.89 0 0.27421484557
11.9 0 0.27544484257
11.91 0 0.275703067248
11.92 0 0.276134352957
11.93 0 0.275645247257
11.94 0 0.274862383691
11.95 0 0.273342112991
11.96 0 0.271224130541
11.97 0 0.268213846943
11.98 0 0.265555866374
11.99 0 0.264294901586
12.0 0 0.262656831191
12.01 0 0.261604799999
12.02 0 0.261434875665
12.03 0 0.259969906922
12.04 0 0.257609260399
12.05 0 0.255334866988
12.06 0 0.254689033528
12.07 0 0.25541503268
12.08 0 0.256516372124
12.09 0 0.258420970337
12.1 0 0.261307913955
12.11 0 0.262264394218
12.12 0 0.262976776771
12.13 0 0.262350217675
12.14 0 0.261575965921
12.15 0 0.26150263753
12.16 0 0.261001568459
12.17 0 0.260768868355
12.18 0 0.25937421099
12.19 0 0.257999733309
12.2 0 0.25777384942
12.21 0 0.257893944995
12.22 0 0.257604954962
12.23 0 0.256068888155
12.24 0 0.25537295232
12.25 0 0.25525227924
12.26 0 0.255429534518
12.27 0 0.255526635727
12.28 0 0.255220680795
12.29 0 0.254664564076
12.3 0 0.254441233301
12.31 0 0.254049335793
12.32 0 0.25350979881
12.33 0 0.252840598529
12.34 0 0.252660763278
12.35 0 0.252813305362
12.36 0 0.253860110548
12.37 0 0.254883054207
12.38 0 0.255897832251
12.39 0 0.256853362318
12.4 0 0.258127497129
12.41 0 0.259497495303
12.42 0 0.260896102991
12.43 0 0.262182985246
12.44 0 0.265153032659
12.45 0 0.26867734875
12.46 0 0.269431730649
12.47 0 0.274204179251
12.48 0 0.274413586133
12.49 0 0.274773722421
12.5 0 0.273305824188
12.51 0 0.275540509982
12.52 0 0.272731234218
12.53 0 0.274396574696
12.54 0 0.274770317044
12.55 0 0.27400604128
12.56 0 0.278408712102
12.57 0 0.280491317183
12.58 0 0.28077575082
12.59 0 0.28440018906
12.6 0 0.282822811631
12.61 0 0.29094821447
12.62 0 0.293366763845
12.63 0 0.297336554406
12.64 0 0.299682241679
12.65 0 0.299435191959
12.66 0 0.303283468854
12.67 0 0.304368162719
12.68 0 0.30585769652
12.69 0 0.307451526035
12.7 0 0.308292001173
12.71 0 0.308961853898
12.72 0 0.309513427329
12.73 0 0.308993384186
12.74 0 0.308079868379
12.75 0 0.30687462858
12.76 0 0.307288364061
12.77 0 0.3053900009
12.78 0 0.302801364386
12.79 0 0.300844745769
12.8 0 0.300554662742
12.81 0 0.298343470347
12.82 0 0.297804045497
12.83 0 0.295449339849
12.84 0 0.293145539069
12.85 0 0.292213733754
12.86 0 0.292495601859
12.87 0 0.291731805628
12.88 0 0.290195595519
12.89 0 0.290069061693
12.9 0 0.289542510262
12.91 0 0.289105660339
12.92 0 0.288940526395
12.93 0 0.28886992418
12.94 0 0.288783150127
12.95 0 0.288165996475
12.96 0 0.2876134545
12.97 0 0.287332277234
12.98 0 0.287431029056
12.99 0 0.28854337444
13.0 0 0.289158447155
13.01 0 0.289408142106
13.02 0 0.289524123152
13.03 0 0.289851289525
13.04 0 0.290249191416
13.05 0 0.290594816506
13.06 0 0.29093811319
13.07 0 0.291299318476
13.08 0 0.29088639594
13.09 0 0.290479703037
13.1 0 0.290954648453
13.11 0 0.291929457043
13.12 0 0.291762431909
13.13 0 0.291762431909
13.14 0 0.291762431909
13.15 0 0.292218177346
13.16 0 0.292778541012
13.17 0 0.294444700165
13.18 0 0.295971396849
13.19 0 0.296965969709
13.2 0 0.297599267844
13.21 0 0.297482115701
13.22 0 0.298692253209
13.23 0 0.300353567528
13.24 0 0.305091436494
13.25 0 0.306788745963
13.26 0 0.309827503199
13.27 0 0.311004007498
13.28 0 0.314242981359
13.29 0 0.316156947042
13.3 0 0.31734423525
13.31 0 0.318495992599
13.32 0 0.323409170972
13.33 0 0.327390026293
13.34 0 0.330563853899
13.35 0 0.333865866483
13.36 0 0.331709110341
13.37 0 0.333681934429
13.38 0 0.334440296123
13.39 0 0.340156017772
13.4 0 0.3404047042
13.41 0 0.340057157378
13.42 0 0.341335175051
13.43 0 0.342683607526
13.44 0 0.343249483507
13.45 0 0.341796603924
13.46 0 0.339208790397
13.47 0 0.339131201148
13.48 0 0.338450367649
13.49 0 0.34073912228
13.5 0 0.341231869376
13.51 0 0.341731462591
13.52 0 0.3418459085
13.53 0 0.341211790461
13.54 0 0.340572376971
13.55 0 0.338863664769
13.56 0 0.338404922405
13.57 0 0.337607213555
13.58 0 0.33855416874
13.59 0 0.33798536006
13.6 0 0.337699705653
13.61 0 0.336466388221
13.62 0 0.333703873491
13.63 0 0.33376450171
13.64 0 0.33448869113
13.65 0 0.335117372884
13.66 0 0.33568234625
13.67 0 0.335584601172
13.68 0 0.333474477281
13.69 0 0.331916138473
13.7 0 0.33104123889
13.71 0 0.329495394111
13.72 0 0.328442301158
13.73 0 0.328450989415
13.74 0 0.328301685367
13.75 0 0.328348663082
13.76 0 0.328613122231
13.77 0 0.328390644683
13.78 0 0.328550131086
13.79 0 0.328246813032
13.8 0 0.327727657389
13.81 0 0.32760649482
13.82 0 0.327478064495
13.83 0 0.327580396004
13.84 0 0.327468318189
13.85 0 0.327324573347
13.86 0 0.327667389444
13.87 0 0.328238648611
13.88 0 0.328584249795
13.89 0 0.328233145913
13.9 0 0.327222237791
13.91 0 0.326643191579
13.92 0 0.326902860766
13.93 0 0.327742226422
13.94 0 0.328297392195
13.95 0 0.329447383044
13.96 0 0.330142143662
13.97 0 0.331783463368
13.98 0 0.333324266226
13.99 0 0.333783950821
14.0 0 0.335671542047
14.01 0 0.336940816749
14.02 0 0.336154936779
14.03 0 0.339678251634
14.04 0 0.33905876223
14.05 0 0.343926048443
14.06 0 0.346850992582
14.07 0 0.349171161019
14.08 0 0.348275735845
14.09 0 0.350900750008
14.1 0 0.353400412872
14.11 0 0.357106430887
14.12 0 0.359891992108
14.13 0 0.360356563074
14.14 0 0.364401676136
14.15 0 0.365480864486
14.16 0 0.365744052157
14.17 0 0.367150760197
14.18 0 0.370339419525
14.19 0 0.370161787513
14.2 0 0.371016742831
14.21 0 0.370348465294
14.22 0 0.370311763113
14.23 0 0.370309980887
14.24 0 0.369519259906
14.25 0 0.369552389666
14.26 0 0.37136253505
14.27 0 0.373553427816
14.28 0 0.374583703371
14.29 0 0.375711835687
14.3 0 0.375747235586
14.31 0 0.375292663847
14.32 0 0.37452868127
14.33 0 0.373132333421
14.34 0 0.371441555728
14.35 0 0.369129700599
14.36 0 0.368675292105
14.37 0 0.368535403453
14.38 0 0.368583083186
14.39 0 0.367790162641
14.4 0 0.367211102268
14.41 0 0.365628759404
14.42 0 0.365062744938
14.43 0 0.364729182611
14.44 0 0.364740519447
14.45 0 0.364674207793
14.46 0 0.36600232434
14.47 0 0.365517488801
14.48 0 0.364343190549
14.49 0 0.363684395526
14.5 0 0.363115539628
14.51 0 0.361814462876
14.52 0 0.361274950537
14.53 0 0.361008209994
14.54 0 0.360502864919
14.55 0 0.359381767828
14.56 0 0.35801723118
14.57 0 0.356651872798
14.58 0 0.35593061303
14.59 0 0.356205108563
14.6 0 0.357281562907
14.61 0 0.357946794004
14.62 0 0.358884977738
14.63 0 0.359042854863
14.64 0 0.359652598385
14.65 0 0.360271138088
14.66 0 0.360527064344
14.67 0 0.36042918349
14.68 0 0.360591093233
14.69 0 0.360469773457
14.7 0 0.360839206073
14.71 0 0.36090311002
14.72 0 0.36116965414
14.73 0 0.361762760986
14.74 0 0.363207596638
14.75 0 0.36449977708
14.76 0 0.365141699837
14.77 0 0.366219438324
14.78 0 0.368436572233
14.79 0 0.369224080355
14.8 0 0.369732178985
14.81 0 0.372852567243
14.82 0 0.37219077732
14.83 0 0.374845907271
14.84 0 0.378892093136
14.85 0 0.378845841077
14.86 0 0.383370846735
14.87 0 0.382149515415
14.88 0 0.383386958683
14.89 0 0.388528873641
14.9 0 0.387817846485
14.91 0 0.389480451059
14.92 0 0.387732614939
14.93 0 0.391426003785
14.94 0 0.392672686335
14.95 0 0.393603412127
14.96 0 0.396731393521
14.97 0 0.396045723402
14.98 0 0.398963696534
14.99 0 0.40170095872
15.0 0 0.40513581024
15.01 0 0.40909193854
15.02 0 0.411376668959
15.03 0 0.412981331822
15.04 0 0.415177675568
15.05 0 0.417009193786
15.06 0 0.417335957295
15.07 0 0.417416571745
15.08 0 0.417228733726
15.09 0 0.417286425633
15.1 0 0.416235393889
15.11 0 0.414775810478
15.12 0 0.413721317401
15.13 0 0.412599643035
15.14 0 0.411793600866
15.15 0 0.410647160964
15.16 0 0.410124382239
15.17 0 0.409762823095
15.18 0 0.409115037674
15.19 0 0.409857706067
15.2 0 0.410077964752
15.21 0 0.409425312641
15.22 0 0.408080251883
15.23 0 0.407523833465
15.24 0 0.406730387377
15.25 0 0.406623851621
15.26 0 0.406263337089
15.27 0 0.404844200641
15.28 0 0.403927527271
15.29 0 0.403643902157
15.3 0 0.402419598878
15.31 0 0.402396164235
15.32 0 0.402198827883
15.33 0 0.400937575185
15.34 0 0.400740409808
15.35 0 0.400514173994
15.36 0 0.400117571249
15.37 0 0.399893788801
15.38 0 0.399040599204
15.39 0 0.398149632032
15.4 0 0.397687540036
15.41 0 0.397589797809
15.42 0 0.397839810606
15.43 0 0.397940358182
15.44 0 0.398068950315
15.45 0 0.398433370028
15.46 0 0.399158411867
15.47 0 0.399569490996
15.48 0 0.399295177184
15.49 0 0.399886813028
15.5 0 0.401054106928
15.51 0 0.402069038181
15.52 0 0.403087927866
15.53 0 0.405400442685
15.54 0 0.407647693452
15.55 0 0.408925354215
15.56 0 0.410584058778
15.57 0 0.411875961443
15.58 0 0.411494188204
15.59 0 0.415181633105
15.6 0 0.414358963673
15.61 0 0.414649778962
15.62 0 0.419214748394
15.63 0 0.421406961326
15.64 0 0.420885297236
15.65 0 0.42116115469
15.66 0 0.424651829682
15.67 0 0.426310826529
15.68 0 0.429317275834
15.69 0 0.429488644191
15.7 0 0.43213048636
15.71 0 0.430972571534
15.72 0 0.432647141828
15.73 0 0.434309176288
15.74 0 0.432001739368
15.75 0 0.436000333916
15.76 0 0.434770155737
15.77 0 0.43897535829
15.78 0 0.44253152717
15.79 0 0.443497153574
15.8 0 0.445984559591
15.81 0 0.447763596284
15.82 0 0.449396407009
15.83 0 0.451021886995
15.84 0 0.451536330777
15.85 0 0.451713768651
15.86 0 0.451575994004
15.87 0 0.450783293746
15.88 0 0.449345190355
15.89 0 0.448835603289
15.9 0 0.447890504153
15.91 0 0.447133292745
15.92 0 0.446030255334
15.93 0 0.444448354962
15.94 0 0.442961946283
15.95 0 0.441029887033
15.96 0 0.439216891458
15.97 0 0.437363060392
15.98 0 0.436327038638
15.99 0 0.434892806827
16.0 0 0.434562948744
16.01 0 0.433954986002
16.02 0 0.433684361701
16.03 0 0.433424508363
16.04 0 0.432691284813
16.05 0 0.432284342831
16.06 0 0.431852838384
16.07 0 0.430905403235
16.08 0 0.429877359238
16.09 0 0.428462439636
16.1 0 0.427281256768
16.11 0 0.426033833827
16.12 0 0.42486249637
16.13 0 0.423407774676
16.14 0 0.422526745984
16.15 0 0.421910936192
16.16 0 0.421640039011
16.17 0 0.422591123113
16.18 0 0.422791333921
16.19 0 0.424872299087
16.2 0 0.426840588405
16.21 0 0.428551935423
16.22 0 0.429547718697
16.23 0 0.429543597383
16.24 0 0.429059071657
16.25 0 0.428878804081
16.26 0 0.428402709125
16.27 0 0.42829438336
16.28 0 0.428256958501
16.29 0 0.428013055603
16.3 0 0.428799084353
16.31 0 0.429368061243
16.32 0 0.429598866195
16.33 0 0.430035046968
16.34 0 0.432805122333
16.35 0 0.434406184879
16.36 0 0.434964734658
16.37 0 0.435754008092
16.38 0 0.439496275906
16.39 0 0.44086299332
16.4 0 0.442790419157
16.41 0 0.447036798245
16.42 0 0.450819975364
16.43 0 0.450783186535
16.44 0 0.452203065303
16.45 0 0.457928490305
16.46 0 0.459628278261
16.47 0 0.455044634958
16.48 0 0.457935015577
16.49 0 0.458056210597
16.5 0 0.459252486775
16.51 0 0.461712166996
16.52 0 0.459838060271
16.53 0 0.46437462113
16.54 0 0.466621733968
16.55 0 0.471033765969
16.56 0 0.471927789686
16.57 0 0.471780098959
16.58 0 0.471779622254
16.59 0 0.472136012868
16.6 0 0.471578733384
16.61 0 0.471190058917
16.62 0 0.471319817896
16.63 0 0.471405615777
16.64 0 0.472169329961
16.65 0 0.472379952891
16.66 0 0.472522473592
16.67 0 0.472200111756
16.68 0 0.471378723144
16.69 0 0.470357335863
16.7 0 0.469252647078
16.71 0 0.468467214024
16.72 0 0.467712948811
16.73 0 0.465493818756
16.74 0 0.462996222997
16.75 0 0.460520201427
16.76 0 0.457250819958
16.77 0 0.456508968265
16.78 0 0.456567388292
16.79 0 0.456908908037
16.8 0 0.456907636289
16.81 0 0.455860615273
16.82 0 0.454854217668
16.83 0 0.453075242967
16.84 0 0.45167059558
16.85 0 0.449911091961
16.86 0 0.447640979788
16.87 0 0.446001558488
16.88 0 0.443475200085
16.89 0 0.44024736643
16.9 0 0.436615598054
16.91 0 0.43492755448
16.92 0 0.434121197658
16.93 0 0.432551330965
16.94 0 0.43188490527
16.95 0 0.430817042634
16.96 0 0.430484120407
16.97 0 0.43127139426
16.98 0 0.431447134628
16.99 0 0.432160850452
17.0 0 0.432034823
17.01 0 0.431009690905
17.02 0 0.429966477142
17.03 0 0.428451606216
17.04 0 0.428696770139
17.05 0 0.42981783989
17.06 0 0.430460390788
17.07 0 0.430740764296
17.08 0 0.430539967647
17.09 0 0.430755482059
17.1 0 0.431877034238
17.11 0 0.432983439927
17.12 0 0.433291911112
17.13 0 0.432756320225
17.14 0 0.430131572005
17.15 0 0.431543327467
17.16 0 0.433408846713
17.17 0 0.436200905148
17.18 0 0.435025487165
17.19 0 0.437930566589
17.2 0 0.440704041071
17.21 0 0.442900056541
17.22 0 0.446201028931
17.23 0 0.450156189417
17.24 0 0.450794175562
17.25 0 0.449429153096
17.26 0 0.45411467655
17.27 0 0.457370865799
17.28 0 0.458519450791
17.29 0 0.459121627047
17.3 0 0.460555637519
17.31 0 0.461735403408
17.32 0 0.463482573407
17.33 0 0.462741216315
17.34 0 0.459840353094
17.35 0 0.459628761321
17.36 0 0.45595560614
17.37 0 0.458814112446
17.38 0 0.455098714476
17.39 0 0.460961766764
17.4 0 0.466090866449
17.41 0 0.466231469047
17.42 0 0.470250943328
17.43 0 0.470377417661
17.44 0 0.470262142769
17.45 0 0.470502801095
17.46 0 0.470897385562
17.47 0 0.470866700491
17.48 0 0.471816172819
17.49 0 0.472499620495
17.5 0 0.472250961886
17.51 0 0.472126109101
17.52 0 0.471964243262
17.53 0 0.47124896619
17.54 0 0.469712409016
17.55 0 0.469988361749
17.56 0 0.470355729886
17.57 0 0.469077854046
17.58 0 0.465295597664
17.59 0 0.463984101843
17.6 0 0.463083101526
17.61 0 0.46232532023
17.62 0 0.461864596553
17.63 0 0.461126550877
17.64 0 0.460651220359
17.65 0 0.460090881381
17.66 0 0.459456765362
17.67 0 0.459480103929
17.68 0 0.459004810225
17.69 0 0.457635102223
17.7 0 0.456982806863
17.71 0 0.456453774528
17.72 0 0.455927395622
17.73 0 0.454610657049
17.74 0 0.453687452461
17.75 0 0.452307825036
17.76 0 0.451198623503
17.77 0 0.451655591979
17.78 0 0.452688756239
17.79 0 0.453850476556
17.8 0 0.454695664055
17.81 0 0.455807612858
17.82 0 0.457204797226
17.83 0 0.458530203533
17.84 0 0.460265404963
17.85 0 0.461131029219
17.86 0 0.461710277169
17.87 0 0.461985003277
17.88 0 0.462029011167
17.89 0 0.463312848832
17.9 0 0.464421399596
17.91 0 0.466794767396
17.92 0 0.468185476358
17.93 0 0.467931126032
17.94 0 0.47074018536
17.95 0 0.47206728845
17.96 0 0.472670266387
17.97 0 0.474151586788
17.98 0 0.47412876705
17.99 0 0.478819033064
18.0 0 0.477338055017
18.01 0 0.479537585378
18.02 0 0.481570752758
18.03 0 0.484051949259
18.04 0 0.490499122306
18.05 0 0.491931276729
18.06 0 0.492029772139
18.07 0 0.490166459278
18.08 0 0.492870321497
18.09 0 0.494925881875
18.1 0 0.493650815894
18.11 0 0.498144903172
18.12 0 0.5013447674
18.13 0 0.503125336764
18.14 0 0.504188679061
18.15 0 0.504887079035
18.16 0 0.505749307943
18.17 0 0.506725475586
18.18 0 0.507558836981
18.19 0 0.508367217101
18.2 0 0.50961904384
18.21 0 0.510252915752
18.22 0 0.510080061305
18.23 0 0.509595952761
18.24 0 0.508414660115
18.25 0 0.507271376639
18.26 0 0.506869604312
18.27 0 0.507997437096
18.28 0 0.507672356921
18.29 0 0.506007413527
18.3 0 0.505167064359
18.31 0 0.50511618607
18.32 0 0.505576072224
18.33 0 0.504876147898
18.34 0 0.502048355404
18.35 0 0.499987580829
18.36 0 0.497869264098
18.37 0 0.496871789697
18.38 0 0.495880285653
18.39 0 0.49592429055
18.4 0 0.496075276662
18.41 0 0.49528706551
18.42 0 0.493839954872
18.43 0 0.493108599986
18.44 0 0.492018832697
18.45 0 0.489882986846
18.46 0 0.488224081041
18.47 0 0.485829922741
18.48 0 0.484056536459
18.49 0 0.482995190037
18.5 0 0.482937190218
18.51 0 0.482894114395
18.52 0 0.483201401014
18.53 0 0.482834619006
18.54 0 0.482769078167
18.55 0 0.482994241883
18.56 0 0.484653618021
18.57 0 0.485817178559
18.58 0 0.487365884183
18.59 0 0.488951720324
18.6 0 0.490034794307
18.61 0 0.490399934711
18.62 0 0.489495613994
18.63 0 0.488429742949
18.64 0 0.48820755494
18.65 0 0.48825083677
18.66 0 0.488553023171
18.67 0 0.489993268838
18.68 0 0.490279263035
18.69 0 0.49058364884
18.7 0 0.492360616327
18.71 0 0.493813006267
18.72 0 0.4952753227
18.73 0 0.498261158742
18.74 0 0.498788878285
18.75 0 0.49688471434
18.76 0 0.498739818772
18.77 0 0.499838193098
18.78 0 0.503246586122
18.79 0 0.503618331997
18.8 0 0.507807108166
18.81 0 0.505799509819
18.82 0 0.508673326391
18.83 0 0.506570693187
18.84 0 0.510574673578
18.85 0 0.51208101953
18.86 0 0.512095572196
18.87 0 0.513748278442
18.88 0 0.515772200863
18.89 0 0.513858952103
18.9 0 0.512379431821
18.91 0 0.512172383493
18.92 0 0.512012407893
18.93 0 0.512465787413
18.94 0 0.513691695294
18.95 0 0.5119336796
18.96 0 0.511063485433
18.97 0 0.51357441788
18.98 0 0.514563337366
18.99 0 0.513712772364
19.0 0 0.515247040991
19.01 0 0.516854582322
19.02 0 0.517535996934
19.03 0 0.517219092705
19.04 0 0.517211016397
19.05 0 0.516177980309
19.06 0 0.515597943158
19.07 0 0.515255775953
19.08 0 0.513695926019
19.09 0 0.513206576757
19.1 0 0.51277889678
19.11 0 0.512297571327
19.12 0 0.512216884043
19.13 0 0.511064487385
19.14 0 0.511775848341
19.15 0 0.511685897842
19.16 0 0.511316648862
19.17 0 0.510724018699
19.18 0 0.511332428266
19.19 0 0.510995218124
19.2 0 0.510249846564
19.21 0 0.508854754933
19.22 0 0.507764163899
19.23 0 0.507012874838
19.24 0 0.506049835767
19.25 0 0.5036659277
19.26 0 0.500995957517
19.27 0 0.499463498982
19.28 0 0.498328615901
19.29 0 0.498405818996
19.3 0 0.497900656638
19.31 0 0.498130209604
19.32 0 0.499477549332
19.33 0 0.499800399639
19.34 0 0.499784067295
19.35 0 0.499752921568
19.36 0 0.499793748293
19.37 0 0.500908984734
19.38 0 0.50160080176
19.39 0 0.503490877733
19.4 0 0.504046702204
19.41 0 0.504734036869
19.42 0 0.50487819185
19.43 0 0.505085660623
19.44 0 0.50432717053
19.45 0 0.504100119878
19.46 0 0.504444333279
19.47 0 0.504963286897
19.48 0 0.504950224316
19.49 0 0.504537644309
19.5 0 0.505484407425
19.51 0 0.50701481712
19.52 0 0.509242699595
19.53 0 0.51256977877
19.54 0 0.515865662116
19.55 0 0.518841494094
19.56 0 0.517901471746
19.57 0 0.519064648797
19.58 0 0.519721601213
19.59 0 0.523979893513
19.6 0 0.523635242374
19.61 0 0.523999033102
19.62 0 0.524419792427
19.63 0 0.529472953251
19.64 0 0.531832975004
19.65 0 0.533797123179
19.66 0 0.537260427676
19.67 0 0.536868268169
19.68 0 0.536570798898
19.69 0 0.535674357089
19.7 0 0.533267343955
19.71 0 0.53358928945
19.72 0 0.535338567467
19.73 0 0.534442276091
19.74 0 0.53399144435
19.75 0 0.534219585614
19.76 0 0.533859278583
19.77 0 0.534863088459
19.78 0 0.535384658617
19.79 0 0.536161049322
19.8 0 0.537248291396
19.81 0 0.538055800998
19.82 0 0.537122576543
19.83 0 0.536448880938
19.84 0 0.535925553448
19.85 0 0.536072592084
19.86 0 0.535371107265
19.87 0 0.535846870203
19.88 0 0.535864461929
19.89 0 0.536396581894
19.9 0 0.538040243355
19.91 0 0.538880798348
19.92 0 0.538127965029
19.93 0 0.538374564809
19.94 0 0.538513669879
19.95 0 0.538112337671
19.96 0 0.538156571026
19.97 0 0.538169529003
19.98 0 0.537867496258
19.99 0 0.537674932236
20.0 0 0.5362223373
20.01 0 0.535164639235
20.02 0 0.534005142403
20.03 0 0.532400854597
20.04 0 0.531584928051
20.05 0 0.530691927643
20.06 0 0.529883042154
20.07 0 0.52901841799
20.08 0 0.528356042098
20.09 0 0.528554581906
20.1 0 0.529153485312
20.11 0 0.529413960384
20.12 0 0.52998035651
20.13 0 0.530803562971
20.14 0 0.531188552299
20.15 0 0.531615735086
20.16 0 0.532367585603
20.17 0 0.533346234005
20.18 0 0.533861679712
20.19 0 0.534290565565
20.2 0 0.535075886094
20.21 0 0.535483335181
20.22 0 0.536217653041
20.23 0 0.537187037531
20.24 0 0.538612981013
20.25 0 0.53942455341
20.26 0 0.540026446518
20.27 0 0.542282891876
20.28 0 0.542184542352
20.29 0 0.542400020124
20.3 0 0.543105614313
20.31 0 0.546589322673
20.32 0 0.546302969455
20.33 0 0.549906471765
20.34 0 0.549660250419
20.35 0 0.554147789386
20.36 0 0.55210769471
20.37 0 0.555621906342
20.38 0 0.556944456969
20.39 0 0.559252589574
20.4 0 0.560190048505
20.41 0 0.561935783218
20.42 0 0.561019543736
20.43 0 0.566802965787
20.44 0 0.574156083224
20.45 0 0.573695775567
20.46 0 0.57296796793
20.47 0 0.573304444965
20.48 0 0.57076272951
20.49 0 0.571377913691
20.5 0 0.569339031964
20.51 0 0.566589223075
20.52 0 0.572979921664
20.53 0 0.572881261743
20.54 0 0.572353564586
20.55 0 0.567825119463
20.56 0 0.571128789428
20.57 0 0.576110849965
20.58 0 0.57575718138
20.59 0 0.574698422151
20.6 0 0.574127582207
20.61 0 0.573919404388
20.62 0 0.574279633198
20.63 0 0.574653546695
20.64 0 0.574674318106
20.65 0 0.574849617618
20.66 0 0.575484340521
20.67 0 0.575646973406
20.68 0 0.574904809101
20.69 0 0.574372374625
20.7 0 0.57427527533
20.71 0 0.573170772029
20.72 0 0.572701054405
20.73 0 0.572321020688
20.74 0 0.571423954032
20.75 0 0.570628007462
20.76 0 0.569708791827
20.77 0 0.568992808708
20.78 0 0.567549783827
20.79 0 0.566625176045
20.8 0 0.564434676205
20.81 0 0.563421228538
20.82 0 0.562783744311
20.83 0 0.563146667107
20.84 0 0.563104557842
20.85 0 0.562141605677
20.86 0 0.560852699168
20.87 0 0.560039481867
20.88 0 0.559903434078
20.89 0 0.560312204581
20.9 0 0.560373110622
20.91 0 0.559941960057
20.92 0 0.560321317168
20.93 0 0.561863579091
20.94 0 0.563587351527
20.95 0 0.566053567922
20.96 0 0.567743811313
20.97 0 0.569115387019
20.98 0 0.571599110026
20.99 0 0.573257876685
21.0 0 0.574078861474
21.01 0 0.574783081192
21.02 0 0.575918828546
21.03 0 0.575659493697
21.04 0 0.576411921487
21.05 0 0.578325555928
21.06 0 0.578976694665
21.07 0 0.579898087421
21.08 0 0.583452377314
21.09 0 0.585062627876
21.1 0 0.586600242989
21.11 0 0.589155563604
21.12 0 0.594166735881
21.13 0 0.593408172838
21.14 0 0.595798394668
21.15 0 0.596959535212
21.16 0 0.600369347253
21.17 0 0.605612612568
21.18 0 0.608944363977
21.19 0 0.610483575419
21.2 0 0.614800923359
21.21 0 0.619001099984
21.22 0 0.619090677726
21.23 0 0.618765631704
21.24 0 0.617364293009
21.25 0 0.615193975302
21.26 0 0.615012772043
21.27 0 0.614469930767
21.28 0 0.613908860868
21.29 0 0.613291450881
21.3 0 0.612865740669
21.31 0 0.615102485732
21.32 0 0.616586252743
21.33 0 0.616383089818
21.34 0 0.616705936972
21.35 0 0.616435957285
21.36 0 0.616113873706
21.37 0 0.615272777531
21.38 0 0.614459824928
21.39 0 0.613111385397
21.4 0 0.612681523757
21.41 0 0.612078673906
21.42 0 0.611378513722
21.43 0 0.612038354735
21.44 0 0.61150808757
21.45 0 0.610762326288
21.46 0 0.610195710084
21.47 0 0.610340415823
21.48 0 0.612025496614
21.49 0 0.611539832151
21.5 0 0.610394332561
21.51 0 0.609688492831
21.52 0 0.609249936254
21.53 0 0.610070666299
21.54 0 0.610945557588
21.55 0 0.610604392726
21.56 0 0.610732419639
21.57 0 0.612114398818
21.58 0 0.612220639217
21.59 0 0.611076136044
21.6 0 0.609354250365
21.61 0 0.607507506751
21.62 0 0.604733399586
21.63 0 0.602075631726
21.64 0 0.597896337288
21.65 0 0.59488086456
21.66 0 0.592632683172
21.67 0 0.592299962347
21.68 0 0.592303924266
21.69 0 0.591527500728
21.7 0 0.591295729852
21.71 0 0.592432082772
21.72 0 0.592652491805
21.73 0 0.59277585555
21.74 0 0.594083351475
21.75 0 0.595198267009
21.76 0 0.595303935893
21.77 0 0.596299352235
21.78 0 0.59700585139
21.79 0 0.597542639768
21.8 0 0.597696296705
21.81 0 0.597778431926
21.82 0 0.599751601891
21.83 0 0.600085855326
21.84 0 0.601766764779
21.85 0 0.603784833315
21.86 0 0.604921556141
21.87 0 0.608112487156
21.88 0 0.61092868096
21.89 0 0.612799120913
21.9 0 0.614109823707
21.91 0 0.61675271257
21.92 0 0.618621508203
21.93 0 0.615055740242
21.94 0 0.610348310801
21.95 0 0.618160218959
21.96 0 0.616789529324
21.97 0 0.62362579853
21.98 0 0.626211820381
21.99 0 0.632563495547
22.0 0 0.635247169306
22.01 0 0.638728319151
22.02 0 0.641378612295
22.03 0 0.641426898815
22.04 0 0.641453659825
22.05 0 0.641617648351
22.06 0 0.642570185853
22.07 0 0.642140271204
22.08 0 0.641999726184
22.09 0 0.643087190349
22.1 0 0.64396083236
22.11 0 0.645945867525
22.12 0 0.647912496937
22.13 0 0.649488564669
22.14 0 0.65142212454
22.15 0 0.651277675558
22.16 0 0.65077789485
22.17 0 0.649431401843
22.18 0 0.648036877572
22.19 0 0.646241574319
22.2 0 0.646426619577
22.21 0 0.6458726028
22.22 0 0.645575314998
22.23 0 0.64492135774
22.24 0 0.643238364116
22.25 0 0.641477261269
22.26 0 0.639878035606
22.27 0 0.636913589869
22.28 0 0.637011033353
22.29 0 0.637493456535
22.3 0 0.638025074036
22.31 0 0.638032249613
22.32 0 0.638205974143
22.33 0 0.638381849626
22.34 0 0.638688832297
22.35 0 0.637874905479
22.36 0 0.637433277617
22.37 0 0.636921863236
22.38 0 0.635827269516
22.39 0 0.63539794298
22.4 0 0.635551195661
22.41 0 0.635706118062
22.42 0 0.635857594982
22.43 0 0.636769910812
22.44 0 0.637838570593
22.45 0 0.638433161783
22.46 0 0.638620173783
22.47 0 0.638279041687
22.48 0 0.638951433194
22.49 0 0.639573463265
22.5 0 0.640693686208
22.51 0 0.641084545746
22.52 0 0.643021480324
22.53 0 0.6445693093
22.54 0 0.645006709301
22.55 0 0.645597472296
22.56 0 0.64587521367
22.57 0 0.646305714253
22.58 0 0.645862260082
22.59 0 0.646463391059
22.6 0 0.646254679776
22.61 0 0.645618561306
22.62 0 0.647098374154
22.63 0 0.649132801816
22.64 0 0.650265350506
22.65 0 0.652194878495
22.66 0 0.653754092138
22.67 0 0.655804108124
22.68 0 0.65623787969
22.69 0 0.660748980492
22.7 0 0.661932560135
22.71 0 0.66457521535
22.72 0 0.668266047338
22.73 0 0.670711276557
22.74 0 0.673532082463
22.75 0 0.677289673935
22.76 0 0.677266772672
22.77 0 0.679754717758
22.78 0 0.679068888251
22.79 0 0.676933970274
22.8 0 0.681715128124
22.81 0 0.681330176512
22.82 0 0.680133517866
22.83 0 0.678139796155
22.84 0 0.678080115344
22.85 0 0.680076748849
22.86 0 0.683192148203
22.87 0 0.682541811884
22.88 0 0.682698969381
22.89 0 0.685101227199
22.9 0 0.686935615862
22.91 0 0.686948964491
22.92 0 0.686402197221
22.93 0 0.685982468748
22.94 0 0.685508440288
22.95 0 0.685714684309
22.96 0 0.684630808809
22.97 0 0.683252830196
22.98 0 0.681846980755
22.99 0 0.680765294131
23.0 0 0.680881671357
23.01 0 0.680855315387
23.02 0 0.678995452349
23.03 0 0.677812998874
23.04 0 0.675561725874
23.05 0 0.672411044961
23.06 0 0.669515941132
23.07 0 0.667974445885
23.08 0 0.668063845811
23.09 0 0.668385251186
23.1 0 0.668971970278
23.11 0 0.668358471942
23.12 0 0.666998351331
23.13 0 0.665485277636
23.14 0 0.665537012134
23.15 0 0.66562694918
23.16 0 0.665197509678
23.17 0 0.664674142729
23.18 0 0.663399797898
23.19 0 0.661826045227
23.2 0 0.659205188174
23.21 0 0.657533358482
23.22 0 0.655883570681
23.23 0 0.654596822546
23.24 0 0.654662321212
23.25 0 0.655115361112
23.26 0 0.655597609863
23.27 0 0.655997521867
23.28 0 0.65656088382
23.29 0 0.658032877135
23.3 0 0.658954853804
23.31 0 0.660017195779
23.32 0 0.66010488382
23.33 0 0.660147175135
23.34 0 0.660790204285
23.35 0 0.661835562878
23.36 0 0.662882884282
23.37 0 0.66307455635
23.38 0 0.662802858702
23.39 0 0.662838282129
23.4 0 0.663100153392
23.41 0 0.664506687492
23.42 0 0.666493274682
23.43 0 0.667197864852
23.44 0 0.669383241457
23.45 0 0.670883363674
23.46 0 0.673330333973
23.47 0 0.676772429102
23.48 0 0.674608643736
23.49 0 0.679505116629
23.5 0 0.682450238621
23.51 0 0.685754041812
23.52 0 0.687909465452
23.53 0 0.692242387905
23.54 0 0.697528738987
23.55 0 0.693789518744
23.56 0 0.69818979041
23.57 0 0.696035671519
23.58 0 0.699034959389
23.59 0 0.70303346986
23.6 0 0.701084813561
23.61 0 0.698357815265
23.62 0 0.696549256668
23.63 0 0.696539425745
23.64 0 0.696572068841
23.65 0 0.697957857734
23.66 0 0.697223810912
23.67 0 0.697788892931
23.68 0 0.699026989858
23.69 0 0.702245892324
23.7 0 0.7046447359
23.71 0 0.706705477504
23.72 0 0.70625318648
23.73 0 0.705526006543
23.74 0 0.704931273568
23.75 0 0.703343539962
23.76 0 0.701594111294
23.77 0 0.69880249378
23.78 0 0.698828990238
23.79 0 0.697555326661
23.8 0 0.697034907377
23.81 0 0.695645068846
23.82 0 0.694234957861
23.83 0 0.693283911234
23.84 0 0.69297241371
23.85 0 0.692365844463
23.86 0 0.690685901925
23.87 0 0.69065760519
23.88 0 0.690306593463
23.89 0 0.689893070269
23.9 0 0.689612975978
23.91 0 0.689223960955
23.92 0 0.688625597103
23.93 0 0.687683255297
23.94 0 0.686834668054
23.95 0 0.685975188185
23.96 0 0.685092825638
23.97 0 0.683846133066
23.98 0 0.681883086056
23.99 0 0.681011570784
24.0 0 0.680813438693
24.01 0 0.68040008631
24.02 0 0.680774127358
24.03 0 0.680565745095
24.04 0 0.679800016873
24.05 0 0.679541308459
24.06 0 0.679785882497
24.07 0 0.679933506811
24.08 0 0.678410401713
24.09 0 0.677529946482
24.1 0 0.675929115349
24.11 0 0.67573043103
24.12 0 0.675805709158
24.13 0 0.676420938335
24.14 0 0.677748866057
24.15 0 0.677243962059
24.16 0 0.67727476361
24.17 0 0.677377956523
24.18 0 0.677846847827
24.19 0 0.678411253121
24.2 0 0.678404479961
24.21 0 0.680185927621
24.22 0 0.68202364089
24.23 0 0.683107093692
24.24 0 0.688763564633
24.25 0 0.690367927612
24.26 0 0.691323605359
24.27 0 0.692914562926
24.28 0 0.694096188729
24.29 0 0.69480806675
24.3 0 0.695117367149
24.31 0 0.692781921123
24.32 0 0.696849212441
24.33 0 0.697564298174
24.34 0 0.698246766947
24.35 0 0.706778542208
24.36 0 0.711490184948
24.37 0 0.714087363334
24.38 0 0.71566524302
24.39 0 0.714713168418
24.4 0 0.712052690441
24.41 0 0.712903235398
24.42 0 0.716212013233
24.43 0 0.711307695055
24.44 0 0.709503335722
24.45 0 0.719076610587
24.46 0 0.716242328662
24.47 0 0.721645535115
24.48 0 0.725034956696
24.49 0 0.72718068941
24.5 0 0.727110403358
24.51 0 0.727758547247
24.52 0 0.727294098472
24.53 0 0.725920883342
24.54 0 0.724583639016
24.55 0 0.724078337468
24.56 0 0.724412075722
24.57 0 0.724642128119
24.58 0 0.72579205712
24.59 0 0.726722026183
24.6 0 0.726568896815
24.61 0 0.725440859172
24.62 0 0.725007342607
24.63 0 0.724653484169
24.64 0 0.724356432947
24.65 0 0.722331558453
24.66 0 0.720364684265
24.67 0 0.717611910064
24.68 0 0.71598753976
24.69 0 0.715085561006
24.7 0 0.714963060812
24.71 0 0.714221847708
24.72 0 0.713166424656
24.73 0 0.711963719399
24.74 0 0.710592170334
24.75 0 0.710306544145
24.76 0 0.710060872969
24.77 0 0.709856675921
24.78 0 0.709410706185
24.79 0 0.709172110351
24.8 0 0.709061270548
24.81 0 0.709145583524
24.82 0 0.708571864351
24.83 0 0.708119721995
24.84 0 0.708935241929
24.85 0 0.709323311933
24.86 0 0.710274756259
24.87 0 0.711743820161
24.88 0 0.71326600886
24.89 0 0.714626972564
24.9 0 0.716046293884
24.91 0 0.717140214224
24.92 0 0.718472129635
24.93 0 0.719128244997
24.94 0 0.718698822333
24.95 0 0.718809389929
24.96 0 0.71957160476
24.97 0 0.720171286289
24.98 0 0.720096622032
24.99 0 0.720291764345
25.0 0 0.722382885444
25.01 0 0.724720016103
25.02 0 0.725534361192
25.03 0 0.728558590303
25.04 0 0.732730575042
25.05 0 0.734652102539
25.06 0 0.740503618901
25.07 0 0.740339226474
25.08 0 0.740721867937
25.09 0 0.740564986853
25.1 0 0.742284690815
25.11 0 0.744489377758
25.12 0 0.749095460301
25.13 0 0.748789298828
25.14 0 0.753233596254
25.15 0 0.75326448798
25.16 0 0.754100681447
25.17 0 0.752484821629
25.18 0 0.752234594899
25.19 0 0.749784933236
25.2 0 0.749244345644
25.21 0 0.744983033939
25.22 0 0.748542511003
25.23 0 0.751213357105
25.24 0 0.75249542428
25.25 0 0.751616196857
25.26 0 0.751616196857
25.27 0 0.756181674093
25.28 0 0.759443185394
25.29 0 0.759687728935
25.3 0 0.75774927245
25.31 0 0.756986787061
25.32 0 0.756568060224
25.33 0 0.756220705783
25.34 0 0.755983826546
25.35 0 0.755893603064
25.36 0 0.755636974743
25.37 0 0.755617848279
25.38 0 0.755322456917
25.39 0 0.754402841349
25.4 0 0.753761918529
25.41 0 0.753166643032
25.42 0 0.752692766237
25.43 0 0.750447753978
25.44 0 0.747424838625
25.45 0 0.744613455766
25.46 0 0.743206107037
25.47 0 0.741816960557
25.48 0 0.741199416154
25.49 0 0.740342088586
25.5 0 0.73929320086
25.51 0 0.738707582729
25.52 0 0.737534930745
25.53 0 0.736196775812
25.54 0 0.735178618024
25.55 0 0.7348008994
25.56 0 0.734322027391
25.57 0 0.733146419011
25.58 0 0.732902157632
25.59 0 0.732065710629
25.6 0 0.732332965244
25.61 0 0.733402405172
25.62 0 0.735185409211
25.63 0 0.736232185472
25.64 0 0.736297236188
25.65 0 0.736249943326
25.66 0 0.73668568027
25.67 0 0.737595707228
25.68 0 0.73943700019
25.69 0 0.741174356249
25.7 0 0.743497953161
25.71 0 0.745221796177
25.72 0 0.745318751178
25.73 0 0.745738234617
25.74 0 0.74657448236
25.75 0 0.747469013685
25.76 0 0.747687938881
25.77 0 0.748702489617
25.78 0 0.750328108707
25.79 0 0.750290915585
25.8 0 0.751550514555
25.81 0 0.753103874883
25.82 0 0.756050793983
25.83 0 0.757993950164
25.84 0 0.762932426092
25.85 0 0.76553584164
25.86 0 0.767707132057
25.87 0 0.768004623384
25.88 0 0.765414856371
25.89 0 0.76683619908
25.9 0 0.767468057708
25.91 0 0.767226273166
25.92 0 0.767884096075
25.93 0 0.769923619224
25.94 0 0.769015624793
25.95 0 0.773700134906
25.96 0 0.777662033788
25.97 0 0.780985187656
25.98 0 0.781777264808
25.99 0 0.78238069713
26.0 0 0.782866348628
26.01 0 0.784475644969
26.02 0 0.785680254625
26.03 0 0.788195427489
26.04 0 0.789746647025
26.05 0 0.791307414737
26.06 0 0.791443355642
26.07 0 0.791170735784
26.08 0 0.790050622145
26.09 0 0.789672497622
26.1 0 0.788388116241
26.11 0 0.787515353915
26.12 0 0.786644449957
26.13 0 0.787009631002
26.14 0 0.7882819115
26.15 0 0.789298254732
26.16 0 0.789875954198
26.17 0 0.790234934674
26.18 0 0.789601703737
26.19 0 0.788894278839
26.2 0 0.78871640777
26.21 0 0.786083435927
26.22 0 0.782781283193
26.23 0 0.781520047144
26.24 0 0.779550568766
26.25 0 0.776815678244
26.26 0 0.776032651154
26.27 0 0.775075284296
26.28 0 0.774059743688
26.29 0 0.772959968327
26.3 0 0.771313174188
26.31 0 0.769598201305
26.32 0 0.768538305867
26.33 0 0.766979270564
26.34 0 0.766026193849
26.35 0 0.765403460556
26.36 0 0.764899548841
26.37 0 0.764542181668
26.38 0 0.764700560175
26.39 0 0.764357842834
26.4 0 0.764134134415
26.41 0 0.763359587367
26.42 0 0.764059011502
26.43 0 0.763812986525
26.44 0 0.763208920102
26.45 0 0.762783327147
26.46 0 0.762889841621
26.47 0 0.763755913753
26.48 0 0.765632109033
26.49 0 0.767592421836
26.5 0 0.768354924133
26.51 0 0.768893257468
26.52 0 0.769266141397
26.53 0 0.769614238878
26.54 0 0.770364279056
26.55 0 0.770241959443
26.56 0 0.76992183582
26.57 0 0.771983194155
26.58 0 0.774951403245
26.59 0 0.777778216826
26.6 0 0.779207352378
26.61 0 0.784031348259
26.62 0 0.785133706356
26.63 0 0.790984734387
26.64 0 0.790433343804
26.65 0 0.792729933038
26.66 0 0.796040910344
26.67 0 0.796778249124
26.68 0 0.794359300812
26.69 0 0.799781126339
26.7 0 0.806734925778
26.71 0 0.807491171995
26.72 0 0.807170311108
26.73 0 0.806232185344
26.74 0 0.803022215916
26.75 0 0.804161847384
26.76 0 0.807082273587
26.77 0 0.807853117535
26.78 0 0.812081778711
26.79 0 0.812234733803
26.8 0 0.814403372622
26.81 0 0.811144943425
26.82 0 0.814983205343
26.83 0 0.817372868687
26.84 0 0.817729981881
26.85 0 0.818856023486
26.86 0 0.816547456462
26.87 0 0.821129360222
26.88 0 0.820660479427
26.89 0 0.818892017309
26.9 0 0.817224466204
26.91 0 0.816470686244
26.92 0 0.817168699762
26.93 0 0.819952011547
26.94 0 0.820319902017
26.95 0 0.820900723587
26.96 0 0.820104362758
26.97 0 0.820052974633
26.98 0 0.819153667956
26.99 0 0.817336754259
27.0 0 0.81625304161
27.01 0 0.815045539116
27.02 0 0.813638768251
27.03 0 0.813624351182
27.04 0 0.8137290492
27.05 0 0.812792523332
27.06 0 0.810982890518
27.07 0 0.809021853502
27.08 0 0.807225347731
27.09 0 0.805699470672
27.1 0 0.804439280129
27.11 0 0.803374377873
27.12 0 0.802680909471
27.13 0 0.801601334331
27.14 0 0.800313463772
27.15 0 0.798548491443
27.16 0 0.797094294477
27.17 0 0.795794486141
27.18 0 0.79579153509
27.19 0 0.795112503173
27.2 0 0.794729009109
27.21 0 0.793791732326
27.22 0 0.793227321974
27.23 0 0.792687180627
27.24 0 0.790677165831
27.25 0 0.789852549284
27.26 0 0.789691184379
27.27 0 0.790373465172
